"","subject","cage","session","neuron","uid","period","average_pearson","neurper","sessionper"
"1","M1","C4620081","1","0","C4620081 M1","baseline",0.138951520154526,"0 baseline","1 baseline"
"2","M1","C4620081","1","1","C4620081 M1","baseline",0.127694400387937,"1 baseline","1 baseline"
"3","M1","C4620081","1","2","C4620081 M1","baseline",0.126944196176541,"2 baseline","1 baseline"
"4","M1","C4620081","1","3","C4620081 M1","baseline",0.124962337524408,"3 baseline","1 baseline"
"5","M1","C4620081","1","4","C4620081 M1","baseline",0.123420060133979,"4 baseline","1 baseline"
"6","M1","C4620081","1","5","C4620081 M1","baseline",0.122242448564748,"5 baseline","1 baseline"
"7","M1","C4620081","1","6","C4620081 M1","baseline",0.121198337146673,"6 baseline","1 baseline"
"8","M1","C4620081","1","7","C4620081 M1","baseline",0.121093194255616,"7 baseline","1 baseline"
"9","M1","C4620081","1","8","C4620081 M1","baseline",0.121008848850324,"8 baseline","1 baseline"
"10","M1","C4620081","1","9","C4620081 M1","baseline",0.120594176696434,"9 baseline","1 baseline"
"11","M1","C4620081","1","10","C4620081 M1","baseline",0.117843250460688,"10 baseline","1 baseline"
"12","M1","C4620081","1","11","C4620081 M1","baseline",0.117150848876923,"11 baseline","1 baseline"
"13","M1","C4620081","1","12","C4620081 M1","baseline",0.116995259253522,"12 baseline","1 baseline"
"14","M1","C4620081","1","13","C4620081 M1","baseline",0.115533408523965,"13 baseline","1 baseline"
"15","M1","C4620081","1","14","C4620081 M1","baseline",0.115281697493361,"14 baseline","1 baseline"
"16","M1","C4620081","1","15","C4620081 M1","baseline",0.114772873873723,"15 baseline","1 baseline"
"17","M1","C4620081","1","16","C4620081 M1","baseline",0.114054484195299,"16 baseline","1 baseline"
"18","M1","C4620081","1","17","C4620081 M1","baseline",0.112546040416667,"17 baseline","1 baseline"
"19","M1","C4620081","1","18","C4620081 M1","baseline",0.111943529125031,"18 baseline","1 baseline"
"20","M1","C4620081","1","19","C4620081 M1","baseline",0.111803231995118,"19 baseline","1 baseline"
"21","M1","C4620081","1","20","C4620081 M1","baseline",0.111375736726166,"20 baseline","1 baseline"
"22","M1","C4620081","1","21","C4620081 M1","baseline",0.110398812969464,"21 baseline","1 baseline"
"23","M1","C4620081","1","22","C4620081 M1","baseline",0.110054036406041,"22 baseline","1 baseline"
"24","M1","C4620081","1","23","C4620081 M1","baseline",0.1081758972116,"23 baseline","1 baseline"
"25","M1","C4620081","1","24","C4620081 M1","baseline",0.107636042805578,"24 baseline","1 baseline"
"26","M1","C4620081","1","25","C4620081 M1","baseline",0.107100646255655,"25 baseline","1 baseline"
"27","M1","C4620081","1","26","C4620081 M1","baseline",0.10508792153045,"26 baseline","1 baseline"
"28","M1","C4620081","1","27","C4620081 M1","baseline",0.104293180564023,"27 baseline","1 baseline"
"29","M1","C4620081","1","28","C4620081 M1","baseline",0.103857695294133,"28 baseline","1 baseline"
"30","M1","C4620081","1","29","C4620081 M1","baseline",0.103745742790954,"29 baseline","1 baseline"
"31","M1","C4620081","1","30","C4620081 M1","baseline",0.10374565554973,"30 baseline","1 baseline"
"32","M1","C4620081","1","31","C4620081 M1","baseline",0.103381338797263,"31 baseline","1 baseline"
"33","M1","C4620081","1","32","C4620081 M1","baseline",0.103250973883514,"32 baseline","1 baseline"
"34","M1","C4620081","1","33","C4620081 M1","baseline",0.103193944925107,"33 baseline","1 baseline"
"35","M1","C4620081","1","34","C4620081 M1","baseline",0.101572483347163,"34 baseline","1 baseline"
"36","M1","C4620081","1","35","C4620081 M1","baseline",0.100871064226725,"35 baseline","1 baseline"
"37","M1","C4620081","1","36","C4620081 M1","baseline",0.100525558958127,"36 baseline","1 baseline"
"38","M1","C4620081","1","37","C4620081 M1","baseline",0.100337529403067,"37 baseline","1 baseline"
"39","M1","C4620081","1","38","C4620081 M1","baseline",0.100317439015484,"38 baseline","1 baseline"
"40","M1","C4620081","1","39","C4620081 M1","baseline",0.099571847009368,"39 baseline","1 baseline"
"41","M1","C4620081","1","40","C4620081 M1","baseline",0.0991011973314364,"40 baseline","1 baseline"
"42","M1","C4620081","1","41","C4620081 M1","baseline",0.0988903975992806,"41 baseline","1 baseline"
"43","M1","C4620081","1","42","C4620081 M1","baseline",0.098738882247483,"42 baseline","1 baseline"
"44","M1","C4620081","1","43","C4620081 M1","baseline",0.098399032103116,"43 baseline","1 baseline"
"45","M1","C4620081","1","44","C4620081 M1","baseline",0.0981880845851742,"44 baseline","1 baseline"
"46","M1","C4620081","1","45","C4620081 M1","baseline",0.0981357738673523,"45 baseline","1 baseline"
"47","M1","C4620081","1","46","C4620081 M1","baseline",0.0978761569081448,"46 baseline","1 baseline"
"48","M1","C4620081","1","47","C4620081 M1","baseline",0.0977040169919507,"47 baseline","1 baseline"
"49","M1","C4620081","1","48","C4620081 M1","baseline",0.0973408870366004,"48 baseline","1 baseline"
"50","M1","C4620081","1","49","C4620081 M1","baseline",0.0965658732866079,"49 baseline","1 baseline"
"51","M1","C4620081","1","50","C4620081 M1","baseline",0.0964621770547665,"50 baseline","1 baseline"
"52","M1","C4620081","1","51","C4620081 M1","baseline",0.0955422412651728,"51 baseline","1 baseline"
"53","M1","C4620081","1","52","C4620081 M1","baseline",0.0952047832305538,"52 baseline","1 baseline"
"54","M1","C4620081","1","53","C4620081 M1","baseline",0.0951876076204203,"53 baseline","1 baseline"
"55","M1","C4620081","1","54","C4620081 M1","baseline",0.0951719181935667,"54 baseline","1 baseline"
"56","M1","C4620081","1","55","C4620081 M1","baseline",0.095124655150714,"55 baseline","1 baseline"
"57","M1","C4620081","1","56","C4620081 M1","baseline",0.0948460261484232,"56 baseline","1 baseline"
"58","M1","C4620081","1","57","C4620081 M1","baseline",0.094683415186242,"57 baseline","1 baseline"
"59","M1","C4620081","1","58","C4620081 M1","baseline",0.0944371636291963,"58 baseline","1 baseline"
"60","M1","C4620081","1","59","C4620081 M1","baseline",0.0942463208641711,"59 baseline","1 baseline"
"61","M1","C4620081","1","60","C4620081 M1","baseline",0.0942118717472506,"60 baseline","1 baseline"
"62","M1","C4620081","1","61","C4620081 M1","baseline",0.0940641275278416,"61 baseline","1 baseline"
"63","M1","C4620081","1","62","C4620081 M1","baseline",0.0939698936906485,"62 baseline","1 baseline"
"64","M1","C4620081","1","63","C4620081 M1","baseline",0.0939156567604397,"63 baseline","1 baseline"
"65","M1","C4620081","1","64","C4620081 M1","baseline",0.0936656372217435,"64 baseline","1 baseline"
"66","M1","C4620081","1","65","C4620081 M1","baseline",0.0934975517756003,"65 baseline","1 baseline"
"67","M1","C4620081","1","66","C4620081 M1","baseline",0.0934663205465912,"66 baseline","1 baseline"
"68","M1","C4620081","1","67","C4620081 M1","baseline",0.0933839779767856,"67 baseline","1 baseline"
"69","M1","C4620081","1","68","C4620081 M1","baseline",0.0930837679438038,"68 baseline","1 baseline"
"70","M1","C4620081","1","69","C4620081 M1","baseline",0.0924797657847438,"69 baseline","1 baseline"
"71","M1","C4620081","1","70","C4620081 M1","baseline",0.0914894696040419,"70 baseline","1 baseline"
"72","M1","C4620081","1","71","C4620081 M1","baseline",0.0913476340806855,"71 baseline","1 baseline"
"73","M1","C4620081","1","72","C4620081 M1","baseline",0.0911630980152321,"72 baseline","1 baseline"
"74","M1","C4620081","1","73","C4620081 M1","baseline",0.091059251147372,"73 baseline","1 baseline"
"75","M1","C4620081","1","74","C4620081 M1","baseline",0.0910317592974862,"74 baseline","1 baseline"
"76","M1","C4620081","1","75","C4620081 M1","baseline",0.0909700912118038,"75 baseline","1 baseline"
"77","M1","C4620081","1","76","C4620081 M1","baseline",0.0903588405392312,"76 baseline","1 baseline"
"78","M1","C4620081","1","77","C4620081 M1","baseline",0.0902111744681223,"77 baseline","1 baseline"
"79","M1","C4620081","1","78","C4620081 M1","baseline",0.0900072995050438,"78 baseline","1 baseline"
"80","M1","C4620081","1","79","C4620081 M1","baseline",0.0896731156743024,"79 baseline","1 baseline"
"81","M1","C4620081","1","80","C4620081 M1","baseline",0.0892487654845373,"80 baseline","1 baseline"
"82","M1","C4620081","1","81","C4620081 M1","baseline",0.0889727151114177,"81 baseline","1 baseline"
"83","M1","C4620081","1","82","C4620081 M1","baseline",0.0885093760847002,"82 baseline","1 baseline"
"84","M1","C4620081","1","83","C4620081 M1","baseline",0.088281006305312,"83 baseline","1 baseline"
"85","M1","C4620081","1","84","C4620081 M1","baseline",0.0879833162791295,"84 baseline","1 baseline"
"86","M1","C4620081","1","85","C4620081 M1","baseline",0.0877289073511907,"85 baseline","1 baseline"
"87","M1","C4620081","1","86","C4620081 M1","baseline",0.0871258786483826,"86 baseline","1 baseline"
"88","M1","C4620081","1","87","C4620081 M1","baseline",0.0869587460371209,"87 baseline","1 baseline"
"89","M1","C4620081","1","88","C4620081 M1","baseline",0.0869213072526136,"88 baseline","1 baseline"
"90","M1","C4620081","1","89","C4620081 M1","baseline",0.0867022484895155,"89 baseline","1 baseline"
"91","M1","C4620081","1","90","C4620081 M1","baseline",0.0866778324123892,"90 baseline","1 baseline"
"92","M1","C4620081","1","91","C4620081 M1","baseline",0.0866399641840672,"91 baseline","1 baseline"
"93","M1","C4620081","1","92","C4620081 M1","baseline",0.0865135789306657,"92 baseline","1 baseline"
"94","M1","C4620081","1","93","C4620081 M1","baseline",0.0864841201640027,"93 baseline","1 baseline"
"95","M1","C4620081","1","94","C4620081 M1","baseline",0.0864805134673822,"94 baseline","1 baseline"
"96","M1","C4620081","1","95","C4620081 M1","baseline",0.0862572930102594,"95 baseline","1 baseline"
"97","M1","C4620081","1","96","C4620081 M1","baseline",0.0861568531050205,"96 baseline","1 baseline"
"98","M1","C4620081","1","97","C4620081 M1","baseline",0.0855485707269502,"97 baseline","1 baseline"
"99","M1","C4620081","1","98","C4620081 M1","baseline",0.0853912255010982,"98 baseline","1 baseline"
"100","M1","C4620081","1","99","C4620081 M1","baseline",0.0853693426630052,"99 baseline","1 baseline"
"101","M1","C4620081","1","100","C4620081 M1","baseline",0.0852416332075353,"100 baseline","1 baseline"
"102","M1","C4620081","1","101","C4620081 M1","baseline",0.084726760927978,"101 baseline","1 baseline"
"103","M1","C4620081","1","102","C4620081 M1","baseline",0.084692756204803,"102 baseline","1 baseline"
"104","M1","C4620081","1","103","C4620081 M1","baseline",0.0846651782067385,"103 baseline","1 baseline"
"105","M1","C4620081","1","104","C4620081 M1","baseline",0.0844524112660028,"104 baseline","1 baseline"
"106","M1","C4620081","1","105","C4620081 M1","baseline",0.0840108985455184,"105 baseline","1 baseline"
"107","M1","C4620081","1","106","C4620081 M1","baseline",0.0834455820728978,"106 baseline","1 baseline"
"108","M1","C4620081","1","107","C4620081 M1","baseline",0.0834081564711659,"107 baseline","1 baseline"
"109","M1","C4620081","1","108","C4620081 M1","baseline",0.0831896640650785,"108 baseline","1 baseline"
"110","M1","C4620081","1","109","C4620081 M1","baseline",0.083089811966501,"109 baseline","1 baseline"
"111","M1","C4620081","1","110","C4620081 M1","baseline",0.083076486606173,"110 baseline","1 baseline"
"112","M1","C4620081","1","111","C4620081 M1","baseline",0.082613054053948,"111 baseline","1 baseline"
"113","M1","C4620081","1","112","C4620081 M1","baseline",0.0822458843087713,"112 baseline","1 baseline"
"114","M1","C4620081","1","113","C4620081 M1","baseline",0.0819642158024556,"113 baseline","1 baseline"
"115","M1","C4620081","1","114","C4620081 M1","baseline",0.0814717101929743,"114 baseline","1 baseline"
"116","M1","C4620081","1","115","C4620081 M1","baseline",0.0814254348482898,"115 baseline","1 baseline"
"117","M1","C4620081","1","116","C4620081 M1","baseline",0.0813399858937804,"116 baseline","1 baseline"
"118","M1","C4620081","1","117","C4620081 M1","baseline",0.0812284884383324,"117 baseline","1 baseline"
"119","M1","C4620081","1","118","C4620081 M1","baseline",0.0810815358685182,"118 baseline","1 baseline"
"120","M1","C4620081","1","119","C4620081 M1","baseline",0.0809273347165878,"119 baseline","1 baseline"
"121","M1","C4620081","1","120","C4620081 M1","baseline",0.0807810487321274,"120 baseline","1 baseline"
"122","M1","C4620081","1","121","C4620081 M1","baseline",0.08063140485558,"121 baseline","1 baseline"
"123","M1","C4620081","1","122","C4620081 M1","baseline",0.0805698006808585,"122 baseline","1 baseline"
"124","M1","C4620081","1","123","C4620081 M1","baseline",0.0805396898837918,"123 baseline","1 baseline"
"125","M1","C4620081","1","124","C4620081 M1","baseline",0.080034173927222,"124 baseline","1 baseline"
"126","M1","C4620081","1","125","C4620081 M1","baseline",0.0798277480501775,"125 baseline","1 baseline"
"127","M1","C4620081","1","126","C4620081 M1","baseline",0.0796963293206756,"126 baseline","1 baseline"
"128","M1","C4620081","1","127","C4620081 M1","baseline",0.0796568084393928,"127 baseline","1 baseline"
"129","M1","C4620081","1","128","C4620081 M1","baseline",0.0794153943536446,"128 baseline","1 baseline"
"130","M1","C4620081","1","129","C4620081 M1","baseline",0.0790234353393938,"129 baseline","1 baseline"
"131","M1","C4620081","1","130","C4620081 M1","baseline",0.0789938206144966,"130 baseline","1 baseline"
"132","M1","C4620081","1","131","C4620081 M1","baseline",0.0789749645170619,"131 baseline","1 baseline"
"133","M1","C4620081","1","132","C4620081 M1","baseline",0.0789516673343476,"132 baseline","1 baseline"
"134","M1","C4620081","1","133","C4620081 M1","baseline",0.0784963603959108,"133 baseline","1 baseline"
"135","M1","C4620081","1","134","C4620081 M1","baseline",0.0783180919971257,"134 baseline","1 baseline"
"136","M1","C4620081","1","135","C4620081 M1","baseline",0.0782983092544011,"135 baseline","1 baseline"
"137","M1","C4620081","1","136","C4620081 M1","baseline",0.0781518326925086,"136 baseline","1 baseline"
"138","M1","C4620081","1","137","C4620081 M1","baseline",0.0780905740969604,"137 baseline","1 baseline"
"139","M1","C4620081","1","138","C4620081 M1","baseline",0.077789165956942,"138 baseline","1 baseline"
"140","M1","C4620081","1","139","C4620081 M1","baseline",0.0775012213068992,"139 baseline","1 baseline"
"141","M1","C4620081","1","140","C4620081 M1","baseline",0.0774292056644524,"140 baseline","1 baseline"
"142","M1","C4620081","1","141","C4620081 M1","baseline",0.0774102630399701,"141 baseline","1 baseline"
"143","M1","C4620081","1","142","C4620081 M1","baseline",0.0773410656894177,"142 baseline","1 baseline"
"144","M1","C4620081","1","143","C4620081 M1","baseline",0.0771305037739769,"143 baseline","1 baseline"
"145","M1","C4620081","1","144","C4620081 M1","baseline",0.0769853286181941,"144 baseline","1 baseline"
"146","M1","C4620081","1","145","C4620081 M1","baseline",0.0769586521669649,"145 baseline","1 baseline"
"147","M1","C4620081","1","146","C4620081 M1","baseline",0.0769258029255133,"146 baseline","1 baseline"
"148","M1","C4620081","1","147","C4620081 M1","baseline",0.0768798475978698,"147 baseline","1 baseline"
"149","M1","C4620081","1","148","C4620081 M1","baseline",0.0767209870167721,"148 baseline","1 baseline"
"150","M1","C4620081","1","149","C4620081 M1","baseline",0.0764938015362787,"149 baseline","1 baseline"
"151","M1","C4620081","1","150","C4620081 M1","baseline",0.0764477496830513,"150 baseline","1 baseline"
"152","M1","C4620081","1","151","C4620081 M1","baseline",0.0760878929356425,"151 baseline","1 baseline"
"153","M1","C4620081","1","152","C4620081 M1","baseline",0.0760652119425351,"152 baseline","1 baseline"
"154","M1","C4620081","1","153","C4620081 M1","baseline",0.0758933168956547,"153 baseline","1 baseline"
"155","M1","C4620081","1","154","C4620081 M1","baseline",0.0757304455620243,"154 baseline","1 baseline"
"156","M1","C4620081","1","155","C4620081 M1","baseline",0.0756311109104226,"155 baseline","1 baseline"
"157","M1","C4620081","1","156","C4620081 M1","baseline",0.0753610224710098,"156 baseline","1 baseline"
"158","M1","C4620081","1","157","C4620081 M1","baseline",0.0752243142964974,"157 baseline","1 baseline"
"159","M1","C4620081","1","158","C4620081 M1","baseline",0.0751190789493924,"158 baseline","1 baseline"
"160","M1","C4620081","1","159","C4620081 M1","baseline",0.0750070849142758,"159 baseline","1 baseline"
"161","M1","C4620081","1","160","C4620081 M1","baseline",0.0748425933784584,"160 baseline","1 baseline"
"162","M1","C4620081","1","161","C4620081 M1","baseline",0.0748285870101015,"161 baseline","1 baseline"
"163","M1","C4620081","1","162","C4620081 M1","baseline",0.0747701002261403,"162 baseline","1 baseline"
"164","M1","C4620081","1","163","C4620081 M1","baseline",0.0747587058006809,"163 baseline","1 baseline"
"165","M1","C4620081","1","164","C4620081 M1","baseline",0.0747568281852578,"164 baseline","1 baseline"
"166","M1","C4620081","1","165","C4620081 M1","baseline",0.0746867637097171,"165 baseline","1 baseline"
"167","M1","C4620081","1","166","C4620081 M1","baseline",0.0745782636500444,"166 baseline","1 baseline"
"168","M1","C4620081","1","167","C4620081 M1","baseline",0.0743462880072217,"167 baseline","1 baseline"
"169","M1","C4620081","1","168","C4620081 M1","baseline",0.0743410911040765,"168 baseline","1 baseline"
"170","M1","C4620081","1","169","C4620081 M1","baseline",0.0743243628436887,"169 baseline","1 baseline"
"171","M1","C4620081","1","170","C4620081 M1","baseline",0.0743129357309491,"170 baseline","1 baseline"
"172","M1","C4620081","1","171","C4620081 M1","baseline",0.0740561516956966,"171 baseline","1 baseline"
"173","M1","C4620081","1","172","C4620081 M1","baseline",0.0739850448745514,"172 baseline","1 baseline"
"174","M1","C4620081","1","173","C4620081 M1","baseline",0.0738367456379644,"173 baseline","1 baseline"
"175","M1","C4620081","1","174","C4620081 M1","baseline",0.0737910122634366,"174 baseline","1 baseline"
"176","M1","C4620081","1","175","C4620081 M1","baseline",0.0734929921045235,"175 baseline","1 baseline"
"177","M1","C4620081","1","176","C4620081 M1","baseline",0.0734901881503702,"176 baseline","1 baseline"
"178","M1","C4620081","1","177","C4620081 M1","baseline",0.0733481144510656,"177 baseline","1 baseline"
"179","M1","C4620081","1","178","C4620081 M1","baseline",0.0733453002330658,"178 baseline","1 baseline"
"180","M1","C4620081","1","179","C4620081 M1","baseline",0.0731726462516642,"179 baseline","1 baseline"
"181","M1","C4620081","1","180","C4620081 M1","baseline",0.0726872716030649,"180 baseline","1 baseline"
"182","M1","C4620081","1","181","C4620081 M1","baseline",0.0726734059272313,"181 baseline","1 baseline"
"183","M1","C4620081","1","182","C4620081 M1","baseline",0.072498831594828,"182 baseline","1 baseline"
"184","M1","C4620081","1","183","C4620081 M1","baseline",0.0720846817828244,"183 baseline","1 baseline"
"185","M1","C4620081","1","184","C4620081 M1","baseline",0.0718354584942003,"184 baseline","1 baseline"
"186","M1","C4620081","1","185","C4620081 M1","baseline",0.0717442050753534,"185 baseline","1 baseline"
"187","M1","C4620081","1","186","C4620081 M1","baseline",0.0716375156281573,"186 baseline","1 baseline"
"188","M1","C4620081","1","187","C4620081 M1","baseline",0.0716102368658365,"187 baseline","1 baseline"
"189","M1","C4620081","1","188","C4620081 M1","baseline",0.0714854304311322,"188 baseline","1 baseline"
"190","M1","C4620081","1","189","C4620081 M1","baseline",0.0714233367454829,"189 baseline","1 baseline"
"191","M1","C4620081","1","190","C4620081 M1","baseline",0.0712395794226844,"190 baseline","1 baseline"
"192","M1","C4620081","1","191","C4620081 M1","baseline",0.0711702325002229,"191 baseline","1 baseline"
"193","M1","C4620081","1","192","C4620081 M1","baseline",0.0710888256017307,"192 baseline","1 baseline"
"194","M1","C4620081","1","193","C4620081 M1","baseline",0.0710382352262408,"193 baseline","1 baseline"
"195","M1","C4620081","1","194","C4620081 M1","baseline",0.0710318060966701,"194 baseline","1 baseline"
"196","M1","C4620081","1","195","C4620081 M1","baseline",0.0709343619187101,"195 baseline","1 baseline"
"197","M1","C4620081","1","196","C4620081 M1","baseline",0.070876175395918,"196 baseline","1 baseline"
"198","M1","C4620081","1","197","C4620081 M1","baseline",0.0706301613125124,"197 baseline","1 baseline"
"199","M1","C4620081","1","198","C4620081 M1","baseline",0.0706076493393856,"198 baseline","1 baseline"
"200","M1","C4620081","1","199","C4620081 M1","baseline",0.0705627904411989,"199 baseline","1 baseline"
"201","M1","C4620081","1","200","C4620081 M1","baseline",0.0702504870689444,"200 baseline","1 baseline"
"202","M1","C4620081","1","201","C4620081 M1","baseline",0.0702261372480192,"201 baseline","1 baseline"
"203","M1","C4620081","1","202","C4620081 M1","baseline",0.0701807951664132,"202 baseline","1 baseline"
"204","M1","C4620081","1","203","C4620081 M1","baseline",0.0701323133170568,"203 baseline","1 baseline"
"205","M1","C4620081","1","204","C4620081 M1","baseline",0.0699468931292851,"204 baseline","1 baseline"
"206","M1","C4620081","1","205","C4620081 M1","baseline",0.069910544175572,"205 baseline","1 baseline"
"207","M1","C4620081","1","206","C4620081 M1","baseline",0.0696647194302062,"206 baseline","1 baseline"
"208","M1","C4620081","1","207","C4620081 M1","baseline",0.0696516896256607,"207 baseline","1 baseline"
"209","M1","C4620081","1","208","C4620081 M1","baseline",0.0695278601910093,"208 baseline","1 baseline"
"210","M1","C4620081","1","209","C4620081 M1","baseline",0.0693844010974597,"209 baseline","1 baseline"
"211","M1","C4620081","1","210","C4620081 M1","baseline",0.0693375838090078,"210 baseline","1 baseline"
"212","M1","C4620081","1","211","C4620081 M1","baseline",0.0691875149768802,"211 baseline","1 baseline"
"213","M1","C4620081","1","212","C4620081 M1","baseline",0.0691051245511028,"212 baseline","1 baseline"
"214","M1","C4620081","1","213","C4620081 M1","baseline",0.0690081443594458,"213 baseline","1 baseline"
"215","M1","C4620081","1","214","C4620081 M1","baseline",0.0689984866037135,"214 baseline","1 baseline"
"216","M1","C4620081","1","215","C4620081 M1","baseline",0.0689151269044554,"215 baseline","1 baseline"
"217","M1","C4620081","1","216","C4620081 M1","baseline",0.0687006684421107,"216 baseline","1 baseline"
"218","M1","C4620081","1","217","C4620081 M1","baseline",0.0686087197239242,"217 baseline","1 baseline"
"219","M1","C4620081","1","218","C4620081 M1","baseline",0.0685532366024995,"218 baseline","1 baseline"
"220","M1","C4620081","1","219","C4620081 M1","baseline",0.0685522060096745,"219 baseline","1 baseline"
"221","M1","C4620081","1","220","C4620081 M1","baseline",0.0683822391682113,"220 baseline","1 baseline"
"222","M1","C4620081","1","221","C4620081 M1","baseline",0.0682961382595972,"221 baseline","1 baseline"
"223","M1","C4620081","1","222","C4620081 M1","baseline",0.0682042076901918,"222 baseline","1 baseline"
"224","M1","C4620081","1","223","C4620081 M1","baseline",0.0681993083972481,"223 baseline","1 baseline"
"225","M1","C4620081","1","224","C4620081 M1","baseline",0.0680149489092739,"224 baseline","1 baseline"
"226","M1","C4620081","1","225","C4620081 M1","baseline",0.0679355162582271,"225 baseline","1 baseline"
"227","M1","C4620081","1","226","C4620081 M1","baseline",0.0676960651886518,"226 baseline","1 baseline"
"228","M1","C4620081","1","227","C4620081 M1","baseline",0.0676696520281315,"227 baseline","1 baseline"
"229","M1","C4620081","1","228","C4620081 M1","baseline",0.0676157953625822,"228 baseline","1 baseline"
"230","M1","C4620081","1","229","C4620081 M1","baseline",0.0672054817452282,"229 baseline","1 baseline"
"231","M1","C4620081","1","230","C4620081 M1","baseline",0.0671729579065865,"230 baseline","1 baseline"
"232","M1","C4620081","1","231","C4620081 M1","baseline",0.0668725597336155,"231 baseline","1 baseline"
"233","M1","C4620081","1","232","C4620081 M1","baseline",0.0667391007035517,"232 baseline","1 baseline"
"234","M1","C4620081","1","233","C4620081 M1","baseline",0.0667210759195322,"233 baseline","1 baseline"
"235","M1","C4620081","1","234","C4620081 M1","baseline",0.0664753517963166,"234 baseline","1 baseline"
"236","M1","C4620081","1","235","C4620081 M1","baseline",0.0664472340885559,"235 baseline","1 baseline"
"237","M1","C4620081","1","236","C4620081 M1","baseline",0.0663536409445544,"236 baseline","1 baseline"
"238","M1","C4620081","1","237","C4620081 M1","baseline",0.0663259094947273,"237 baseline","1 baseline"
"239","M1","C4620081","1","238","C4620081 M1","baseline",0.0662553828601181,"238 baseline","1 baseline"
"240","M1","C4620081","1","239","C4620081 M1","baseline",0.0662517428571767,"239 baseline","1 baseline"
"241","M1","C4620081","1","240","C4620081 M1","baseline",0.0661348333534272,"240 baseline","1 baseline"
"242","M1","C4620081","1","241","C4620081 M1","baseline",0.0660132143353335,"241 baseline","1 baseline"
"243","M1","C4620081","1","242","C4620081 M1","baseline",0.0658634418587875,"242 baseline","1 baseline"
"244","M1","C4620081","1","243","C4620081 M1","baseline",0.0657322269515598,"243 baseline","1 baseline"
"245","M1","C4620081","1","244","C4620081 M1","baseline",0.0653597639390009,"244 baseline","1 baseline"
"246","M1","C4620081","1","245","C4620081 M1","baseline",0.0652957228093682,"245 baseline","1 baseline"
"247","M1","C4620081","1","246","C4620081 M1","baseline",0.0649633585843957,"246 baseline","1 baseline"
"248","M1","C4620081","1","247","C4620081 M1","baseline",0.0648570101036505,"247 baseline","1 baseline"
"249","M1","C4620081","1","248","C4620081 M1","baseline",0.0648528197057187,"248 baseline","1 baseline"
"250","M1","C4620081","1","249","C4620081 M1","baseline",0.0648332826209083,"249 baseline","1 baseline"
"251","M1","C4620081","1","250","C4620081 M1","baseline",0.0646700648914155,"250 baseline","1 baseline"
"252","M1","C4620081","1","251","C4620081 M1","baseline",0.0646333938395509,"251 baseline","1 baseline"
"253","M1","C4620081","1","252","C4620081 M1","baseline",0.0645954515661518,"252 baseline","1 baseline"
"254","M1","C4620081","1","253","C4620081 M1","baseline",0.0641830706632145,"253 baseline","1 baseline"
"255","M1","C4620081","1","254","C4620081 M1","baseline",0.0640399862548166,"254 baseline","1 baseline"
"256","M1","C4620081","1","255","C4620081 M1","baseline",0.064017036638358,"255 baseline","1 baseline"
"257","M1","C4620081","1","256","C4620081 M1","baseline",0.0637012291385521,"256 baseline","1 baseline"
"258","M1","C4620081","1","257","C4620081 M1","baseline",0.0636745963333073,"257 baseline","1 baseline"
"259","M1","C4620081","1","258","C4620081 M1","baseline",0.0634597090663968,"258 baseline","1 baseline"
"260","M1","C4620081","1","259","C4620081 M1","baseline",0.0634262058736488,"259 baseline","1 baseline"
"261","M1","C4620081","1","260","C4620081 M1","baseline",0.0630609456508472,"260 baseline","1 baseline"
"262","M1","C4620081","1","261","C4620081 M1","baseline",0.0629460859332698,"261 baseline","1 baseline"
"263","M1","C4620081","1","262","C4620081 M1","baseline",0.0627900248120811,"262 baseline","1 baseline"
"264","M1","C4620081","1","263","C4620081 M1","baseline",0.0627776241083123,"263 baseline","1 baseline"
"265","M1","C4620081","1","264","C4620081 M1","baseline",0.0627516325116071,"264 baseline","1 baseline"
"266","M1","C4620081","1","265","C4620081 M1","baseline",0.0626518678931175,"265 baseline","1 baseline"
"267","M1","C4620081","1","266","C4620081 M1","baseline",0.0624262716030955,"266 baseline","1 baseline"
"268","M1","C4620081","1","267","C4620081 M1","baseline",0.0624168758057892,"267 baseline","1 baseline"
"269","M1","C4620081","1","268","C4620081 M1","baseline",0.0623957326717929,"268 baseline","1 baseline"
"270","M1","C4620081","1","269","C4620081 M1","baseline",0.0623543364459098,"269 baseline","1 baseline"
"271","M1","C4620081","1","270","C4620081 M1","baseline",0.0620985577053474,"270 baseline","1 baseline"
"272","M1","C4620081","1","271","C4620081 M1","baseline",0.061882497729133,"271 baseline","1 baseline"
"273","M1","C4620081","1","272","C4620081 M1","baseline",0.0617249935761328,"272 baseline","1 baseline"
"274","M1","C4620081","1","273","C4620081 M1","baseline",0.0616811275566936,"273 baseline","1 baseline"
"275","M1","C4620081","1","274","C4620081 M1","baseline",0.061531434944036,"274 baseline","1 baseline"
"276","M1","C4620081","1","275","C4620081 M1","baseline",0.0614910659222996,"275 baseline","1 baseline"
"277","M1","C4620081","1","276","C4620081 M1","baseline",0.0614833169814279,"276 baseline","1 baseline"
"278","M1","C4620081","1","277","C4620081 M1","baseline",0.061429637942021,"277 baseline","1 baseline"
"279","M1","C4620081","1","278","C4620081 M1","baseline",0.0613701509216124,"278 baseline","1 baseline"
"280","M1","C4620081","1","279","C4620081 M1","baseline",0.0613012556233002,"279 baseline","1 baseline"
"281","M1","C4620081","1","280","C4620081 M1","baseline",0.0612451705594202,"280 baseline","1 baseline"
"282","M1","C4620081","1","281","C4620081 M1","baseline",0.0612211424965208,"281 baseline","1 baseline"
"283","M1","C4620081","1","282","C4620081 M1","baseline",0.0610794707328133,"282 baseline","1 baseline"
"284","M1","C4620081","1","283","C4620081 M1","baseline",0.060803235013198,"283 baseline","1 baseline"
"285","M1","C4620081","1","284","C4620081 M1","baseline",0.0607907163425575,"284 baseline","1 baseline"
"286","M1","C4620081","1","285","C4620081 M1","baseline",0.0604146108535446,"285 baseline","1 baseline"
"287","M1","C4620081","1","286","C4620081 M1","baseline",0.0601983869126797,"286 baseline","1 baseline"
"288","M1","C4620081","1","287","C4620081 M1","baseline",0.0598701571161839,"287 baseline","1 baseline"
"289","M1","C4620081","1","288","C4620081 M1","baseline",0.059705188926764,"288 baseline","1 baseline"
"290","M1","C4620081","1","289","C4620081 M1","baseline",0.0596945877749796,"289 baseline","1 baseline"
"291","M1","C4620081","1","290","C4620081 M1","baseline",0.0596082519778389,"290 baseline","1 baseline"
"292","M1","C4620081","1","291","C4620081 M1","baseline",0.0595524602443107,"291 baseline","1 baseline"
"293","M1","C4620081","1","292","C4620081 M1","baseline",0.0593545376195639,"292 baseline","1 baseline"
"294","M1","C4620081","1","293","C4620081 M1","baseline",0.0593495149627058,"293 baseline","1 baseline"
"295","M1","C4620081","1","294","C4620081 M1","baseline",0.0591615685708983,"294 baseline","1 baseline"
"296","M1","C4620081","1","295","C4620081 M1","baseline",0.0590671354782563,"295 baseline","1 baseline"
"297","M1","C4620081","1","296","C4620081 M1","baseline",0.0589605347221158,"296 baseline","1 baseline"
"298","M1","C4620081","1","297","C4620081 M1","baseline",0.0586999053197733,"297 baseline","1 baseline"
"299","M1","C4620081","1","298","C4620081 M1","baseline",0.0586883135732816,"298 baseline","1 baseline"
"300","M1","C4620081","1","299","C4620081 M1","baseline",0.0586653984249269,"299 baseline","1 baseline"
"301","M1","C4620081","1","300","C4620081 M1","baseline",0.0586457891171373,"300 baseline","1 baseline"
"302","M1","C4620081","1","301","C4620081 M1","baseline",0.058561814370608,"301 baseline","1 baseline"
"303","M1","C4620081","1","302","C4620081 M1","baseline",0.0585317272386549,"302 baseline","1 baseline"
"304","M1","C4620081","1","303","C4620081 M1","baseline",0.058457741469204,"303 baseline","1 baseline"
"305","M1","C4620081","1","304","C4620081 M1","baseline",0.058331000397792,"304 baseline","1 baseline"
"306","M1","C4620081","1","305","C4620081 M1","baseline",0.0582716851364856,"305 baseline","1 baseline"
"307","M1","C4620081","1","306","C4620081 M1","baseline",0.0581156628289021,"306 baseline","1 baseline"
"308","M1","C4620081","1","307","C4620081 M1","baseline",0.0578910073212484,"307 baseline","1 baseline"
"309","M1","C4620081","1","308","C4620081 M1","baseline",0.0578305454596216,"308 baseline","1 baseline"
"310","M1","C4620081","1","309","C4620081 M1","baseline",0.0576049393625812,"309 baseline","1 baseline"
"311","M1","C4620081","1","310","C4620081 M1","baseline",0.0574581860258596,"310 baseline","1 baseline"
"312","M1","C4620081","1","311","C4620081 M1","baseline",0.0573935558356833,"311 baseline","1 baseline"
"313","M1","C4620081","1","312","C4620081 M1","baseline",0.0572841062313787,"312 baseline","1 baseline"
"314","M1","C4620081","1","313","C4620081 M1","baseline",0.0570384249501456,"313 baseline","1 baseline"
"315","M1","C4620081","1","314","C4620081 M1","baseline",0.0568163214743485,"314 baseline","1 baseline"
"316","M1","C4620081","1","315","C4620081 M1","baseline",0.0565710643616252,"315 baseline","1 baseline"
"317","M1","C4620081","1","316","C4620081 M1","baseline",0.0565263968618436,"316 baseline","1 baseline"
"318","M1","C4620081","1","317","C4620081 M1","baseline",0.0564850832151545,"317 baseline","1 baseline"
"319","M1","C4620081","1","318","C4620081 M1","baseline",0.0564660064039112,"318 baseline","1 baseline"
"320","M1","C4620081","1","319","C4620081 M1","baseline",0.0562765467981979,"319 baseline","1 baseline"
"321","M1","C4620081","1","320","C4620081 M1","baseline",0.0562006052959804,"320 baseline","1 baseline"
"322","M1","C4620081","1","321","C4620081 M1","baseline",0.0560270519469159,"321 baseline","1 baseline"
"323","M1","C4620081","1","322","C4620081 M1","baseline",0.0557705829585177,"322 baseline","1 baseline"
"324","M1","C4620081","1","323","C4620081 M1","baseline",0.055760530596938,"323 baseline","1 baseline"
"325","M1","C4620081","1","324","C4620081 M1","baseline",0.0557396167877754,"324 baseline","1 baseline"
"326","M1","C4620081","1","325","C4620081 M1","baseline",0.0556787197649183,"325 baseline","1 baseline"
"327","M1","C4620081","1","326","C4620081 M1","baseline",0.0556005277809311,"326 baseline","1 baseline"
"328","M1","C4620081","1","327","C4620081 M1","baseline",0.0553612014619859,"327 baseline","1 baseline"
"329","M1","C4620081","1","328","C4620081 M1","baseline",0.0552230652032699,"328 baseline","1 baseline"
"330","M1","C4620081","1","329","C4620081 M1","baseline",0.0551253825504287,"329 baseline","1 baseline"
"331","M1","C4620081","1","330","C4620081 M1","baseline",0.0550848968772949,"330 baseline","1 baseline"
"332","M1","C4620081","1","331","C4620081 M1","baseline",0.054948671795125,"331 baseline","1 baseline"
"333","M1","C4620081","1","332","C4620081 M1","baseline",0.0548302918620151,"332 baseline","1 baseline"
"334","M1","C4620081","1","333","C4620081 M1","baseline",0.0547640395214864,"333 baseline","1 baseline"
"335","M1","C4620081","1","334","C4620081 M1","baseline",0.0545542218116601,"334 baseline","1 baseline"
"336","M1","C4620081","1","335","C4620081 M1","baseline",0.0542605921956755,"335 baseline","1 baseline"
"337","M1","C4620081","1","336","C4620081 M1","baseline",0.0542549492230939,"336 baseline","1 baseline"
"338","M1","C4620081","1","337","C4620081 M1","baseline",0.0542050371967844,"337 baseline","1 baseline"
"339","M1","C4620081","1","338","C4620081 M1","baseline",0.0540569181877762,"338 baseline","1 baseline"
"340","M1","C4620081","1","339","C4620081 M1","baseline",0.0539046469475433,"339 baseline","1 baseline"
"341","M1","C4620081","1","340","C4620081 M1","baseline",0.0535559572002479,"340 baseline","1 baseline"
"342","M1","C4620081","1","341","C4620081 M1","baseline",0.0533608701653925,"341 baseline","1 baseline"
"343","M1","C4620081","1","342","C4620081 M1","baseline",0.0533298257786064,"342 baseline","1 baseline"
"344","M1","C4620081","1","343","C4620081 M1","baseline",0.053197527684594,"343 baseline","1 baseline"
"345","M1","C4620081","1","344","C4620081 M1","baseline",0.0531572680709535,"344 baseline","1 baseline"
"346","M1","C4620081","1","345","C4620081 M1","baseline",0.0529306919154132,"345 baseline","1 baseline"
"347","M1","C4620081","1","346","C4620081 M1","baseline",0.052920642857655,"346 baseline","1 baseline"
"348","M1","C4620081","1","347","C4620081 M1","baseline",0.0528026127665702,"347 baseline","1 baseline"
"349","M1","C4620081","1","348","C4620081 M1","baseline",0.0526392164899544,"348 baseline","1 baseline"
"350","M1","C4620081","1","349","C4620081 M1","baseline",0.0524134002706825,"349 baseline","1 baseline"
"351","M1","C4620081","1","350","C4620081 M1","baseline",0.0523508104001769,"350 baseline","1 baseline"
"352","M1","C4620081","1","351","C4620081 M1","baseline",0.052092079530281,"351 baseline","1 baseline"
"353","M1","C4620081","1","352","C4620081 M1","baseline",0.0519696219825667,"352 baseline","1 baseline"
"354","M1","C4620081","1","353","C4620081 M1","baseline",0.0517657806596729,"353 baseline","1 baseline"
"355","M1","C4620081","1","354","C4620081 M1","baseline",0.0516942845295401,"354 baseline","1 baseline"
"356","M1","C4620081","1","355","C4620081 M1","baseline",0.0516558646603346,"355 baseline","1 baseline"
"357","M1","C4620081","1","356","C4620081 M1","baseline",0.0516499061780755,"356 baseline","1 baseline"
"358","M1","C4620081","1","357","C4620081 M1","baseline",0.0516284823015936,"357 baseline","1 baseline"
"359","M1","C4620081","1","358","C4620081 M1","baseline",0.0515980595692191,"358 baseline","1 baseline"
"360","M1","C4620081","1","359","C4620081 M1","baseline",0.051550842408547,"359 baseline","1 baseline"
"361","M1","C4620081","1","360","C4620081 M1","baseline",0.0513829953899901,"360 baseline","1 baseline"
"362","M1","C4620081","1","361","C4620081 M1","baseline",0.0513194371037582,"361 baseline","1 baseline"
"363","M1","C4620081","1","362","C4620081 M1","baseline",0.0512265119568299,"362 baseline","1 baseline"
"364","M1","C4620081","1","363","C4620081 M1","baseline",0.051109645987696,"363 baseline","1 baseline"
"365","M1","C4620081","1","364","C4620081 M1","baseline",0.0509997946092859,"364 baseline","1 baseline"
"366","M1","C4620081","1","365","C4620081 M1","baseline",0.0509340788994114,"365 baseline","1 baseline"
"367","M1","C4620081","1","366","C4620081 M1","baseline",0.0508514357530171,"366 baseline","1 baseline"
"368","M1","C4620081","1","367","C4620081 M1","baseline",0.050835485650202,"367 baseline","1 baseline"
"369","M1","C4620081","1","368","C4620081 M1","baseline",0.0506774546523153,"368 baseline","1 baseline"
"370","M1","C4620081","1","369","C4620081 M1","baseline",0.0506246930955428,"369 baseline","1 baseline"
"371","M1","C4620081","1","370","C4620081 M1","baseline",0.0503721628325469,"370 baseline","1 baseline"
"372","M1","C4620081","1","371","C4620081 M1","baseline",0.0503719483811145,"371 baseline","1 baseline"
"373","M1","C4620081","1","372","C4620081 M1","baseline",0.0502203456133625,"372 baseline","1 baseline"
"374","M1","C4620081","1","373","C4620081 M1","baseline",0.0502170357861181,"373 baseline","1 baseline"
"375","M1","C4620081","1","374","C4620081 M1","baseline",0.0501857864941615,"374 baseline","1 baseline"
"376","M1","C4620081","1","375","C4620081 M1","baseline",0.0501077920573472,"375 baseline","1 baseline"
"377","M1","C4620081","1","376","C4620081 M1","baseline",0.0499960725531552,"376 baseline","1 baseline"
"378","M1","C4620081","1","377","C4620081 M1","baseline",0.0499655791432435,"377 baseline","1 baseline"
"379","M1","C4620081","1","378","C4620081 M1","baseline",0.0499182283450993,"378 baseline","1 baseline"
"380","M1","C4620081","1","379","C4620081 M1","baseline",0.0496313100547758,"379 baseline","1 baseline"
"381","M1","C4620081","1","380","C4620081 M1","baseline",0.0494034892505674,"380 baseline","1 baseline"
"382","M1","C4620081","1","381","C4620081 M1","baseline",0.0493987328243231,"381 baseline","1 baseline"
"383","M1","C4620081","1","382","C4620081 M1","baseline",0.0493845464606098,"382 baseline","1 baseline"
"384","M1","C4620081","1","383","C4620081 M1","baseline",0.0493564248646543,"383 baseline","1 baseline"
"385","M1","C4620081","1","384","C4620081 M1","baseline",0.0492955073304606,"384 baseline","1 baseline"
"386","M1","C4620081","1","385","C4620081 M1","baseline",0.0491381886849667,"385 baseline","1 baseline"
"387","M1","C4620081","1","386","C4620081 M1","baseline",0.0490593914082497,"386 baseline","1 baseline"
"388","M1","C4620081","1","387","C4620081 M1","baseline",0.0488981754500457,"387 baseline","1 baseline"
"389","M1","C4620081","1","388","C4620081 M1","baseline",0.0487979698081363,"388 baseline","1 baseline"
"390","M1","C4620081","1","389","C4620081 M1","baseline",0.0483946814659338,"389 baseline","1 baseline"
"391","M1","C4620081","1","390","C4620081 M1","baseline",0.048376540386458,"390 baseline","1 baseline"
"392","M1","C4620081","1","391","C4620081 M1","baseline",0.0481176428744531,"391 baseline","1 baseline"
"393","M1","C4620081","1","392","C4620081 M1","baseline",0.0481042233815808,"392 baseline","1 baseline"
"394","M1","C4620081","1","393","C4620081 M1","baseline",0.0480844480136966,"393 baseline","1 baseline"
"395","M1","C4620081","1","394","C4620081 M1","baseline",0.0480415927971783,"394 baseline","1 baseline"
"396","M1","C4620081","1","395","C4620081 M1","baseline",0.0479040558973486,"395 baseline","1 baseline"
"397","M1","C4620081","1","396","C4620081 M1","baseline",0.0477098053899245,"396 baseline","1 baseline"
"398","M1","C4620081","1","397","C4620081 M1","baseline",0.0476835728318152,"397 baseline","1 baseline"
"399","M1","C4620081","1","398","C4620081 M1","baseline",0.0472082889607143,"398 baseline","1 baseline"
"400","M1","C4620081","1","399","C4620081 M1","baseline",0.0471701585287677,"399 baseline","1 baseline"
"401","M1","C4620081","1","400","C4620081 M1","baseline",0.0469840979860761,"400 baseline","1 baseline"
"402","M1","C4620081","1","401","C4620081 M1","baseline",0.0469336293306708,"401 baseline","1 baseline"
"403","M1","C4620081","1","402","C4620081 M1","baseline",0.0468677001396397,"402 baseline","1 baseline"
"404","M1","C4620081","1","403","C4620081 M1","baseline",0.0466775947787585,"403 baseline","1 baseline"
"405","M1","C4620081","1","404","C4620081 M1","baseline",0.0466584729195736,"404 baseline","1 baseline"
"406","M1","C4620081","1","405","C4620081 M1","baseline",0.0465380625590572,"405 baseline","1 baseline"
"407","M1","C4620081","1","406","C4620081 M1","baseline",0.0464760159513855,"406 baseline","1 baseline"
"408","M1","C4620081","1","407","C4620081 M1","baseline",0.0464401658949053,"407 baseline","1 baseline"
"409","M1","C4620081","1","408","C4620081 M1","baseline",0.0464122595281332,"408 baseline","1 baseline"
"410","M1","C4620081","1","409","C4620081 M1","baseline",0.0463641168962679,"409 baseline","1 baseline"
"411","M1","C4620081","1","410","C4620081 M1","baseline",0.0461625355327029,"410 baseline","1 baseline"
"412","M1","C4620081","1","411","C4620081 M1","baseline",0.0461399048511609,"411 baseline","1 baseline"
"413","M1","C4620081","1","412","C4620081 M1","baseline",0.0459712616112732,"412 baseline","1 baseline"
"414","M1","C4620081","1","413","C4620081 M1","baseline",0.0457911025757456,"413 baseline","1 baseline"
"415","M1","C4620081","1","414","C4620081 M1","baseline",0.0457714062003634,"414 baseline","1 baseline"
"416","M1","C4620081","1","415","C4620081 M1","baseline",0.0457529829747276,"415 baseline","1 baseline"
"417","M1","C4620081","1","416","C4620081 M1","baseline",0.0456599070326758,"416 baseline","1 baseline"
"418","M1","C4620081","1","417","C4620081 M1","baseline",0.045622053878093,"417 baseline","1 baseline"
"419","M1","C4620081","1","418","C4620081 M1","baseline",0.0455727192340178,"418 baseline","1 baseline"
"420","M1","C4620081","1","419","C4620081 M1","baseline",0.0455410263688166,"419 baseline","1 baseline"
"421","M1","C4620081","1","420","C4620081 M1","baseline",0.0455409957826604,"420 baseline","1 baseline"
"422","M1","C4620081","1","421","C4620081 M1","baseline",0.0453475603261084,"421 baseline","1 baseline"
"423","M1","C4620081","1","422","C4620081 M1","baseline",0.0453396715152837,"422 baseline","1 baseline"
"424","M1","C4620081","1","423","C4620081 M1","baseline",0.0452526025647599,"423 baseline","1 baseline"
"425","M1","C4620081","1","424","C4620081 M1","baseline",0.0451831263580804,"424 baseline","1 baseline"
"426","M1","C4620081","1","425","C4620081 M1","baseline",0.0450275681953828,"425 baseline","1 baseline"
"427","M1","C4620081","1","426","C4620081 M1","baseline",0.044896452431028,"426 baseline","1 baseline"
"428","M1","C4620081","1","427","C4620081 M1","baseline",0.0445281659895377,"427 baseline","1 baseline"
"429","M1","C4620081","1","428","C4620081 M1","baseline",0.0444683459102603,"428 baseline","1 baseline"
"430","M1","C4620081","1","429","C4620081 M1","baseline",0.044055935144455,"429 baseline","1 baseline"
"431","M1","C4620081","1","430","C4620081 M1","baseline",0.0440087694765199,"430 baseline","1 baseline"
"432","M1","C4620081","1","431","C4620081 M1","baseline",0.0439866668043127,"431 baseline","1 baseline"
"433","M1","C4620081","1","432","C4620081 M1","baseline",0.0439221016855,"432 baseline","1 baseline"
"434","M1","C4620081","1","433","C4620081 M1","baseline",0.0438022280638408,"433 baseline","1 baseline"
"435","M1","C4620081","1","434","C4620081 M1","baseline",0.0437278226912515,"434 baseline","1 baseline"
"436","M1","C4620081","1","435","C4620081 M1","baseline",0.0437087650237492,"435 baseline","1 baseline"
"437","M1","C4620081","1","436","C4620081 M1","baseline",0.0436292863600151,"436 baseline","1 baseline"
"438","M1","C4620081","1","437","C4620081 M1","baseline",0.0434453262862131,"437 baseline","1 baseline"
"439","M1","C4620081","1","438","C4620081 M1","baseline",0.0434136296993576,"438 baseline","1 baseline"
"440","M1","C4620081","1","439","C4620081 M1","baseline",0.0433666654410306,"439 baseline","1 baseline"
"441","M1","C4620081","1","440","C4620081 M1","baseline",0.0428955518052508,"440 baseline","1 baseline"
"442","M1","C4620081","1","441","C4620081 M1","baseline",0.0428613116701205,"441 baseline","1 baseline"
"443","M1","C4620081","1","442","C4620081 M1","baseline",0.0428485446076929,"442 baseline","1 baseline"
"444","M1","C4620081","1","443","C4620081 M1","baseline",0.0428414961547337,"443 baseline","1 baseline"
"445","M1","C4620081","1","444","C4620081 M1","baseline",0.0425967870040721,"444 baseline","1 baseline"
"446","M1","C4620081","1","445","C4620081 M1","baseline",0.0424602887970067,"445 baseline","1 baseline"
"447","M1","C4620081","1","446","C4620081 M1","baseline",0.0423949079351299,"446 baseline","1 baseline"
"448","M1","C4620081","1","447","C4620081 M1","baseline",0.0423811430794608,"447 baseline","1 baseline"
"449","M1","C4620081","1","448","C4620081 M1","baseline",0.0422805868406592,"448 baseline","1 baseline"
"450","M1","C4620081","1","449","C4620081 M1","baseline",0.0420782132346627,"449 baseline","1 baseline"
"451","M1","C4620081","1","450","C4620081 M1","baseline",0.0418611337545288,"450 baseline","1 baseline"
"452","M1","C4620081","1","451","C4620081 M1","baseline",0.0418291250343851,"451 baseline","1 baseline"
"453","M1","C4620081","1","452","C4620081 M1","baseline",0.0418161099887038,"452 baseline","1 baseline"
"454","M1","C4620081","1","453","C4620081 M1","baseline",0.0415249570036356,"453 baseline","1 baseline"
"455","M1","C4620081","1","454","C4620081 M1","baseline",0.0414546395902499,"454 baseline","1 baseline"
"456","M1","C4620081","1","455","C4620081 M1","baseline",0.0412380009483262,"455 baseline","1 baseline"
"457","M1","C4620081","1","456","C4620081 M1","baseline",0.0411091773478071,"456 baseline","1 baseline"
"458","M1","C4620081","1","457","C4620081 M1","baseline",0.0407311455110684,"457 baseline","1 baseline"
"459","M1","C4620081","1","458","C4620081 M1","baseline",0.0400620522215129,"458 baseline","1 baseline"
"460","M1","C4620081","1","459","C4620081 M1","baseline",0.0399941350877066,"459 baseline","1 baseline"
"461","M1","C4620081","1","460","C4620081 M1","baseline",0.0399800448138752,"460 baseline","1 baseline"
"462","M1","C4620081","1","461","C4620081 M1","baseline",0.0399146537007124,"461 baseline","1 baseline"
"463","M1","C4620081","1","462","C4620081 M1","baseline",0.0398690262105199,"462 baseline","1 baseline"
"464","M1","C4620081","1","463","C4620081 M1","baseline",0.0398640593415018,"463 baseline","1 baseline"
"465","M1","C4620081","1","464","C4620081 M1","baseline",0.0396610414052841,"464 baseline","1 baseline"
"466","M1","C4620081","1","465","C4620081 M1","baseline",0.0396446475770435,"465 baseline","1 baseline"
"467","M1","C4620081","1","466","C4620081 M1","baseline",0.039489762079667,"466 baseline","1 baseline"
"468","M1","C4620081","1","467","C4620081 M1","baseline",0.0393523766045952,"467 baseline","1 baseline"
"469","M1","C4620081","1","468","C4620081 M1","baseline",0.0391877647366517,"468 baseline","1 baseline"
"470","M1","C4620081","1","469","C4620081 M1","baseline",0.0391826098372676,"469 baseline","1 baseline"
"471","M1","C4620081","1","470","C4620081 M1","baseline",0.0390594052407353,"470 baseline","1 baseline"
"472","M1","C4620081","1","471","C4620081 M1","baseline",0.038741809300179,"471 baseline","1 baseline"
"473","M1","C4620081","1","472","C4620081 M1","baseline",0.0387393169996853,"472 baseline","1 baseline"
"474","M1","C4620081","1","473","C4620081 M1","baseline",0.0386811055639899,"473 baseline","1 baseline"
"475","M1","C4620081","1","474","C4620081 M1","baseline",0.0384886071976693,"474 baseline","1 baseline"
"476","M1","C4620081","1","475","C4620081 M1","baseline",0.0384419759137257,"475 baseline","1 baseline"
"477","M1","C4620081","1","476","C4620081 M1","baseline",0.0384048782127147,"476 baseline","1 baseline"
"478","M1","C4620081","1","477","C4620081 M1","baseline",0.0383595013663578,"477 baseline","1 baseline"
"479","M1","C4620081","1","478","C4620081 M1","baseline",0.0382999023710374,"478 baseline","1 baseline"
"480","M1","C4620081","1","479","C4620081 M1","baseline",0.037797108188622,"479 baseline","1 baseline"
"481","M1","C4620081","1","480","C4620081 M1","baseline",0.0374783795356996,"480 baseline","1 baseline"
"482","M1","C4620081","1","481","C4620081 M1","baseline",0.0372877505039398,"481 baseline","1 baseline"
"483","M1","C4620081","1","482","C4620081 M1","baseline",0.0372850889696169,"482 baseline","1 baseline"
"484","M1","C4620081","1","483","C4620081 M1","baseline",0.0372695318791777,"483 baseline","1 baseline"
"485","M1","C4620081","1","484","C4620081 M1","baseline",0.0372370717038302,"484 baseline","1 baseline"
"486","M1","C4620081","1","485","C4620081 M1","baseline",0.0371692302770512,"485 baseline","1 baseline"
"487","M1","C4620081","1","486","C4620081 M1","baseline",0.0369340066673171,"486 baseline","1 baseline"
"488","M1","C4620081","1","487","C4620081 M1","baseline",0.0369313687462105,"487 baseline","1 baseline"
"489","M1","C4620081","1","488","C4620081 M1","baseline",0.036834801668172,"488 baseline","1 baseline"
"490","M1","C4620081","1","489","C4620081 M1","baseline",0.0367195349401035,"489 baseline","1 baseline"
"491","M1","C4620081","1","490","C4620081 M1","baseline",0.0366960226843676,"490 baseline","1 baseline"
"492","M1","C4620081","1","491","C4620081 M1","baseline",0.0365809478215956,"491 baseline","1 baseline"
"493","M1","C4620081","1","492","C4620081 M1","baseline",0.0365003459555202,"492 baseline","1 baseline"
"494","M1","C4620081","1","493","C4620081 M1","baseline",0.0364377023757544,"493 baseline","1 baseline"
"495","M1","C4620081","1","494","C4620081 M1","baseline",0.0363637161190878,"494 baseline","1 baseline"
"496","M1","C4620081","1","495","C4620081 M1","baseline",0.036108344896709,"495 baseline","1 baseline"
"497","M1","C4620081","1","496","C4620081 M1","baseline",0.0360381068033706,"496 baseline","1 baseline"
"498","M1","C4620081","1","497","C4620081 M1","baseline",0.0359012070786945,"497 baseline","1 baseline"
"499","M1","C4620081","1","498","C4620081 M1","baseline",0.0357626831256051,"498 baseline","1 baseline"
"500","M1","C4620081","1","499","C4620081 M1","baseline",0.0354243648680802,"499 baseline","1 baseline"
"501","M1","C4620081","1","500","C4620081 M1","baseline",0.035355923204071,"500 baseline","1 baseline"
"502","M1","C4620081","1","501","C4620081 M1","baseline",0.0353065950433185,"501 baseline","1 baseline"
"503","M1","C4620081","1","502","C4620081 M1","baseline",0.0352467019373771,"502 baseline","1 baseline"
"504","M1","C4620081","1","503","C4620081 M1","baseline",0.0351804303911356,"503 baseline","1 baseline"
"505","M1","C4620081","1","504","C4620081 M1","baseline",0.0351116943879401,"504 baseline","1 baseline"
"506","M1","C4620081","1","505","C4620081 M1","baseline",0.0349525442687623,"505 baseline","1 baseline"
"507","M1","C4620081","1","506","C4620081 M1","baseline",0.0348003428074317,"506 baseline","1 baseline"
"508","M1","C4620081","1","507","C4620081 M1","baseline",0.0347434523298217,"507 baseline","1 baseline"
"509","M1","C4620081","1","508","C4620081 M1","baseline",0.0345478396458285,"508 baseline","1 baseline"
"510","M1","C4620081","1","509","C4620081 M1","baseline",0.034411397053616,"509 baseline","1 baseline"
"511","M1","C4620081","1","510","C4620081 M1","baseline",0.0342568188628559,"510 baseline","1 baseline"
"512","M1","C4620081","1","511","C4620081 M1","baseline",0.0340651414692848,"511 baseline","1 baseline"
"513","M1","C4620081","1","512","C4620081 M1","baseline",0.0339118745710249,"512 baseline","1 baseline"
"514","M1","C4620081","1","513","C4620081 M1","baseline",0.0337409014319335,"513 baseline","1 baseline"
"515","M1","C4620081","1","514","C4620081 M1","baseline",0.033699445189787,"514 baseline","1 baseline"
"516","M1","C4620081","1","515","C4620081 M1","baseline",0.0334829894431119,"515 baseline","1 baseline"
"517","M1","C4620081","1","516","C4620081 M1","baseline",0.0333793200511831,"516 baseline","1 baseline"
"518","M1","C4620081","1","517","C4620081 M1","baseline",0.0332633858950865,"517 baseline","1 baseline"
"519","M1","C4620081","1","518","C4620081 M1","baseline",0.0330536882081231,"518 baseline","1 baseline"
"520","M1","C4620081","1","519","C4620081 M1","baseline",0.0330375719430715,"519 baseline","1 baseline"
"521","M1","C4620081","1","520","C4620081 M1","baseline",0.0329580046506723,"520 baseline","1 baseline"
"522","M1","C4620081","1","521","C4620081 M1","baseline",0.032407761256595,"521 baseline","1 baseline"
"523","M1","C4620081","1","522","C4620081 M1","baseline",0.0324029962226377,"522 baseline","1 baseline"
"524","M1","C4620081","1","523","C4620081 M1","baseline",0.0322191940136879,"523 baseline","1 baseline"
"525","M1","C4620081","1","524","C4620081 M1","baseline",0.0322036399324886,"524 baseline","1 baseline"
"526","M1","C4620081","1","525","C4620081 M1","baseline",0.0321570878722725,"525 baseline","1 baseline"
"527","M1","C4620081","1","526","C4620081 M1","baseline",0.0318031372626393,"526 baseline","1 baseline"
"528","M1","C4620081","1","527","C4620081 M1","baseline",0.031790857458788,"527 baseline","1 baseline"
"529","M1","C4620081","1","528","C4620081 M1","baseline",0.0317169200962166,"528 baseline","1 baseline"
"530","M1","C4620081","1","529","C4620081 M1","baseline",0.0316925710538517,"529 baseline","1 baseline"
"531","M1","C4620081","1","530","C4620081 M1","baseline",0.0316538591002383,"530 baseline","1 baseline"
"532","M1","C4620081","1","531","C4620081 M1","baseline",0.031063543388496,"531 baseline","1 baseline"
"533","M1","C4620081","1","532","C4620081 M1","baseline",0.0310617929418875,"532 baseline","1 baseline"
"534","M1","C4620081","1","533","C4620081 M1","baseline",0.0310390293227776,"533 baseline","1 baseline"
"535","M1","C4620081","1","534","C4620081 M1","baseline",0.0309346249586724,"534 baseline","1 baseline"
"536","M1","C4620081","1","535","C4620081 M1","baseline",0.0307550012524375,"535 baseline","1 baseline"
"537","M1","C4620081","1","536","C4620081 M1","baseline",0.0306110271000611,"536 baseline","1 baseline"
"538","M1","C4620081","1","537","C4620081 M1","baseline",0.0304008289246232,"537 baseline","1 baseline"
"539","M1","C4620081","1","538","C4620081 M1","baseline",0.0302524004539885,"538 baseline","1 baseline"
"540","M1","C4620081","1","539","C4620081 M1","baseline",0.0299065112960661,"539 baseline","1 baseline"
"541","M1","C4620081","1","540","C4620081 M1","baseline",0.029713704759308,"540 baseline","1 baseline"
"542","M1","C4620081","1","541","C4620081 M1","baseline",0.0294991590580537,"541 baseline","1 baseline"
"543","M1","C4620081","1","542","C4620081 M1","baseline",0.0294144980053145,"542 baseline","1 baseline"
"544","M1","C4620081","1","543","C4620081 M1","baseline",0.0293836927656312,"543 baseline","1 baseline"
"545","M1","C4620081","1","544","C4620081 M1","baseline",0.0292841484319849,"544 baseline","1 baseline"
"546","M1","C4620081","1","545","C4620081 M1","baseline",0.0291597628831627,"545 baseline","1 baseline"
"547","M1","C4620081","1","546","C4620081 M1","baseline",0.029072844531348,"546 baseline","1 baseline"
"548","M1","C4620081","1","547","C4620081 M1","baseline",0.0285935588568865,"547 baseline","1 baseline"
"549","M1","C4620081","1","548","C4620081 M1","baseline",0.0285539723801321,"548 baseline","1 baseline"
"550","M1","C4620081","1","549","C4620081 M1","baseline",0.0285275456814939,"549 baseline","1 baseline"
"551","M1","C4620081","1","550","C4620081 M1","baseline",0.0285204044064288,"550 baseline","1 baseline"
"552","M1","C4620081","1","551","C4620081 M1","baseline",0.0284419652889411,"551 baseline","1 baseline"
"553","M1","C4620081","1","552","C4620081 M1","baseline",0.0281729682283739,"552 baseline","1 baseline"
"554","M1","C4620081","1","553","C4620081 M1","baseline",0.0281430100302971,"553 baseline","1 baseline"
"555","M1","C4620081","1","554","C4620081 M1","baseline",0.0279678104037572,"554 baseline","1 baseline"
"556","M1","C4620081","1","555","C4620081 M1","baseline",0.0278791912172983,"555 baseline","1 baseline"
"557","M1","C4620081","1","556","C4620081 M1","baseline",0.0275410890946829,"556 baseline","1 baseline"
"558","M1","C4620081","1","557","C4620081 M1","baseline",0.0274632473975103,"557 baseline","1 baseline"
"559","M1","C4620081","1","558","C4620081 M1","baseline",0.027252069867897,"558 baseline","1 baseline"
"560","M1","C4620081","1","559","C4620081 M1","baseline",0.0271375059095287,"559 baseline","1 baseline"
"561","M1","C4620081","1","560","C4620081 M1","baseline",0.0270704815278348,"560 baseline","1 baseline"
"562","M1","C4620081","1","561","C4620081 M1","baseline",0.0269124528829577,"561 baseline","1 baseline"
"563","M1","C4620081","1","562","C4620081 M1","baseline",0.0266294919637797,"562 baseline","1 baseline"
"564","M1","C4620081","1","563","C4620081 M1","baseline",0.0266053972509194,"563 baseline","1 baseline"
"565","M1","C4620081","1","564","C4620081 M1","baseline",0.026199421422475,"564 baseline","1 baseline"
"566","M1","C4620081","1","565","C4620081 M1","baseline",0.0260369571536051,"565 baseline","1 baseline"
"567","M1","C4620081","1","566","C4620081 M1","baseline",0.0259099066516074,"566 baseline","1 baseline"
"568","M1","C4620081","1","567","C4620081 M1","baseline",0.0257644804185622,"567 baseline","1 baseline"
"569","M1","C4620081","1","568","C4620081 M1","baseline",0.0255771641024833,"568 baseline","1 baseline"
"570","M1","C4620081","1","569","C4620081 M1","baseline",0.0254187237691337,"569 baseline","1 baseline"
"571","M1","C4620081","1","570","C4620081 M1","baseline",0.0253670526221538,"570 baseline","1 baseline"
"572","M1","C4620081","1","571","C4620081 M1","baseline",0.0250813191253175,"571 baseline","1 baseline"
"573","M1","C4620081","1","572","C4620081 M1","baseline",0.0249541652134686,"572 baseline","1 baseline"
"574","M1","C4620081","1","573","C4620081 M1","baseline",0.0242673647821845,"573 baseline","1 baseline"
"575","M1","C4620081","1","574","C4620081 M1","baseline",0.0238567199920867,"574 baseline","1 baseline"
"576","M1","C4620081","1","575","C4620081 M1","baseline",0.023780301601799,"575 baseline","1 baseline"
"577","M1","C4620081","1","576","C4620081 M1","baseline",0.0236576318656134,"576 baseline","1 baseline"
"578","M1","C4620081","1","577","C4620081 M1","baseline",0.0236234224016948,"577 baseline","1 baseline"
"579","M1","C4620081","1","578","C4620081 M1","baseline",0.0231608302667958,"578 baseline","1 baseline"
"580","M1","C4620081","1","579","C4620081 M1","baseline",0.0226912639451243,"579 baseline","1 baseline"
"581","M1","C4620081","1","580","C4620081 M1","baseline",0.0225423814755271,"580 baseline","1 baseline"
"582","M1","C4620081","1","581","C4620081 M1","baseline",0.0216887320295319,"581 baseline","1 baseline"
"583","M1","C4620081","1","582","C4620081 M1","baseline",0.0215883277940319,"582 baseline","1 baseline"
"584","M1","C4620081","1","583","C4620081 M1","baseline",0.0214157366699786,"583 baseline","1 baseline"
"585","M1","C4620081","1","584","C4620081 M1","baseline",0.0213835959334641,"584 baseline","1 baseline"
"586","M1","C4620081","1","585","C4620081 M1","baseline",0.0212156838040624,"585 baseline","1 baseline"
"587","M1","C4620081","1","586","C4620081 M1","baseline",0.0212071535782144,"586 baseline","1 baseline"
"588","M1","C4620081","1","587","C4620081 M1","baseline",0.0211517383327227,"587 baseline","1 baseline"
"589","M1","C4620081","1","588","C4620081 M1","baseline",0.0211175153313701,"588 baseline","1 baseline"
"590","M1","C4620081","1","589","C4620081 M1","baseline",0.0210000128871904,"589 baseline","1 baseline"
"591","M1","C4620081","1","590","C4620081 M1","baseline",0.0205995012908552,"590 baseline","1 baseline"
"592","M1","C4620081","1","591","C4620081 M1","baseline",0.0205517966590483,"591 baseline","1 baseline"
"593","M1","C4620081","1","592","C4620081 M1","baseline",0.0204878516284184,"592 baseline","1 baseline"
"594","M1","C4620081","1","593","C4620081 M1","baseline",0.0203581912241773,"593 baseline","1 baseline"
"595","M1","C4620081","1","594","C4620081 M1","baseline",0.020313269828192,"594 baseline","1 baseline"
"596","M1","C4620081","1","595","C4620081 M1","baseline",0.0194932792122626,"595 baseline","1 baseline"
"597","M1","C4620081","1","596","C4620081 M1","baseline",0.0194266127060596,"596 baseline","1 baseline"
"598","M1","C4620081","1","597","C4620081 M1","baseline",0.0193233596948497,"597 baseline","1 baseline"
"599","M1","C4620081","1","598","C4620081 M1","baseline",0.0192442230281974,"598 baseline","1 baseline"
"600","M1","C4620081","1","599","C4620081 M1","baseline",0.0187558871942022,"599 baseline","1 baseline"
"601","M1","C4620081","1","600","C4620081 M1","baseline",0.01866848038154,"600 baseline","1 baseline"
"602","M1","C4620081","1","601","C4620081 M1","baseline",0.0184673271850802,"601 baseline","1 baseline"
"603","M1","C4620081","1","602","C4620081 M1","baseline",0.0183208202167782,"602 baseline","1 baseline"
"604","M1","C4620081","1","603","C4620081 M1","baseline",0.0183118685555422,"603 baseline","1 baseline"
"605","M1","C4620081","1","604","C4620081 M1","baseline",0.0181057141178097,"604 baseline","1 baseline"
"606","M1","C4620081","1","605","C4620081 M1","baseline",0.0180669717335828,"605 baseline","1 baseline"
"607","M1","C4620081","1","606","C4620081 M1","baseline",0.0180611046020614,"606 baseline","1 baseline"
"608","M1","C4620081","1","607","C4620081 M1","baseline",0.0179605245727051,"607 baseline","1 baseline"
"609","M1","C4620081","1","608","C4620081 M1","baseline",0.0177689285824168,"608 baseline","1 baseline"
"610","M1","C4620081","1","609","C4620081 M1","baseline",0.0175904109622898,"609 baseline","1 baseline"
"611","M1","C4620081","1","610","C4620081 M1","baseline",0.0174701759485743,"610 baseline","1 baseline"
"612","M1","C4620081","1","611","C4620081 M1","baseline",0.016486226587487,"611 baseline","1 baseline"
"613","M1","C4620081","1","612","C4620081 M1","baseline",0.016353955072685,"612 baseline","1 baseline"
"614","M1","C4620081","1","613","C4620081 M1","baseline",0.0162990826113664,"613 baseline","1 baseline"
"615","M1","C4620081","1","614","C4620081 M1","baseline",0.0161940323124544,"614 baseline","1 baseline"
"616","M1","C4620081","1","615","C4620081 M1","baseline",0.0155253486907746,"615 baseline","1 baseline"
"617","M1","C4620081","1","616","C4620081 M1","baseline",0.0154876972254849,"616 baseline","1 baseline"
"618","M1","C4620081","1","617","C4620081 M1","baseline",0.0152511817595054,"617 baseline","1 baseline"
"619","M1","C4620081","1","618","C4620081 M1","baseline",0.0151960893365715,"618 baseline","1 baseline"
"620","M1","C4620081","1","619","C4620081 M1","baseline",0.0150006322714428,"619 baseline","1 baseline"
"621","M1","C4620081","1","620","C4620081 M1","baseline",0.0149818764376723,"620 baseline","1 baseline"
"622","M1","C4620081","1","621","C4620081 M1","baseline",0.0148541087795769,"621 baseline","1 baseline"
"623","M1","C4620081","1","622","C4620081 M1","baseline",0.0144920334623113,"622 baseline","1 baseline"
"624","M1","C4620081","1","623","C4620081 M1","baseline",0.0142871677280616,"623 baseline","1 baseline"
"625","M1","C4620081","1","624","C4620081 M1","baseline",0.0141239151560194,"624 baseline","1 baseline"
"626","M1","C4620081","1","625","C4620081 M1","baseline",0.01410957819115,"625 baseline","1 baseline"
"627","M1","C4620081","1","626","C4620081 M1","baseline",0.0139899157364727,"626 baseline","1 baseline"
"628","M1","C4620081","1","627","C4620081 M1","baseline",0.0139880284679384,"627 baseline","1 baseline"
"629","M1","C4620081","1","628","C4620081 M1","baseline",0.0138537435697689,"628 baseline","1 baseline"
"630","M1","C4620081","1","629","C4620081 M1","baseline",0.0136357845596575,"629 baseline","1 baseline"
"631","M1","C4620081","1","630","C4620081 M1","baseline",0.0136325219618532,"630 baseline","1 baseline"
"632","M1","C4620081","1","631","C4620081 M1","baseline",0.0135907548991703,"631 baseline","1 baseline"
"633","M1","C4620081","1","632","C4620081 M1","baseline",0.0130658391471363,"632 baseline","1 baseline"
"634","M1","C4620081","1","633","C4620081 M1","baseline",0.0126687670421011,"633 baseline","1 baseline"
"635","M1","C4620081","1","634","C4620081 M1","baseline",0.0123980957217892,"634 baseline","1 baseline"
"636","M1","C4620081","1","635","C4620081 M1","baseline",0.0122293667571514,"635 baseline","1 baseline"
"637","M1","C4620081","1","636","C4620081 M1","baseline",0.0117647565812406,"636 baseline","1 baseline"
"638","M1","C4620081","1","637","C4620081 M1","baseline",0.0117370943686873,"637 baseline","1 baseline"
"639","M1","C4620081","1","638","C4620081 M1","baseline",0.0110908663619741,"638 baseline","1 baseline"
"640","M1","C4620081","1","639","C4620081 M1","baseline",0.0110180101527481,"639 baseline","1 baseline"
"641","M1","C4620081","1","640","C4620081 M1","baseline",0.0109530821497,"640 baseline","1 baseline"
"642","M1","C4620081","1","641","C4620081 M1","baseline",0.0106922279592315,"641 baseline","1 baseline"
"643","M1","C4620081","1","642","C4620081 M1","baseline",0.010130875484352,"642 baseline","1 baseline"
"644","M1","C4620081","1","643","C4620081 M1","baseline",0.00974555142702087,"643 baseline","1 baseline"
"645","M1","C4620081","1","644","C4620081 M1","baseline",0.00958704506162686,"644 baseline","1 baseline"
"646","M1","C4620081","1","645","C4620081 M1","baseline",0.00945200742434779,"645 baseline","1 baseline"
"647","M1","C4620081","1","646","C4620081 M1","baseline",0.009436539135266,"646 baseline","1 baseline"
"648","M1","C4620081","1","647","C4620081 M1","baseline",0.00937897034622504,"647 baseline","1 baseline"
"649","M1","C4620081","1","648","C4620081 M1","baseline",0.0090121941238249,"648 baseline","1 baseline"
"650","M1","C4620081","1","649","C4620081 M1","baseline",0.00888688754213902,"649 baseline","1 baseline"
"651","M1","C4620081","1","650","C4620081 M1","baseline",0.00857942769814152,"650 baseline","1 baseline"
"652","M1","C4620081","1","651","C4620081 M1","baseline",0.008484881866803,"651 baseline","1 baseline"
"653","M1","C4620081","1","652","C4620081 M1","baseline",0.00833566114002961,"652 baseline","1 baseline"
"654","M1","C4620081","1","653","C4620081 M1","baseline",0.00832764450808862,"653 baseline","1 baseline"
"655","M1","C4620081","1","654","C4620081 M1","baseline",0.0080279257925295,"654 baseline","1 baseline"
"656","M1","C4620081","1","655","C4620081 M1","baseline",0.00777663514892105,"655 baseline","1 baseline"
"657","M1","C4620081","1","656","C4620081 M1","baseline",0.00777640429015706,"656 baseline","1 baseline"
"658","M1","C4620081","1","657","C4620081 M1","baseline",0.00751997660199349,"657 baseline","1 baseline"
"659","M1","C4620081","1","658","C4620081 M1","baseline",0.00657050100935567,"658 baseline","1 baseline"
"660","M1","C4620081","1","659","C4620081 M1","baseline",0.00603699585549647,"659 baseline","1 baseline"
"661","M1","C4620081","1","660","C4620081 M1","baseline",0.00574286659414346,"660 baseline","1 baseline"
"662","M1","C4620081","1","661","C4620081 M1","baseline",0.00551018246218454,"661 baseline","1 baseline"
"663","M1","C4620081","1","662","C4620081 M1","baseline",0.00470550067167522,"662 baseline","1 baseline"
"664","M1","C4620081","1","663","C4620081 M1","baseline",0.00390403790368618,"663 baseline","1 baseline"
"665","M1","C4620081","1","664","C4620081 M1","baseline",0.00387601374602583,"664 baseline","1 baseline"
"666","M1","C4620081","1","665","C4620081 M1","baseline",0.00381864005013266,"665 baseline","1 baseline"
"667","M1","C4620081","1","666","C4620081 M1","baseline",0.00370448580171626,"666 baseline","1 baseline"
"668","M1","C4620081","1","667","C4620081 M1","baseline",0.00343792099080013,"667 baseline","1 baseline"
"669","M1","C4620081","1","668","C4620081 M1","baseline",0.00258867987948553,"668 baseline","1 baseline"
"670","M1","C4620081","1","669","C4620081 M1","baseline",0.00249211949403947,"669 baseline","1 baseline"
"671","M1","C4620081","1","670","C4620081 M1","baseline",0.00176778870785075,"670 baseline","1 baseline"
"672","M1","C4620081","1","671","C4620081 M1","baseline",0.00143222033105807,"671 baseline","1 baseline"
"673","M1","C4620081","1","672","C4620081 M1","baseline",0.00130408316718463,"672 baseline","1 baseline"
"674","M1","C4620081","1","673","C4620081 M1","baseline",0.00130317890070562,"673 baseline","1 baseline"
"675","M1","C4620081","1","674","C4620081 M1","baseline",0.00111292545832801,"674 baseline","1 baseline"
"676","M1","C4620081","1","675","C4620081 M1","baseline",0.000184718246892316,"675 baseline","1 baseline"
"677","M1","C4620081","1","676","C4620081 M1","baseline",-0.000143077141073633,"676 baseline","1 baseline"
"678","M1","C4620081","1","677","C4620081 M1","baseline",-0.000771568103494157,"677 baseline","1 baseline"
"679","M1","C4620081","1","678","C4620081 M1","baseline",-0.00169517621270075,"678 baseline","1 baseline"
"680","M1","C4620081","1","679","C4620081 M1","baseline",-0.0018362175418613,"679 baseline","1 baseline"
"681","M1","C4620081","1","680","C4620081 M1","baseline",-0.002178741946006,"680 baseline","1 baseline"
"682","M1","C4620081","1","681","C4620081 M1","baseline",-0.00379092037754678,"681 baseline","1 baseline"
"683","M1","C4620081","1","682","C4620081 M1","baseline",-0.00391123415328903,"682 baseline","1 baseline"
"684","M1","C4620081","1","683","C4620081 M1","baseline",-0.00580053011833172,"683 baseline","1 baseline"
"685","M1","C4620081","1","684","C4620081 M1","baseline",-0.00596228018722428,"684 baseline","1 baseline"
"686","M1","C4620081","1","685","C4620081 M1","baseline",-0.00612548369324052,"685 baseline","1 baseline"
"687","M1","C4620081","1","686","C4620081 M1","baseline",-0.00644898329136624,"686 baseline","1 baseline"
"688","M1","C4620081","1","687","C4620081 M1","baseline",-0.00647541832045668,"687 baseline","1 baseline"
"689","M1","C4620081","1","688","C4620081 M1","baseline",-0.00719381387214548,"688 baseline","1 baseline"
"690","M1","C4620081","1","689","C4620081 M1","baseline",-0.00724571779357902,"689 baseline","1 baseline"
"691","M1","C4620081","1","690","C4620081 M1","baseline",-0.00752968293102463,"690 baseline","1 baseline"
"692","M1","C4620081","1","691","C4620081 M1","baseline",-0.00785118047142136,"691 baseline","1 baseline"
"693","M1","C4620081","1","692","C4620081 M1","baseline",-0.00794919648199123,"692 baseline","1 baseline"
"694","M1","C4620081","1","693","C4620081 M1","baseline",-0.0117801961719065,"693 baseline","1 baseline"
"695","M1","C4620081","1","694","C4620081 M1","baseline",-0.0128739229512439,"694 baseline","1 baseline"
"696","M1","C4620081","1","695","C4620081 M1","baseline",-0.0130377209590117,"695 baseline","1 baseline"
"697","M1","C4620081","1","696","C4620081 M1","baseline",-0.0136396370006084,"696 baseline","1 baseline"
"698","M1","C4620081","1","697","C4620081 M1","baseline",-0.013769142192369,"697 baseline","1 baseline"
"699","M1","C4620081","1","698","C4620081 M1","baseline",-0.0137958187568068,"698 baseline","1 baseline"
"700","M1","C4620081","1","699","C4620081 M1","baseline",-0.0141600553641143,"699 baseline","1 baseline"
"701","M1","C4620081","1","700","C4620081 M1","baseline",-0.0171157584638488,"700 baseline","1 baseline"
"702","M1","C4620081","1","701","C4620081 M1","baseline",-0.0183674806305719,"701 baseline","1 baseline"
"703","M1","C4620081","1","702","C4620081 M1","baseline",-0.0188755308885229,"702 baseline","1 baseline"
"704","M1","C4620081","1","703","C4620081 M1","baseline",-0.0189201249665727,"703 baseline","1 baseline"
"705","M1","C4620081","1","704","C4620081 M1","baseline",-0.0195552825536847,"704 baseline","1 baseline"
"706","M1","C4620081","1","705","C4620081 M1","baseline",-0.0217555741456205,"705 baseline","1 baseline"
"707","M1","C4620081","1","706","C4620081 M1","baseline",-0.024097762079486,"706 baseline","1 baseline"
"708","M1","C4620081","1","707","C4620081 M1","baseline",-0.0246427765043251,"707 baseline","1 baseline"
"709","M1","C4620081","1","708","C4620081 M1","baseline",-0.0278799299996137,"708 baseline","1 baseline"
"710","M1","C4620081","1","709","C4620081 M1","baseline",-0.0294324367266452,"709 baseline","1 baseline"
"711","M1","C4620081","1","710","C4620081 M1","baseline",-0.0314033207421088,"710 baseline","1 baseline"
"712","M1","C4620081","1","711","C4620081 M1","baseline",-0.033755146857891,"711 baseline","1 baseline"
"713","M1","C4620081","1","712","C4620081 M1","baseline",-0.0347676352487607,"712 baseline","1 baseline"
"714","M1","C4620081","1","713","C4620081 M1","baseline",-0.0355954865220444,"713 baseline","1 baseline"
"715","M1","C4620081","1","714","C4620081 M1","baseline",-0.0374152977818772,"714 baseline","1 baseline"
"716","M1","C4620083","1","0","C4620083 M1","baseline",0.211154542866906,"0 baseline","1 baseline"
"717","M1","C4620083","1","1","C4620083 M1","baseline",0.209034249599925,"1 baseline","1 baseline"
"718","M1","C4620083","1","2","C4620083 M1","baseline",0.206257676751134,"2 baseline","1 baseline"
"719","M1","C4620083","1","3","C4620083 M1","baseline",0.197820823878766,"3 baseline","1 baseline"
"720","M1","C4620083","1","4","C4620083 M1","baseline",0.195786051240682,"4 baseline","1 baseline"
"721","M1","C4620083","1","5","C4620083 M1","baseline",0.195014998008772,"5 baseline","1 baseline"
"722","M1","C4620083","1","6","C4620083 M1","baseline",0.194083941399317,"6 baseline","1 baseline"
"723","M1","C4620083","1","7","C4620083 M1","baseline",0.192544334441465,"7 baseline","1 baseline"
"724","M1","C4620083","1","8","C4620083 M1","baseline",0.18793602903343,"8 baseline","1 baseline"
"725","M1","C4620083","1","9","C4620083 M1","baseline",0.187073598260764,"9 baseline","1 baseline"
"726","M1","C4620083","1","10","C4620083 M1","baseline",0.184644273057254,"10 baseline","1 baseline"
"727","M1","C4620083","1","11","C4620083 M1","baseline",0.183992533021662,"11 baseline","1 baseline"
"728","M1","C4620083","1","12","C4620083 M1","baseline",0.183556187997999,"12 baseline","1 baseline"
"729","M1","C4620083","1","13","C4620083 M1","baseline",0.18088892815486,"13 baseline","1 baseline"
"730","M1","C4620083","1","14","C4620083 M1","baseline",0.179298697685801,"14 baseline","1 baseline"
"731","M1","C4620083","1","15","C4620083 M1","baseline",0.175199482660518,"15 baseline","1 baseline"
"732","M1","C4620083","1","16","C4620083 M1","baseline",0.173028160284735,"16 baseline","1 baseline"
"733","M1","C4620083","1","17","C4620083 M1","baseline",0.172689996232906,"17 baseline","1 baseline"
"734","M1","C4620083","1","18","C4620083 M1","baseline",0.172686745396269,"18 baseline","1 baseline"
"735","M1","C4620083","1","19","C4620083 M1","baseline",0.172359160241669,"19 baseline","1 baseline"
"736","M1","C4620083","1","20","C4620083 M1","baseline",0.172326158510759,"20 baseline","1 baseline"
"737","M1","C4620083","1","21","C4620083 M1","baseline",0.170874492450638,"21 baseline","1 baseline"
"738","M1","C4620083","1","22","C4620083 M1","baseline",0.170826789609331,"22 baseline","1 baseline"
"739","M1","C4620083","1","23","C4620083 M1","baseline",0.170415419832696,"23 baseline","1 baseline"
"740","M1","C4620083","1","24","C4620083 M1","baseline",0.16829526115792,"24 baseline","1 baseline"
"741","M1","C4620083","1","25","C4620083 M1","baseline",0.168181602594715,"25 baseline","1 baseline"
"742","M1","C4620083","1","26","C4620083 M1","baseline",0.164565151268503,"26 baseline","1 baseline"
"743","M1","C4620083","1","27","C4620083 M1","baseline",0.164417391205602,"27 baseline","1 baseline"
"744","M1","C4620083","1","28","C4620083 M1","baseline",0.164193354266678,"28 baseline","1 baseline"
"745","M1","C4620083","1","29","C4620083 M1","baseline",0.163180322247128,"29 baseline","1 baseline"
"746","M1","C4620083","1","30","C4620083 M1","baseline",0.162571796441645,"30 baseline","1 baseline"
"747","M1","C4620083","1","31","C4620083 M1","baseline",0.161804044431371,"31 baseline","1 baseline"
"748","M1","C4620083","1","32","C4620083 M1","baseline",0.161374387773306,"32 baseline","1 baseline"
"749","M1","C4620083","1","33","C4620083 M1","baseline",0.159851449256313,"33 baseline","1 baseline"
"750","M1","C4620083","1","34","C4620083 M1","baseline",0.158814769651172,"34 baseline","1 baseline"
"751","M1","C4620083","1","35","C4620083 M1","baseline",0.157944797304174,"35 baseline","1 baseline"
"752","M1","C4620083","1","36","C4620083 M1","baseline",0.154724637493284,"36 baseline","1 baseline"
"753","M1","C4620083","1","37","C4620083 M1","baseline",0.154414165946673,"37 baseline","1 baseline"
"754","M1","C4620083","1","38","C4620083 M1","baseline",0.153698181846608,"38 baseline","1 baseline"
"755","M1","C4620083","1","39","C4620083 M1","baseline",0.153406455812426,"39 baseline","1 baseline"
"756","M1","C4620083","1","40","C4620083 M1","baseline",0.152955111545033,"40 baseline","1 baseline"
"757","M1","C4620083","1","41","C4620083 M1","baseline",0.152369263269955,"41 baseline","1 baseline"
"758","M1","C4620083","1","42","C4620083 M1","baseline",0.151668695034271,"42 baseline","1 baseline"
"759","M1","C4620083","1","43","C4620083 M1","baseline",0.151083354388836,"43 baseline","1 baseline"
"760","M1","C4620083","1","44","C4620083 M1","baseline",0.150564013534021,"44 baseline","1 baseline"
"761","M1","C4620083","1","45","C4620083 M1","baseline",0.150268375607974,"45 baseline","1 baseline"
"762","M1","C4620083","1","46","C4620083 M1","baseline",0.149805067479029,"46 baseline","1 baseline"
"763","M1","C4620083","1","47","C4620083 M1","baseline",0.147647186685908,"47 baseline","1 baseline"
"764","M1","C4620083","1","48","C4620083 M1","baseline",0.147633144249622,"48 baseline","1 baseline"
"765","M1","C4620083","1","49","C4620083 M1","baseline",0.147138557976951,"49 baseline","1 baseline"
"766","M1","C4620083","1","50","C4620083 M1","baseline",0.146508921724577,"50 baseline","1 baseline"
"767","M1","C4620083","1","51","C4620083 M1","baseline",0.145019054472325,"51 baseline","1 baseline"
"768","M1","C4620083","1","52","C4620083 M1","baseline",0.143712132754535,"52 baseline","1 baseline"
"769","M1","C4620083","1","53","C4620083 M1","baseline",0.143210852642119,"53 baseline","1 baseline"
"770","M1","C4620083","1","54","C4620083 M1","baseline",0.143078785282338,"54 baseline","1 baseline"
"771","M1","C4620083","1","55","C4620083 M1","baseline",0.141729708193238,"55 baseline","1 baseline"
"772","M1","C4620083","1","56","C4620083 M1","baseline",0.139207736192809,"56 baseline","1 baseline"
"773","M1","C4620083","1","57","C4620083 M1","baseline",0.138637593583108,"57 baseline","1 baseline"
"774","M1","C4620083","1","58","C4620083 M1","baseline",0.138590297199094,"58 baseline","1 baseline"
"775","M1","C4620083","1","59","C4620083 M1","baseline",0.137930961577139,"59 baseline","1 baseline"
"776","M1","C4620083","1","60","C4620083 M1","baseline",0.137164165392321,"60 baseline","1 baseline"
"777","M1","C4620083","1","61","C4620083 M1","baseline",0.137124618617993,"61 baseline","1 baseline"
"778","M1","C4620083","1","62","C4620083 M1","baseline",0.136981091803671,"62 baseline","1 baseline"
"779","M1","C4620083","1","63","C4620083 M1","baseline",0.136797115518252,"63 baseline","1 baseline"
"780","M1","C4620083","1","64","C4620083 M1","baseline",0.136049825675625,"64 baseline","1 baseline"
"781","M1","C4620083","1","65","C4620083 M1","baseline",0.136024219096773,"65 baseline","1 baseline"
"782","M1","C4620083","1","66","C4620083 M1","baseline",0.135606855049212,"66 baseline","1 baseline"
"783","M1","C4620083","1","67","C4620083 M1","baseline",0.135195300418964,"67 baseline","1 baseline"
"784","M1","C4620083","1","68","C4620083 M1","baseline",0.135012471717187,"68 baseline","1 baseline"
"785","M1","C4620083","1","69","C4620083 M1","baseline",0.134891826075343,"69 baseline","1 baseline"
"786","M1","C4620083","1","70","C4620083 M1","baseline",0.134151804547277,"70 baseline","1 baseline"
"787","M1","C4620083","1","71","C4620083 M1","baseline",0.133770291884872,"71 baseline","1 baseline"
"788","M1","C4620083","1","72","C4620083 M1","baseline",0.133534660149288,"72 baseline","1 baseline"
"789","M1","C4620083","1","73","C4620083 M1","baseline",0.133469905180892,"73 baseline","1 baseline"
"790","M1","C4620083","1","74","C4620083 M1","baseline",0.132778912837728,"74 baseline","1 baseline"
"791","M1","C4620083","1","75","C4620083 M1","baseline",0.132713962332791,"75 baseline","1 baseline"
"792","M1","C4620083","1","76","C4620083 M1","baseline",0.13264568084352,"76 baseline","1 baseline"
"793","M1","C4620083","1","77","C4620083 M1","baseline",0.132359723711439,"77 baseline","1 baseline"
"794","M1","C4620083","1","78","C4620083 M1","baseline",0.131893952677136,"78 baseline","1 baseline"
"795","M1","C4620083","1","79","C4620083 M1","baseline",0.13172353698728,"79 baseline","1 baseline"
"796","M1","C4620083","1","80","C4620083 M1","baseline",0.130512672160172,"80 baseline","1 baseline"
"797","M1","C4620083","1","81","C4620083 M1","baseline",0.130287690963693,"81 baseline","1 baseline"
"798","M1","C4620083","1","82","C4620083 M1","baseline",0.128332488614545,"82 baseline","1 baseline"
"799","M1","C4620083","1","83","C4620083 M1","baseline",0.127620940389855,"83 baseline","1 baseline"
"800","M1","C4620083","1","84","C4620083 M1","baseline",0.127445416341563,"84 baseline","1 baseline"
"801","M1","C4620083","1","85","C4620083 M1","baseline",0.127130765689172,"85 baseline","1 baseline"
"802","M1","C4620083","1","86","C4620083 M1","baseline",0.126780933940856,"86 baseline","1 baseline"
"803","M1","C4620083","1","87","C4620083 M1","baseline",0.125295122390515,"87 baseline","1 baseline"
"804","M1","C4620083","1","88","C4620083 M1","baseline",0.124309449034475,"88 baseline","1 baseline"
"805","M1","C4620083","1","89","C4620083 M1","baseline",0.124284648338046,"89 baseline","1 baseline"
"806","M1","C4620083","1","90","C4620083 M1","baseline",0.123936670861751,"90 baseline","1 baseline"
"807","M1","C4620083","1","91","C4620083 M1","baseline",0.123399417992753,"91 baseline","1 baseline"
"808","M1","C4620083","1","92","C4620083 M1","baseline",0.123372250817187,"92 baseline","1 baseline"
"809","M1","C4620083","1","93","C4620083 M1","baseline",0.122715832502415,"93 baseline","1 baseline"
"810","M1","C4620083","1","94","C4620083 M1","baseline",0.12213430108782,"94 baseline","1 baseline"
"811","M1","C4620083","1","95","C4620083 M1","baseline",0.121386424367816,"95 baseline","1 baseline"
"812","M1","C4620083","1","96","C4620083 M1","baseline",0.120258728658342,"96 baseline","1 baseline"
"813","M1","C4620083","1","97","C4620083 M1","baseline",0.119586891526327,"97 baseline","1 baseline"
"814","M1","C4620083","1","98","C4620083 M1","baseline",0.119317382193818,"98 baseline","1 baseline"
"815","M1","C4620083","1","99","C4620083 M1","baseline",0.119293895787794,"99 baseline","1 baseline"
"816","M1","C4620083","1","100","C4620083 M1","baseline",0.119075945451488,"100 baseline","1 baseline"
"817","M1","C4620083","1","101","C4620083 M1","baseline",0.118844037197756,"101 baseline","1 baseline"
"818","M1","C4620083","1","102","C4620083 M1","baseline",0.118785657685317,"102 baseline","1 baseline"
"819","M1","C4620083","1","103","C4620083 M1","baseline",0.118739312328219,"103 baseline","1 baseline"
"820","M1","C4620083","1","104","C4620083 M1","baseline",0.118565756028688,"104 baseline","1 baseline"
"821","M1","C4620083","1","105","C4620083 M1","baseline",0.117751461864481,"105 baseline","1 baseline"
"822","M1","C4620083","1","106","C4620083 M1","baseline",0.117331678343167,"106 baseline","1 baseline"
"823","M1","C4620083","1","107","C4620083 M1","baseline",0.116318319354215,"107 baseline","1 baseline"
"824","M1","C4620083","1","108","C4620083 M1","baseline",0.115996446985253,"108 baseline","1 baseline"
"825","M1","C4620083","1","109","C4620083 M1","baseline",0.115700335773711,"109 baseline","1 baseline"
"826","M1","C4620083","1","110","C4620083 M1","baseline",0.115294955436644,"110 baseline","1 baseline"
"827","M1","C4620083","1","111","C4620083 M1","baseline",0.115237080964685,"111 baseline","1 baseline"
"828","M1","C4620083","1","112","C4620083 M1","baseline",0.115089805469396,"112 baseline","1 baseline"
"829","M1","C4620083","1","113","C4620083 M1","baseline",0.114665147753774,"113 baseline","1 baseline"
"830","M1","C4620083","1","114","C4620083 M1","baseline",0.114149109215075,"114 baseline","1 baseline"
"831","M1","C4620083","1","115","C4620083 M1","baseline",0.114013785735851,"115 baseline","1 baseline"
"832","M1","C4620083","1","116","C4620083 M1","baseline",0.113970903659027,"116 baseline","1 baseline"
"833","M1","C4620083","1","117","C4620083 M1","baseline",0.113912670136951,"117 baseline","1 baseline"
"834","M1","C4620083","1","118","C4620083 M1","baseline",0.113584411920963,"118 baseline","1 baseline"
"835","M1","C4620083","1","119","C4620083 M1","baseline",0.113467253101674,"119 baseline","1 baseline"
"836","M1","C4620083","1","120","C4620083 M1","baseline",0.112185156880877,"120 baseline","1 baseline"
"837","M1","C4620083","1","121","C4620083 M1","baseline",0.111744468094887,"121 baseline","1 baseline"
"838","M1","C4620083","1","122","C4620083 M1","baseline",0.111554386779827,"122 baseline","1 baseline"
"839","M1","C4620083","1","123","C4620083 M1","baseline",0.111399189508882,"123 baseline","1 baseline"
"840","M1","C4620083","1","124","C4620083 M1","baseline",0.111085140653933,"124 baseline","1 baseline"
"841","M1","C4620083","1","125","C4620083 M1","baseline",0.110510143647076,"125 baseline","1 baseline"
"842","M1","C4620083","1","126","C4620083 M1","baseline",0.110089510695667,"126 baseline","1 baseline"
"843","M1","C4620083","1","127","C4620083 M1","baseline",0.10974921841488,"127 baseline","1 baseline"
"844","M1","C4620083","1","128","C4620083 M1","baseline",0.10851037517967,"128 baseline","1 baseline"
"845","M1","C4620083","1","129","C4620083 M1","baseline",0.106445120043335,"129 baseline","1 baseline"
"846","M1","C4620083","1","130","C4620083 M1","baseline",0.106039272884721,"130 baseline","1 baseline"
"847","M1","C4620083","1","131","C4620083 M1","baseline",0.105675915001666,"131 baseline","1 baseline"
"848","M1","C4620083","1","132","C4620083 M1","baseline",0.105577751616029,"132 baseline","1 baseline"
"849","M1","C4620083","1","133","C4620083 M1","baseline",0.105291398933133,"133 baseline","1 baseline"
"850","M1","C4620083","1","134","C4620083 M1","baseline",0.105283993535758,"134 baseline","1 baseline"
"851","M1","C4620083","1","135","C4620083 M1","baseline",0.104631482520316,"135 baseline","1 baseline"
"852","M1","C4620083","1","136","C4620083 M1","baseline",0.103245541704705,"136 baseline","1 baseline"
"853","M1","C4620083","1","137","C4620083 M1","baseline",0.102581151482154,"137 baseline","1 baseline"
"854","M1","C4620083","1","138","C4620083 M1","baseline",0.102558718657804,"138 baseline","1 baseline"
"855","M1","C4620083","1","139","C4620083 M1","baseline",0.102408584036519,"139 baseline","1 baseline"
"856","M1","C4620083","1","140","C4620083 M1","baseline",0.101839722190943,"140 baseline","1 baseline"
"857","M1","C4620083","1","141","C4620083 M1","baseline",0.101688193782808,"141 baseline","1 baseline"
"858","M1","C4620083","1","142","C4620083 M1","baseline",0.10073565458258,"142 baseline","1 baseline"
"859","M1","C4620083","1","143","C4620083 M1","baseline",0.100673570355996,"143 baseline","1 baseline"
"860","M1","C4620083","1","144","C4620083 M1","baseline",0.10043683286273,"144 baseline","1 baseline"
"861","M1","C4620083","1","145","C4620083 M1","baseline",0.0996361391750901,"145 baseline","1 baseline"
"862","M1","C4620083","1","146","C4620083 M1","baseline",0.099408013287123,"146 baseline","1 baseline"
"863","M1","C4620083","1","147","C4620083 M1","baseline",0.0991645705176554,"147 baseline","1 baseline"
"864","M1","C4620083","1","148","C4620083 M1","baseline",0.0974658781892999,"148 baseline","1 baseline"
"865","M1","C4620083","1","149","C4620083 M1","baseline",0.0973838992376665,"149 baseline","1 baseline"
"866","M1","C4620083","1","150","C4620083 M1","baseline",0.0972502972298755,"150 baseline","1 baseline"
"867","M1","C4620083","1","151","C4620083 M1","baseline",0.0971522141382188,"151 baseline","1 baseline"
"868","M1","C4620083","1","152","C4620083 M1","baseline",0.0970096541892967,"152 baseline","1 baseline"
"869","M1","C4620083","1","153","C4620083 M1","baseline",0.0961288608069111,"153 baseline","1 baseline"
"870","M1","C4620083","1","154","C4620083 M1","baseline",0.0958456258633619,"154 baseline","1 baseline"
"871","M1","C4620083","1","155","C4620083 M1","baseline",0.0957460284595906,"155 baseline","1 baseline"
"872","M1","C4620083","1","156","C4620083 M1","baseline",0.095659997282699,"156 baseline","1 baseline"
"873","M1","C4620083","1","157","C4620083 M1","baseline",0.0956420755855729,"157 baseline","1 baseline"
"874","M1","C4620083","1","158","C4620083 M1","baseline",0.0956257616019814,"158 baseline","1 baseline"
"875","M1","C4620083","1","159","C4620083 M1","baseline",0.0944892843595809,"159 baseline","1 baseline"
"876","M1","C4620083","1","160","C4620083 M1","baseline",0.0942497295517684,"160 baseline","1 baseline"
"877","M1","C4620083","1","161","C4620083 M1","baseline",0.0939584838793168,"161 baseline","1 baseline"
"878","M1","C4620083","1","162","C4620083 M1","baseline",0.0939255455497479,"162 baseline","1 baseline"
"879","M1","C4620083","1","163","C4620083 M1","baseline",0.0938726695933382,"163 baseline","1 baseline"
"880","M1","C4620083","1","164","C4620083 M1","baseline",0.0934998148205119,"164 baseline","1 baseline"
"881","M1","C4620083","1","165","C4620083 M1","baseline",0.0930479206567244,"165 baseline","1 baseline"
"882","M1","C4620083","1","166","C4620083 M1","baseline",0.0928237569910046,"166 baseline","1 baseline"
"883","M1","C4620083","1","167","C4620083 M1","baseline",0.0927811056569361,"167 baseline","1 baseline"
"884","M1","C4620083","1","168","C4620083 M1","baseline",0.0919139353813037,"168 baseline","1 baseline"
"885","M1","C4620083","1","169","C4620083 M1","baseline",0.0911582771533094,"169 baseline","1 baseline"
"886","M1","C4620083","1","170","C4620083 M1","baseline",0.0911234890041027,"170 baseline","1 baseline"
"887","M1","C4620083","1","171","C4620083 M1","baseline",0.0900354406641488,"171 baseline","1 baseline"
"888","M1","C4620083","1","172","C4620083 M1","baseline",0.0891684289078029,"172 baseline","1 baseline"
"889","M1","C4620083","1","173","C4620083 M1","baseline",0.0888667438908123,"173 baseline","1 baseline"
"890","M1","C4620083","1","174","C4620083 M1","baseline",0.0885291169810642,"174 baseline","1 baseline"
"891","M1","C4620083","1","175","C4620083 M1","baseline",0.0879437797213179,"175 baseline","1 baseline"
"892","M1","C4620083","1","176","C4620083 M1","baseline",0.0877012783325066,"176 baseline","1 baseline"
"893","M1","C4620083","1","177","C4620083 M1","baseline",0.0874432265104396,"177 baseline","1 baseline"
"894","M1","C4620083","1","178","C4620083 M1","baseline",0.086876685185097,"178 baseline","1 baseline"
"895","M1","C4620083","1","179","C4620083 M1","baseline",0.0866971162928911,"179 baseline","1 baseline"
"896","M1","C4620083","1","180","C4620083 M1","baseline",0.086079587512323,"180 baseline","1 baseline"
"897","M1","C4620083","1","181","C4620083 M1","baseline",0.0852783367823757,"181 baseline","1 baseline"
"898","M1","C4620083","1","182","C4620083 M1","baseline",0.0843560108061842,"182 baseline","1 baseline"
"899","M1","C4620083","1","183","C4620083 M1","baseline",0.0834198332995423,"183 baseline","1 baseline"
"900","M1","C4620083","1","184","C4620083 M1","baseline",0.0829901881895519,"184 baseline","1 baseline"
"901","M1","C4620083","1","185","C4620083 M1","baseline",0.0820883080850916,"185 baseline","1 baseline"
"902","M1","C4620083","1","186","C4620083 M1","baseline",0.0818434090119015,"186 baseline","1 baseline"
"903","M1","C4620083","1","187","C4620083 M1","baseline",0.0816702737866075,"187 baseline","1 baseline"
"904","M1","C4620083","1","188","C4620083 M1","baseline",0.0811161182954093,"188 baseline","1 baseline"
"905","M1","C4620083","1","189","C4620083 M1","baseline",0.0806719486174428,"189 baseline","1 baseline"
"906","M1","C4620083","1","190","C4620083 M1","baseline",0.080142293710638,"190 baseline","1 baseline"
"907","M1","C4620083","1","191","C4620083 M1","baseline",0.0801379134243383,"191 baseline","1 baseline"
"908","M1","C4620083","1","192","C4620083 M1","baseline",0.0798688068441781,"192 baseline","1 baseline"
"909","M1","C4620083","1","193","C4620083 M1","baseline",0.079772897301607,"193 baseline","1 baseline"
"910","M1","C4620083","1","194","C4620083 M1","baseline",0.0792912678889997,"194 baseline","1 baseline"
"911","M1","C4620083","1","195","C4620083 M1","baseline",0.0786234949010166,"195 baseline","1 baseline"
"912","M1","C4620083","1","196","C4620083 M1","baseline",0.07855428899932,"196 baseline","1 baseline"
"913","M1","C4620083","1","197","C4620083 M1","baseline",0.0777995175952807,"197 baseline","1 baseline"
"914","M1","C4620083","1","198","C4620083 M1","baseline",0.0775510695001337,"198 baseline","1 baseline"
"915","M1","C4620083","1","199","C4620083 M1","baseline",0.0772054199389569,"199 baseline","1 baseline"
"916","M1","C4620083","1","200","C4620083 M1","baseline",0.076623707461508,"200 baseline","1 baseline"
"917","M1","C4620083","1","201","C4620083 M1","baseline",0.075620973679699,"201 baseline","1 baseline"
"918","M1","C4620083","1","202","C4620083 M1","baseline",0.0754019003696074,"202 baseline","1 baseline"
"919","M1","C4620083","1","203","C4620083 M1","baseline",0.0750758054662964,"203 baseline","1 baseline"
"920","M1","C4620083","1","204","C4620083 M1","baseline",0.0746989988024782,"204 baseline","1 baseline"
"921","M1","C4620083","1","205","C4620083 M1","baseline",0.0746213906789861,"205 baseline","1 baseline"
"922","M1","C4620083","1","206","C4620083 M1","baseline",0.0735532091756549,"206 baseline","1 baseline"
"923","M1","C4620083","1","207","C4620083 M1","baseline",0.073549661344802,"207 baseline","1 baseline"
"924","M1","C4620083","1","208","C4620083 M1","baseline",0.0711515489295662,"208 baseline","1 baseline"
"925","M1","C4620083","1","209","C4620083 M1","baseline",0.0702485065841185,"209 baseline","1 baseline"
"926","M1","C4620083","1","210","C4620083 M1","baseline",0.0690918714163942,"210 baseline","1 baseline"
"927","M1","C4620083","1","211","C4620083 M1","baseline",0.0685355652734704,"211 baseline","1 baseline"
"928","M1","C4620083","1","212","C4620083 M1","baseline",0.0685045357266811,"212 baseline","1 baseline"
"929","M1","C4620083","1","213","C4620083 M1","baseline",0.0679256061409417,"213 baseline","1 baseline"
"930","M1","C4620083","1","214","C4620083 M1","baseline",0.0677341431723271,"214 baseline","1 baseline"
"931","M1","C4620083","1","215","C4620083 M1","baseline",0.0676226903944078,"215 baseline","1 baseline"
"932","M1","C4620083","1","216","C4620083 M1","baseline",0.0671563435890957,"216 baseline","1 baseline"
"933","M1","C4620083","1","217","C4620083 M1","baseline",0.0662153566204636,"217 baseline","1 baseline"
"934","M1","C4620083","1","218","C4620083 M1","baseline",0.0650645541938277,"218 baseline","1 baseline"
"935","M1","C4620083","1","219","C4620083 M1","baseline",0.0650394985323379,"219 baseline","1 baseline"
"936","M1","C4620083","1","220","C4620083 M1","baseline",0.0638721071660289,"220 baseline","1 baseline"
"937","M1","C4620083","1","221","C4620083 M1","baseline",0.063658990295993,"221 baseline","1 baseline"
"938","M1","C4620083","1","222","C4620083 M1","baseline",0.0626165773740582,"222 baseline","1 baseline"
"939","M1","C4620083","1","223","C4620083 M1","baseline",0.062073373896039,"223 baseline","1 baseline"
"940","M1","C4620083","1","224","C4620083 M1","baseline",0.06181471361848,"224 baseline","1 baseline"
"941","M1","C4620083","1","225","C4620083 M1","baseline",0.0615478077691187,"225 baseline","1 baseline"
"942","M1","C4620083","1","226","C4620083 M1","baseline",0.0613724115371796,"226 baseline","1 baseline"
"943","M1","C4620083","1","227","C4620083 M1","baseline",0.0612645179883517,"227 baseline","1 baseline"
"944","M1","C4620083","1","228","C4620083 M1","baseline",0.0604082456553892,"228 baseline","1 baseline"
"945","M1","C4620083","1","229","C4620083 M1","baseline",0.0596002181200329,"229 baseline","1 baseline"
"946","M1","C4620083","1","230","C4620083 M1","baseline",0.0593005529698823,"230 baseline","1 baseline"
"947","M1","C4620083","1","231","C4620083 M1","baseline",0.0591174768068376,"231 baseline","1 baseline"
"948","M1","C4620083","1","232","C4620083 M1","baseline",0.0588530789342043,"232 baseline","1 baseline"
"949","M1","C4620083","1","233","C4620083 M1","baseline",0.0587676017686101,"233 baseline","1 baseline"
"950","M1","C4620083","1","234","C4620083 M1","baseline",0.0585862284601049,"234 baseline","1 baseline"
"951","M1","C4620083","1","235","C4620083 M1","baseline",0.0570439283624179,"235 baseline","1 baseline"
"952","M1","C4620083","1","236","C4620083 M1","baseline",0.0545289987025039,"236 baseline","1 baseline"
"953","M1","C4620083","1","237","C4620083 M1","baseline",0.0543927528794194,"237 baseline","1 baseline"
"954","M1","C4620083","1","238","C4620083 M1","baseline",0.0542101146938223,"238 baseline","1 baseline"
"955","M1","C4620083","1","239","C4620083 M1","baseline",0.0538911200805057,"239 baseline","1 baseline"
"956","M1","C4620083","1","240","C4620083 M1","baseline",0.0536914786907106,"240 baseline","1 baseline"
"957","M1","C4620083","1","241","C4620083 M1","baseline",0.0532028520457539,"241 baseline","1 baseline"
"958","M1","C4620083","1","242","C4620083 M1","baseline",0.0525149688969287,"242 baseline","1 baseline"
"959","M1","C4620083","1","243","C4620083 M1","baseline",0.0478901675319193,"243 baseline","1 baseline"
"960","M1","C4620083","1","244","C4620083 M1","baseline",0.0478854921254704,"244 baseline","1 baseline"
"961","M1","C4620083","1","245","C4620083 M1","baseline",0.047308974410555,"245 baseline","1 baseline"
"962","M1","C4620083","1","246","C4620083 M1","baseline",0.0468279123598237,"246 baseline","1 baseline"
"963","M1","C4620083","1","247","C4620083 M1","baseline",0.0458735028921742,"247 baseline","1 baseline"
"964","M1","C4620083","1","248","C4620083 M1","baseline",0.0443327035322684,"248 baseline","1 baseline"
"965","M1","C4620083","1","249","C4620083 M1","baseline",0.043367607035711,"249 baseline","1 baseline"
"966","M1","C4620083","1","250","C4620083 M1","baseline",0.0428621465253102,"250 baseline","1 baseline"
"967","M1","C4620083","1","251","C4620083 M1","baseline",0.0414877710212464,"251 baseline","1 baseline"
"968","M1","C4620083","1","252","C4620083 M1","baseline",0.0398953177826508,"252 baseline","1 baseline"
"969","M1","C4620083","1","253","C4620083 M1","baseline",0.0390412922491039,"253 baseline","1 baseline"
"970","M1","C4620083","1","254","C4620083 M1","baseline",0.0371841840530374,"254 baseline","1 baseline"
"971","M1","C4620083","1","255","C4620083 M1","baseline",0.035417806982758,"255 baseline","1 baseline"
"972","M1","C4620083","1","256","C4620083 M1","baseline",0.0345328965651933,"256 baseline","1 baseline"
"973","M1","C4620083","1","257","C4620083 M1","baseline",0.0336038152246778,"257 baseline","1 baseline"
"974","M1","C4620083","1","258","C4620083 M1","baseline",0.0327895968872977,"258 baseline","1 baseline"
"975","M1","C4620083","1","259","C4620083 M1","baseline",0.0326745618269045,"259 baseline","1 baseline"
"976","M1","C4620083","1","260","C4620083 M1","baseline",0.032510255419341,"260 baseline","1 baseline"
"977","M1","C4620083","1","261","C4620083 M1","baseline",0.0318794108949167,"261 baseline","1 baseline"
"978","M1","C4620083","1","262","C4620083 M1","baseline",0.0317780787582753,"262 baseline","1 baseline"
"979","M1","C4620083","1","263","C4620083 M1","baseline",0.031365093800483,"263 baseline","1 baseline"
"980","M1","C4620083","1","264","C4620083 M1","baseline",0.0291010097095604,"264 baseline","1 baseline"
"981","M1","C4620083","1","265","C4620083 M1","baseline",0.0288683454150294,"265 baseline","1 baseline"
"982","M1","C4620083","1","266","C4620083 M1","baseline",0.0282186279496368,"266 baseline","1 baseline"
"983","M1","C4620083","1","267","C4620083 M1","baseline",0.0278475161638826,"267 baseline","1 baseline"
"984","M1","C4620083","1","268","C4620083 M1","baseline",0.0269027322595422,"268 baseline","1 baseline"
"985","M1","C4620083","1","269","C4620083 M1","baseline",0.0194587407468612,"269 baseline","1 baseline"
"986","M1","C4620083","1","270","C4620083 M1","baseline",0.018547260609223,"270 baseline","1 baseline"
"987","M1","C4620083","1","271","C4620083 M1","baseline",0.0176536018987377,"271 baseline","1 baseline"
"988","M1","C4620083","1","272","C4620083 M1","baseline",0.0119923883637358,"272 baseline","1 baseline"
"989","M1","C4620083","1","273","C4620083 M1","baseline",0.0117651498471611,"273 baseline","1 baseline"
"990","M1","C4620083","1","274","C4620083 M1","baseline",0.0101978093685283,"274 baseline","1 baseline"
"991","M1","C4620083","1","275","C4620083 M1","baseline",0.00355391598640468,"275 baseline","1 baseline"
"992","M1","C4620083","1","276","C4620083 M1","baseline",0.00263411556939691,"276 baseline","1 baseline"
"993","M1","C4620083","1","277","C4620083 M1","baseline",0.00258782794551687,"277 baseline","1 baseline"
"994","M1","C4620083","1","278","C4620083 M1","baseline",-0.000202186732542904,"278 baseline","1 baseline"
"995","M1","C4620083","1","279","C4620083 M1","baseline",-0.00108582205934188,"279 baseline","1 baseline"
"996","M1","C4620083","1","280","C4620083 M1","baseline",-0.00325007056772283,"280 baseline","1 baseline"
"997","M1","C4620083","1","281","C4620083 M1","baseline",-0.00665232797589584,"281 baseline","1 baseline"
"998","M1","C4620083","1","282","C4620083 M1","baseline",-0.00749893648563583,"282 baseline","1 baseline"
"999","M1","C4620083","1","283","C4620083 M1","baseline",-0.0075300181967515,"283 baseline","1 baseline"
"1000","M1","C4620083","1","284","C4620083 M1","baseline",-0.00960565619026401,"284 baseline","1 baseline"
"1001","M1","C4620083","1","285","C4620083 M1","baseline",-0.0147288035002479,"285 baseline","1 baseline"
"1002","M1","C4620083","1","286","C4620083 M1","baseline",-0.0183550314883341,"286 baseline","1 baseline"
"1003","M1","C4620083","1","287","C4620083 M1","baseline",-0.0201710169814851,"287 baseline","1 baseline"
"1004","M1","C4620083","1","288","C4620083 M1","baseline",-0.028376353583102,"288 baseline","1 baseline"
"1005","M1","C4620083","1","289","C4620083 M1","baseline",-0.0342514198322667,"289 baseline","1 baseline"
"1006","M1","C4620083","1","290","C4620083 M1","baseline",-0.0514950689789302,"290 baseline","1 baseline"
"1007","M2","C4620083","1","0","C4620083 M2","baseline",0.276695290359231,"0 baseline","1 baseline"
"1008","M2","C4620083","1","1","C4620083 M2","baseline",0.276448066080917,"1 baseline","1 baseline"
"1009","M2","C4620083","1","2","C4620083 M2","baseline",0.243585318034144,"2 baseline","1 baseline"
"1010","M2","C4620083","1","3","C4620083 M2","baseline",0.235230198432288,"3 baseline","1 baseline"
"1011","M2","C4620083","1","4","C4620083 M2","baseline",0.235175872287319,"4 baseline","1 baseline"
"1012","M2","C4620083","1","5","C4620083 M2","baseline",0.23064445254908,"5 baseline","1 baseline"
"1013","M2","C4620083","1","6","C4620083 M2","baseline",0.229024156204589,"6 baseline","1 baseline"
"1014","M2","C4620083","1","7","C4620083 M2","baseline",0.228297491650728,"7 baseline","1 baseline"
"1015","M2","C4620083","1","8","C4620083 M2","baseline",0.225233952219955,"8 baseline","1 baseline"
"1016","M2","C4620083","1","9","C4620083 M2","baseline",0.219513167532231,"9 baseline","1 baseline"
"1017","M2","C4620083","1","10","C4620083 M2","baseline",0.219076653416664,"10 baseline","1 baseline"
"1018","M2","C4620083","1","11","C4620083 M2","baseline",0.217113464443617,"11 baseline","1 baseline"
"1019","M2","C4620083","1","12","C4620083 M2","baseline",0.216425081119692,"12 baseline","1 baseline"
"1020","M2","C4620083","1","13","C4620083 M2","baseline",0.211330013845371,"13 baseline","1 baseline"
"1021","M2","C4620083","1","14","C4620083 M2","baseline",0.207567375511818,"14 baseline","1 baseline"
"1022","M2","C4620083","1","15","C4620083 M2","baseline",0.207060424204809,"15 baseline","1 baseline"
"1023","M2","C4620083","1","16","C4620083 M2","baseline",0.204663907158073,"16 baseline","1 baseline"
"1024","M2","C4620083","1","17","C4620083 M2","baseline",0.203477800708421,"17 baseline","1 baseline"
"1025","M2","C4620083","1","18","C4620083 M2","baseline",0.201191260038657,"18 baseline","1 baseline"
"1026","M2","C4620083","1","19","C4620083 M2","baseline",0.196971918499092,"19 baseline","1 baseline"
"1027","M2","C4620083","1","20","C4620083 M2","baseline",0.19688506099065,"20 baseline","1 baseline"
"1028","M2","C4620083","1","21","C4620083 M2","baseline",0.196564935054941,"21 baseline","1 baseline"
"1029","M2","C4620083","1","22","C4620083 M2","baseline",0.195105222314857,"22 baseline","1 baseline"
"1030","M2","C4620083","1","23","C4620083 M2","baseline",0.194895254459559,"23 baseline","1 baseline"
"1031","M2","C4620083","1","24","C4620083 M2","baseline",0.193143233039369,"24 baseline","1 baseline"
"1032","M2","C4620083","1","25","C4620083 M2","baseline",0.191900003367341,"25 baseline","1 baseline"
"1033","M2","C4620083","1","26","C4620083 M2","baseline",0.190911104269361,"26 baseline","1 baseline"
"1034","M2","C4620083","1","27","C4620083 M2","baseline",0.189454881874179,"27 baseline","1 baseline"
"1035","M2","C4620083","1","28","C4620083 M2","baseline",0.188262105662389,"28 baseline","1 baseline"
"1036","M2","C4620083","1","29","C4620083 M2","baseline",0.187673485758837,"29 baseline","1 baseline"
"1037","M2","C4620083","1","30","C4620083 M2","baseline",0.186829691747487,"30 baseline","1 baseline"
"1038","M2","C4620083","1","31","C4620083 M2","baseline",0.185260063629715,"31 baseline","1 baseline"
"1039","M2","C4620083","1","32","C4620083 M2","baseline",0.184699527978516,"32 baseline","1 baseline"
"1040","M2","C4620083","1","33","C4620083 M2","baseline",0.183524999488848,"33 baseline","1 baseline"
"1041","M2","C4620083","1","34","C4620083 M2","baseline",0.181479381173477,"34 baseline","1 baseline"
"1042","M2","C4620083","1","35","C4620083 M2","baseline",0.181069937519419,"35 baseline","1 baseline"
"1043","M2","C4620083","1","36","C4620083 M2","baseline",0.180461205308276,"36 baseline","1 baseline"
"1044","M2","C4620083","1","37","C4620083 M2","baseline",0.180258739259159,"37 baseline","1 baseline"
"1045","M2","C4620083","1","38","C4620083 M2","baseline",0.178610684416142,"38 baseline","1 baseline"
"1046","M2","C4620083","1","39","C4620083 M2","baseline",0.176855045754472,"39 baseline","1 baseline"
"1047","M2","C4620083","1","40","C4620083 M2","baseline",0.175477528201954,"40 baseline","1 baseline"
"1048","M2","C4620083","1","41","C4620083 M2","baseline",0.175192423377825,"41 baseline","1 baseline"
"1049","M2","C4620083","1","42","C4620083 M2","baseline",0.174673639989212,"42 baseline","1 baseline"
"1050","M2","C4620083","1","43","C4620083 M2","baseline",0.174071538030208,"43 baseline","1 baseline"
"1051","M2","C4620083","1","44","C4620083 M2","baseline",0.174063409013062,"44 baseline","1 baseline"
"1052","M2","C4620083","1","45","C4620083 M2","baseline",0.173582141869253,"45 baseline","1 baseline"
"1053","M2","C4620083","1","46","C4620083 M2","baseline",0.172187481310002,"46 baseline","1 baseline"
"1054","M2","C4620083","1","47","C4620083 M2","baseline",0.170068298844919,"47 baseline","1 baseline"
"1055","M2","C4620083","1","48","C4620083 M2","baseline",0.169978888279316,"48 baseline","1 baseline"
"1056","M2","C4620083","1","49","C4620083 M2","baseline",0.16940184074582,"49 baseline","1 baseline"
"1057","M2","C4620083","1","50","C4620083 M2","baseline",0.168296831919523,"50 baseline","1 baseline"
"1058","M2","C4620083","1","51","C4620083 M2","baseline",0.167518617819338,"51 baseline","1 baseline"
"1059","M2","C4620083","1","52","C4620083 M2","baseline",0.166750298342009,"52 baseline","1 baseline"
"1060","M2","C4620083","1","53","C4620083 M2","baseline",0.165863288545444,"53 baseline","1 baseline"
"1061","M2","C4620083","1","54","C4620083 M2","baseline",0.164424501017624,"54 baseline","1 baseline"
"1062","M2","C4620083","1","55","C4620083 M2","baseline",0.163915732376911,"55 baseline","1 baseline"
"1063","M2","C4620083","1","56","C4620083 M2","baseline",0.163625140594873,"56 baseline","1 baseline"
"1064","M2","C4620083","1","57","C4620083 M2","baseline",0.161570274463083,"57 baseline","1 baseline"
"1065","M2","C4620083","1","58","C4620083 M2","baseline",0.160123031355847,"58 baseline","1 baseline"
"1066","M2","C4620083","1","59","C4620083 M2","baseline",0.158926619677043,"59 baseline","1 baseline"
"1067","M2","C4620083","1","60","C4620083 M2","baseline",0.156494530196336,"60 baseline","1 baseline"
"1068","M2","C4620083","1","61","C4620083 M2","baseline",0.155769078928186,"61 baseline","1 baseline"
"1069","M2","C4620083","1","62","C4620083 M2","baseline",0.154809882031044,"62 baseline","1 baseline"
"1070","M2","C4620083","1","63","C4620083 M2","baseline",0.152969798154434,"63 baseline","1 baseline"
"1071","M2","C4620083","1","64","C4620083 M2","baseline",0.152707856222041,"64 baseline","1 baseline"
"1072","M2","C4620083","1","65","C4620083 M2","baseline",0.149514729523772,"65 baseline","1 baseline"
"1073","M2","C4620083","1","66","C4620083 M2","baseline",0.149011486060895,"66 baseline","1 baseline"
"1074","M2","C4620083","1","67","C4620083 M2","baseline",0.147504883845848,"67 baseline","1 baseline"
"1075","M2","C4620083","1","68","C4620083 M2","baseline",0.146252481467657,"68 baseline","1 baseline"
"1076","M2","C4620083","1","69","C4620083 M2","baseline",0.145183891424449,"69 baseline","1 baseline"
"1077","M2","C4620083","1","70","C4620083 M2","baseline",0.141756188997686,"70 baseline","1 baseline"
"1078","M2","C4620083","1","71","C4620083 M2","baseline",0.141420288874123,"71 baseline","1 baseline"
"1079","M2","C4620083","1","72","C4620083 M2","baseline",0.141367331759606,"72 baseline","1 baseline"
"1080","M2","C4620083","1","73","C4620083 M2","baseline",0.140112168429235,"73 baseline","1 baseline"
"1081","M2","C4620083","1","74","C4620083 M2","baseline",0.139831272136555,"74 baseline","1 baseline"
"1082","M2","C4620083","1","75","C4620083 M2","baseline",0.138887966183737,"75 baseline","1 baseline"
"1083","M2","C4620083","1","76","C4620083 M2","baseline",0.137876122357453,"76 baseline","1 baseline"
"1084","M2","C4620083","1","77","C4620083 M2","baseline",0.137003297355942,"77 baseline","1 baseline"
"1085","M2","C4620083","1","78","C4620083 M2","baseline",0.136807807041389,"78 baseline","1 baseline"
"1086","M2","C4620083","1","79","C4620083 M2","baseline",0.136528974370858,"79 baseline","1 baseline"
"1087","M2","C4620083","1","80","C4620083 M2","baseline",0.134194465848722,"80 baseline","1 baseline"
"1088","M2","C4620083","1","81","C4620083 M2","baseline",0.133037716981738,"81 baseline","1 baseline"
"1089","M2","C4620083","1","82","C4620083 M2","baseline",0.13297461953588,"82 baseline","1 baseline"
"1090","M2","C4620083","1","83","C4620083 M2","baseline",0.132845949353761,"83 baseline","1 baseline"
"1091","M2","C4620083","1","84","C4620083 M2","baseline",0.132423133139293,"84 baseline","1 baseline"
"1092","M2","C4620083","1","85","C4620083 M2","baseline",0.132070334170714,"85 baseline","1 baseline"
"1093","M2","C4620083","1","86","C4620083 M2","baseline",0.131865950186039,"86 baseline","1 baseline"
"1094","M2","C4620083","1","87","C4620083 M2","baseline",0.131807494313429,"87 baseline","1 baseline"
"1095","M2","C4620083","1","88","C4620083 M2","baseline",0.131653815286689,"88 baseline","1 baseline"
"1096","M2","C4620083","1","89","C4620083 M2","baseline",0.129986833639806,"89 baseline","1 baseline"
"1097","M2","C4620083","1","90","C4620083 M2","baseline",0.129716311502903,"90 baseline","1 baseline"
"1098","M2","C4620083","1","91","C4620083 M2","baseline",0.129375512597209,"91 baseline","1 baseline"
"1099","M2","C4620083","1","92","C4620083 M2","baseline",0.128860762774616,"92 baseline","1 baseline"
"1100","M2","C4620083","1","93","C4620083 M2","baseline",0.128686074711143,"93 baseline","1 baseline"
"1101","M2","C4620083","1","94","C4620083 M2","baseline",0.127948977798925,"94 baseline","1 baseline"
"1102","M2","C4620083","1","95","C4620083 M2","baseline",0.127133338300177,"95 baseline","1 baseline"
"1103","M2","C4620083","1","96","C4620083 M2","baseline",0.126485687448501,"96 baseline","1 baseline"
"1104","M2","C4620083","1","97","C4620083 M2","baseline",0.124568239997864,"97 baseline","1 baseline"
"1105","M2","C4620083","1","98","C4620083 M2","baseline",0.124471252204393,"98 baseline","1 baseline"
"1106","M2","C4620083","1","99","C4620083 M2","baseline",0.12326748815183,"99 baseline","1 baseline"
"1107","M2","C4620083","1","100","C4620083 M2","baseline",0.122403226913127,"100 baseline","1 baseline"
"1108","M2","C4620083","1","101","C4620083 M2","baseline",0.121734214819412,"101 baseline","1 baseline"
"1109","M2","C4620083","1","102","C4620083 M2","baseline",0.121184976481048,"102 baseline","1 baseline"
"1110","M2","C4620083","1","103","C4620083 M2","baseline",0.119261982302082,"103 baseline","1 baseline"
"1111","M2","C4620083","1","104","C4620083 M2","baseline",0.117380109350679,"104 baseline","1 baseline"
"1112","M2","C4620083","1","105","C4620083 M2","baseline",0.115725079243038,"105 baseline","1 baseline"
"1113","M2","C4620083","1","106","C4620083 M2","baseline",0.11563899750691,"106 baseline","1 baseline"
"1114","M2","C4620083","1","107","C4620083 M2","baseline",0.115539751408757,"107 baseline","1 baseline"
"1115","M2","C4620083","1","108","C4620083 M2","baseline",0.114930261134824,"108 baseline","1 baseline"
"1116","M2","C4620083","1","109","C4620083 M2","baseline",0.113484114831501,"109 baseline","1 baseline"
"1117","M2","C4620083","1","110","C4620083 M2","baseline",0.113380973270813,"110 baseline","1 baseline"
"1118","M2","C4620083","1","111","C4620083 M2","baseline",0.113057203842525,"111 baseline","1 baseline"
"1119","M2","C4620083","1","112","C4620083 M2","baseline",0.11295279849842,"112 baseline","1 baseline"
"1120","M2","C4620083","1","113","C4620083 M2","baseline",0.112859541196093,"113 baseline","1 baseline"
"1121","M2","C4620083","1","114","C4620083 M2","baseline",0.111877718487234,"114 baseline","1 baseline"
"1122","M2","C4620083","1","115","C4620083 M2","baseline",0.111833438362841,"115 baseline","1 baseline"
"1123","M2","C4620083","1","116","C4620083 M2","baseline",0.108237390217725,"116 baseline","1 baseline"
"1124","M2","C4620083","1","117","C4620083 M2","baseline",0.108165074500076,"117 baseline","1 baseline"
"1125","M2","C4620083","1","118","C4620083 M2","baseline",0.107814675726095,"118 baseline","1 baseline"
"1126","M2","C4620083","1","119","C4620083 M2","baseline",0.10734065927438,"119 baseline","1 baseline"
"1127","M2","C4620083","1","120","C4620083 M2","baseline",0.106600473859646,"120 baseline","1 baseline"
"1128","M2","C4620083","1","121","C4620083 M2","baseline",0.106164071389406,"121 baseline","1 baseline"
"1129","M2","C4620083","1","122","C4620083 M2","baseline",0.105658830557646,"122 baseline","1 baseline"
"1130","M2","C4620083","1","123","C4620083 M2","baseline",0.105630579326032,"123 baseline","1 baseline"
"1131","M2","C4620083","1","124","C4620083 M2","baseline",0.105445964274367,"124 baseline","1 baseline"
"1132","M2","C4620083","1","125","C4620083 M2","baseline",0.105358107401782,"125 baseline","1 baseline"
"1133","M2","C4620083","1","126","C4620083 M2","baseline",0.105006692647359,"126 baseline","1 baseline"
"1134","M2","C4620083","1","127","C4620083 M2","baseline",0.103872585297083,"127 baseline","1 baseline"
"1135","M2","C4620083","1","128","C4620083 M2","baseline",0.103133122824105,"128 baseline","1 baseline"
"1136","M2","C4620083","1","129","C4620083 M2","baseline",0.100087748030006,"129 baseline","1 baseline"
"1137","M2","C4620083","1","130","C4620083 M2","baseline",0.0998313587146077,"130 baseline","1 baseline"
"1138","M2","C4620083","1","131","C4620083 M2","baseline",0.099639146672847,"131 baseline","1 baseline"
"1139","M2","C4620083","1","132","C4620083 M2","baseline",0.0982483402706457,"132 baseline","1 baseline"
"1140","M2","C4620083","1","133","C4620083 M2","baseline",0.097829000363015,"133 baseline","1 baseline"
"1141","M2","C4620083","1","134","C4620083 M2","baseline",0.0970964266418806,"134 baseline","1 baseline"
"1142","M2","C4620083","1","135","C4620083 M2","baseline",0.0970485677462741,"135 baseline","1 baseline"
"1143","M2","C4620083","1","136","C4620083 M2","baseline",0.0963851298719161,"136 baseline","1 baseline"
"1144","M2","C4620083","1","137","C4620083 M2","baseline",0.0955031803298562,"137 baseline","1 baseline"
"1145","M2","C4620083","1","138","C4620083 M2","baseline",0.0950503097653781,"138 baseline","1 baseline"
"1146","M2","C4620083","1","139","C4620083 M2","baseline",0.0945569919319031,"139 baseline","1 baseline"
"1147","M2","C4620083","1","140","C4620083 M2","baseline",0.0938847366407482,"140 baseline","1 baseline"
"1148","M2","C4620083","1","141","C4620083 M2","baseline",0.0918345177485405,"141 baseline","1 baseline"
"1149","M2","C4620083","1","142","C4620083 M2","baseline",0.091467592447673,"142 baseline","1 baseline"
"1150","M2","C4620083","1","143","C4620083 M2","baseline",0.0897231313138651,"143 baseline","1 baseline"
"1151","M2","C4620083","1","144","C4620083 M2","baseline",0.0896867143401118,"144 baseline","1 baseline"
"1152","M2","C4620083","1","145","C4620083 M2","baseline",0.0895825943569621,"145 baseline","1 baseline"
"1153","M2","C4620083","1","146","C4620083 M2","baseline",0.0890296768725278,"146 baseline","1 baseline"
"1154","M2","C4620083","1","147","C4620083 M2","baseline",0.0890020911816634,"147 baseline","1 baseline"
"1155","M2","C4620083","1","148","C4620083 M2","baseline",0.088421266157155,"148 baseline","1 baseline"
"1156","M2","C4620083","1","149","C4620083 M2","baseline",0.0868794157837613,"149 baseline","1 baseline"
"1157","M2","C4620083","1","150","C4620083 M2","baseline",0.0858466675701703,"150 baseline","1 baseline"
"1158","M2","C4620083","1","151","C4620083 M2","baseline",0.0844453746560779,"151 baseline","1 baseline"
"1159","M2","C4620083","1","152","C4620083 M2","baseline",0.0828626896133174,"152 baseline","1 baseline"
"1160","M2","C4620083","1","153","C4620083 M2","baseline",0.0819440458547441,"153 baseline","1 baseline"
"1161","M2","C4620083","1","154","C4620083 M2","baseline",0.0817910246377815,"154 baseline","1 baseline"
"1162","M2","C4620083","1","155","C4620083 M2","baseline",0.0796736755879309,"155 baseline","1 baseline"
"1163","M2","C4620083","1","156","C4620083 M2","baseline",0.0792174547932282,"156 baseline","1 baseline"
"1164","M2","C4620083","1","157","C4620083 M2","baseline",0.0787084767927377,"157 baseline","1 baseline"
"1165","M2","C4620083","1","158","C4620083 M2","baseline",0.0781944157049521,"158 baseline","1 baseline"
"1166","M2","C4620083","1","159","C4620083 M2","baseline",0.0781457342415072,"159 baseline","1 baseline"
"1167","M2","C4620083","1","160","C4620083 M2","baseline",0.0765925812798872,"160 baseline","1 baseline"
"1168","M2","C4620083","1","161","C4620083 M2","baseline",0.0760170901779198,"161 baseline","1 baseline"
"1169","M2","C4620083","1","162","C4620083 M2","baseline",0.075492294767586,"162 baseline","1 baseline"
"1170","M2","C4620083","1","163","C4620083 M2","baseline",0.0753005569599313,"163 baseline","1 baseline"
"1171","M2","C4620083","1","164","C4620083 M2","baseline",0.0744220292055392,"164 baseline","1 baseline"
"1172","M2","C4620083","1","165","C4620083 M2","baseline",0.0740514366324297,"165 baseline","1 baseline"
"1173","M2","C4620083","1","166","C4620083 M2","baseline",0.0733394069662915,"166 baseline","1 baseline"
"1174","M2","C4620083","1","167","C4620083 M2","baseline",0.0696789825085314,"167 baseline","1 baseline"
"1175","M2","C4620083","1","168","C4620083 M2","baseline",0.068845073044706,"168 baseline","1 baseline"
"1176","M2","C4620083","1","169","C4620083 M2","baseline",0.0684653497312622,"169 baseline","1 baseline"
"1177","M2","C4620083","1","170","C4620083 M2","baseline",0.0684071008559304,"170 baseline","1 baseline"
"1178","M2","C4620083","1","171","C4620083 M2","baseline",0.0669293093793457,"171 baseline","1 baseline"
"1179","M2","C4620083","1","172","C4620083 M2","baseline",0.0659344848716555,"172 baseline","1 baseline"
"1180","M2","C4620083","1","173","C4620083 M2","baseline",0.0645426683877379,"173 baseline","1 baseline"
"1181","M2","C4620083","1","174","C4620083 M2","baseline",0.0644274909482138,"174 baseline","1 baseline"
"1182","M2","C4620083","1","175","C4620083 M2","baseline",0.0639349027993079,"175 baseline","1 baseline"
"1183","M2","C4620083","1","176","C4620083 M2","baseline",0.0638995791339027,"176 baseline","1 baseline"
"1184","M2","C4620083","1","177","C4620083 M2","baseline",0.0616034888928837,"177 baseline","1 baseline"
"1185","M2","C4620083","1","178","C4620083 M2","baseline",0.0607763479388185,"178 baseline","1 baseline"
"1186","M2","C4620083","1","179","C4620083 M2","baseline",0.0606272268618227,"179 baseline","1 baseline"
"1187","M2","C4620083","1","180","C4620083 M2","baseline",0.0591278320564249,"180 baseline","1 baseline"
"1188","M2","C4620083","1","181","C4620083 M2","baseline",0.0584940005649301,"181 baseline","1 baseline"
"1189","M2","C4620083","1","182","C4620083 M2","baseline",0.0574253630336757,"182 baseline","1 baseline"
"1190","M2","C4620083","1","183","C4620083 M2","baseline",0.0556678023507335,"183 baseline","1 baseline"
"1191","M2","C4620083","1","184","C4620083 M2","baseline",0.0545943269002561,"184 baseline","1 baseline"
"1192","M2","C4620083","1","185","C4620083 M2","baseline",0.0539207288893563,"185 baseline","1 baseline"
"1193","M2","C4620083","1","186","C4620083 M2","baseline",0.0536548417759991,"186 baseline","1 baseline"
"1194","M2","C4620083","1","187","C4620083 M2","baseline",0.0535038078041909,"187 baseline","1 baseline"
"1195","M2","C4620083","1","188","C4620083 M2","baseline",0.0529596107647607,"188 baseline","1 baseline"
"1196","M2","C4620083","1","189","C4620083 M2","baseline",0.0513313332194113,"189 baseline","1 baseline"
"1197","M2","C4620083","1","190","C4620083 M2","baseline",0.0488090289969573,"190 baseline","1 baseline"
"1198","M2","C4620083","1","191","C4620083 M2","baseline",0.047493043143929,"191 baseline","1 baseline"
"1199","M2","C4620083","1","192","C4620083 M2","baseline",0.0474260650091899,"192 baseline","1 baseline"
"1200","M2","C4620083","1","193","C4620083 M2","baseline",0.0470346296773012,"193 baseline","1 baseline"
"1201","M2","C4620083","1","194","C4620083 M2","baseline",0.0443204379860921,"194 baseline","1 baseline"
"1202","M2","C4620083","1","195","C4620083 M2","baseline",0.042169745336845,"195 baseline","1 baseline"
"1203","M2","C4620083","1","196","C4620083 M2","baseline",0.0420315794331918,"196 baseline","1 baseline"
"1204","M2","C4620083","1","197","C4620083 M2","baseline",0.0407528189640416,"197 baseline","1 baseline"
"1205","M2","C4620083","1","198","C4620083 M2","baseline",0.040045395049816,"198 baseline","1 baseline"
"1206","M2","C4620083","1","199","C4620083 M2","baseline",0.0396510859859045,"199 baseline","1 baseline"
"1207","M2","C4620083","1","200","C4620083 M2","baseline",0.03784640861881,"200 baseline","1 baseline"
"1208","M2","C4620083","1","201","C4620083 M2","baseline",0.0362353510705413,"201 baseline","1 baseline"
"1209","M2","C4620083","1","202","C4620083 M2","baseline",0.0345528898861632,"202 baseline","1 baseline"
"1210","M2","C4620083","1","203","C4620083 M2","baseline",0.0321240088920405,"203 baseline","1 baseline"
"1211","M2","C4620083","1","204","C4620083 M2","baseline",0.0297477492429892,"204 baseline","1 baseline"
"1212","M2","C4620083","1","205","C4620083 M2","baseline",0.0282900349608762,"205 baseline","1 baseline"
"1213","M2","C4620083","1","206","C4620083 M2","baseline",0.0279499730834881,"206 baseline","1 baseline"
"1214","M2","C4620083","1","207","C4620083 M2","baseline",0.0264700509559584,"207 baseline","1 baseline"
"1215","M2","C4620083","1","208","C4620083 M2","baseline",0.0231015012659517,"208 baseline","1 baseline"
"1216","M2","C4620083","1","209","C4620083 M2","baseline",0.0226099686144555,"209 baseline","1 baseline"
"1217","M2","C4620083","1","210","C4620083 M2","baseline",0.020939032307294,"210 baseline","1 baseline"
"1218","M2","C4620083","1","211","C4620083 M2","baseline",0.0195624390477267,"211 baseline","1 baseline"
"1219","M2","C4620083","1","212","C4620083 M2","baseline",0.0187839978999094,"212 baseline","1 baseline"
"1220","M2","C4620083","1","213","C4620083 M2","baseline",0.0183490668146744,"213 baseline","1 baseline"
"1221","M2","C4620083","1","214","C4620083 M2","baseline",0.0154582174147516,"214 baseline","1 baseline"
"1222","M2","C4620083","1","215","C4620083 M2","baseline",0.0118578844983061,"215 baseline","1 baseline"
"1223","M2","C4620083","1","216","C4620083 M2","baseline",0.0073743398611177,"216 baseline","1 baseline"
"1224","M2","C4620083","1","217","C4620083 M2","baseline",0.00715740876677842,"217 baseline","1 baseline"
"1225","M2","C4620083","1","218","C4620083 M2","baseline",0.00675551250930123,"218 baseline","1 baseline"
"1226","M2","C4620083","1","219","C4620083 M2","baseline",0.00604697672190399,"219 baseline","1 baseline"
"1227","M2","C4620083","1","220","C4620083 M2","baseline",0.00541085084379495,"220 baseline","1 baseline"
"1228","M2","C4620083","1","221","C4620083 M2","baseline",0.00139147685599768,"221 baseline","1 baseline"
"1229","M2","C4620083","1","222","C4620083 M2","baseline",0.00116654543698113,"222 baseline","1 baseline"
"1230","M2","C4620083","1","223","C4620083 M2","baseline",-0.00246554849639473,"223 baseline","1 baseline"
"1231","M2","C4620083","1","224","C4620083 M2","baseline",-0.00248705845141484,"224 baseline","1 baseline"
"1232","M2","C4620083","1","225","C4620083 M2","baseline",-0.00286383776969637,"225 baseline","1 baseline"
"1233","M2","C4620083","1","226","C4620083 M2","baseline",-0.00346852836886623,"226 baseline","1 baseline"
"1234","M2","C4620083","1","227","C4620083 M2","baseline",-0.00394000562194517,"227 baseline","1 baseline"
"1235","M2","C4620083","1","228","C4620083 M2","baseline",-0.00876182282823427,"228 baseline","1 baseline"
"1236","M2","C4620083","1","229","C4620083 M2","baseline",-0.0173658097393187,"229 baseline","1 baseline"
"1237","M2","C4620083","1","230","C4620083 M2","baseline",-0.0371729904786363,"230 baseline","1 baseline"
"1238","M3","C4620083","1","0","C4620083 M3","baseline",0.417921969728427,"0 baseline","1 baseline"
"1239","M3","C4620083","1","1","C4620083 M3","baseline",0.406566725356132,"1 baseline","1 baseline"
"1240","M3","C4620083","1","2","C4620083 M3","baseline",0.404275940669091,"2 baseline","1 baseline"
"1241","M3","C4620083","1","3","C4620083 M3","baseline",0.393174101786803,"3 baseline","1 baseline"
"1242","M3","C4620083","1","4","C4620083 M3","baseline",0.389157166513085,"4 baseline","1 baseline"
"1243","M3","C4620083","1","5","C4620083 M3","baseline",0.388251769245764,"5 baseline","1 baseline"
"1244","M3","C4620083","1","6","C4620083 M3","baseline",0.387166988206602,"6 baseline","1 baseline"
"1245","M3","C4620083","1","7","C4620083 M3","baseline",0.381672963276696,"7 baseline","1 baseline"
"1246","M3","C4620083","1","8","C4620083 M3","baseline",0.381394496457736,"8 baseline","1 baseline"
"1247","M3","C4620083","1","9","C4620083 M3","baseline",0.381392510037971,"9 baseline","1 baseline"
"1248","M3","C4620083","1","10","C4620083 M3","baseline",0.378449512292098,"10 baseline","1 baseline"
"1249","M3","C4620083","1","11","C4620083 M3","baseline",0.373882741235691,"11 baseline","1 baseline"
"1250","M3","C4620083","1","12","C4620083 M3","baseline",0.373116445199623,"12 baseline","1 baseline"
"1251","M3","C4620083","1","13","C4620083 M3","baseline",0.37050688946545,"13 baseline","1 baseline"
"1252","M3","C4620083","1","14","C4620083 M3","baseline",0.368706452106179,"14 baseline","1 baseline"
"1253","M3","C4620083","1","15","C4620083 M3","baseline",0.366986391299833,"15 baseline","1 baseline"
"1254","M3","C4620083","1","16","C4620083 M3","baseline",0.366500204001536,"16 baseline","1 baseline"
"1255","M3","C4620083","1","17","C4620083 M3","baseline",0.36637855355645,"17 baseline","1 baseline"
"1256","M3","C4620083","1","18","C4620083 M3","baseline",0.365473780531915,"18 baseline","1 baseline"
"1257","M3","C4620083","1","19","C4620083 M3","baseline",0.359096064654661,"19 baseline","1 baseline"
"1258","M3","C4620083","1","20","C4620083 M3","baseline",0.358447292807163,"20 baseline","1 baseline"
"1259","M3","C4620083","1","21","C4620083 M3","baseline",0.357972954942854,"21 baseline","1 baseline"
"1260","M3","C4620083","1","22","C4620083 M3","baseline",0.356552097600628,"22 baseline","1 baseline"
"1261","M3","C4620083","1","23","C4620083 M3","baseline",0.354101338118122,"23 baseline","1 baseline"
"1262","M3","C4620083","1","24","C4620083 M3","baseline",0.353987504867474,"24 baseline","1 baseline"
"1263","M3","C4620083","1","25","C4620083 M3","baseline",0.35212997554282,"25 baseline","1 baseline"
"1264","M3","C4620083","1","26","C4620083 M3","baseline",0.347036238481077,"26 baseline","1 baseline"
"1265","M3","C4620083","1","27","C4620083 M3","baseline",0.346152511055355,"27 baseline","1 baseline"
"1266","M3","C4620083","1","28","C4620083 M3","baseline",0.345980561392332,"28 baseline","1 baseline"
"1267","M3","C4620083","1","29","C4620083 M3","baseline",0.344615671482488,"29 baseline","1 baseline"
"1268","M3","C4620083","1","30","C4620083 M3","baseline",0.343039403446849,"30 baseline","1 baseline"
"1269","M3","C4620083","1","31","C4620083 M3","baseline",0.335510658165376,"31 baseline","1 baseline"
"1270","M3","C4620083","1","32","C4620083 M3","baseline",0.335323284734541,"32 baseline","1 baseline"
"1271","M3","C4620083","1","33","C4620083 M3","baseline",0.332910561462344,"33 baseline","1 baseline"
"1272","M3","C4620083","1","34","C4620083 M3","baseline",0.33120119395902,"34 baseline","1 baseline"
"1273","M3","C4620083","1","35","C4620083 M3","baseline",0.330287171727923,"35 baseline","1 baseline"
"1274","M3","C4620083","1","36","C4620083 M3","baseline",0.329936320912189,"36 baseline","1 baseline"
"1275","M3","C4620083","1","37","C4620083 M3","baseline",0.32857804618808,"37 baseline","1 baseline"
"1276","M3","C4620083","1","38","C4620083 M3","baseline",0.327139382655161,"38 baseline","1 baseline"
"1277","M3","C4620083","1","39","C4620083 M3","baseline",0.326786816072769,"39 baseline","1 baseline"
"1278","M3","C4620083","1","40","C4620083 M3","baseline",0.323938414195612,"40 baseline","1 baseline"
"1279","M3","C4620083","1","41","C4620083 M3","baseline",0.320050941417155,"41 baseline","1 baseline"
"1280","M3","C4620083","1","42","C4620083 M3","baseline",0.319372557759412,"42 baseline","1 baseline"
"1281","M3","C4620083","1","43","C4620083 M3","baseline",0.318651990296181,"43 baseline","1 baseline"
"1282","M3","C4620083","1","44","C4620083 M3","baseline",0.317480296890777,"44 baseline","1 baseline"
"1283","M3","C4620083","1","45","C4620083 M3","baseline",0.316650243734309,"45 baseline","1 baseline"
"1284","M3","C4620083","1","46","C4620083 M3","baseline",0.314932317252149,"46 baseline","1 baseline"
"1285","M3","C4620083","1","47","C4620083 M3","baseline",0.313892232841129,"47 baseline","1 baseline"
"1286","M3","C4620083","1","48","C4620083 M3","baseline",0.313567658346724,"48 baseline","1 baseline"
"1287","M3","C4620083","1","49","C4620083 M3","baseline",0.312527017788352,"49 baseline","1 baseline"
"1288","M3","C4620083","1","50","C4620083 M3","baseline",0.312220084098535,"50 baseline","1 baseline"
"1289","M3","C4620083","1","51","C4620083 M3","baseline",0.312210931756249,"51 baseline","1 baseline"
"1290","M3","C4620083","1","52","C4620083 M3","baseline",0.311985498322928,"52 baseline","1 baseline"
"1291","M3","C4620083","1","53","C4620083 M3","baseline",0.30979632369967,"53 baseline","1 baseline"
"1292","M3","C4620083","1","54","C4620083 M3","baseline",0.309075056324062,"54 baseline","1 baseline"
"1293","M3","C4620083","1","55","C4620083 M3","baseline",0.308243011351564,"55 baseline","1 baseline"
"1294","M3","C4620083","1","56","C4620083 M3","baseline",0.306872455243166,"56 baseline","1 baseline"
"1295","M3","C4620083","1","57","C4620083 M3","baseline",0.305822187556904,"57 baseline","1 baseline"
"1296","M3","C4620083","1","58","C4620083 M3","baseline",0.304933553434831,"58 baseline","1 baseline"
"1297","M3","C4620083","1","59","C4620083 M3","baseline",0.304517056272689,"59 baseline","1 baseline"
"1298","M3","C4620083","1","60","C4620083 M3","baseline",0.304235650133148,"60 baseline","1 baseline"
"1299","M3","C4620083","1","61","C4620083 M3","baseline",0.303235501573282,"61 baseline","1 baseline"
"1300","M3","C4620083","1","62","C4620083 M3","baseline",0.302616968843647,"62 baseline","1 baseline"
"1301","M3","C4620083","1","63","C4620083 M3","baseline",0.301217237690741,"63 baseline","1 baseline"
"1302","M3","C4620083","1","64","C4620083 M3","baseline",0.299706595627237,"64 baseline","1 baseline"
"1303","M3","C4620083","1","65","C4620083 M3","baseline",0.298861216305893,"65 baseline","1 baseline"
"1304","M3","C4620083","1","66","C4620083 M3","baseline",0.29819118110573,"66 baseline","1 baseline"
"1305","M3","C4620083","1","67","C4620083 M3","baseline",0.293768261860977,"67 baseline","1 baseline"
"1306","M3","C4620083","1","68","C4620083 M3","baseline",0.293065404465302,"68 baseline","1 baseline"
"1307","M3","C4620083","1","69","C4620083 M3","baseline",0.292592882205495,"69 baseline","1 baseline"
"1308","M3","C4620083","1","70","C4620083 M3","baseline",0.291523773643579,"70 baseline","1 baseline"
"1309","M3","C4620083","1","71","C4620083 M3","baseline",0.28958149684544,"71 baseline","1 baseline"
"1310","M3","C4620083","1","72","C4620083 M3","baseline",0.28750580541385,"72 baseline","1 baseline"
"1311","M3","C4620083","1","73","C4620083 M3","baseline",0.287372137115716,"73 baseline","1 baseline"
"1312","M3","C4620083","1","74","C4620083 M3","baseline",0.287351508496806,"74 baseline","1 baseline"
"1313","M3","C4620083","1","75","C4620083 M3","baseline",0.287140148454637,"75 baseline","1 baseline"
"1314","M3","C4620083","1","76","C4620083 M3","baseline",0.286496030820574,"76 baseline","1 baseline"
"1315","M3","C4620083","1","77","C4620083 M3","baseline",0.285902413956997,"77 baseline","1 baseline"
"1316","M3","C4620083","1","78","C4620083 M3","baseline",0.284876031825711,"78 baseline","1 baseline"
"1317","M3","C4620083","1","79","C4620083 M3","baseline",0.284099675881062,"79 baseline","1 baseline"
"1318","M3","C4620083","1","80","C4620083 M3","baseline",0.282758553480292,"80 baseline","1 baseline"
"1319","M3","C4620083","1","81","C4620083 M3","baseline",0.281989223947512,"81 baseline","1 baseline"
"1320","M3","C4620083","1","82","C4620083 M3","baseline",0.281358757086659,"82 baseline","1 baseline"
"1321","M3","C4620083","1","83","C4620083 M3","baseline",0.281333924339547,"83 baseline","1 baseline"
"1322","M3","C4620083","1","84","C4620083 M3","baseline",0.279323237478586,"84 baseline","1 baseline"
"1323","M3","C4620083","1","85","C4620083 M3","baseline",0.279252420982347,"85 baseline","1 baseline"
"1324","M3","C4620083","1","86","C4620083 M3","baseline",0.2785080362945,"86 baseline","1 baseline"
"1325","M3","C4620083","1","87","C4620083 M3","baseline",0.277899964214529,"87 baseline","1 baseline"
"1326","M3","C4620083","1","88","C4620083 M3","baseline",0.277876735238749,"88 baseline","1 baseline"
"1327","M3","C4620083","1","89","C4620083 M3","baseline",0.276111358817771,"89 baseline","1 baseline"
"1328","M3","C4620083","1","90","C4620083 M3","baseline",0.274874625035028,"90 baseline","1 baseline"
"1329","M3","C4620083","1","91","C4620083 M3","baseline",0.274731235964344,"91 baseline","1 baseline"
"1330","M3","C4620083","1","92","C4620083 M3","baseline",0.273884332285747,"92 baseline","1 baseline"
"1331","M3","C4620083","1","93","C4620083 M3","baseline",0.273090057024439,"93 baseline","1 baseline"
"1332","M3","C4620083","1","94","C4620083 M3","baseline",0.273051824689477,"94 baseline","1 baseline"
"1333","M3","C4620083","1","95","C4620083 M3","baseline",0.272908649249447,"95 baseline","1 baseline"
"1334","M3","C4620083","1","96","C4620083 M3","baseline",0.272853797581525,"96 baseline","1 baseline"
"1335","M3","C4620083","1","97","C4620083 M3","baseline",0.271658867159212,"97 baseline","1 baseline"
"1336","M3","C4620083","1","98","C4620083 M3","baseline",0.270123133683892,"98 baseline","1 baseline"
"1337","M3","C4620083","1","99","C4620083 M3","baseline",0.268277459527807,"99 baseline","1 baseline"
"1338","M3","C4620083","1","100","C4620083 M3","baseline",0.267759039495837,"100 baseline","1 baseline"
"1339","M3","C4620083","1","101","C4620083 M3","baseline",0.26569114842643,"101 baseline","1 baseline"
"1340","M3","C4620083","1","102","C4620083 M3","baseline",0.265017774226367,"102 baseline","1 baseline"
"1341","M3","C4620083","1","103","C4620083 M3","baseline",0.264592813018032,"103 baseline","1 baseline"
"1342","M3","C4620083","1","104","C4620083 M3","baseline",0.264210497359012,"104 baseline","1 baseline"
"1343","M3","C4620083","1","105","C4620083 M3","baseline",0.263273498051375,"105 baseline","1 baseline"
"1344","M3","C4620083","1","106","C4620083 M3","baseline",0.262243684929765,"106 baseline","1 baseline"
"1345","M3","C4620083","1","107","C4620083 M3","baseline",0.26139921165165,"107 baseline","1 baseline"
"1346","M3","C4620083","1","108","C4620083 M3","baseline",0.261192445441715,"108 baseline","1 baseline"
"1347","M3","C4620083","1","109","C4620083 M3","baseline",0.25860923300749,"109 baseline","1 baseline"
"1348","M3","C4620083","1","110","C4620083 M3","baseline",0.25849064559735,"110 baseline","1 baseline"
"1349","M3","C4620083","1","111","C4620083 M3","baseline",0.258148782626435,"111 baseline","1 baseline"
"1350","M3","C4620083","1","112","C4620083 M3","baseline",0.257968427956217,"112 baseline","1 baseline"
"1351","M3","C4620083","1","113","C4620083 M3","baseline",0.257738873482624,"113 baseline","1 baseline"
"1352","M3","C4620083","1","114","C4620083 M3","baseline",0.256409551309976,"114 baseline","1 baseline"
"1353","M3","C4620083","1","115","C4620083 M3","baseline",0.255009430242291,"115 baseline","1 baseline"
"1354","M3","C4620083","1","116","C4620083 M3","baseline",0.252736497371158,"116 baseline","1 baseline"
"1355","M3","C4620083","1","117","C4620083 M3","baseline",0.248491951218637,"117 baseline","1 baseline"
"1356","M3","C4620083","1","118","C4620083 M3","baseline",0.247907998239804,"118 baseline","1 baseline"
"1357","M3","C4620083","1","119","C4620083 M3","baseline",0.247805626523266,"119 baseline","1 baseline"
"1358","M3","C4620083","1","120","C4620083 M3","baseline",0.247739491870764,"120 baseline","1 baseline"
"1359","M3","C4620083","1","121","C4620083 M3","baseline",0.246542411244166,"121 baseline","1 baseline"
"1360","M3","C4620083","1","122","C4620083 M3","baseline",0.24640195677098,"122 baseline","1 baseline"
"1361","M3","C4620083","1","123","C4620083 M3","baseline",0.245946638970882,"123 baseline","1 baseline"
"1362","M3","C4620083","1","124","C4620083 M3","baseline",0.243598306204075,"124 baseline","1 baseline"
"1363","M3","C4620083","1","125","C4620083 M3","baseline",0.243313567659145,"125 baseline","1 baseline"
"1364","M3","C4620083","1","126","C4620083 M3","baseline",0.242935223354278,"126 baseline","1 baseline"
"1365","M3","C4620083","1","127","C4620083 M3","baseline",0.24250741579389,"127 baseline","1 baseline"
"1366","M3","C4620083","1","128","C4620083 M3","baseline",0.241375916028662,"128 baseline","1 baseline"
"1367","M3","C4620083","1","129","C4620083 M3","baseline",0.241179575990835,"129 baseline","1 baseline"
"1368","M3","C4620083","1","130","C4620083 M3","baseline",0.239096698663829,"130 baseline","1 baseline"
"1369","M3","C4620083","1","131","C4620083 M3","baseline",0.238256063497378,"131 baseline","1 baseline"
"1370","M3","C4620083","1","132","C4620083 M3","baseline",0.237739613959081,"132 baseline","1 baseline"
"1371","M3","C4620083","1","133","C4620083 M3","baseline",0.237488625055622,"133 baseline","1 baseline"
"1372","M3","C4620083","1","134","C4620083 M3","baseline",0.236798669159054,"134 baseline","1 baseline"
"1373","M3","C4620083","1","135","C4620083 M3","baseline",0.234629763450938,"135 baseline","1 baseline"
"1374","M3","C4620083","1","136","C4620083 M3","baseline",0.234411019517125,"136 baseline","1 baseline"
"1375","M3","C4620083","1","137","C4620083 M3","baseline",0.234130159378487,"137 baseline","1 baseline"
"1376","M3","C4620083","1","138","C4620083 M3","baseline",0.233329478744204,"138 baseline","1 baseline"
"1377","M3","C4620083","1","139","C4620083 M3","baseline",0.227794799028613,"139 baseline","1 baseline"
"1378","M3","C4620083","1","140","C4620083 M3","baseline",0.227407156821218,"140 baseline","1 baseline"
"1379","M3","C4620083","1","141","C4620083 M3","baseline",0.22731167638121,"141 baseline","1 baseline"
"1380","M3","C4620083","1","142","C4620083 M3","baseline",0.225639318662607,"142 baseline","1 baseline"
"1381","M3","C4620083","1","143","C4620083 M3","baseline",0.223296059566748,"143 baseline","1 baseline"
"1382","M3","C4620083","1","144","C4620083 M3","baseline",0.223083041743054,"144 baseline","1 baseline"
"1383","M3","C4620083","1","145","C4620083 M3","baseline",0.223028302320398,"145 baseline","1 baseline"
"1384","M3","C4620083","1","146","C4620083 M3","baseline",0.221480594886388,"146 baseline","1 baseline"
"1385","M3","C4620083","1","147","C4620083 M3","baseline",0.218115655305044,"147 baseline","1 baseline"
"1386","M3","C4620083","1","148","C4620083 M3","baseline",0.217648647237519,"148 baseline","1 baseline"
"1387","M3","C4620083","1","149","C4620083 M3","baseline",0.216368021432805,"149 baseline","1 baseline"
"1388","M3","C4620083","1","150","C4620083 M3","baseline",0.21468109876716,"150 baseline","1 baseline"
"1389","M3","C4620083","1","151","C4620083 M3","baseline",0.214376467537599,"151 baseline","1 baseline"
"1390","M3","C4620083","1","152","C4620083 M3","baseline",0.213187368158134,"152 baseline","1 baseline"
"1391","M3","C4620083","1","153","C4620083 M3","baseline",0.210504203581658,"153 baseline","1 baseline"
"1392","M3","C4620083","1","154","C4620083 M3","baseline",0.209665081650942,"154 baseline","1 baseline"
"1393","M3","C4620083","1","155","C4620083 M3","baseline",0.2082942929806,"155 baseline","1 baseline"
"1394","M3","C4620083","1","156","C4620083 M3","baseline",0.207330675956935,"156 baseline","1 baseline"
"1395","M3","C4620083","1","157","C4620083 M3","baseline",0.20661342099659,"157 baseline","1 baseline"
"1396","M3","C4620083","1","158","C4620083 M3","baseline",0.204669143216264,"158 baseline","1 baseline"
"1397","M3","C4620083","1","159","C4620083 M3","baseline",0.199673886789008,"159 baseline","1 baseline"
"1398","M3","C4620083","1","160","C4620083 M3","baseline",0.197880498473229,"160 baseline","1 baseline"
"1399","M3","C4620083","1","161","C4620083 M3","baseline",0.196421157565468,"161 baseline","1 baseline"
"1400","M3","C4620083","1","162","C4620083 M3","baseline",0.193130625990205,"162 baseline","1 baseline"
"1401","M3","C4620083","1","163","C4620083 M3","baseline",0.190380550596583,"163 baseline","1 baseline"
"1402","M3","C4620083","1","164","C4620083 M3","baseline",0.187803255673244,"164 baseline","1 baseline"
"1403","M3","C4620083","1","165","C4620083 M3","baseline",0.187053541965791,"165 baseline","1 baseline"
"1404","M3","C4620083","1","166","C4620083 M3","baseline",0.185619490903918,"166 baseline","1 baseline"
"1405","M3","C4620083","1","167","C4620083 M3","baseline",0.185003020234498,"167 baseline","1 baseline"
"1406","M3","C4620083","1","168","C4620083 M3","baseline",0.184767203346603,"168 baseline","1 baseline"
"1407","M3","C4620083","1","169","C4620083 M3","baseline",0.183902060333014,"169 baseline","1 baseline"
"1408","M3","C4620083","1","170","C4620083 M3","baseline",0.183394512636593,"170 baseline","1 baseline"
"1409","M3","C4620083","1","171","C4620083 M3","baseline",0.182399010835284,"171 baseline","1 baseline"
"1410","M3","C4620083","1","172","C4620083 M3","baseline",0.181775340642399,"172 baseline","1 baseline"
"1411","M3","C4620083","1","173","C4620083 M3","baseline",0.179609883820139,"173 baseline","1 baseline"
"1412","M3","C4620083","1","174","C4620083 M3","baseline",0.17658109216556,"174 baseline","1 baseline"
"1413","M3","C4620083","1","175","C4620083 M3","baseline",0.175565316466913,"175 baseline","1 baseline"
"1414","M3","C4620083","1","176","C4620083 M3","baseline",0.1750635854048,"176 baseline","1 baseline"
"1415","M3","C4620083","1","177","C4620083 M3","baseline",0.174987640484907,"177 baseline","1 baseline"
"1416","M3","C4620083","1","178","C4620083 M3","baseline",0.173824489412504,"178 baseline","1 baseline"
"1417","M3","C4620083","1","179","C4620083 M3","baseline",0.173094004521894,"179 baseline","1 baseline"
"1418","M3","C4620083","1","180","C4620083 M3","baseline",0.17103970534027,"180 baseline","1 baseline"
"1419","M3","C4620083","1","181","C4620083 M3","baseline",0.169075239907829,"181 baseline","1 baseline"
"1420","M3","C4620083","1","182","C4620083 M3","baseline",0.167543608102134,"182 baseline","1 baseline"
"1421","M3","C4620083","1","183","C4620083 M3","baseline",0.167122202330138,"183 baseline","1 baseline"
"1422","M3","C4620083","1","184","C4620083 M3","baseline",0.164621753604296,"184 baseline","1 baseline"
"1423","M3","C4620083","1","185","C4620083 M3","baseline",0.156962203033969,"185 baseline","1 baseline"
"1424","M3","C4620083","1","186","C4620083 M3","baseline",0.156249106395743,"186 baseline","1 baseline"
"1425","M3","C4620083","1","187","C4620083 M3","baseline",0.155315748069056,"187 baseline","1 baseline"
"1426","M3","C4620083","1","188","C4620083 M3","baseline",0.154703219575434,"188 baseline","1 baseline"
"1427","M3","C4620083","1","189","C4620083 M3","baseline",0.153050049628226,"189 baseline","1 baseline"
"1428","M3","C4620083","1","190","C4620083 M3","baseline",0.152604277319364,"190 baseline","1 baseline"
"1429","M3","C4620083","1","191","C4620083 M3","baseline",0.152324462758808,"191 baseline","1 baseline"
"1430","M3","C4620083","1","192","C4620083 M3","baseline",0.150413497641617,"192 baseline","1 baseline"
"1431","M3","C4620083","1","193","C4620083 M3","baseline",0.1489768712233,"193 baseline","1 baseline"
"1432","M3","C4620083","1","194","C4620083 M3","baseline",0.14474673204688,"194 baseline","1 baseline"
"1433","M3","C4620083","1","195","C4620083 M3","baseline",0.143513782248525,"195 baseline","1 baseline"
"1434","M3","C4620083","1","196","C4620083 M3","baseline",0.142185658045491,"196 baseline","1 baseline"
"1435","M3","C4620083","1","197","C4620083 M3","baseline",0.136998638614536,"197 baseline","1 baseline"
"1436","M3","C4620083","1","198","C4620083 M3","baseline",0.136581549800305,"198 baseline","1 baseline"
"1437","M3","C4620083","1","199","C4620083 M3","baseline",0.135342053738842,"199 baseline","1 baseline"
"1438","M3","C4620083","1","200","C4620083 M3","baseline",0.134206901321236,"200 baseline","1 baseline"
"1439","M3","C4620083","1","201","C4620083 M3","baseline",0.133323790086278,"201 baseline","1 baseline"
"1440","M3","C4620083","1","202","C4620083 M3","baseline",0.133243510200512,"202 baseline","1 baseline"
"1441","M3","C4620083","1","203","C4620083 M3","baseline",0.132879389086351,"203 baseline","1 baseline"
"1442","M3","C4620083","1","204","C4620083 M3","baseline",0.130489113726736,"204 baseline","1 baseline"
"1443","M3","C4620083","1","205","C4620083 M3","baseline",0.128586348895187,"205 baseline","1 baseline"
"1444","M3","C4620083","1","206","C4620083 M3","baseline",0.127658660149518,"206 baseline","1 baseline"
"1445","M3","C4620083","1","207","C4620083 M3","baseline",0.126078010550418,"207 baseline","1 baseline"
"1446","M3","C4620083","1","208","C4620083 M3","baseline",0.122314733150471,"208 baseline","1 baseline"
"1447","M3","C4620083","1","209","C4620083 M3","baseline",0.120843013121108,"209 baseline","1 baseline"
"1448","M3","C4620083","1","210","C4620083 M3","baseline",0.118006346820779,"210 baseline","1 baseline"
"1449","M3","C4620083","1","211","C4620083 M3","baseline",0.117961969562044,"211 baseline","1 baseline"
"1450","M3","C4620083","1","212","C4620083 M3","baseline",0.117683296361669,"212 baseline","1 baseline"
"1451","M3","C4620083","1","213","C4620083 M3","baseline",0.116596487481287,"213 baseline","1 baseline"
"1452","M3","C4620083","1","214","C4620083 M3","baseline",0.111165062831375,"214 baseline","1 baseline"
"1453","M3","C4620083","1","215","C4620083 M3","baseline",0.10235600966496,"215 baseline","1 baseline"
"1454","M3","C4620083","1","216","C4620083 M3","baseline",0.0946519136211216,"216 baseline","1 baseline"
"1455","M3","C4620083","1","217","C4620083 M3","baseline",0.0927598494818253,"217 baseline","1 baseline"
"1456","M3","C4620083","1","218","C4620083 M3","baseline",0.0920459336522504,"218 baseline","1 baseline"
"1457","M3","C4620083","1","219","C4620083 M3","baseline",0.0889387644615223,"219 baseline","1 baseline"
"1458","M3","C4620083","1","220","C4620083 M3","baseline",0.0811397870406682,"220 baseline","1 baseline"
"1459","M3","C4620083","1","221","C4620083 M3","baseline",0.0790230528213119,"221 baseline","1 baseline"
"1460","M3","C4620083","1","222","C4620083 M3","baseline",0.0686345052529961,"222 baseline","1 baseline"
"1461","M3","C4620083","1","223","C4620083 M3","baseline",0.0676463060763128,"223 baseline","1 baseline"
"1462","M3","C4620083","1","224","C4620083 M3","baseline",0.0664166066289759,"224 baseline","1 baseline"
"1463","M3","C4620083","1","225","C4620083 M3","baseline",0.0648081111764613,"225 baseline","1 baseline"
"1464","M3","C4620083","1","226","C4620083 M3","baseline",0.0642515829112476,"226 baseline","1 baseline"
"1465","M3","C4620083","1","227","C4620083 M3","baseline",0.0625487934725266,"227 baseline","1 baseline"
"1466","M3","C4620083","1","228","C4620083 M3","baseline",0.0534708830646001,"228 baseline","1 baseline"
"1467","M3","C4620083","1","229","C4620083 M3","baseline",0.0398587822470285,"229 baseline","1 baseline"
"1468","M3","C4620083","1","230","C4620083 M3","baseline",0.0395408981280969,"230 baseline","1 baseline"
"1469","M3","C4620083","1","231","C4620083 M3","baseline",0.0379525970134697,"231 baseline","1 baseline"
"1470","M3","C4620083","1","232","C4620083 M3","baseline",0.0312355738329978,"232 baseline","1 baseline"
"1471","M3","C4620083","1","233","C4620083 M3","baseline",0.0221997419268349,"233 baseline","1 baseline"
"1472","M3","C4620083","1","234","C4620083 M3","baseline",-0.0074761144511792,"234 baseline","1 baseline"
"1473","M3","C4620083","1","235","C4620083 M3","baseline",-0.0333442133438079,"235 baseline","1 baseline"
"1474","M3","C4620083","1","236","C4620083 M3","baseline",-0.0579409908295707,"236 baseline","1 baseline"
"1475","M3","C4620083","1","237","C4620083 M3","baseline",-0.0847333512220942,"237 baseline","1 baseline"
"1476","M4","C4620083","1","0","C4620083 M4","baseline",0.0734120357066421,"0 baseline","1 baseline"
"1477","M4","C4620083","1","1","C4620083 M4","baseline",0.0650419802342155,"1 baseline","1 baseline"
"1478","M4","C4620083","1","2","C4620083 M4","baseline",0.0622789674872213,"2 baseline","1 baseline"
"1479","M4","C4620083","1","3","C4620083 M4","baseline",0.0604481923439065,"3 baseline","1 baseline"
"1480","M4","C4620083","1","4","C4620083 M4","baseline",0.0566181086869815,"4 baseline","1 baseline"
"1481","M4","C4620083","1","5","C4620083 M4","baseline",0.0565396796244274,"5 baseline","1 baseline"
"1482","M4","C4620083","1","6","C4620083 M4","baseline",0.0558787900347222,"6 baseline","1 baseline"
"1483","M4","C4620083","1","7","C4620083 M4","baseline",0.055590780617846,"7 baseline","1 baseline"
"1484","M4","C4620083","1","8","C4620083 M4","baseline",0.0551386668514489,"8 baseline","1 baseline"
"1485","M4","C4620083","1","9","C4620083 M4","baseline",0.0540469134850183,"9 baseline","1 baseline"
"1486","M4","C4620083","1","10","C4620083 M4","baseline",0.0522993385381936,"10 baseline","1 baseline"
"1487","M4","C4620083","1","11","C4620083 M4","baseline",0.0519995601217148,"11 baseline","1 baseline"
"1488","M4","C4620083","1","12","C4620083 M4","baseline",0.0517634581930762,"12 baseline","1 baseline"
"1489","M4","C4620083","1","13","C4620083 M4","baseline",0.0511769901955266,"13 baseline","1 baseline"
"1490","M4","C4620083","1","14","C4620083 M4","baseline",0.0509526623721598,"14 baseline","1 baseline"
"1491","M4","C4620083","1","15","C4620083 M4","baseline",0.0509193569539641,"15 baseline","1 baseline"
"1492","M4","C4620083","1","16","C4620083 M4","baseline",0.0507470896720729,"16 baseline","1 baseline"
"1493","M4","C4620083","1","17","C4620083 M4","baseline",0.0494019044300925,"17 baseline","1 baseline"
"1494","M4","C4620083","1","18","C4620083 M4","baseline",0.048250226683064,"18 baseline","1 baseline"
"1495","M4","C4620083","1","19","C4620083 M4","baseline",0.0479952231211545,"19 baseline","1 baseline"
"1496","M4","C4620083","1","20","C4620083 M4","baseline",0.0479205750989094,"20 baseline","1 baseline"
"1497","M4","C4620083","1","21","C4620083 M4","baseline",0.047838876379256,"21 baseline","1 baseline"
"1498","M4","C4620083","1","22","C4620083 M4","baseline",0.045996558885448,"22 baseline","1 baseline"
"1499","M4","C4620083","1","23","C4620083 M4","baseline",0.0457756892574317,"23 baseline","1 baseline"
"1500","M4","C4620083","1","24","C4620083 M4","baseline",0.0455824463145091,"24 baseline","1 baseline"
"1501","M4","C4620083","1","25","C4620083 M4","baseline",0.0454865674528789,"25 baseline","1 baseline"
"1502","M4","C4620083","1","26","C4620083 M4","baseline",0.0444603119387253,"26 baseline","1 baseline"
"1503","M4","C4620083","1","27","C4620083 M4","baseline",0.0442044964315421,"27 baseline","1 baseline"
"1504","M4","C4620083","1","28","C4620083 M4","baseline",0.0440041995283451,"28 baseline","1 baseline"
"1505","M4","C4620083","1","29","C4620083 M4","baseline",0.0432103963606486,"29 baseline","1 baseline"
"1506","M4","C4620083","1","30","C4620083 M4","baseline",0.0431995992069931,"30 baseline","1 baseline"
"1507","M4","C4620083","1","31","C4620083 M4","baseline",0.0423450074308047,"31 baseline","1 baseline"
"1508","M4","C4620083","1","32","C4620083 M4","baseline",0.042312221340082,"32 baseline","1 baseline"
"1509","M4","C4620083","1","33","C4620083 M4","baseline",0.0420265222087332,"33 baseline","1 baseline"
"1510","M4","C4620083","1","34","C4620083 M4","baseline",0.0419894784723202,"34 baseline","1 baseline"
"1511","M4","C4620083","1","35","C4620083 M4","baseline",0.0415546121848477,"35 baseline","1 baseline"
"1512","M4","C4620083","1","36","C4620083 M4","baseline",0.0414263532891791,"36 baseline","1 baseline"
"1513","M4","C4620083","1","37","C4620083 M4","baseline",0.0412648603137312,"37 baseline","1 baseline"
"1514","M4","C4620083","1","38","C4620083 M4","baseline",0.0412158812283795,"38 baseline","1 baseline"
"1515","M4","C4620083","1","39","C4620083 M4","baseline",0.0410094690448093,"39 baseline","1 baseline"
"1516","M4","C4620083","1","40","C4620083 M4","baseline",0.0409235404641908,"40 baseline","1 baseline"
"1517","M4","C4620083","1","41","C4620083 M4","baseline",0.040723639789302,"41 baseline","1 baseline"
"1518","M4","C4620083","1","42","C4620083 M4","baseline",0.0407011544082743,"42 baseline","1 baseline"
"1519","M4","C4620083","1","43","C4620083 M4","baseline",0.0400008539726814,"43 baseline","1 baseline"
"1520","M4","C4620083","1","44","C4620083 M4","baseline",0.0399307111130085,"44 baseline","1 baseline"
"1521","M4","C4620083","1","45","C4620083 M4","baseline",0.0399193457796668,"45 baseline","1 baseline"
"1522","M4","C4620083","1","46","C4620083 M4","baseline",0.0397953756081717,"46 baseline","1 baseline"
"1523","M4","C4620083","1","47","C4620083 M4","baseline",0.0396186622941763,"47 baseline","1 baseline"
"1524","M4","C4620083","1","48","C4620083 M4","baseline",0.0395540486829727,"48 baseline","1 baseline"
"1525","M4","C4620083","1","49","C4620083 M4","baseline",0.0395535681564631,"49 baseline","1 baseline"
"1526","M4","C4620083","1","50","C4620083 M4","baseline",0.0393268034402457,"50 baseline","1 baseline"
"1527","M4","C4620083","1","51","C4620083 M4","baseline",0.0390446695870177,"51 baseline","1 baseline"
"1528","M4","C4620083","1","52","C4620083 M4","baseline",0.0390219881385265,"52 baseline","1 baseline"
"1529","M4","C4620083","1","53","C4620083 M4","baseline",0.0390020114279519,"53 baseline","1 baseline"
"1530","M4","C4620083","1","54","C4620083 M4","baseline",0.0389025552022988,"54 baseline","1 baseline"
"1531","M4","C4620083","1","55","C4620083 M4","baseline",0.0388932657104707,"55 baseline","1 baseline"
"1532","M4","C4620083","1","56","C4620083 M4","baseline",0.038339292844795,"56 baseline","1 baseline"
"1533","M4","C4620083","1","57","C4620083 M4","baseline",0.0382750164812814,"57 baseline","1 baseline"
"1534","M4","C4620083","1","58","C4620083 M4","baseline",0.0376943288821711,"58 baseline","1 baseline"
"1535","M4","C4620083","1","59","C4620083 M4","baseline",0.0374025620525577,"59 baseline","1 baseline"
"1536","M4","C4620083","1","60","C4620083 M4","baseline",0.0373549879100009,"60 baseline","1 baseline"
"1537","M4","C4620083","1","61","C4620083 M4","baseline",0.0373370377446944,"61 baseline","1 baseline"
"1538","M4","C4620083","1","62","C4620083 M4","baseline",0.0372871568018547,"62 baseline","1 baseline"
"1539","M4","C4620083","1","63","C4620083 M4","baseline",0.0372078955973325,"63 baseline","1 baseline"
"1540","M4","C4620083","1","64","C4620083 M4","baseline",0.0369640699878517,"64 baseline","1 baseline"
"1541","M4","C4620083","1","65","C4620083 M4","baseline",0.0365727431171648,"65 baseline","1 baseline"
"1542","M4","C4620083","1","66","C4620083 M4","baseline",0.0364972254767398,"66 baseline","1 baseline"
"1543","M4","C4620083","1","67","C4620083 M4","baseline",0.0360830861405586,"67 baseline","1 baseline"
"1544","M4","C4620083","1","68","C4620083 M4","baseline",0.0360248966174494,"68 baseline","1 baseline"
"1545","M4","C4620083","1","69","C4620083 M4","baseline",0.0359777118945266,"69 baseline","1 baseline"
"1546","M4","C4620083","1","70","C4620083 M4","baseline",0.0359066307462349,"70 baseline","1 baseline"
"1547","M4","C4620083","1","71","C4620083 M4","baseline",0.0358867006402136,"71 baseline","1 baseline"
"1548","M4","C4620083","1","72","C4620083 M4","baseline",0.0357667013707775,"72 baseline","1 baseline"
"1549","M4","C4620083","1","73","C4620083 M4","baseline",0.0357271049430887,"73 baseline","1 baseline"
"1550","M4","C4620083","1","74","C4620083 M4","baseline",0.0356190328136322,"74 baseline","1 baseline"
"1551","M4","C4620083","1","75","C4620083 M4","baseline",0.0355137534236132,"75 baseline","1 baseline"
"1552","M4","C4620083","1","76","C4620083 M4","baseline",0.0355069609935564,"76 baseline","1 baseline"
"1553","M4","C4620083","1","77","C4620083 M4","baseline",0.0353364013093072,"77 baseline","1 baseline"
"1554","M4","C4620083","1","78","C4620083 M4","baseline",0.0352969871869926,"78 baseline","1 baseline"
"1555","M4","C4620083","1","79","C4620083 M4","baseline",0.0352439514972884,"79 baseline","1 baseline"
"1556","M4","C4620083","1","80","C4620083 M4","baseline",0.0350426321858657,"80 baseline","1 baseline"
"1557","M4","C4620083","1","81","C4620083 M4","baseline",0.0349644016109106,"81 baseline","1 baseline"
"1558","M4","C4620083","1","82","C4620083 M4","baseline",0.0344067691995042,"82 baseline","1 baseline"
"1559","M4","C4620083","1","83","C4620083 M4","baseline",0.0343136185551177,"83 baseline","1 baseline"
"1560","M4","C4620083","1","84","C4620083 M4","baseline",0.0342848258866873,"84 baseline","1 baseline"
"1561","M4","C4620083","1","85","C4620083 M4","baseline",0.0340528668899407,"85 baseline","1 baseline"
"1562","M4","C4620083","1","86","C4620083 M4","baseline",0.0339084311446361,"86 baseline","1 baseline"
"1563","M4","C4620083","1","87","C4620083 M4","baseline",0.033844960859655,"87 baseline","1 baseline"
"1564","M4","C4620083","1","88","C4620083 M4","baseline",0.0335511348387946,"88 baseline","1 baseline"
"1565","M4","C4620083","1","89","C4620083 M4","baseline",0.033259998486718,"89 baseline","1 baseline"
"1566","M4","C4620083","1","90","C4620083 M4","baseline",0.0332198318792675,"90 baseline","1 baseline"
"1567","M4","C4620083","1","91","C4620083 M4","baseline",0.0331976315228297,"91 baseline","1 baseline"
"1568","M4","C4620083","1","92","C4620083 M4","baseline",0.0329558979517007,"92 baseline","1 baseline"
"1569","M4","C4620083","1","93","C4620083 M4","baseline",0.0327543440306801,"93 baseline","1 baseline"
"1570","M4","C4620083","1","94","C4620083 M4","baseline",0.0326952372205565,"94 baseline","1 baseline"
"1571","M4","C4620083","1","95","C4620083 M4","baseline",0.0326571275476396,"95 baseline","1 baseline"
"1572","M4","C4620083","1","96","C4620083 M4","baseline",0.0323378064818401,"96 baseline","1 baseline"
"1573","M4","C4620083","1","97","C4620083 M4","baseline",0.0319964025677202,"97 baseline","1 baseline"
"1574","M4","C4620083","1","98","C4620083 M4","baseline",0.0317854460986113,"98 baseline","1 baseline"
"1575","M4","C4620083","1","99","C4620083 M4","baseline",0.0312453949400237,"99 baseline","1 baseline"
"1576","M4","C4620083","1","100","C4620083 M4","baseline",0.0309847517861735,"100 baseline","1 baseline"
"1577","M4","C4620083","1","101","C4620083 M4","baseline",0.030968992780839,"101 baseline","1 baseline"
"1578","M4","C4620083","1","102","C4620083 M4","baseline",0.0307586334872466,"102 baseline","1 baseline"
"1579","M4","C4620083","1","103","C4620083 M4","baseline",0.0307336172152185,"103 baseline","1 baseline"
"1580","M4","C4620083","1","104","C4620083 M4","baseline",0.0306695799517388,"104 baseline","1 baseline"
"1581","M4","C4620083","1","105","C4620083 M4","baseline",0.0305467902652628,"105 baseline","1 baseline"
"1582","M4","C4620083","1","106","C4620083 M4","baseline",0.0303299669537996,"106 baseline","1 baseline"
"1583","M4","C4620083","1","107","C4620083 M4","baseline",0.0302604751358867,"107 baseline","1 baseline"
"1584","M4","C4620083","1","108","C4620083 M4","baseline",0.0301884385413971,"108 baseline","1 baseline"
"1585","M4","C4620083","1","109","C4620083 M4","baseline",0.0301774408200963,"109 baseline","1 baseline"
"1586","M4","C4620083","1","110","C4620083 M4","baseline",0.0300651330922725,"110 baseline","1 baseline"
"1587","M4","C4620083","1","111","C4620083 M4","baseline",0.0298454825705552,"111 baseline","1 baseline"
"1588","M4","C4620083","1","112","C4620083 M4","baseline",0.0298220017082864,"112 baseline","1 baseline"
"1589","M4","C4620083","1","113","C4620083 M4","baseline",0.0296891184308366,"113 baseline","1 baseline"
"1590","M4","C4620083","1","114","C4620083 M4","baseline",0.0296282718494492,"114 baseline","1 baseline"
"1591","M4","C4620083","1","115","C4620083 M4","baseline",0.0292903374363166,"115 baseline","1 baseline"
"1592","M4","C4620083","1","116","C4620083 M4","baseline",0.0292603763054052,"116 baseline","1 baseline"
"1593","M4","C4620083","1","117","C4620083 M4","baseline",0.0292362104087141,"117 baseline","1 baseline"
"1594","M4","C4620083","1","118","C4620083 M4","baseline",0.0291681502994639,"118 baseline","1 baseline"
"1595","M4","C4620083","1","119","C4620083 M4","baseline",0.0291002868473605,"119 baseline","1 baseline"
"1596","M4","C4620083","1","120","C4620083 M4","baseline",0.0289384957176772,"120 baseline","1 baseline"
"1597","M4","C4620083","1","121","C4620083 M4","baseline",0.0288901107459179,"121 baseline","1 baseline"
"1598","M4","C4620083","1","122","C4620083 M4","baseline",0.0287232530884896,"122 baseline","1 baseline"
"1599","M4","C4620083","1","123","C4620083 M4","baseline",0.0286377656108762,"123 baseline","1 baseline"
"1600","M4","C4620083","1","124","C4620083 M4","baseline",0.0284885801092162,"124 baseline","1 baseline"
"1601","M4","C4620083","1","125","C4620083 M4","baseline",0.0284359268893699,"125 baseline","1 baseline"
"1602","M4","C4620083","1","126","C4620083 M4","baseline",0.0283597132812777,"126 baseline","1 baseline"
"1603","M4","C4620083","1","127","C4620083 M4","baseline",0.0282973963454546,"127 baseline","1 baseline"
"1604","M4","C4620083","1","128","C4620083 M4","baseline",0.0281131768893132,"128 baseline","1 baseline"
"1605","M4","C4620083","1","129","C4620083 M4","baseline",0.0277692247685156,"129 baseline","1 baseline"
"1606","M4","C4620083","1","130","C4620083 M4","baseline",0.0276940911309887,"130 baseline","1 baseline"
"1607","M4","C4620083","1","131","C4620083 M4","baseline",0.02760471115815,"131 baseline","1 baseline"
"1608","M4","C4620083","1","132","C4620083 M4","baseline",0.027212365845127,"132 baseline","1 baseline"
"1609","M4","C4620083","1","133","C4620083 M4","baseline",0.0270199163154682,"133 baseline","1 baseline"
"1610","M4","C4620083","1","134","C4620083 M4","baseline",0.0270025016305292,"134 baseline","1 baseline"
"1611","M4","C4620083","1","135","C4620083 M4","baseline",0.0269616289292416,"135 baseline","1 baseline"
"1612","M4","C4620083","1","136","C4620083 M4","baseline",0.0268691519947512,"136 baseline","1 baseline"
"1613","M4","C4620083","1","137","C4620083 M4","baseline",0.0268451885256867,"137 baseline","1 baseline"
"1614","M4","C4620083","1","138","C4620083 M4","baseline",0.0267052563778916,"138 baseline","1 baseline"
"1615","M4","C4620083","1","139","C4620083 M4","baseline",0.0266987752111891,"139 baseline","1 baseline"
"1616","M4","C4620083","1","140","C4620083 M4","baseline",0.0266347153470966,"140 baseline","1 baseline"
"1617","M4","C4620083","1","141","C4620083 M4","baseline",0.0264788590600259,"141 baseline","1 baseline"
"1618","M4","C4620083","1","142","C4620083 M4","baseline",0.0264601016244053,"142 baseline","1 baseline"
"1619","M4","C4620083","1","143","C4620083 M4","baseline",0.0263491428299378,"143 baseline","1 baseline"
"1620","M4","C4620083","1","144","C4620083 M4","baseline",0.0262913125706481,"144 baseline","1 baseline"
"1621","M4","C4620083","1","145","C4620083 M4","baseline",0.0262002299940515,"145 baseline","1 baseline"
"1622","M4","C4620083","1","146","C4620083 M4","baseline",0.0260934346756535,"146 baseline","1 baseline"
"1623","M4","C4620083","1","147","C4620083 M4","baseline",0.0260057292239807,"147 baseline","1 baseline"
"1624","M4","C4620083","1","148","C4620083 M4","baseline",0.0259769615239722,"148 baseline","1 baseline"
"1625","M4","C4620083","1","149","C4620083 M4","baseline",0.0259497477550313,"149 baseline","1 baseline"
"1626","M4","C4620083","1","150","C4620083 M4","baseline",0.0257905042760563,"150 baseline","1 baseline"
"1627","M4","C4620083","1","151","C4620083 M4","baseline",0.0256513705420439,"151 baseline","1 baseline"
"1628","M4","C4620083","1","152","C4620083 M4","baseline",0.0255393112769625,"152 baseline","1 baseline"
"1629","M4","C4620083","1","153","C4620083 M4","baseline",0.0252213783632453,"153 baseline","1 baseline"
"1630","M4","C4620083","1","154","C4620083 M4","baseline",0.0251959084721508,"154 baseline","1 baseline"
"1631","M4","C4620083","1","155","C4620083 M4","baseline",0.0251883761358037,"155 baseline","1 baseline"
"1632","M4","C4620083","1","156","C4620083 M4","baseline",0.0250430473264978,"156 baseline","1 baseline"
"1633","M4","C4620083","1","157","C4620083 M4","baseline",0.024864138378735,"157 baseline","1 baseline"
"1634","M4","C4620083","1","158","C4620083 M4","baseline",0.024806171212716,"158 baseline","1 baseline"
"1635","M4","C4620083","1","159","C4620083 M4","baseline",0.0247686553189109,"159 baseline","1 baseline"
"1636","M4","C4620083","1","160","C4620083 M4","baseline",0.0247107142497501,"160 baseline","1 baseline"
"1637","M4","C4620083","1","161","C4620083 M4","baseline",0.0246502525011674,"161 baseline","1 baseline"
"1638","M4","C4620083","1","162","C4620083 M4","baseline",0.0245997151906491,"162 baseline","1 baseline"
"1639","M4","C4620083","1","163","C4620083 M4","baseline",0.0245367282860758,"163 baseline","1 baseline"
"1640","M4","C4620083","1","164","C4620083 M4","baseline",0.0244662011031565,"164 baseline","1 baseline"
"1641","M4","C4620083","1","165","C4620083 M4","baseline",0.0244103712133193,"165 baseline","1 baseline"
"1642","M4","C4620083","1","166","C4620083 M4","baseline",0.0242658942687373,"166 baseline","1 baseline"
"1643","M4","C4620083","1","167","C4620083 M4","baseline",0.0240403592502358,"167 baseline","1 baseline"
"1644","M4","C4620083","1","168","C4620083 M4","baseline",0.0239817359969437,"168 baseline","1 baseline"
"1645","M4","C4620083","1","169","C4620083 M4","baseline",0.023795085258624,"169 baseline","1 baseline"
"1646","M4","C4620083","1","170","C4620083 M4","baseline",0.0237649533366375,"170 baseline","1 baseline"
"1647","M4","C4620083","1","171","C4620083 M4","baseline",0.0237048719997189,"171 baseline","1 baseline"
"1648","M4","C4620083","1","172","C4620083 M4","baseline",0.0236996711168507,"172 baseline","1 baseline"
"1649","M4","C4620083","1","173","C4620083 M4","baseline",0.0236186000374777,"173 baseline","1 baseline"
"1650","M4","C4620083","1","174","C4620083 M4","baseline",0.0235970288866839,"174 baseline","1 baseline"
"1651","M4","C4620083","1","175","C4620083 M4","baseline",0.0233047291011008,"175 baseline","1 baseline"
"1652","M4","C4620083","1","176","C4620083 M4","baseline",0.0231614310979876,"176 baseline","1 baseline"
"1653","M4","C4620083","1","177","C4620083 M4","baseline",0.0228942821461925,"177 baseline","1 baseline"
"1654","M4","C4620083","1","178","C4620083 M4","baseline",0.0228468579653093,"178 baseline","1 baseline"
"1655","M4","C4620083","1","179","C4620083 M4","baseline",0.0227584827017673,"179 baseline","1 baseline"
"1656","M4","C4620083","1","180","C4620083 M4","baseline",0.0227044517650855,"180 baseline","1 baseline"
"1657","M4","C4620083","1","181","C4620083 M4","baseline",0.0226594307449889,"181 baseline","1 baseline"
"1658","M4","C4620083","1","182","C4620083 M4","baseline",0.0225375688829159,"182 baseline","1 baseline"
"1659","M4","C4620083","1","183","C4620083 M4","baseline",0.0224894035528642,"183 baseline","1 baseline"
"1660","M4","C4620083","1","184","C4620083 M4","baseline",0.0222851043275729,"184 baseline","1 baseline"
"1661","M4","C4620083","1","185","C4620083 M4","baseline",0.0222301740639153,"185 baseline","1 baseline"
"1662","M4","C4620083","1","186","C4620083 M4","baseline",0.0221592755852949,"186 baseline","1 baseline"
"1663","M4","C4620083","1","187","C4620083 M4","baseline",0.0221397308161698,"187 baseline","1 baseline"
"1664","M4","C4620083","1","188","C4620083 M4","baseline",0.0220862089486854,"188 baseline","1 baseline"
"1665","M4","C4620083","1","189","C4620083 M4","baseline",0.0220851011935317,"189 baseline","1 baseline"
"1666","M4","C4620083","1","190","C4620083 M4","baseline",0.0219649113671256,"190 baseline","1 baseline"
"1667","M4","C4620083","1","191","C4620083 M4","baseline",0.0218565159830382,"191 baseline","1 baseline"
"1668","M4","C4620083","1","192","C4620083 M4","baseline",0.0217508032698626,"192 baseline","1 baseline"
"1669","M4","C4620083","1","193","C4620083 M4","baseline",0.0216352710107691,"193 baseline","1 baseline"
"1670","M4","C4620083","1","194","C4620083 M4","baseline",0.0216150751687099,"194 baseline","1 baseline"
"1671","M4","C4620083","1","195","C4620083 M4","baseline",0.0214659681284127,"195 baseline","1 baseline"
"1672","M4","C4620083","1","196","C4620083 M4","baseline",0.0212800312852629,"196 baseline","1 baseline"
"1673","M4","C4620083","1","197","C4620083 M4","baseline",0.0211802064438531,"197 baseline","1 baseline"
"1674","M4","C4620083","1","198","C4620083 M4","baseline",0.0211742843705427,"198 baseline","1 baseline"
"1675","M4","C4620083","1","199","C4620083 M4","baseline",0.0211593684023242,"199 baseline","1 baseline"
"1676","M4","C4620083","1","200","C4620083 M4","baseline",0.0210260139678202,"200 baseline","1 baseline"
"1677","M4","C4620083","1","201","C4620083 M4","baseline",0.0208787523345239,"201 baseline","1 baseline"
"1678","M4","C4620083","1","202","C4620083 M4","baseline",0.0208759214396892,"202 baseline","1 baseline"
"1679","M4","C4620083","1","203","C4620083 M4","baseline",0.0208522031326468,"203 baseline","1 baseline"
"1680","M4","C4620083","1","204","C4620083 M4","baseline",0.0208372094987159,"204 baseline","1 baseline"
"1681","M4","C4620083","1","205","C4620083 M4","baseline",0.0207516826333563,"205 baseline","1 baseline"
"1682","M4","C4620083","1","206","C4620083 M4","baseline",0.0205446941101589,"206 baseline","1 baseline"
"1683","M4","C4620083","1","207","C4620083 M4","baseline",0.0205222076901474,"207 baseline","1 baseline"
"1684","M4","C4620083","1","208","C4620083 M4","baseline",0.0204896352894919,"208 baseline","1 baseline"
"1685","M4","C4620083","1","209","C4620083 M4","baseline",0.0203545855110521,"209 baseline","1 baseline"
"1686","M4","C4620083","1","210","C4620083 M4","baseline",0.0199009254280291,"210 baseline","1 baseline"
"1687","M4","C4620083","1","211","C4620083 M4","baseline",0.0195610726498146,"211 baseline","1 baseline"
"1688","M4","C4620083","1","212","C4620083 M4","baseline",0.0193989388867178,"212 baseline","1 baseline"
"1689","M4","C4620083","1","213","C4620083 M4","baseline",0.0193625848402413,"213 baseline","1 baseline"
"1690","M4","C4620083","1","214","C4620083 M4","baseline",0.0193121663915215,"214 baseline","1 baseline"
"1691","M4","C4620083","1","215","C4620083 M4","baseline",0.0192601934885808,"215 baseline","1 baseline"
"1692","M4","C4620083","1","216","C4620083 M4","baseline",0.0192409187632426,"216 baseline","1 baseline"
"1693","M4","C4620083","1","217","C4620083 M4","baseline",0.0191053592893292,"217 baseline","1 baseline"
"1694","M4","C4620083","1","218","C4620083 M4","baseline",0.0190148876934342,"218 baseline","1 baseline"
"1695","M4","C4620083","1","219","C4620083 M4","baseline",0.0187986636479876,"219 baseline","1 baseline"
"1696","M4","C4620083","1","220","C4620083 M4","baseline",0.0187740980726641,"220 baseline","1 baseline"
"1697","M4","C4620083","1","221","C4620083 M4","baseline",0.0187148950353095,"221 baseline","1 baseline"
"1698","M4","C4620083","1","222","C4620083 M4","baseline",0.0186062193439969,"222 baseline","1 baseline"
"1699","M4","C4620083","1","223","C4620083 M4","baseline",0.0184405720353175,"223 baseline","1 baseline"
"1700","M4","C4620083","1","224","C4620083 M4","baseline",0.0183265301149266,"224 baseline","1 baseline"
"1701","M4","C4620083","1","225","C4620083 M4","baseline",0.0182862781902905,"225 baseline","1 baseline"
"1702","M4","C4620083","1","226","C4620083 M4","baseline",0.0182829564193576,"226 baseline","1 baseline"
"1703","M4","C4620083","1","227","C4620083 M4","baseline",0.0181635049162961,"227 baseline","1 baseline"
"1704","M4","C4620083","1","228","C4620083 M4","baseline",0.017874835676783,"228 baseline","1 baseline"
"1705","M4","C4620083","1","229","C4620083 M4","baseline",0.017834056849779,"229 baseline","1 baseline"
"1706","M4","C4620083","1","230","C4620083 M4","baseline",0.0177733861493106,"230 baseline","1 baseline"
"1707","M4","C4620083","1","231","C4620083 M4","baseline",0.0177477229842958,"231 baseline","1 baseline"
"1708","M4","C4620083","1","232","C4620083 M4","baseline",0.0175614890870016,"232 baseline","1 baseline"
"1709","M4","C4620083","1","233","C4620083 M4","baseline",0.017458617598143,"233 baseline","1 baseline"
"1710","M4","C4620083","1","234","C4620083 M4","baseline",0.0172174905395556,"234 baseline","1 baseline"
"1711","M4","C4620083","1","235","C4620083 M4","baseline",0.0170776117995942,"235 baseline","1 baseline"
"1712","M4","C4620083","1","236","C4620083 M4","baseline",0.0169311926356039,"236 baseline","1 baseline"
"1713","M4","C4620083","1","237","C4620083 M4","baseline",0.0167787553917667,"237 baseline","1 baseline"
"1714","M4","C4620083","1","238","C4620083 M4","baseline",0.0166322981987946,"238 baseline","1 baseline"
"1715","M4","C4620083","1","239","C4620083 M4","baseline",0.0164924713847048,"239 baseline","1 baseline"
"1716","M4","C4620083","1","240","C4620083 M4","baseline",0.0164483856424153,"240 baseline","1 baseline"
"1717","M4","C4620083","1","241","C4620083 M4","baseline",0.0163935248777197,"241 baseline","1 baseline"
"1718","M4","C4620083","1","242","C4620083 M4","baseline",0.0162038079056706,"242 baseline","1 baseline"
"1719","M4","C4620083","1","243","C4620083 M4","baseline",0.0160725428149297,"243 baseline","1 baseline"
"1720","M4","C4620083","1","244","C4620083 M4","baseline",0.0160661178529138,"244 baseline","1 baseline"
"1721","M4","C4620083","1","245","C4620083 M4","baseline",0.01606477913189,"245 baseline","1 baseline"
"1722","M4","C4620083","1","246","C4620083 M4","baseline",0.016017018602545,"246 baseline","1 baseline"
"1723","M4","C4620083","1","247","C4620083 M4","baseline",0.0159572108731529,"247 baseline","1 baseline"
"1724","M4","C4620083","1","248","C4620083 M4","baseline",0.0158806035435095,"248 baseline","1 baseline"
"1725","M4","C4620083","1","249","C4620083 M4","baseline",0.0156808332962963,"249 baseline","1 baseline"
"1726","M4","C4620083","1","250","C4620083 M4","baseline",0.0153116668277323,"250 baseline","1 baseline"
"1727","M4","C4620083","1","251","C4620083 M4","baseline",0.0152365799894351,"251 baseline","1 baseline"
"1728","M4","C4620083","1","252","C4620083 M4","baseline",0.0151766465165933,"252 baseline","1 baseline"
"1729","M4","C4620083","1","253","C4620083 M4","baseline",0.0150386507288758,"253 baseline","1 baseline"
"1730","M4","C4620083","1","254","C4620083 M4","baseline",0.015034735156726,"254 baseline","1 baseline"
"1731","M4","C4620083","1","255","C4620083 M4","baseline",0.0149413810579612,"255 baseline","1 baseline"
"1732","M4","C4620083","1","256","C4620083 M4","baseline",0.014777603851683,"256 baseline","1 baseline"
"1733","M4","C4620083","1","257","C4620083 M4","baseline",0.0146651158337378,"257 baseline","1 baseline"
"1734","M4","C4620083","1","258","C4620083 M4","baseline",0.0145982253242272,"258 baseline","1 baseline"
"1735","M4","C4620083","1","259","C4620083 M4","baseline",0.0144714334931509,"259 baseline","1 baseline"
"1736","M4","C4620083","1","260","C4620083 M4","baseline",0.0144506518279344,"260 baseline","1 baseline"
"1737","M4","C4620083","1","261","C4620083 M4","baseline",0.0143771565365084,"261 baseline","1 baseline"
"1738","M4","C4620083","1","262","C4620083 M4","baseline",0.0142351231218202,"262 baseline","1 baseline"
"1739","M4","C4620083","1","263","C4620083 M4","baseline",0.0139407624197838,"263 baseline","1 baseline"
"1740","M4","C4620083","1","264","C4620083 M4","baseline",0.0138119242435894,"264 baseline","1 baseline"
"1741","M4","C4620083","1","265","C4620083 M4","baseline",0.013774744362368,"265 baseline","1 baseline"
"1742","M4","C4620083","1","266","C4620083 M4","baseline",0.0137686053126465,"266 baseline","1 baseline"
"1743","M4","C4620083","1","267","C4620083 M4","baseline",0.0136839755901343,"267 baseline","1 baseline"
"1744","M4","C4620083","1","268","C4620083 M4","baseline",0.0136726351922019,"268 baseline","1 baseline"
"1745","M4","C4620083","1","269","C4620083 M4","baseline",0.0135374897016009,"269 baseline","1 baseline"
"1746","M4","C4620083","1","270","C4620083 M4","baseline",0.0135278857248866,"270 baseline","1 baseline"
"1747","M4","C4620083","1","271","C4620083 M4","baseline",0.0134955112717958,"271 baseline","1 baseline"
"1748","M4","C4620083","1","272","C4620083 M4","baseline",0.0134535062161583,"272 baseline","1 baseline"
"1749","M4","C4620083","1","273","C4620083 M4","baseline",0.0134255546239217,"273 baseline","1 baseline"
"1750","M4","C4620083","1","274","C4620083 M4","baseline",0.0134082286458538,"274 baseline","1 baseline"
"1751","M4","C4620083","1","275","C4620083 M4","baseline",0.0133705633066895,"275 baseline","1 baseline"
"1752","M4","C4620083","1","276","C4620083 M4","baseline",0.013311498081797,"276 baseline","1 baseline"
"1753","M4","C4620083","1","277","C4620083 M4","baseline",0.0132784617852171,"277 baseline","1 baseline"
"1754","M4","C4620083","1","278","C4620083 M4","baseline",0.0131878604069102,"278 baseline","1 baseline"
"1755","M4","C4620083","1","279","C4620083 M4","baseline",0.0131838710188619,"279 baseline","1 baseline"
"1756","M4","C4620083","1","280","C4620083 M4","baseline",0.0131245987502605,"280 baseline","1 baseline"
"1757","M4","C4620083","1","281","C4620083 M4","baseline",0.0130152013844949,"281 baseline","1 baseline"
"1758","M4","C4620083","1","282","C4620083 M4","baseline",0.0130074881120244,"282 baseline","1 baseline"
"1759","M4","C4620083","1","283","C4620083 M4","baseline",0.0129435728212232,"283 baseline","1 baseline"
"1760","M4","C4620083","1","284","C4620083 M4","baseline",0.012713515430335,"284 baseline","1 baseline"
"1761","M4","C4620083","1","285","C4620083 M4","baseline",0.0126230006736142,"285 baseline","1 baseline"
"1762","M4","C4620083","1","286","C4620083 M4","baseline",0.0125313275574083,"286 baseline","1 baseline"
"1763","M4","C4620083","1","287","C4620083 M4","baseline",0.0124493402666353,"287 baseline","1 baseline"
"1764","M4","C4620083","1","288","C4620083 M4","baseline",0.0123932080962128,"288 baseline","1 baseline"
"1765","M4","C4620083","1","289","C4620083 M4","baseline",0.0123703371382785,"289 baseline","1 baseline"
"1766","M4","C4620083","1","290","C4620083 M4","baseline",0.0122995599901704,"290 baseline","1 baseline"
"1767","M4","C4620083","1","291","C4620083 M4","baseline",0.0122630978661092,"291 baseline","1 baseline"
"1768","M4","C4620083","1","292","C4620083 M4","baseline",0.0122179251421115,"292 baseline","1 baseline"
"1769","M4","C4620083","1","293","C4620083 M4","baseline",0.012031503582413,"293 baseline","1 baseline"
"1770","M4","C4620083","1","294","C4620083 M4","baseline",0.0118810719275097,"294 baseline","1 baseline"
"1771","M4","C4620083","1","295","C4620083 M4","baseline",0.0114709963743384,"295 baseline","1 baseline"
"1772","M4","C4620083","1","296","C4620083 M4","baseline",0.0114571293688319,"296 baseline","1 baseline"
"1773","M4","C4620083","1","297","C4620083 M4","baseline",0.0113890842613677,"297 baseline","1 baseline"
"1774","M4","C4620083","1","298","C4620083 M4","baseline",0.0113065017450743,"298 baseline","1 baseline"
"1775","M4","C4620083","1","299","C4620083 M4","baseline",0.0112796752658282,"299 baseline","1 baseline"
"1776","M4","C4620083","1","300","C4620083 M4","baseline",0.0112434913767611,"300 baseline","1 baseline"
"1777","M4","C4620083","1","301","C4620083 M4","baseline",0.0111925768928157,"301 baseline","1 baseline"
"1778","M4","C4620083","1","302","C4620083 M4","baseline",0.0111289379930384,"302 baseline","1 baseline"
"1779","M4","C4620083","1","303","C4620083 M4","baseline",0.0110585006163591,"303 baseline","1 baseline"
"1780","M4","C4620083","1","304","C4620083 M4","baseline",0.0110543928858598,"304 baseline","1 baseline"
"1781","M4","C4620083","1","305","C4620083 M4","baseline",0.0108369691832912,"305 baseline","1 baseline"
"1782","M4","C4620083","1","306","C4620083 M4","baseline",0.0108288112875422,"306 baseline","1 baseline"
"1783","M4","C4620083","1","307","C4620083 M4","baseline",0.0107999675098499,"307 baseline","1 baseline"
"1784","M4","C4620083","1","308","C4620083 M4","baseline",0.0107597555237277,"308 baseline","1 baseline"
"1785","M4","C4620083","1","309","C4620083 M4","baseline",0.010223036699298,"309 baseline","1 baseline"
"1786","M4","C4620083","1","310","C4620083 M4","baseline",0.0102030571355438,"310 baseline","1 baseline"
"1787","M4","C4620083","1","311","C4620083 M4","baseline",0.0100721054454911,"311 baseline","1 baseline"
"1788","M4","C4620083","1","312","C4620083 M4","baseline",0.0100527603027762,"312 baseline","1 baseline"
"1789","M4","C4620083","1","313","C4620083 M4","baseline",0.010029389562855,"313 baseline","1 baseline"
"1790","M4","C4620083","1","314","C4620083 M4","baseline",0.00997734547048484,"314 baseline","1 baseline"
"1791","M4","C4620083","1","315","C4620083 M4","baseline",0.0099505615912764,"315 baseline","1 baseline"
"1792","M4","C4620083","1","316","C4620083 M4","baseline",0.00983445604270659,"316 baseline","1 baseline"
"1793","M4","C4620083","1","317","C4620083 M4","baseline",0.0096528474998459,"317 baseline","1 baseline"
"1794","M4","C4620083","1","318","C4620083 M4","baseline",0.00953458370841986,"318 baseline","1 baseline"
"1795","M4","C4620083","1","319","C4620083 M4","baseline",0.00946255206814928,"319 baseline","1 baseline"
"1796","M4","C4620083","1","320","C4620083 M4","baseline",0.00919228035321372,"320 baseline","1 baseline"
"1797","M4","C4620083","1","321","C4620083 M4","baseline",0.00917096952495406,"321 baseline","1 baseline"
"1798","M4","C4620083","1","322","C4620083 M4","baseline",0.00914722929925402,"322 baseline","1 baseline"
"1799","M4","C4620083","1","323","C4620083 M4","baseline",0.00909135148902978,"323 baseline","1 baseline"
"1800","M4","C4620083","1","324","C4620083 M4","baseline",0.00897953067557751,"324 baseline","1 baseline"
"1801","M4","C4620083","1","325","C4620083 M4","baseline",0.00892389590503391,"325 baseline","1 baseline"
"1802","M4","C4620083","1","326","C4620083 M4","baseline",0.00891106527410375,"326 baseline","1 baseline"
"1803","M4","C4620083","1","327","C4620083 M4","baseline",0.00879183818598617,"327 baseline","1 baseline"
"1804","M4","C4620083","1","328","C4620083 M4","baseline",0.00876245089950885,"328 baseline","1 baseline"
"1805","M4","C4620083","1","329","C4620083 M4","baseline",0.00874298665773159,"329 baseline","1 baseline"
"1806","M4","C4620083","1","330","C4620083 M4","baseline",0.00863383301156754,"330 baseline","1 baseline"
"1807","M4","C4620083","1","331","C4620083 M4","baseline",0.0085404846391625,"331 baseline","1 baseline"
"1808","M4","C4620083","1","332","C4620083 M4","baseline",0.00853316232999574,"332 baseline","1 baseline"
"1809","M4","C4620083","1","333","C4620083 M4","baseline",0.00820047546530149,"333 baseline","1 baseline"
"1810","M4","C4620083","1","334","C4620083 M4","baseline",0.00815092983889163,"334 baseline","1 baseline"
"1811","M4","C4620083","1","335","C4620083 M4","baseline",0.00784861312796074,"335 baseline","1 baseline"
"1812","M4","C4620083","1","336","C4620083 M4","baseline",0.00783037056500084,"336 baseline","1 baseline"
"1813","M4","C4620083","1","337","C4620083 M4","baseline",0.00766970482845382,"337 baseline","1 baseline"
"1814","M4","C4620083","1","338","C4620083 M4","baseline",0.00764115987985397,"338 baseline","1 baseline"
"1815","M4","C4620083","1","339","C4620083 M4","baseline",0.00761758836959456,"339 baseline","1 baseline"
"1816","M4","C4620083","1","340","C4620083 M4","baseline",0.00734896533341954,"340 baseline","1 baseline"
"1817","M4","C4620083","1","341","C4620083 M4","baseline",0.00731878272963736,"341 baseline","1 baseline"
"1818","M4","C4620083","1","342","C4620083 M4","baseline",0.00709728855533917,"342 baseline","1 baseline"
"1819","M4","C4620083","1","343","C4620083 M4","baseline",0.00699441322303048,"343 baseline","1 baseline"
"1820","M4","C4620083","1","344","C4620083 M4","baseline",0.00699102513389601,"344 baseline","1 baseline"
"1821","M4","C4620083","1","345","C4620083 M4","baseline",0.00667385626900443,"345 baseline","1 baseline"
"1822","M4","C4620083","1","346","C4620083 M4","baseline",0.00633746413160819,"346 baseline","1 baseline"
"1823","M4","C4620083","1","347","C4620083 M4","baseline",0.00630785766725843,"347 baseline","1 baseline"
"1824","M4","C4620083","1","348","C4620083 M4","baseline",0.00626527854252331,"348 baseline","1 baseline"
"1825","M4","C4620083","1","349","C4620083 M4","baseline",0.00623440358099073,"349 baseline","1 baseline"
"1826","M4","C4620083","1","350","C4620083 M4","baseline",0.00621104252929987,"350 baseline","1 baseline"
"1827","M4","C4620083","1","351","C4620083 M4","baseline",0.00602114275846023,"351 baseline","1 baseline"
"1828","M4","C4620083","1","352","C4620083 M4","baseline",0.00588081706376304,"352 baseline","1 baseline"
"1829","M4","C4620083","1","353","C4620083 M4","baseline",0.00573757364563054,"353 baseline","1 baseline"
"1830","M4","C4620083","1","354","C4620083 M4","baseline",0.00560333922520915,"354 baseline","1 baseline"
"1831","M4","C4620083","1","355","C4620083 M4","baseline",0.0054419505521027,"355 baseline","1 baseline"
"1832","M4","C4620083","1","356","C4620083 M4","baseline",0.00520181004348927,"356 baseline","1 baseline"
"1833","M4","C4620083","1","357","C4620083 M4","baseline",0.00518309200513701,"357 baseline","1 baseline"
"1834","M4","C4620083","1","358","C4620083 M4","baseline",0.00516798243070695,"358 baseline","1 baseline"
"1835","M4","C4620083","1","359","C4620083 M4","baseline",0.00516726127237596,"359 baseline","1 baseline"
"1836","M4","C4620083","1","360","C4620083 M4","baseline",0.00503034132522732,"360 baseline","1 baseline"
"1837","M4","C4620083","1","361","C4620083 M4","baseline",0.00481181157479292,"361 baseline","1 baseline"
"1838","M4","C4620083","1","362","C4620083 M4","baseline",0.00463879766128732,"362 baseline","1 baseline"
"1839","M4","C4620083","1","363","C4620083 M4","baseline",0.00461165563849571,"363 baseline","1 baseline"
"1840","M4","C4620083","1","364","C4620083 M4","baseline",0.00441874996774879,"364 baseline","1 baseline"
"1841","M4","C4620083","1","365","C4620083 M4","baseline",0.00441744952997315,"365 baseline","1 baseline"
"1842","M4","C4620083","1","366","C4620083 M4","baseline",0.00424388101790839,"366 baseline","1 baseline"
"1843","M4","C4620083","1","367","C4620083 M4","baseline",0.00423634849691644,"367 baseline","1 baseline"
"1844","M4","C4620083","1","368","C4620083 M4","baseline",0.00421555276015823,"368 baseline","1 baseline"
"1845","M4","C4620083","1","369","C4620083 M4","baseline",0.00417486029582138,"369 baseline","1 baseline"
"1846","M4","C4620083","1","370","C4620083 M4","baseline",0.00387444577812119,"370 baseline","1 baseline"
"1847","M4","C4620083","1","371","C4620083 M4","baseline",0.00374316734034753,"371 baseline","1 baseline"
"1848","M4","C4620083","1","372","C4620083 M4","baseline",0.00352527397005801,"372 baseline","1 baseline"
"1849","M4","C4620083","1","373","C4620083 M4","baseline",0.00332580926675666,"373 baseline","1 baseline"
"1850","M4","C4620083","1","374","C4620083 M4","baseline",0.00319389933791106,"374 baseline","1 baseline"
"1851","M4","C4620083","1","375","C4620083 M4","baseline",0.00265924976209862,"375 baseline","1 baseline"
"1852","M4","C4620083","1","376","C4620083 M4","baseline",0.00246769146691662,"376 baseline","1 baseline"
"1853","M4","C4620083","1","377","C4620083 M4","baseline",0.00233746356030611,"377 baseline","1 baseline"
"1854","M4","C4620083","1","378","C4620083 M4","baseline",0.00231291190532349,"378 baseline","1 baseline"
"1855","M4","C4620083","1","379","C4620083 M4","baseline",0.00231187075497369,"379 baseline","1 baseline"
"1856","M4","C4620083","1","380","C4620083 M4","baseline",0.00113396269487678,"380 baseline","1 baseline"
"1857","M4","C4620083","1","381","C4620083 M4","baseline",0.000955551342300685,"381 baseline","1 baseline"
"1858","M4","C4620083","1","382","C4620083 M4","baseline",0.000943192173189102,"382 baseline","1 baseline"
"1859","M4","C4620083","1","383","C4620083 M4","baseline",0.00072573133319334,"383 baseline","1 baseline"
"1860","M4","C4620083","1","384","C4620083 M4","baseline",0.000601538594027356,"384 baseline","1 baseline"
"1861","M4","C4620083","1","385","C4620083 M4","baseline",0.000448298537887678,"385 baseline","1 baseline"
"1862","M4","C4620083","1","386","C4620083 M4","baseline",0.000200113704334814,"386 baseline","1 baseline"
"1863","M4","C4620083","1","387","C4620083 M4","baseline",-0.000213967270793579,"387 baseline","1 baseline"
"1864","M4","C4620083","1","388","C4620083 M4","baseline",-0.000365107866819483,"388 baseline","1 baseline"
"1865","M4","C4620083","1","389","C4620083 M4","baseline",-0.000766986546350103,"389 baseline","1 baseline"
"1866","M4","C4620083","1","390","C4620083 M4","baseline",-0.000999871533408914,"390 baseline","1 baseline"
"1867","M4","C4620083","1","391","C4620083 M4","baseline",-0.00103582950436581,"391 baseline","1 baseline"
"1868","M4","C4620083","1","392","C4620083 M4","baseline",-0.00109932069781491,"392 baseline","1 baseline"
"1869","M4","C4620083","1","393","C4620083 M4","baseline",-0.0011371408316638,"393 baseline","1 baseline"
"1870","M4","C4620083","1","394","C4620083 M4","baseline",-0.00228508074889009,"394 baseline","1 baseline"
"1871","M4","C4620083","1","395","C4620083 M4","baseline",-0.00236653848948106,"395 baseline","1 baseline"
"1872","M4","C4620083","1","396","C4620083 M4","baseline",-0.00248905357348414,"396 baseline","1 baseline"
"1873","M4","C4620083","1","397","C4620083 M4","baseline",-0.00260272744783802,"397 baseline","1 baseline"
"1874","M4","C4620083","1","398","C4620083 M4","baseline",-0.00311170872094783,"398 baseline","1 baseline"
"1875","M4","C4620083","1","399","C4620083 M4","baseline",-0.00313924451583406,"399 baseline","1 baseline"
"1876","M4","C4620083","1","400","C4620083 M4","baseline",-0.0034686587343311,"400 baseline","1 baseline"
"1877","M4","C4620083","1","401","C4620083 M4","baseline",-0.00369171918643275,"401 baseline","1 baseline"
"1878","M4","C4620083","1","402","C4620083 M4","baseline",-0.00375088918227901,"402 baseline","1 baseline"
"1879","M4","C4620083","1","403","C4620083 M4","baseline",-0.0040413715411181,"403 baseline","1 baseline"
"1880","M4","C4620083","1","404","C4620083 M4","baseline",-0.00405068062109407,"404 baseline","1 baseline"
"1881","M4","C4620083","1","405","C4620083 M4","baseline",-0.00422995258404021,"405 baseline","1 baseline"
"1882","M4","C4620083","1","406","C4620083 M4","baseline",-0.00426585795626185,"406 baseline","1 baseline"
"1883","M4","C4620083","1","407","C4620083 M4","baseline",-0.00443597425772261,"407 baseline","1 baseline"
"1884","M4","C4620083","1","408","C4620083 M4","baseline",-0.00491708878763857,"408 baseline","1 baseline"
"1885","M4","C4620083","1","409","C4620083 M4","baseline",-0.00507177232617207,"409 baseline","1 baseline"
"1886","M4","C4620083","1","410","C4620083 M4","baseline",-0.00641126486594971,"410 baseline","1 baseline"
"1887","M4","C4620083","1","411","C4620083 M4","baseline",-0.0065759566053245,"411 baseline","1 baseline"
"1888","M4","C4620083","1","412","C4620083 M4","baseline",-0.00766448674543908,"412 baseline","1 baseline"
"1889","M4","C4620083","1","413","C4620083 M4","baseline",-0.00787288160059744,"413 baseline","1 baseline"
"1890","M4","C4620083","1","414","C4620083 M4","baseline",-0.00841774693127774,"414 baseline","1 baseline"
"1891","M4","C4620083","1","415","C4620083 M4","baseline",-0.00848326761849185,"415 baseline","1 baseline"
"1892","M4","C4620083","1","416","C4620083 M4","baseline",-0.0093232246614563,"416 baseline","1 baseline"
"1893","M4","C4620083","1","417","C4620083 M4","baseline",-0.00934500447786355,"417 baseline","1 baseline"
"1894","M4","C4620083","1","418","C4620083 M4","baseline",-0.00948952927366893,"418 baseline","1 baseline"
"1895","M4","C4620083","1","419","C4620083 M4","baseline",-0.00953173023197497,"419 baseline","1 baseline"
"1896","M4","C4620083","1","420","C4620083 M4","baseline",-0.00957566935938422,"420 baseline","1 baseline"
"1897","M4","C4620083","1","421","C4620083 M4","baseline",-0.010237336960133,"421 baseline","1 baseline"
"1898","M4","C4620083","1","422","C4620083 M4","baseline",-0.012816577052953,"422 baseline","1 baseline"
"1899","M4","C4620083","1","423","C4620083 M4","baseline",-0.0198488570605395,"423 baseline","1 baseline"
"1900","M4","C4620083","1","424","C4620083 M4","baseline",-0.0222899722722623,"424 baseline","1 baseline"
"1901","M4","C4620083","1","425","C4620083 M4","baseline",-0.0416613253810334,"425 baseline","1 baseline"
"1902","M2","C4620081","1","0","C4620081 M2","baseline",0.151827429408177,"0 baseline","1 baseline"
"1903","M2","C4620081","1","1","C4620081 M2","baseline",0.14845543956724,"1 baseline","1 baseline"
"1904","M2","C4620081","1","2","C4620081 M2","baseline",0.145458899618773,"2 baseline","1 baseline"
"1905","M2","C4620081","1","3","C4620081 M2","baseline",0.143560174432978,"3 baseline","1 baseline"
"1906","M2","C4620081","1","4","C4620081 M2","baseline",0.141100514287966,"4 baseline","1 baseline"
"1907","M2","C4620081","1","5","C4620081 M2","baseline",0.139584105811244,"5 baseline","1 baseline"
"1908","M2","C4620081","1","6","C4620081 M2","baseline",0.136540067724617,"6 baseline","1 baseline"
"1909","M2","C4620081","1","7","C4620081 M2","baseline",0.134911888653521,"7 baseline","1 baseline"
"1910","M2","C4620081","1","8","C4620081 M2","baseline",0.134829247584935,"8 baseline","1 baseline"
"1911","M2","C4620081","1","9","C4620081 M2","baseline",0.132650700345538,"9 baseline","1 baseline"
"1912","M2","C4620081","1","10","C4620081 M2","baseline",0.130476862928313,"10 baseline","1 baseline"
"1913","M2","C4620081","1","11","C4620081 M2","baseline",0.128056335104168,"11 baseline","1 baseline"
"1914","M2","C4620081","1","12","C4620081 M2","baseline",0.127720626369999,"12 baseline","1 baseline"
"1915","M2","C4620081","1","13","C4620081 M2","baseline",0.127678108747405,"13 baseline","1 baseline"
"1916","M2","C4620081","1","14","C4620081 M2","baseline",0.12691213260735,"14 baseline","1 baseline"
"1917","M2","C4620081","1","15","C4620081 M2","baseline",0.126192954846226,"15 baseline","1 baseline"
"1918","M2","C4620081","1","16","C4620081 M2","baseline",0.125250756049645,"16 baseline","1 baseline"
"1919","M2","C4620081","1","17","C4620081 M2","baseline",0.124193412622032,"17 baseline","1 baseline"
"1920","M2","C4620081","1","18","C4620081 M2","baseline",0.123722300154257,"18 baseline","1 baseline"
"1921","M2","C4620081","1","19","C4620081 M2","baseline",0.123463718802568,"19 baseline","1 baseline"
"1922","M2","C4620081","1","20","C4620081 M2","baseline",0.123316506510758,"20 baseline","1 baseline"
"1923","M2","C4620081","1","21","C4620081 M2","baseline",0.122864292118888,"21 baseline","1 baseline"
"1924","M2","C4620081","1","22","C4620081 M2","baseline",0.122591735096612,"22 baseline","1 baseline"
"1925","M2","C4620081","1","23","C4620081 M2","baseline",0.121941300281285,"23 baseline","1 baseline"
"1926","M2","C4620081","1","24","C4620081 M2","baseline",0.121842623728684,"24 baseline","1 baseline"
"1927","M2","C4620081","1","25","C4620081 M2","baseline",0.121505492184782,"25 baseline","1 baseline"
"1928","M2","C4620081","1","26","C4620081 M2","baseline",0.121270887420892,"26 baseline","1 baseline"
"1929","M2","C4620081","1","27","C4620081 M2","baseline",0.121085681333404,"27 baseline","1 baseline"
"1930","M2","C4620081","1","28","C4620081 M2","baseline",0.120947722789547,"28 baseline","1 baseline"
"1931","M2","C4620081","1","29","C4620081 M2","baseline",0.120440760413487,"29 baseline","1 baseline"
"1932","M2","C4620081","1","30","C4620081 M2","baseline",0.119616377561051,"30 baseline","1 baseline"
"1933","M2","C4620081","1","31","C4620081 M2","baseline",0.118795266628431,"31 baseline","1 baseline"
"1934","M2","C4620081","1","32","C4620081 M2","baseline",0.117273938633381,"32 baseline","1 baseline"
"1935","M2","C4620081","1","33","C4620081 M2","baseline",0.11705446587127,"33 baseline","1 baseline"
"1936","M2","C4620081","1","34","C4620081 M2","baseline",0.115503345467784,"34 baseline","1 baseline"
"1937","M2","C4620081","1","35","C4620081 M2","baseline",0.114073894456383,"35 baseline","1 baseline"
"1938","M2","C4620081","1","36","C4620081 M2","baseline",0.113844807632921,"36 baseline","1 baseline"
"1939","M2","C4620081","1","37","C4620081 M2","baseline",0.113506096181176,"37 baseline","1 baseline"
"1940","M2","C4620081","1","38","C4620081 M2","baseline",0.113380066240465,"38 baseline","1 baseline"
"1941","M2","C4620081","1","39","C4620081 M2","baseline",0.112527171908775,"39 baseline","1 baseline"
"1942","M2","C4620081","1","40","C4620081 M2","baseline",0.112423686835692,"40 baseline","1 baseline"
"1943","M2","C4620081","1","41","C4620081 M2","baseline",0.110587796432468,"41 baseline","1 baseline"
"1944","M2","C4620081","1","42","C4620081 M2","baseline",0.109836972665538,"42 baseline","1 baseline"
"1945","M2","C4620081","1","43","C4620081 M2","baseline",0.109712535527721,"43 baseline","1 baseline"
"1946","M2","C4620081","1","44","C4620081 M2","baseline",0.109480042786622,"44 baseline","1 baseline"
"1947","M2","C4620081","1","45","C4620081 M2","baseline",0.109041524440961,"45 baseline","1 baseline"
"1948","M2","C4620081","1","46","C4620081 M2","baseline",0.108432115280303,"46 baseline","1 baseline"
"1949","M2","C4620081","1","47","C4620081 M2","baseline",0.108299097094109,"47 baseline","1 baseline"
"1950","M2","C4620081","1","48","C4620081 M2","baseline",0.106416744988381,"48 baseline","1 baseline"
"1951","M2","C4620081","1","49","C4620081 M2","baseline",0.106155715441737,"49 baseline","1 baseline"
"1952","M2","C4620081","1","50","C4620081 M2","baseline",0.104893165003004,"50 baseline","1 baseline"
"1953","M2","C4620081","1","51","C4620081 M2","baseline",0.104444063095571,"51 baseline","1 baseline"
"1954","M2","C4620081","1","52","C4620081 M2","baseline",0.10404806475333,"52 baseline","1 baseline"
"1955","M2","C4620081","1","53","C4620081 M2","baseline",0.103921442614341,"53 baseline","1 baseline"
"1956","M2","C4620081","1","54","C4620081 M2","baseline",0.103902588920383,"54 baseline","1 baseline"
"1957","M2","C4620081","1","55","C4620081 M2","baseline",0.103605668289422,"55 baseline","1 baseline"
"1958","M2","C4620081","1","56","C4620081 M2","baseline",0.103502280704449,"56 baseline","1 baseline"
"1959","M2","C4620081","1","57","C4620081 M2","baseline",0.103006336280943,"57 baseline","1 baseline"
"1960","M2","C4620081","1","58","C4620081 M2","baseline",0.102374379127437,"58 baseline","1 baseline"
"1961","M2","C4620081","1","59","C4620081 M2","baseline",0.102004558383292,"59 baseline","1 baseline"
"1962","M2","C4620081","1","60","C4620081 M2","baseline",0.101966608464102,"60 baseline","1 baseline"
"1963","M2","C4620081","1","61","C4620081 M2","baseline",0.101949162224235,"61 baseline","1 baseline"
"1964","M2","C4620081","1","62","C4620081 M2","baseline",0.101924372192018,"62 baseline","1 baseline"
"1965","M2","C4620081","1","63","C4620081 M2","baseline",0.100308927896986,"63 baseline","1 baseline"
"1966","M2","C4620081","1","64","C4620081 M2","baseline",0.100029573212952,"64 baseline","1 baseline"
"1967","M2","C4620081","1","65","C4620081 M2","baseline",0.0996119866805846,"65 baseline","1 baseline"
"1968","M2","C4620081","1","66","C4620081 M2","baseline",0.0992942204665932,"66 baseline","1 baseline"
"1969","M2","C4620081","1","67","C4620081 M2","baseline",0.0990197805970968,"67 baseline","1 baseline"
"1970","M2","C4620081","1","68","C4620081 M2","baseline",0.0988653253484079,"68 baseline","1 baseline"
"1971","M2","C4620081","1","69","C4620081 M2","baseline",0.098512800404645,"69 baseline","1 baseline"
"1972","M2","C4620081","1","70","C4620081 M2","baseline",0.0981496408379384,"70 baseline","1 baseline"
"1973","M2","C4620081","1","71","C4620081 M2","baseline",0.0979873427715192,"71 baseline","1 baseline"
"1974","M2","C4620081","1","72","C4620081 M2","baseline",0.0978292110346823,"72 baseline","1 baseline"
"1975","M2","C4620081","1","73","C4620081 M2","baseline",0.0976487266456637,"73 baseline","1 baseline"
"1976","M2","C4620081","1","74","C4620081 M2","baseline",0.0975923200752121,"74 baseline","1 baseline"
"1977","M2","C4620081","1","75","C4620081 M2","baseline",0.0973292370333818,"75 baseline","1 baseline"
"1978","M2","C4620081","1","76","C4620081 M2","baseline",0.0968945471067569,"76 baseline","1 baseline"
"1979","M2","C4620081","1","77","C4620081 M2","baseline",0.0967278080942872,"77 baseline","1 baseline"
"1980","M2","C4620081","1","78","C4620081 M2","baseline",0.0966460212210036,"78 baseline","1 baseline"
"1981","M2","C4620081","1","79","C4620081 M2","baseline",0.096459683959579,"79 baseline","1 baseline"
"1982","M2","C4620081","1","80","C4620081 M2","baseline",0.096131897714508,"80 baseline","1 baseline"
"1983","M2","C4620081","1","81","C4620081 M2","baseline",0.0960942951000457,"81 baseline","1 baseline"
"1984","M2","C4620081","1","82","C4620081 M2","baseline",0.0958012693298605,"82 baseline","1 baseline"
"1985","M2","C4620081","1","83","C4620081 M2","baseline",0.0956929791864527,"83 baseline","1 baseline"
"1986","M2","C4620081","1","84","C4620081 M2","baseline",0.095582321926745,"84 baseline","1 baseline"
"1987","M2","C4620081","1","85","C4620081 M2","baseline",0.0955240216400214,"85 baseline","1 baseline"
"1988","M2","C4620081","1","86","C4620081 M2","baseline",0.0953300277873177,"86 baseline","1 baseline"
"1989","M2","C4620081","1","87","C4620081 M2","baseline",0.0952687333071628,"87 baseline","1 baseline"
"1990","M2","C4620081","1","88","C4620081 M2","baseline",0.0945749990400684,"88 baseline","1 baseline"
"1991","M2","C4620081","1","89","C4620081 M2","baseline",0.0940526958492267,"89 baseline","1 baseline"
"1992","M2","C4620081","1","90","C4620081 M2","baseline",0.0939043155248247,"90 baseline","1 baseline"
"1993","M2","C4620081","1","91","C4620081 M2","baseline",0.0938476644083145,"91 baseline","1 baseline"
"1994","M2","C4620081","1","92","C4620081 M2","baseline",0.0935274568808795,"92 baseline","1 baseline"
"1995","M2","C4620081","1","93","C4620081 M2","baseline",0.0932845652339666,"93 baseline","1 baseline"
"1996","M2","C4620081","1","94","C4620081 M2","baseline",0.0928440247216903,"94 baseline","1 baseline"
"1997","M2","C4620081","1","95","C4620081 M2","baseline",0.0926607139347953,"95 baseline","1 baseline"
"1998","M2","C4620081","1","96","C4620081 M2","baseline",0.0926485942261829,"96 baseline","1 baseline"
"1999","M2","C4620081","1","97","C4620081 M2","baseline",0.0925073977642548,"97 baseline","1 baseline"
"2000","M2","C4620081","1","98","C4620081 M2","baseline",0.0924053106461525,"98 baseline","1 baseline"
"2001","M2","C4620081","1","99","C4620081 M2","baseline",0.0921277327088089,"99 baseline","1 baseline"
"2002","M2","C4620081","1","100","C4620081 M2","baseline",0.0919935101747245,"100 baseline","1 baseline"
"2003","M2","C4620081","1","101","C4620081 M2","baseline",0.091918667371091,"101 baseline","1 baseline"
"2004","M2","C4620081","1","102","C4620081 M2","baseline",0.0918749715016937,"102 baseline","1 baseline"
"2005","M2","C4620081","1","103","C4620081 M2","baseline",0.0917418622332508,"103 baseline","1 baseline"
"2006","M2","C4620081","1","104","C4620081 M2","baseline",0.0916199245495659,"104 baseline","1 baseline"
"2007","M2","C4620081","1","105","C4620081 M2","baseline",0.0912016037535824,"105 baseline","1 baseline"
"2008","M2","C4620081","1","106","C4620081 M2","baseline",0.0910959646006767,"106 baseline","1 baseline"
"2009","M2","C4620081","1","107","C4620081 M2","baseline",0.0909833301768857,"107 baseline","1 baseline"
"2010","M2","C4620081","1","108","C4620081 M2","baseline",0.0906963459975203,"108 baseline","1 baseline"
"2011","M2","C4620081","1","109","C4620081 M2","baseline",0.0906881463654191,"109 baseline","1 baseline"
"2012","M2","C4620081","1","110","C4620081 M2","baseline",0.0906282623221452,"110 baseline","1 baseline"
"2013","M2","C4620081","1","111","C4620081 M2","baseline",0.090533349554514,"111 baseline","1 baseline"
"2014","M2","C4620081","1","112","C4620081 M2","baseline",0.0902388401498827,"112 baseline","1 baseline"
"2015","M2","C4620081","1","113","C4620081 M2","baseline",0.0901992190242446,"113 baseline","1 baseline"
"2016","M2","C4620081","1","114","C4620081 M2","baseline",0.0900296693692649,"114 baseline","1 baseline"
"2017","M2","C4620081","1","115","C4620081 M2","baseline",0.0898198975670616,"115 baseline","1 baseline"
"2018","M2","C4620081","1","116","C4620081 M2","baseline",0.089425897446688,"116 baseline","1 baseline"
"2019","M2","C4620081","1","117","C4620081 M2","baseline",0.0894243197854474,"117 baseline","1 baseline"
"2020","M2","C4620081","1","118","C4620081 M2","baseline",0.0893098038520092,"118 baseline","1 baseline"
"2021","M2","C4620081","1","119","C4620081 M2","baseline",0.0890525496589594,"119 baseline","1 baseline"
"2022","M2","C4620081","1","120","C4620081 M2","baseline",0.0889845066898802,"120 baseline","1 baseline"
"2023","M2","C4620081","1","121","C4620081 M2","baseline",0.0888876057989078,"121 baseline","1 baseline"
"2024","M2","C4620081","1","122","C4620081 M2","baseline",0.0887958608535665,"122 baseline","1 baseline"
"2025","M2","C4620081","1","123","C4620081 M2","baseline",0.0886631841978843,"123 baseline","1 baseline"
"2026","M2","C4620081","1","124","C4620081 M2","baseline",0.0882534286965039,"124 baseline","1 baseline"
"2027","M2","C4620081","1","125","C4620081 M2","baseline",0.0880668316958003,"125 baseline","1 baseline"
"2028","M2","C4620081","1","126","C4620081 M2","baseline",0.0879043822989521,"126 baseline","1 baseline"
"2029","M2","C4620081","1","127","C4620081 M2","baseline",0.0873679320158349,"127 baseline","1 baseline"
"2030","M2","C4620081","1","128","C4620081 M2","baseline",0.0868951440725391,"128 baseline","1 baseline"
"2031","M2","C4620081","1","129","C4620081 M2","baseline",0.0867319527221757,"129 baseline","1 baseline"
"2032","M2","C4620081","1","130","C4620081 M2","baseline",0.0865149328000153,"130 baseline","1 baseline"
"2033","M2","C4620081","1","131","C4620081 M2","baseline",0.0863038740317013,"131 baseline","1 baseline"
"2034","M2","C4620081","1","132","C4620081 M2","baseline",0.0858562122453339,"132 baseline","1 baseline"
"2035","M2","C4620081","1","133","C4620081 M2","baseline",0.0857411326430329,"133 baseline","1 baseline"
"2036","M2","C4620081","1","134","C4620081 M2","baseline",0.0853026966687331,"134 baseline","1 baseline"
"2037","M2","C4620081","1","135","C4620081 M2","baseline",0.085238626332254,"135 baseline","1 baseline"
"2038","M2","C4620081","1","136","C4620081 M2","baseline",0.0851763762881201,"136 baseline","1 baseline"
"2039","M2","C4620081","1","137","C4620081 M2","baseline",0.0849678314183803,"137 baseline","1 baseline"
"2040","M2","C4620081","1","138","C4620081 M2","baseline",0.083263882608699,"138 baseline","1 baseline"
"2041","M2","C4620081","1","139","C4620081 M2","baseline",0.0832533565186263,"139 baseline","1 baseline"
"2042","M2","C4620081","1","140","C4620081 M2","baseline",0.0832011709240132,"140 baseline","1 baseline"
"2043","M2","C4620081","1","141","C4620081 M2","baseline",0.0830582323154712,"141 baseline","1 baseline"
"2044","M2","C4620081","1","142","C4620081 M2","baseline",0.0829840568029456,"142 baseline","1 baseline"
"2045","M2","C4620081","1","143","C4620081 M2","baseline",0.0829286843753365,"143 baseline","1 baseline"
"2046","M2","C4620081","1","144","C4620081 M2","baseline",0.0828718146331302,"144 baseline","1 baseline"
"2047","M2","C4620081","1","145","C4620081 M2","baseline",0.0825634860536947,"145 baseline","1 baseline"
"2048","M2","C4620081","1","146","C4620081 M2","baseline",0.0824517391606148,"146 baseline","1 baseline"
"2049","M2","C4620081","1","147","C4620081 M2","baseline",0.082216875088237,"147 baseline","1 baseline"
"2050","M2","C4620081","1","148","C4620081 M2","baseline",0.0820450290338573,"148 baseline","1 baseline"
"2051","M2","C4620081","1","149","C4620081 M2","baseline",0.0820249210048556,"149 baseline","1 baseline"
"2052","M2","C4620081","1","150","C4620081 M2","baseline",0.0812108955348525,"150 baseline","1 baseline"
"2053","M2","C4620081","1","151","C4620081 M2","baseline",0.0809813661753495,"151 baseline","1 baseline"
"2054","M2","C4620081","1","152","C4620081 M2","baseline",0.0809088509192696,"152 baseline","1 baseline"
"2055","M2","C4620081","1","153","C4620081 M2","baseline",0.080720289747269,"153 baseline","1 baseline"
"2056","M2","C4620081","1","154","C4620081 M2","baseline",0.0804456789020066,"154 baseline","1 baseline"
"2057","M2","C4620081","1","155","C4620081 M2","baseline",0.0803392884484994,"155 baseline","1 baseline"
"2058","M2","C4620081","1","156","C4620081 M2","baseline",0.0799773772316181,"156 baseline","1 baseline"
"2059","M2","C4620081","1","157","C4620081 M2","baseline",0.0798994642985911,"157 baseline","1 baseline"
"2060","M2","C4620081","1","158","C4620081 M2","baseline",0.0797445130720692,"158 baseline","1 baseline"
"2061","M2","C4620081","1","159","C4620081 M2","baseline",0.0796509594800878,"159 baseline","1 baseline"
"2062","M2","C4620081","1","160","C4620081 M2","baseline",0.0795147582962175,"160 baseline","1 baseline"
"2063","M2","C4620081","1","161","C4620081 M2","baseline",0.0794311392558097,"161 baseline","1 baseline"
"2064","M2","C4620081","1","162","C4620081 M2","baseline",0.0792971345098988,"162 baseline","1 baseline"
"2065","M2","C4620081","1","163","C4620081 M2","baseline",0.0789994742774629,"163 baseline","1 baseline"
"2066","M2","C4620081","1","164","C4620081 M2","baseline",0.0789440338011838,"164 baseline","1 baseline"
"2067","M2","C4620081","1","165","C4620081 M2","baseline",0.07873533542354,"165 baseline","1 baseline"
"2068","M2","C4620081","1","166","C4620081 M2","baseline",0.0786850183544579,"166 baseline","1 baseline"
"2069","M2","C4620081","1","167","C4620081 M2","baseline",0.0783917519626121,"167 baseline","1 baseline"
"2070","M2","C4620081","1","168","C4620081 M2","baseline",0.0780426720587361,"168 baseline","1 baseline"
"2071","M2","C4620081","1","169","C4620081 M2","baseline",0.0774831303043934,"169 baseline","1 baseline"
"2072","M2","C4620081","1","170","C4620081 M2","baseline",0.0774552674339354,"170 baseline","1 baseline"
"2073","M2","C4620081","1","171","C4620081 M2","baseline",0.0769313296605363,"171 baseline","1 baseline"
"2074","M2","C4620081","1","172","C4620081 M2","baseline",0.076627247893673,"172 baseline","1 baseline"
"2075","M2","C4620081","1","173","C4620081 M2","baseline",0.0765476333758262,"173 baseline","1 baseline"
"2076","M2","C4620081","1","174","C4620081 M2","baseline",0.0761525798052022,"174 baseline","1 baseline"
"2077","M2","C4620081","1","175","C4620081 M2","baseline",0.0761489190458429,"175 baseline","1 baseline"
"2078","M2","C4620081","1","176","C4620081 M2","baseline",0.0759873289642376,"176 baseline","1 baseline"
"2079","M2","C4620081","1","177","C4620081 M2","baseline",0.075922068547997,"177 baseline","1 baseline"
"2080","M2","C4620081","1","178","C4620081 M2","baseline",0.0745551562032323,"178 baseline","1 baseline"
"2081","M2","C4620081","1","179","C4620081 M2","baseline",0.0743356312738795,"179 baseline","1 baseline"
"2082","M2","C4620081","1","180","C4620081 M2","baseline",0.0742736260667937,"180 baseline","1 baseline"
"2083","M2","C4620081","1","181","C4620081 M2","baseline",0.0740908647802387,"181 baseline","1 baseline"
"2084","M2","C4620081","1","182","C4620081 M2","baseline",0.073587023549417,"182 baseline","1 baseline"
"2085","M2","C4620081","1","183","C4620081 M2","baseline",0.073109134094807,"183 baseline","1 baseline"
"2086","M2","C4620081","1","184","C4620081 M2","baseline",0.0731064422194025,"184 baseline","1 baseline"
"2087","M2","C4620081","1","185","C4620081 M2","baseline",0.0729555966909876,"185 baseline","1 baseline"
"2088","M2","C4620081","1","186","C4620081 M2","baseline",0.0726233280297696,"186 baseline","1 baseline"
"2089","M2","C4620081","1","187","C4620081 M2","baseline",0.0724150712736808,"187 baseline","1 baseline"
"2090","M2","C4620081","1","188","C4620081 M2","baseline",0.0723078478305681,"188 baseline","1 baseline"
"2091","M2","C4620081","1","189","C4620081 M2","baseline",0.0722736168405427,"189 baseline","1 baseline"
"2092","M2","C4620081","1","190","C4620081 M2","baseline",0.0721363788203731,"190 baseline","1 baseline"
"2093","M2","C4620081","1","191","C4620081 M2","baseline",0.0719192413606629,"191 baseline","1 baseline"
"2094","M2","C4620081","1","192","C4620081 M2","baseline",0.0718222648031542,"192 baseline","1 baseline"
"2095","M2","C4620081","1","193","C4620081 M2","baseline",0.0717234601776363,"193 baseline","1 baseline"
"2096","M2","C4620081","1","194","C4620081 M2","baseline",0.0716213169686051,"194 baseline","1 baseline"
"2097","M2","C4620081","1","195","C4620081 M2","baseline",0.071434038659582,"195 baseline","1 baseline"
"2098","M2","C4620081","1","196","C4620081 M2","baseline",0.0713817378537781,"196 baseline","1 baseline"
"2099","M2","C4620081","1","197","C4620081 M2","baseline",0.0712837321352732,"197 baseline","1 baseline"
"2100","M2","C4620081","1","198","C4620081 M2","baseline",0.0712650380210354,"198 baseline","1 baseline"
"2101","M2","C4620081","1","199","C4620081 M2","baseline",0.0711880232439006,"199 baseline","1 baseline"
"2102","M2","C4620081","1","200","C4620081 M2","baseline",0.0711759684979546,"200 baseline","1 baseline"
"2103","M2","C4620081","1","201","C4620081 M2","baseline",0.0711045219094377,"201 baseline","1 baseline"
"2104","M2","C4620081","1","202","C4620081 M2","baseline",0.0709223959012242,"202 baseline","1 baseline"
"2105","M2","C4620081","1","203","C4620081 M2","baseline",0.0708835552979716,"203 baseline","1 baseline"
"2106","M2","C4620081","1","204","C4620081 M2","baseline",0.0706645761156489,"204 baseline","1 baseline"
"2107","M2","C4620081","1","205","C4620081 M2","baseline",0.0703074331411555,"205 baseline","1 baseline"
"2108","M2","C4620081","1","206","C4620081 M2","baseline",0.0702674393974375,"206 baseline","1 baseline"
"2109","M2","C4620081","1","207","C4620081 M2","baseline",0.0702567030010012,"207 baseline","1 baseline"
"2110","M2","C4620081","1","208","C4620081 M2","baseline",0.0698291539321822,"208 baseline","1 baseline"
"2111","M2","C4620081","1","209","C4620081 M2","baseline",0.0693932110755581,"209 baseline","1 baseline"
"2112","M2","C4620081","1","210","C4620081 M2","baseline",0.0692445008384246,"210 baseline","1 baseline"
"2113","M2","C4620081","1","211","C4620081 M2","baseline",0.0691001963984777,"211 baseline","1 baseline"
"2114","M2","C4620081","1","212","C4620081 M2","baseline",0.0682926602636429,"212 baseline","1 baseline"
"2115","M2","C4620081","1","213","C4620081 M2","baseline",0.0681386045605987,"213 baseline","1 baseline"
"2116","M2","C4620081","1","214","C4620081 M2","baseline",0.068013973751446,"214 baseline","1 baseline"
"2117","M2","C4620081","1","215","C4620081 M2","baseline",0.0675952353147634,"215 baseline","1 baseline"
"2118","M2","C4620081","1","216","C4620081 M2","baseline",0.0675472733244086,"216 baseline","1 baseline"
"2119","M2","C4620081","1","217","C4620081 M2","baseline",0.0674037212716465,"217 baseline","1 baseline"
"2120","M2","C4620081","1","218","C4620081 M2","baseline",0.0670631753099388,"218 baseline","1 baseline"
"2121","M2","C4620081","1","219","C4620081 M2","baseline",0.0670043629661122,"219 baseline","1 baseline"
"2122","M2","C4620081","1","220","C4620081 M2","baseline",0.0664967532839677,"220 baseline","1 baseline"
"2123","M2","C4620081","1","221","C4620081 M2","baseline",0.0664727813877937,"221 baseline","1 baseline"
"2124","M2","C4620081","1","222","C4620081 M2","baseline",0.0664344515700632,"222 baseline","1 baseline"
"2125","M2","C4620081","1","223","C4620081 M2","baseline",0.0663544485417359,"223 baseline","1 baseline"
"2126","M2","C4620081","1","224","C4620081 M2","baseline",0.0663378495310987,"224 baseline","1 baseline"
"2127","M2","C4620081","1","225","C4620081 M2","baseline",0.0661682640207184,"225 baseline","1 baseline"
"2128","M2","C4620081","1","226","C4620081 M2","baseline",0.0656597285682066,"226 baseline","1 baseline"
"2129","M2","C4620081","1","227","C4620081 M2","baseline",0.065014149140277,"227 baseline","1 baseline"
"2130","M2","C4620081","1","228","C4620081 M2","baseline",0.0648200201711188,"228 baseline","1 baseline"
"2131","M2","C4620081","1","229","C4620081 M2","baseline",0.0645517782319043,"229 baseline","1 baseline"
"2132","M2","C4620081","1","230","C4620081 M2","baseline",0.0643492685844542,"230 baseline","1 baseline"
"2133","M2","C4620081","1","231","C4620081 M2","baseline",0.064287261068833,"231 baseline","1 baseline"
"2134","M2","C4620081","1","232","C4620081 M2","baseline",0.0642388220506988,"232 baseline","1 baseline"
"2135","M2","C4620081","1","233","C4620081 M2","baseline",0.0641809118889028,"233 baseline","1 baseline"
"2136","M2","C4620081","1","234","C4620081 M2","baseline",0.0640224720668297,"234 baseline","1 baseline"
"2137","M2","C4620081","1","235","C4620081 M2","baseline",0.0639727261463924,"235 baseline","1 baseline"
"2138","M2","C4620081","1","236","C4620081 M2","baseline",0.0634474501230566,"236 baseline","1 baseline"
"2139","M2","C4620081","1","237","C4620081 M2","baseline",0.0634215381104914,"237 baseline","1 baseline"
"2140","M2","C4620081","1","238","C4620081 M2","baseline",0.0630447314167522,"238 baseline","1 baseline"
"2141","M2","C4620081","1","239","C4620081 M2","baseline",0.0629877656871365,"239 baseline","1 baseline"
"2142","M2","C4620081","1","240","C4620081 M2","baseline",0.0629850298656794,"240 baseline","1 baseline"
"2143","M2","C4620081","1","241","C4620081 M2","baseline",0.062746356953107,"241 baseline","1 baseline"
"2144","M2","C4620081","1","242","C4620081 M2","baseline",0.0627044310734284,"242 baseline","1 baseline"
"2145","M2","C4620081","1","243","C4620081 M2","baseline",0.0620942097572115,"243 baseline","1 baseline"
"2146","M2","C4620081","1","244","C4620081 M2","baseline",0.0620618854045841,"244 baseline","1 baseline"
"2147","M2","C4620081","1","245","C4620081 M2","baseline",0.0620239274694486,"245 baseline","1 baseline"
"2148","M2","C4620081","1","246","C4620081 M2","baseline",0.0614452402987304,"246 baseline","1 baseline"
"2149","M2","C4620081","1","247","C4620081 M2","baseline",0.0611449433702018,"247 baseline","1 baseline"
"2150","M2","C4620081","1","248","C4620081 M2","baseline",0.0610494189640066,"248 baseline","1 baseline"
"2151","M2","C4620081","1","249","C4620081 M2","baseline",0.0604055874534411,"249 baseline","1 baseline"
"2152","M2","C4620081","1","250","C4620081 M2","baseline",0.0602573041728249,"250 baseline","1 baseline"
"2153","M2","C4620081","1","251","C4620081 M2","baseline",0.0602559078784715,"251 baseline","1 baseline"
"2154","M2","C4620081","1","252","C4620081 M2","baseline",0.0601875695555221,"252 baseline","1 baseline"
"2155","M2","C4620081","1","253","C4620081 M2","baseline",0.0601799756002079,"253 baseline","1 baseline"
"2156","M2","C4620081","1","254","C4620081 M2","baseline",0.0600545077102066,"254 baseline","1 baseline"
"2157","M2","C4620081","1","255","C4620081 M2","baseline",0.0598499870908445,"255 baseline","1 baseline"
"2158","M2","C4620081","1","256","C4620081 M2","baseline",0.0597991251052542,"256 baseline","1 baseline"
"2159","M2","C4620081","1","257","C4620081 M2","baseline",0.0597881143420724,"257 baseline","1 baseline"
"2160","M2","C4620081","1","258","C4620081 M2","baseline",0.0597129990673321,"258 baseline","1 baseline"
"2161","M2","C4620081","1","259","C4620081 M2","baseline",0.059573316193237,"259 baseline","1 baseline"
"2162","M2","C4620081","1","260","C4620081 M2","baseline",0.0595684688067925,"260 baseline","1 baseline"
"2163","M2","C4620081","1","261","C4620081 M2","baseline",0.0592368264847763,"261 baseline","1 baseline"
"2164","M2","C4620081","1","262","C4620081 M2","baseline",0.0590166034204523,"262 baseline","1 baseline"
"2165","M2","C4620081","1","263","C4620081 M2","baseline",0.0586901987854829,"263 baseline","1 baseline"
"2166","M2","C4620081","1","264","C4620081 M2","baseline",0.0586855939931679,"264 baseline","1 baseline"
"2167","M2","C4620081","1","265","C4620081 M2","baseline",0.0583888257036391,"265 baseline","1 baseline"
"2168","M2","C4620081","1","266","C4620081 M2","baseline",0.0581353122449324,"266 baseline","1 baseline"
"2169","M2","C4620081","1","267","C4620081 M2","baseline",0.0576119350263482,"267 baseline","1 baseline"
"2170","M2","C4620081","1","268","C4620081 M2","baseline",0.0573621774947024,"268 baseline","1 baseline"
"2171","M2","C4620081","1","269","C4620081 M2","baseline",0.0571031395310268,"269 baseline","1 baseline"
"2172","M2","C4620081","1","270","C4620081 M2","baseline",0.056224859306835,"270 baseline","1 baseline"
"2173","M2","C4620081","1","271","C4620081 M2","baseline",0.0561179158905886,"271 baseline","1 baseline"
"2174","M2","C4620081","1","272","C4620081 M2","baseline",0.0560462814265377,"272 baseline","1 baseline"
"2175","M2","C4620081","1","273","C4620081 M2","baseline",0.0557205686323578,"273 baseline","1 baseline"
"2176","M2","C4620081","1","274","C4620081 M2","baseline",0.0556669623608206,"274 baseline","1 baseline"
"2177","M2","C4620081","1","275","C4620081 M2","baseline",0.0555472032444466,"275 baseline","1 baseline"
"2178","M2","C4620081","1","276","C4620081 M2","baseline",0.0551547487865464,"276 baseline","1 baseline"
"2179","M2","C4620081","1","277","C4620081 M2","baseline",0.0549809658239232,"277 baseline","1 baseline"
"2180","M2","C4620081","1","278","C4620081 M2","baseline",0.0549702648637609,"278 baseline","1 baseline"
"2181","M2","C4620081","1","279","C4620081 M2","baseline",0.054913224341765,"279 baseline","1 baseline"
"2182","M2","C4620081","1","280","C4620081 M2","baseline",0.0545432733560651,"280 baseline","1 baseline"
"2183","M2","C4620081","1","281","C4620081 M2","baseline",0.0544308348468428,"281 baseline","1 baseline"
"2184","M2","C4620081","1","282","C4620081 M2","baseline",0.0543400437858521,"282 baseline","1 baseline"
"2185","M2","C4620081","1","283","C4620081 M2","baseline",0.0538260707580317,"283 baseline","1 baseline"
"2186","M2","C4620081","1","284","C4620081 M2","baseline",0.0537926101393589,"284 baseline","1 baseline"
"2187","M2","C4620081","1","285","C4620081 M2","baseline",0.0537789983699321,"285 baseline","1 baseline"
"2188","M2","C4620081","1","286","C4620081 M2","baseline",0.0536508500171593,"286 baseline","1 baseline"
"2189","M2","C4620081","1","287","C4620081 M2","baseline",0.0536107678064231,"287 baseline","1 baseline"
"2190","M2","C4620081","1","288","C4620081 M2","baseline",0.0530112958811793,"288 baseline","1 baseline"
"2191","M2","C4620081","1","289","C4620081 M2","baseline",0.0529372614550933,"289 baseline","1 baseline"
"2192","M2","C4620081","1","290","C4620081 M2","baseline",0.0525762054866573,"290 baseline","1 baseline"
"2193","M2","C4620081","1","291","C4620081 M2","baseline",0.0524219249472703,"291 baseline","1 baseline"
"2194","M2","C4620081","1","292","C4620081 M2","baseline",0.0523154356562484,"292 baseline","1 baseline"
"2195","M2","C4620081","1","293","C4620081 M2","baseline",0.0520888450391061,"293 baseline","1 baseline"
"2196","M2","C4620081","1","294","C4620081 M2","baseline",0.0520737444433607,"294 baseline","1 baseline"
"2197","M2","C4620081","1","295","C4620081 M2","baseline",0.0512169243679013,"295 baseline","1 baseline"
"2198","M2","C4620081","1","296","C4620081 M2","baseline",0.0509927682299344,"296 baseline","1 baseline"
"2199","M2","C4620081","1","297","C4620081 M2","baseline",0.050894611013726,"297 baseline","1 baseline"
"2200","M2","C4620081","1","298","C4620081 M2","baseline",0.0506274537746329,"298 baseline","1 baseline"
"2201","M2","C4620081","1","299","C4620081 M2","baseline",0.0503661924984045,"299 baseline","1 baseline"
"2202","M2","C4620081","1","300","C4620081 M2","baseline",0.0499585891605744,"300 baseline","1 baseline"
"2203","M2","C4620081","1","301","C4620081 M2","baseline",0.0497384080801338,"301 baseline","1 baseline"
"2204","M2","C4620081","1","302","C4620081 M2","baseline",0.0497052255480648,"302 baseline","1 baseline"
"2205","M2","C4620081","1","303","C4620081 M2","baseline",0.0495678947385965,"303 baseline","1 baseline"
"2206","M2","C4620081","1","304","C4620081 M2","baseline",0.0494786965969229,"304 baseline","1 baseline"
"2207","M2","C4620081","1","305","C4620081 M2","baseline",0.0492018980428995,"305 baseline","1 baseline"
"2208","M2","C4620081","1","306","C4620081 M2","baseline",0.0491280190562654,"306 baseline","1 baseline"
"2209","M2","C4620081","1","307","C4620081 M2","baseline",0.049103313655979,"307 baseline","1 baseline"
"2210","M2","C4620081","1","308","C4620081 M2","baseline",0.0488319591729387,"308 baseline","1 baseline"
"2211","M2","C4620081","1","309","C4620081 M2","baseline",0.0487835642765931,"309 baseline","1 baseline"
"2212","M2","C4620081","1","310","C4620081 M2","baseline",0.0487454779100097,"310 baseline","1 baseline"
"2213","M2","C4620081","1","311","C4620081 M2","baseline",0.0484637937419022,"311 baseline","1 baseline"
"2214","M2","C4620081","1","312","C4620081 M2","baseline",0.0483792324018096,"312 baseline","1 baseline"
"2215","M2","C4620081","1","313","C4620081 M2","baseline",0.0483381307758684,"313 baseline","1 baseline"
"2216","M2","C4620081","1","314","C4620081 M2","baseline",0.0482447123731542,"314 baseline","1 baseline"
"2217","M2","C4620081","1","315","C4620081 M2","baseline",0.0480597669010261,"315 baseline","1 baseline"
"2218","M2","C4620081","1","316","C4620081 M2","baseline",0.0477886360585169,"316 baseline","1 baseline"
"2219","M2","C4620081","1","317","C4620081 M2","baseline",0.0476713015874514,"317 baseline","1 baseline"
"2220","M2","C4620081","1","318","C4620081 M2","baseline",0.0474734293431463,"318 baseline","1 baseline"
"2221","M2","C4620081","1","319","C4620081 M2","baseline",0.0474611615082977,"319 baseline","1 baseline"
"2222","M2","C4620081","1","320","C4620081 M2","baseline",0.0474482018991467,"320 baseline","1 baseline"
"2223","M2","C4620081","1","321","C4620081 M2","baseline",0.0472605190825509,"321 baseline","1 baseline"
"2224","M2","C4620081","1","322","C4620081 M2","baseline",0.0467178328971507,"322 baseline","1 baseline"
"2225","M2","C4620081","1","323","C4620081 M2","baseline",0.0464280255417228,"323 baseline","1 baseline"
"2226","M2","C4620081","1","324","C4620081 M2","baseline",0.0458628586262848,"324 baseline","1 baseline"
"2227","M2","C4620081","1","325","C4620081 M2","baseline",0.0456835867506004,"325 baseline","1 baseline"
"2228","M2","C4620081","1","326","C4620081 M2","baseline",0.0451603449160043,"326 baseline","1 baseline"
"2229","M2","C4620081","1","327","C4620081 M2","baseline",0.0450963032979395,"327 baseline","1 baseline"
"2230","M2","C4620081","1","328","C4620081 M2","baseline",0.0450810957999103,"328 baseline","1 baseline"
"2231","M2","C4620081","1","329","C4620081 M2","baseline",0.0449092656506532,"329 baseline","1 baseline"
"2232","M2","C4620081","1","330","C4620081 M2","baseline",0.0446566578787546,"330 baseline","1 baseline"
"2233","M2","C4620081","1","331","C4620081 M2","baseline",0.0444658509892973,"331 baseline","1 baseline"
"2234","M2","C4620081","1","332","C4620081 M2","baseline",0.0444498795389227,"332 baseline","1 baseline"
"2235","M2","C4620081","1","333","C4620081 M2","baseline",0.0443506518017739,"333 baseline","1 baseline"
"2236","M2","C4620081","1","334","C4620081 M2","baseline",0.0442315349035822,"334 baseline","1 baseline"
"2237","M2","C4620081","1","335","C4620081 M2","baseline",0.0442126064030717,"335 baseline","1 baseline"
"2238","M2","C4620081","1","336","C4620081 M2","baseline",0.0440420275886987,"336 baseline","1 baseline"
"2239","M2","C4620081","1","337","C4620081 M2","baseline",0.0438772044798061,"337 baseline","1 baseline"
"2240","M2","C4620081","1","338","C4620081 M2","baseline",0.0437323902125172,"338 baseline","1 baseline"
"2241","M2","C4620081","1","339","C4620081 M2","baseline",0.0437141675234574,"339 baseline","1 baseline"
"2242","M2","C4620081","1","340","C4620081 M2","baseline",0.0434850858402519,"340 baseline","1 baseline"
"2243","M2","C4620081","1","341","C4620081 M2","baseline",0.0434555654929586,"341 baseline","1 baseline"
"2244","M2","C4620081","1","342","C4620081 M2","baseline",0.0431529654026983,"342 baseline","1 baseline"
"2245","M2","C4620081","1","343","C4620081 M2","baseline",0.0426685214567061,"343 baseline","1 baseline"
"2246","M2","C4620081","1","344","C4620081 M2","baseline",0.0424721195625292,"344 baseline","1 baseline"
"2247","M2","C4620081","1","345","C4620081 M2","baseline",0.0420408998945913,"345 baseline","1 baseline"
"2248","M2","C4620081","1","346","C4620081 M2","baseline",0.0418842829497619,"346 baseline","1 baseline"
"2249","M2","C4620081","1","347","C4620081 M2","baseline",0.0418014217677028,"347 baseline","1 baseline"
"2250","M2","C4620081","1","348","C4620081 M2","baseline",0.0417973741613383,"348 baseline","1 baseline"
"2251","M2","C4620081","1","349","C4620081 M2","baseline",0.0416405282334503,"349 baseline","1 baseline"
"2252","M2","C4620081","1","350","C4620081 M2","baseline",0.0414777566144795,"350 baseline","1 baseline"
"2253","M2","C4620081","1","351","C4620081 M2","baseline",0.0409036913480588,"351 baseline","1 baseline"
"2254","M2","C4620081","1","352","C4620081 M2","baseline",0.0408952979282961,"352 baseline","1 baseline"
"2255","M2","C4620081","1","353","C4620081 M2","baseline",0.0404756926624175,"353 baseline","1 baseline"
"2256","M2","C4620081","1","354","C4620081 M2","baseline",0.0401868955783981,"354 baseline","1 baseline"
"2257","M2","C4620081","1","355","C4620081 M2","baseline",0.0399000425847532,"355 baseline","1 baseline"
"2258","M2","C4620081","1","356","C4620081 M2","baseline",0.0395256279847094,"356 baseline","1 baseline"
"2259","M2","C4620081","1","357","C4620081 M2","baseline",0.0384354715897101,"357 baseline","1 baseline"
"2260","M2","C4620081","1","358","C4620081 M2","baseline",0.0383984896358196,"358 baseline","1 baseline"
"2261","M2","C4620081","1","359","C4620081 M2","baseline",0.0372200822651924,"359 baseline","1 baseline"
"2262","M2","C4620081","1","360","C4620081 M2","baseline",0.0370223188078878,"360 baseline","1 baseline"
"2263","M2","C4620081","1","361","C4620081 M2","baseline",0.0369296247333787,"361 baseline","1 baseline"
"2264","M2","C4620081","1","362","C4620081 M2","baseline",0.0366665631995928,"362 baseline","1 baseline"
"2265","M2","C4620081","1","363","C4620081 M2","baseline",0.0363093264822108,"363 baseline","1 baseline"
"2266","M2","C4620081","1","364","C4620081 M2","baseline",0.0360031570264644,"364 baseline","1 baseline"
"2267","M2","C4620081","1","365","C4620081 M2","baseline",0.035445332791642,"365 baseline","1 baseline"
"2268","M2","C4620081","1","366","C4620081 M2","baseline",0.0352789593571218,"366 baseline","1 baseline"
"2269","M2","C4620081","1","367","C4620081 M2","baseline",0.0349697255244989,"367 baseline","1 baseline"
"2270","M2","C4620081","1","368","C4620081 M2","baseline",0.034907631919835,"368 baseline","1 baseline"
"2271","M2","C4620081","1","369","C4620081 M2","baseline",0.0347840418322373,"369 baseline","1 baseline"
"2272","M2","C4620081","1","370","C4620081 M2","baseline",0.034704928364909,"370 baseline","1 baseline"
"2273","M2","C4620081","1","371","C4620081 M2","baseline",0.0342141441816732,"371 baseline","1 baseline"
"2274","M2","C4620081","1","372","C4620081 M2","baseline",0.0340565787598652,"372 baseline","1 baseline"
"2275","M2","C4620081","1","373","C4620081 M2","baseline",0.0335184021802974,"373 baseline","1 baseline"
"2276","M2","C4620081","1","374","C4620081 M2","baseline",0.0334848468685098,"374 baseline","1 baseline"
"2277","M2","C4620081","1","375","C4620081 M2","baseline",0.0332639633390331,"375 baseline","1 baseline"
"2278","M2","C4620081","1","376","C4620081 M2","baseline",0.031797826317593,"376 baseline","1 baseline"
"2279","M2","C4620081","1","377","C4620081 M2","baseline",0.0316980204480047,"377 baseline","1 baseline"
"2280","M2","C4620081","1","378","C4620081 M2","baseline",0.0316148439351925,"378 baseline","1 baseline"
"2281","M2","C4620081","1","379","C4620081 M2","baseline",0.031405690776951,"379 baseline","1 baseline"
"2282","M2","C4620081","1","380","C4620081 M2","baseline",0.0313923559552486,"380 baseline","1 baseline"
"2283","M2","C4620081","1","381","C4620081 M2","baseline",0.0313180772967513,"381 baseline","1 baseline"
"2284","M2","C4620081","1","382","C4620081 M2","baseline",0.0308529227595796,"382 baseline","1 baseline"
"2285","M2","C4620081","1","383","C4620081 M2","baseline",0.0307409209570611,"383 baseline","1 baseline"
"2286","M2","C4620081","1","384","C4620081 M2","baseline",0.0304407951349422,"384 baseline","1 baseline"
"2287","M2","C4620081","1","385","C4620081 M2","baseline",0.0304353091447354,"385 baseline","1 baseline"
"2288","M2","C4620081","1","386","C4620081 M2","baseline",0.0304074651474169,"386 baseline","1 baseline"
"2289","M2","C4620081","1","387","C4620081 M2","baseline",0.0294243692571357,"387 baseline","1 baseline"
"2290","M2","C4620081","1","388","C4620081 M2","baseline",0.0293345931361812,"388 baseline","1 baseline"
"2291","M2","C4620081","1","389","C4620081 M2","baseline",0.0292077867230722,"389 baseline","1 baseline"
"2292","M2","C4620081","1","390","C4620081 M2","baseline",0.0291798150756396,"390 baseline","1 baseline"
"2293","M2","C4620081","1","391","C4620081 M2","baseline",0.0291689154298458,"391 baseline","1 baseline"
"2294","M2","C4620081","1","392","C4620081 M2","baseline",0.0288248519948553,"392 baseline","1 baseline"
"2295","M2","C4620081","1","393","C4620081 M2","baseline",0.0281021714176309,"393 baseline","1 baseline"
"2296","M2","C4620081","1","394","C4620081 M2","baseline",0.0277988165790859,"394 baseline","1 baseline"
"2297","M2","C4620081","1","395","C4620081 M2","baseline",0.0275264030552787,"395 baseline","1 baseline"
"2298","M2","C4620081","1","396","C4620081 M2","baseline",0.0275149583036476,"396 baseline","1 baseline"
"2299","M2","C4620081","1","397","C4620081 M2","baseline",0.0274153450558964,"397 baseline","1 baseline"
"2300","M2","C4620081","1","398","C4620081 M2","baseline",0.0271704810305899,"398 baseline","1 baseline"
"2301","M2","C4620081","1","399","C4620081 M2","baseline",0.0271639153956612,"399 baseline","1 baseline"
"2302","M2","C4620081","1","400","C4620081 M2","baseline",0.0267836732321487,"400 baseline","1 baseline"
"2303","M2","C4620081","1","401","C4620081 M2","baseline",0.0261002581632885,"401 baseline","1 baseline"
"2304","M2","C4620081","1","402","C4620081 M2","baseline",0.0247452557258261,"402 baseline","1 baseline"
"2305","M2","C4620081","1","403","C4620081 M2","baseline",0.0242238248202396,"403 baseline","1 baseline"
"2306","M2","C4620081","1","404","C4620081 M2","baseline",0.0240629722870179,"404 baseline","1 baseline"
"2307","M2","C4620081","1","405","C4620081 M2","baseline",0.0237346805338115,"405 baseline","1 baseline"
"2308","M2","C4620081","1","406","C4620081 M2","baseline",0.0232074400411356,"406 baseline","1 baseline"
"2309","M2","C4620081","1","407","C4620081 M2","baseline",0.0229493463229617,"407 baseline","1 baseline"
"2310","M2","C4620081","1","408","C4620081 M2","baseline",0.0223782942211215,"408 baseline","1 baseline"
"2311","M2","C4620081","1","409","C4620081 M2","baseline",0.0223115314786572,"409 baseline","1 baseline"
"2312","M2","C4620081","1","410","C4620081 M2","baseline",0.022054156004656,"410 baseline","1 baseline"
"2313","M2","C4620081","1","411","C4620081 M2","baseline",0.0219482971992092,"411 baseline","1 baseline"
"2314","M2","C4620081","1","412","C4620081 M2","baseline",0.0218724172019533,"412 baseline","1 baseline"
"2315","M2","C4620081","1","413","C4620081 M2","baseline",0.0216493277513327,"413 baseline","1 baseline"
"2316","M2","C4620081","1","414","C4620081 M2","baseline",0.0215687746791441,"414 baseline","1 baseline"
"2317","M2","C4620081","1","415","C4620081 M2","baseline",0.0209779080505559,"415 baseline","1 baseline"
"2318","M2","C4620081","1","416","C4620081 M2","baseline",0.0207539979671662,"416 baseline","1 baseline"
"2319","M2","C4620081","1","417","C4620081 M2","baseline",0.0194558974655774,"417 baseline","1 baseline"
"2320","M2","C4620081","1","418","C4620081 M2","baseline",0.0194244431805263,"418 baseline","1 baseline"
"2321","M2","C4620081","1","419","C4620081 M2","baseline",0.0190223287803687,"419 baseline","1 baseline"
"2322","M2","C4620081","1","420","C4620081 M2","baseline",0.0183974134649852,"420 baseline","1 baseline"
"2323","M2","C4620081","1","421","C4620081 M2","baseline",0.0173949565192279,"421 baseline","1 baseline"
"2324","M2","C4620081","1","422","C4620081 M2","baseline",0.0169605215708991,"422 baseline","1 baseline"
"2325","M2","C4620081","1","423","C4620081 M2","baseline",0.0168623531642889,"423 baseline","1 baseline"
"2326","M2","C4620081","1","424","C4620081 M2","baseline",0.0166227309590222,"424 baseline","1 baseline"
"2327","M2","C4620081","1","425","C4620081 M2","baseline",0.0163308501254402,"425 baseline","1 baseline"
"2328","M2","C4620081","1","426","C4620081 M2","baseline",0.0161335569828887,"426 baseline","1 baseline"
"2329","M2","C4620081","1","427","C4620081 M2","baseline",0.0155069279498968,"427 baseline","1 baseline"
"2330","M2","C4620081","1","428","C4620081 M2","baseline",0.0154390855507571,"428 baseline","1 baseline"
"2331","M2","C4620081","1","429","C4620081 M2","baseline",0.0144960647671238,"429 baseline","1 baseline"
"2332","M2","C4620081","1","430","C4620081 M2","baseline",0.0143106116289369,"430 baseline","1 baseline"
"2333","M2","C4620081","1","431","C4620081 M2","baseline",0.0133854990871667,"431 baseline","1 baseline"
"2334","M2","C4620081","1","432","C4620081 M2","baseline",0.0131516081530348,"432 baseline","1 baseline"
"2335","M2","C4620081","1","433","C4620081 M2","baseline",0.012612972165401,"433 baseline","1 baseline"
"2336","M2","C4620081","1","434","C4620081 M2","baseline",0.0121994929929558,"434 baseline","1 baseline"
"2337","M2","C4620081","1","435","C4620081 M2","baseline",0.011296873648534,"435 baseline","1 baseline"
"2338","M2","C4620081","1","436","C4620081 M2","baseline",0.0107212802760551,"436 baseline","1 baseline"
"2339","M2","C4620081","1","437","C4620081 M2","baseline",0.0104458392449551,"437 baseline","1 baseline"
"2340","M2","C4620081","1","438","C4620081 M2","baseline",0.00927050882872644,"438 baseline","1 baseline"
"2341","M2","C4620081","1","439","C4620081 M2","baseline",0.00872900233365271,"439 baseline","1 baseline"
"2342","M2","C4620081","1","440","C4620081 M2","baseline",0.00794402095821738,"440 baseline","1 baseline"
"2343","M2","C4620081","1","441","C4620081 M2","baseline",0.00714373839997227,"441 baseline","1 baseline"
"2344","M2","C4620081","1","442","C4620081 M2","baseline",0.00683034987821247,"442 baseline","1 baseline"
"2345","M2","C4620081","1","443","C4620081 M2","baseline",0.0066883277319682,"443 baseline","1 baseline"
"2346","M2","C4620081","1","444","C4620081 M2","baseline",0.00645519355035823,"444 baseline","1 baseline"
"2347","M2","C4620081","1","445","C4620081 M2","baseline",0.00462789155743964,"445 baseline","1 baseline"
"2348","M2","C4620081","1","446","C4620081 M2","baseline",0.00374844245916104,"446 baseline","1 baseline"
"2349","M2","C4620081","1","447","C4620081 M2","baseline",0.00234049065761484,"447 baseline","1 baseline"
"2350","M2","C4620081","1","448","C4620081 M2","baseline",-0.000383970404625462,"448 baseline","1 baseline"
"2351","M2","C4620081","1","449","C4620081 M2","baseline",-0.000512761127624667,"449 baseline","1 baseline"
"2352","M2","C4620081","1","450","C4620081 M2","baseline",-0.00112926690412964,"450 baseline","1 baseline"
"2353","M2","C4620081","1","451","C4620081 M2","baseline",-0.00122461911155157,"451 baseline","1 baseline"
"2354","M2","C4620081","1","452","C4620081 M2","baseline",-0.00128693738975393,"452 baseline","1 baseline"
"2355","M2","C4620081","1","453","C4620081 M2","baseline",-0.00142563722307911,"453 baseline","1 baseline"
"2356","M2","C4620081","1","454","C4620081 M2","baseline",-0.00163235081781539,"454 baseline","1 baseline"
"2357","M2","C4620081","1","455","C4620081 M2","baseline",-0.00192482659837611,"455 baseline","1 baseline"
"2358","M2","C4620081","1","456","C4620081 M2","baseline",-0.00277639428450417,"456 baseline","1 baseline"
"2359","M2","C4620081","1","457","C4620081 M2","baseline",-0.0040170895496987,"457 baseline","1 baseline"
"2360","M2","C4620081","1","458","C4620081 M2","baseline",-0.00403191883789117,"458 baseline","1 baseline"
"2361","M2","C4620081","1","459","C4620081 M2","baseline",-0.0047737223448015,"459 baseline","1 baseline"
"2362","M2","C4620081","1","460","C4620081 M2","baseline",-0.00581599271767083,"460 baseline","1 baseline"
"2363","M2","C4620081","1","461","C4620081 M2","baseline",-0.0090245467520706,"461 baseline","1 baseline"
"2364","M2","C4620081","1","462","C4620081 M2","baseline",-0.00956779922513992,"462 baseline","1 baseline"
"2365","M2","C4620081","1","463","C4620081 M2","baseline",-0.00972480980262483,"463 baseline","1 baseline"
"2366","M2","C4620081","1","464","C4620081 M2","baseline",-0.00988316374049129,"464 baseline","1 baseline"
"2367","M2","C4620081","1","465","C4620081 M2","baseline",-0.0101274306600889,"465 baseline","1 baseline"
"2368","M2","C4620081","1","466","C4620081 M2","baseline",-0.0118090586384237,"466 baseline","1 baseline"
"2369","M2","C4620081","1","467","C4620081 M2","baseline",-0.0125340400395099,"467 baseline","1 baseline"
"2370","M2","C4620081","1","468","C4620081 M2","baseline",-0.0132659057038982,"468 baseline","1 baseline"
"2371","M2","C4620081","1","469","C4620081 M2","baseline",-0.0137870737129091,"469 baseline","1 baseline"
"2372","M2","C4620081","1","470","C4620081 M2","baseline",-0.0141215979953752,"470 baseline","1 baseline"
"2373","M2","C4620081","1","471","C4620081 M2","baseline",-0.0150308880128541,"471 baseline","1 baseline"
"2374","M2","C4620081","1","472","C4620081 M2","baseline",-0.0153449528574023,"472 baseline","1 baseline"
"2375","M2","C4620081","1","473","C4620081 M2","baseline",-0.0157385484706421,"473 baseline","1 baseline"
"2376","M2","C4620081","1","474","C4620081 M2","baseline",-0.0159299780914118,"474 baseline","1 baseline"
"2377","M2","C4620081","1","475","C4620081 M2","baseline",-0.0164755501513579,"475 baseline","1 baseline"
"2378","M2","C4620081","1","476","C4620081 M2","baseline",-0.0176730546864174,"476 baseline","1 baseline"
"2379","M2","C4620081","1","477","C4620081 M2","baseline",-0.0179567593055387,"477 baseline","1 baseline"
"2380","M2","C4620081","1","478","C4620081 M2","baseline",-0.0181414542950691,"478 baseline","1 baseline"
"2381","M2","C4620081","1","479","C4620081 M2","baseline",-0.0207885355235757,"479 baseline","1 baseline"
"2382","M2","C4620081","1","480","C4620081 M2","baseline",-0.0215707322025494,"480 baseline","1 baseline"
"2383","M2","C4620081","1","481","C4620081 M2","baseline",-0.0241635311704664,"481 baseline","1 baseline"
"2384","M2","C4620081","1","482","C4620081 M2","baseline",-0.0294230606812048,"482 baseline","1 baseline"
"2385","M2","C4620081","1","483","C4620081 M2","baseline",-0.0360610531829583,"483 baseline","1 baseline"
"2386","M2","C4620081","1","484","C4620081 M2","baseline",-0.0473171840655942,"484 baseline","1 baseline"
"2387","M3","C4620081","1","0","C4620081 M3","baseline",0.19110508582135,"0 baseline","1 baseline"
"2388","M3","C4620081","1","1","C4620081 M3","baseline",0.189786503959752,"1 baseline","1 baseline"
"2389","M3","C4620081","1","2","C4620081 M3","baseline",0.186029177304257,"2 baseline","1 baseline"
"2390","M3","C4620081","1","3","C4620081 M3","baseline",0.180754951481394,"3 baseline","1 baseline"
"2391","M3","C4620081","1","4","C4620081 M3","baseline",0.177547443900539,"4 baseline","1 baseline"
"2392","M3","C4620081","1","5","C4620081 M3","baseline",0.173975956184345,"5 baseline","1 baseline"
"2393","M3","C4620081","1","6","C4620081 M3","baseline",0.173123634025141,"6 baseline","1 baseline"
"2394","M3","C4620081","1","7","C4620081 M3","baseline",0.172352716841125,"7 baseline","1 baseline"
"2395","M3","C4620081","1","8","C4620081 M3","baseline",0.172344333127531,"8 baseline","1 baseline"
"2396","M3","C4620081","1","9","C4620081 M3","baseline",0.165316057073437,"9 baseline","1 baseline"
"2397","M3","C4620081","1","10","C4620081 M3","baseline",0.163284055885888,"10 baseline","1 baseline"
"2398","M3","C4620081","1","11","C4620081 M3","baseline",0.160910849113743,"11 baseline","1 baseline"
"2399","M3","C4620081","1","12","C4620081 M3","baseline",0.160642350243426,"12 baseline","1 baseline"
"2400","M3","C4620081","1","13","C4620081 M3","baseline",0.160260123569031,"13 baseline","1 baseline"
"2401","M3","C4620081","1","14","C4620081 M3","baseline",0.159866022617963,"14 baseline","1 baseline"
"2402","M3","C4620081","1","15","C4620081 M3","baseline",0.159171340259365,"15 baseline","1 baseline"
"2403","M3","C4620081","1","16","C4620081 M3","baseline",0.159109302568756,"16 baseline","1 baseline"
"2404","M3","C4620081","1","17","C4620081 M3","baseline",0.157685861274619,"17 baseline","1 baseline"
"2405","M3","C4620081","1","18","C4620081 M3","baseline",0.157267516388079,"18 baseline","1 baseline"
"2406","M3","C4620081","1","19","C4620081 M3","baseline",0.157047963603281,"19 baseline","1 baseline"
"2407","M3","C4620081","1","20","C4620081 M3","baseline",0.154321344715391,"20 baseline","1 baseline"
"2408","M3","C4620081","1","21","C4620081 M3","baseline",0.154143194921806,"21 baseline","1 baseline"
"2409","M3","C4620081","1","22","C4620081 M3","baseline",0.153240254651134,"22 baseline","1 baseline"
"2410","M3","C4620081","1","23","C4620081 M3","baseline",0.153070322097677,"23 baseline","1 baseline"
"2411","M3","C4620081","1","24","C4620081 M3","baseline",0.1529577425562,"24 baseline","1 baseline"
"2412","M3","C4620081","1","25","C4620081 M3","baseline",0.151341864636097,"25 baseline","1 baseline"
"2413","M3","C4620081","1","26","C4620081 M3","baseline",0.148433683229259,"26 baseline","1 baseline"
"2414","M3","C4620081","1","27","C4620081 M3","baseline",0.14797225321653,"27 baseline","1 baseline"
"2415","M3","C4620081","1","28","C4620081 M3","baseline",0.147970846389274,"28 baseline","1 baseline"
"2416","M3","C4620081","1","29","C4620081 M3","baseline",0.14760286771185,"29 baseline","1 baseline"
"2417","M3","C4620081","1","30","C4620081 M3","baseline",0.146987515577411,"30 baseline","1 baseline"
"2418","M3","C4620081","1","31","C4620081 M3","baseline",0.146338510097145,"31 baseline","1 baseline"
"2419","M3","C4620081","1","32","C4620081 M3","baseline",0.145063181318717,"32 baseline","1 baseline"
"2420","M3","C4620081","1","33","C4620081 M3","baseline",0.144489092233491,"33 baseline","1 baseline"
"2421","M3","C4620081","1","34","C4620081 M3","baseline",0.142611551508298,"34 baseline","1 baseline"
"2422","M3","C4620081","1","35","C4620081 M3","baseline",0.142290829048819,"35 baseline","1 baseline"
"2423","M3","C4620081","1","36","C4620081 M3","baseline",0.142012025991994,"36 baseline","1 baseline"
"2424","M3","C4620081","1","37","C4620081 M3","baseline",0.141880821871408,"37 baseline","1 baseline"
"2425","M3","C4620081","1","38","C4620081 M3","baseline",0.141649468550386,"38 baseline","1 baseline"
"2426","M3","C4620081","1","39","C4620081 M3","baseline",0.13995519534332,"39 baseline","1 baseline"
"2427","M3","C4620081","1","40","C4620081 M3","baseline",0.138904486811438,"40 baseline","1 baseline"
"2428","M3","C4620081","1","41","C4620081 M3","baseline",0.138455378695377,"41 baseline","1 baseline"
"2429","M3","C4620081","1","42","C4620081 M3","baseline",0.137872804648804,"42 baseline","1 baseline"
"2430","M3","C4620081","1","43","C4620081 M3","baseline",0.13722456850539,"43 baseline","1 baseline"
"2431","M3","C4620081","1","44","C4620081 M3","baseline",0.135807148310631,"44 baseline","1 baseline"
"2432","M3","C4620081","1","45","C4620081 M3","baseline",0.13474400424498,"45 baseline","1 baseline"
"2433","M3","C4620081","1","46","C4620081 M3","baseline",0.133191224918304,"46 baseline","1 baseline"
"2434","M3","C4620081","1","47","C4620081 M3","baseline",0.132196309517772,"47 baseline","1 baseline"
"2435","M3","C4620081","1","48","C4620081 M3","baseline",0.131485050385167,"48 baseline","1 baseline"
"2436","M3","C4620081","1","49","C4620081 M3","baseline",0.13113843089391,"49 baseline","1 baseline"
"2437","M3","C4620081","1","50","C4620081 M3","baseline",0.131049767707023,"50 baseline","1 baseline"
"2438","M3","C4620081","1","51","C4620081 M3","baseline",0.129945670032765,"51 baseline","1 baseline"
"2439","M3","C4620081","1","52","C4620081 M3","baseline",0.129183442548324,"52 baseline","1 baseline"
"2440","M3","C4620081","1","53","C4620081 M3","baseline",0.12870584110359,"53 baseline","1 baseline"
"2441","M3","C4620081","1","54","C4620081 M3","baseline",0.1285907276743,"54 baseline","1 baseline"
"2442","M3","C4620081","1","55","C4620081 M3","baseline",0.126399340391126,"55 baseline","1 baseline"
"2443","M3","C4620081","1","56","C4620081 M3","baseline",0.125976201831108,"56 baseline","1 baseline"
"2444","M3","C4620081","1","57","C4620081 M3","baseline",0.124199343290709,"57 baseline","1 baseline"
"2445","M3","C4620081","1","58","C4620081 M3","baseline",0.123414109973259,"58 baseline","1 baseline"
"2446","M3","C4620081","1","59","C4620081 M3","baseline",0.123350197203526,"59 baseline","1 baseline"
"2447","M3","C4620081","1","60","C4620081 M3","baseline",0.123032563863815,"60 baseline","1 baseline"
"2448","M3","C4620081","1","61","C4620081 M3","baseline",0.122208565704542,"61 baseline","1 baseline"
"2449","M3","C4620081","1","62","C4620081 M3","baseline",0.120720959575395,"62 baseline","1 baseline"
"2450","M3","C4620081","1","63","C4620081 M3","baseline",0.120511959879031,"63 baseline","1 baseline"
"2451","M3","C4620081","1","64","C4620081 M3","baseline",0.119776149707105,"64 baseline","1 baseline"
"2452","M3","C4620081","1","65","C4620081 M3","baseline",0.119654590247295,"65 baseline","1 baseline"
"2453","M3","C4620081","1","66","C4620081 M3","baseline",0.119289455409531,"66 baseline","1 baseline"
"2454","M3","C4620081","1","67","C4620081 M3","baseline",0.118676317476625,"67 baseline","1 baseline"
"2455","M3","C4620081","1","68","C4620081 M3","baseline",0.117795973500434,"68 baseline","1 baseline"
"2456","M3","C4620081","1","69","C4620081 M3","baseline",0.115909841585137,"69 baseline","1 baseline"
"2457","M3","C4620081","1","70","C4620081 M3","baseline",0.115897535313843,"70 baseline","1 baseline"
"2458","M3","C4620081","1","71","C4620081 M3","baseline",0.115041731942656,"71 baseline","1 baseline"
"2459","M3","C4620081","1","72","C4620081 M3","baseline",0.114376805863885,"72 baseline","1 baseline"
"2460","M3","C4620081","1","73","C4620081 M3","baseline",0.113131429074307,"73 baseline","1 baseline"
"2461","M3","C4620081","1","74","C4620081 M3","baseline",0.113087783783252,"74 baseline","1 baseline"
"2462","M3","C4620081","1","75","C4620081 M3","baseline",0.112798837753284,"75 baseline","1 baseline"
"2463","M3","C4620081","1","76","C4620081 M3","baseline",0.112508778990673,"76 baseline","1 baseline"
"2464","M3","C4620081","1","77","C4620081 M3","baseline",0.112489753937677,"77 baseline","1 baseline"
"2465","M3","C4620081","1","78","C4620081 M3","baseline",0.112109710151483,"78 baseline","1 baseline"
"2466","M3","C4620081","1","79","C4620081 M3","baseline",0.111585560702709,"79 baseline","1 baseline"
"2467","M3","C4620081","1","80","C4620081 M3","baseline",0.110132960451195,"80 baseline","1 baseline"
"2468","M3","C4620081","1","81","C4620081 M3","baseline",0.108711936368905,"81 baseline","1 baseline"
"2469","M3","C4620081","1","82","C4620081 M3","baseline",0.108141683066021,"82 baseline","1 baseline"
"2470","M3","C4620081","1","83","C4620081 M3","baseline",0.107807075452454,"83 baseline","1 baseline"
"2471","M3","C4620081","1","84","C4620081 M3","baseline",0.107387288802093,"84 baseline","1 baseline"
"2472","M3","C4620081","1","85","C4620081 M3","baseline",0.107242707547964,"85 baseline","1 baseline"
"2473","M3","C4620081","1","86","C4620081 M3","baseline",0.106540111275331,"86 baseline","1 baseline"
"2474","M3","C4620081","1","87","C4620081 M3","baseline",0.106086022058181,"87 baseline","1 baseline"
"2475","M3","C4620081","1","88","C4620081 M3","baseline",0.105984651183108,"88 baseline","1 baseline"
"2476","M3","C4620081","1","89","C4620081 M3","baseline",0.105696466609561,"89 baseline","1 baseline"
"2477","M3","C4620081","1","90","C4620081 M3","baseline",0.105650284529896,"90 baseline","1 baseline"
"2478","M3","C4620081","1","91","C4620081 M3","baseline",0.105386412042646,"91 baseline","1 baseline"
"2479","M3","C4620081","1","92","C4620081 M3","baseline",0.105157894208699,"92 baseline","1 baseline"
"2480","M3","C4620081","1","93","C4620081 M3","baseline",0.101939183694167,"93 baseline","1 baseline"
"2481","M3","C4620081","1","94","C4620081 M3","baseline",0.101864221699719,"94 baseline","1 baseline"
"2482","M3","C4620081","1","95","C4620081 M3","baseline",0.101808260789437,"95 baseline","1 baseline"
"2483","M3","C4620081","1","96","C4620081 M3","baseline",0.101158074421265,"96 baseline","1 baseline"
"2484","M3","C4620081","1","97","C4620081 M3","baseline",0.100581388401618,"97 baseline","1 baseline"
"2485","M3","C4620081","1","98","C4620081 M3","baseline",0.0999899875368874,"98 baseline","1 baseline"
"2486","M3","C4620081","1","99","C4620081 M3","baseline",0.0999236414023001,"99 baseline","1 baseline"
"2487","M3","C4620081","1","100","C4620081 M3","baseline",0.0995172687805487,"100 baseline","1 baseline"
"2488","M3","C4620081","1","101","C4620081 M3","baseline",0.0992014493811896,"101 baseline","1 baseline"
"2489","M3","C4620081","1","102","C4620081 M3","baseline",0.0991338220369903,"102 baseline","1 baseline"
"2490","M3","C4620081","1","103","C4620081 M3","baseline",0.0989094081730733,"103 baseline","1 baseline"
"2491","M3","C4620081","1","104","C4620081 M3","baseline",0.0986903705788133,"104 baseline","1 baseline"
"2492","M3","C4620081","1","105","C4620081 M3","baseline",0.0986107118198613,"105 baseline","1 baseline"
"2493","M3","C4620081","1","106","C4620081 M3","baseline",0.0985928623342379,"106 baseline","1 baseline"
"2494","M3","C4620081","1","107","C4620081 M3","baseline",0.0982195311554211,"107 baseline","1 baseline"
"2495","M3","C4620081","1","108","C4620081 M3","baseline",0.0971730067451914,"108 baseline","1 baseline"
"2496","M3","C4620081","1","109","C4620081 M3","baseline",0.0971329477703414,"109 baseline","1 baseline"
"2497","M3","C4620081","1","110","C4620081 M3","baseline",0.0969190535204156,"110 baseline","1 baseline"
"2498","M3","C4620081","1","111","C4620081 M3","baseline",0.0959868670856804,"111 baseline","1 baseline"
"2499","M3","C4620081","1","112","C4620081 M3","baseline",0.0958646490945067,"112 baseline","1 baseline"
"2500","M3","C4620081","1","113","C4620081 M3","baseline",0.095009604233527,"113 baseline","1 baseline"
"2501","M3","C4620081","1","114","C4620081 M3","baseline",0.0947296490546208,"114 baseline","1 baseline"
"2502","M3","C4620081","1","115","C4620081 M3","baseline",0.0946618248902566,"115 baseline","1 baseline"
"2503","M3","C4620081","1","116","C4620081 M3","baseline",0.093532750477599,"116 baseline","1 baseline"
"2504","M3","C4620081","1","117","C4620081 M3","baseline",0.0933109706507797,"117 baseline","1 baseline"
"2505","M3","C4620081","1","118","C4620081 M3","baseline",0.0930860310112873,"118 baseline","1 baseline"
"2506","M3","C4620081","1","119","C4620081 M3","baseline",0.0921725557945753,"119 baseline","1 baseline"
"2507","M3","C4620081","1","120","C4620081 M3","baseline",0.091950097441423,"120 baseline","1 baseline"
"2508","M3","C4620081","1","121","C4620081 M3","baseline",0.0918702309751728,"121 baseline","1 baseline"
"2509","M3","C4620081","1","122","C4620081 M3","baseline",0.0917403095236695,"122 baseline","1 baseline"
"2510","M3","C4620081","1","123","C4620081 M3","baseline",0.0913935529871217,"123 baseline","1 baseline"
"2511","M3","C4620081","1","124","C4620081 M3","baseline",0.0912901657196984,"124 baseline","1 baseline"
"2512","M3","C4620081","1","125","C4620081 M3","baseline",0.0910851946672873,"125 baseline","1 baseline"
"2513","M3","C4620081","1","126","C4620081 M3","baseline",0.0903480879984659,"126 baseline","1 baseline"
"2514","M3","C4620081","1","127","C4620081 M3","baseline",0.0901284179696047,"127 baseline","1 baseline"
"2515","M3","C4620081","1","128","C4620081 M3","baseline",0.090073232674672,"128 baseline","1 baseline"
"2516","M3","C4620081","1","129","C4620081 M3","baseline",0.0899042725365548,"129 baseline","1 baseline"
"2517","M3","C4620081","1","130","C4620081 M3","baseline",0.0897054659432061,"130 baseline","1 baseline"
"2518","M3","C4620081","1","131","C4620081 M3","baseline",0.0895183578427225,"131 baseline","1 baseline"
"2519","M3","C4620081","1","132","C4620081 M3","baseline",0.0890263341872458,"132 baseline","1 baseline"
"2520","M3","C4620081","1","133","C4620081 M3","baseline",0.0890084650769278,"133 baseline","1 baseline"
"2521","M3","C4620081","1","134","C4620081 M3","baseline",0.0884900837647685,"134 baseline","1 baseline"
"2522","M3","C4620081","1","135","C4620081 M3","baseline",0.0884467101879364,"135 baseline","1 baseline"
"2523","M3","C4620081","1","136","C4620081 M3","baseline",0.0883063192962483,"136 baseline","1 baseline"
"2524","M3","C4620081","1","137","C4620081 M3","baseline",0.0882247640219591,"137 baseline","1 baseline"
"2525","M3","C4620081","1","138","C4620081 M3","baseline",0.0881288340552992,"138 baseline","1 baseline"
"2526","M3","C4620081","1","139","C4620081 M3","baseline",0.0880610369973197,"139 baseline","1 baseline"
"2527","M3","C4620081","1","140","C4620081 M3","baseline",0.0880442056164332,"140 baseline","1 baseline"
"2528","M3","C4620081","1","141","C4620081 M3","baseline",0.0876779064657652,"141 baseline","1 baseline"
"2529","M3","C4620081","1","142","C4620081 M3","baseline",0.0875016203785618,"142 baseline","1 baseline"
"2530","M3","C4620081","1","143","C4620081 M3","baseline",0.0868285853170508,"143 baseline","1 baseline"
"2531","M3","C4620081","1","144","C4620081 M3","baseline",0.0867697530768088,"144 baseline","1 baseline"
"2532","M3","C4620081","1","145","C4620081 M3","baseline",0.0863275717559177,"145 baseline","1 baseline"
"2533","M3","C4620081","1","146","C4620081 M3","baseline",0.0861549781675827,"146 baseline","1 baseline"
"2534","M3","C4620081","1","147","C4620081 M3","baseline",0.0861316181205884,"147 baseline","1 baseline"
"2535","M3","C4620081","1","148","C4620081 M3","baseline",0.0832808300578946,"148 baseline","1 baseline"
"2536","M3","C4620081","1","149","C4620081 M3","baseline",0.081572130425037,"149 baseline","1 baseline"
"2537","M3","C4620081","1","150","C4620081 M3","baseline",0.0808533206717905,"150 baseline","1 baseline"
"2538","M3","C4620081","1","151","C4620081 M3","baseline",0.0798416873625389,"151 baseline","1 baseline"
"2539","M3","C4620081","1","152","C4620081 M3","baseline",0.0797765556752305,"152 baseline","1 baseline"
"2540","M3","C4620081","1","153","C4620081 M3","baseline",0.078835811034881,"153 baseline","1 baseline"
"2541","M3","C4620081","1","154","C4620081 M3","baseline",0.0786466011704122,"154 baseline","1 baseline"
"2542","M3","C4620081","1","155","C4620081 M3","baseline",0.0782826137142757,"155 baseline","1 baseline"
"2543","M3","C4620081","1","156","C4620081 M3","baseline",0.0778799757859663,"156 baseline","1 baseline"
"2544","M3","C4620081","1","157","C4620081 M3","baseline",0.0778497484051742,"157 baseline","1 baseline"
"2545","M3","C4620081","1","158","C4620081 M3","baseline",0.0776308889117801,"158 baseline","1 baseline"
"2546","M3","C4620081","1","159","C4620081 M3","baseline",0.0776254214400859,"159 baseline","1 baseline"
"2547","M3","C4620081","1","160","C4620081 M3","baseline",0.0776079053918883,"160 baseline","1 baseline"
"2548","M3","C4620081","1","161","C4620081 M3","baseline",0.0768235535482385,"161 baseline","1 baseline"
"2549","M3","C4620081","1","162","C4620081 M3","baseline",0.0765852964538485,"162 baseline","1 baseline"
"2550","M3","C4620081","1","163","C4620081 M3","baseline",0.0762323257762716,"163 baseline","1 baseline"
"2551","M3","C4620081","1","164","C4620081 M3","baseline",0.0762249782494169,"164 baseline","1 baseline"
"2552","M3","C4620081","1","165","C4620081 M3","baseline",0.0755564269122831,"165 baseline","1 baseline"
"2553","M3","C4620081","1","166","C4620081 M3","baseline",0.0753582030626944,"166 baseline","1 baseline"
"2554","M3","C4620081","1","167","C4620081 M3","baseline",0.0747643118890342,"167 baseline","1 baseline"
"2555","M3","C4620081","1","168","C4620081 M3","baseline",0.0742231190342248,"168 baseline","1 baseline"
"2556","M3","C4620081","1","169","C4620081 M3","baseline",0.0741021661045791,"169 baseline","1 baseline"
"2557","M3","C4620081","1","170","C4620081 M3","baseline",0.0738889635873541,"170 baseline","1 baseline"
"2558","M3","C4620081","1","171","C4620081 M3","baseline",0.0737795579798284,"171 baseline","1 baseline"
"2559","M3","C4620081","1","172","C4620081 M3","baseline",0.073511825810868,"172 baseline","1 baseline"
"2560","M3","C4620081","1","173","C4620081 M3","baseline",0.0730120417933883,"173 baseline","1 baseline"
"2561","M3","C4620081","1","174","C4620081 M3","baseline",0.072936128193286,"174 baseline","1 baseline"
"2562","M3","C4620081","1","175","C4620081 M3","baseline",0.0728581081039731,"175 baseline","1 baseline"
"2563","M3","C4620081","1","176","C4620081 M3","baseline",0.0727258885816619,"176 baseline","1 baseline"
"2564","M3","C4620081","1","177","C4620081 M3","baseline",0.0725213327819839,"177 baseline","1 baseline"
"2565","M3","C4620081","1","178","C4620081 M3","baseline",0.0718757596310922,"178 baseline","1 baseline"
"2566","M3","C4620081","1","179","C4620081 M3","baseline",0.0718101095628221,"179 baseline","1 baseline"
"2567","M3","C4620081","1","180","C4620081 M3","baseline",0.0710923956809255,"180 baseline","1 baseline"
"2568","M3","C4620081","1","181","C4620081 M3","baseline",0.0703517571227768,"181 baseline","1 baseline"
"2569","M3","C4620081","1","182","C4620081 M3","baseline",0.0702944057251869,"182 baseline","1 baseline"
"2570","M3","C4620081","1","183","C4620081 M3","baseline",0.0698559245656097,"183 baseline","1 baseline"
"2571","M3","C4620081","1","184","C4620081 M3","baseline",0.0692730067715542,"184 baseline","1 baseline"
"2572","M3","C4620081","1","185","C4620081 M3","baseline",0.0692647230591819,"185 baseline","1 baseline"
"2573","M3","C4620081","1","186","C4620081 M3","baseline",0.0681935896492337,"186 baseline","1 baseline"
"2574","M3","C4620081","1","187","C4620081 M3","baseline",0.0680991014236892,"187 baseline","1 baseline"
"2575","M3","C4620081","1","188","C4620081 M3","baseline",0.0679261312599004,"188 baseline","1 baseline"
"2576","M3","C4620081","1","189","C4620081 M3","baseline",0.0677463933682397,"189 baseline","1 baseline"
"2577","M3","C4620081","1","190","C4620081 M3","baseline",0.0671064935390052,"190 baseline","1 baseline"
"2578","M3","C4620081","1","191","C4620081 M3","baseline",0.0670164787566473,"191 baseline","1 baseline"
"2579","M3","C4620081","1","192","C4620081 M3","baseline",0.0669718675915072,"192 baseline","1 baseline"
"2580","M3","C4620081","1","193","C4620081 M3","baseline",0.0662657550463695,"193 baseline","1 baseline"
"2581","M3","C4620081","1","194","C4620081 M3","baseline",0.0657356553652273,"194 baseline","1 baseline"
"2582","M3","C4620081","1","195","C4620081 M3","baseline",0.0657174036729703,"195 baseline","1 baseline"
"2583","M3","C4620081","1","196","C4620081 M3","baseline",0.065163177764493,"196 baseline","1 baseline"
"2584","M3","C4620081","1","197","C4620081 M3","baseline",0.0641398565494435,"197 baseline","1 baseline"
"2585","M3","C4620081","1","198","C4620081 M3","baseline",0.0632577275570272,"198 baseline","1 baseline"
"2586","M3","C4620081","1","199","C4620081 M3","baseline",0.0619776983755905,"199 baseline","1 baseline"
"2587","M3","C4620081","1","200","C4620081 M3","baseline",0.0616389135035547,"200 baseline","1 baseline"
"2588","M3","C4620081","1","201","C4620081 M3","baseline",0.0609465388393343,"201 baseline","1 baseline"
"2589","M3","C4620081","1","202","C4620081 M3","baseline",0.0608769869373101,"202 baseline","1 baseline"
"2590","M3","C4620081","1","203","C4620081 M3","baseline",0.060573386511871,"203 baseline","1 baseline"
"2591","M3","C4620081","1","204","C4620081 M3","baseline",0.0604988247259218,"204 baseline","1 baseline"
"2592","M3","C4620081","1","205","C4620081 M3","baseline",0.0603273823048521,"205 baseline","1 baseline"
"2593","M3","C4620081","1","206","C4620081 M3","baseline",0.0594626333532788,"206 baseline","1 baseline"
"2594","M3","C4620081","1","207","C4620081 M3","baseline",0.0584648297217232,"207 baseline","1 baseline"
"2595","M3","C4620081","1","208","C4620081 M3","baseline",0.0580459803038947,"208 baseline","1 baseline"
"2596","M3","C4620081","1","209","C4620081 M3","baseline",0.0578428852399275,"209 baseline","1 baseline"
"2597","M3","C4620081","1","210","C4620081 M3","baseline",0.0569547330654123,"210 baseline","1 baseline"
"2598","M3","C4620081","1","211","C4620081 M3","baseline",0.0568827900560194,"211 baseline","1 baseline"
"2599","M3","C4620081","1","212","C4620081 M3","baseline",0.0567923745145036,"212 baseline","1 baseline"
"2600","M3","C4620081","1","213","C4620081 M3","baseline",0.0565392222703899,"213 baseline","1 baseline"
"2601","M3","C4620081","1","214","C4620081 M3","baseline",0.0564050796965684,"214 baseline","1 baseline"
"2602","M3","C4620081","1","215","C4620081 M3","baseline",0.0552716307791888,"215 baseline","1 baseline"
"2603","M3","C4620081","1","216","C4620081 M3","baseline",0.0550899292976027,"216 baseline","1 baseline"
"2604","M3","C4620081","1","217","C4620081 M3","baseline",0.0550025900293361,"217 baseline","1 baseline"
"2605","M3","C4620081","1","218","C4620081 M3","baseline",0.0538774162552752,"218 baseline","1 baseline"
"2606","M3","C4620081","1","219","C4620081 M3","baseline",0.0538761871033769,"219 baseline","1 baseline"
"2607","M3","C4620081","1","220","C4620081 M3","baseline",0.0538478708832827,"220 baseline","1 baseline"
"2608","M3","C4620081","1","221","C4620081 M3","baseline",0.0535152507488187,"221 baseline","1 baseline"
"2609","M3","C4620081","1","222","C4620081 M3","baseline",0.0532439926702779,"222 baseline","1 baseline"
"2610","M3","C4620081","1","223","C4620081 M3","baseline",0.0529619140481546,"223 baseline","1 baseline"
"2611","M3","C4620081","1","224","C4620081 M3","baseline",0.0519569702426965,"224 baseline","1 baseline"
"2612","M3","C4620081","1","225","C4620081 M3","baseline",0.0519098086466004,"225 baseline","1 baseline"
"2613","M3","C4620081","1","226","C4620081 M3","baseline",0.0516467114387242,"226 baseline","1 baseline"
"2614","M3","C4620081","1","227","C4620081 M3","baseline",0.0513304459097016,"227 baseline","1 baseline"
"2615","M3","C4620081","1","228","C4620081 M3","baseline",0.05124174173517,"228 baseline","1 baseline"
"2616","M3","C4620081","1","229","C4620081 M3","baseline",0.0504695013756047,"229 baseline","1 baseline"
"2617","M3","C4620081","1","230","C4620081 M3","baseline",0.0504669178748906,"230 baseline","1 baseline"
"2618","M3","C4620081","1","231","C4620081 M3","baseline",0.049654963792249,"231 baseline","1 baseline"
"2619","M3","C4620081","1","232","C4620081 M3","baseline",0.0496011742850891,"232 baseline","1 baseline"
"2620","M3","C4620081","1","233","C4620081 M3","baseline",0.0494808697754967,"233 baseline","1 baseline"
"2621","M3","C4620081","1","234","C4620081 M3","baseline",0.0494719460931675,"234 baseline","1 baseline"
"2622","M3","C4620081","1","235","C4620081 M3","baseline",0.0492516404561184,"235 baseline","1 baseline"
"2623","M3","C4620081","1","236","C4620081 M3","baseline",0.0487493074791921,"236 baseline","1 baseline"
"2624","M3","C4620081","1","237","C4620081 M3","baseline",0.0487266277331014,"237 baseline","1 baseline"
"2625","M3","C4620081","1","238","C4620081 M3","baseline",0.0459474242963128,"238 baseline","1 baseline"
"2626","M3","C4620081","1","239","C4620081 M3","baseline",0.045913143179753,"239 baseline","1 baseline"
"2627","M3","C4620081","1","240","C4620081 M3","baseline",0.0445534231412956,"240 baseline","1 baseline"
"2628","M3","C4620081","1","241","C4620081 M3","baseline",0.0439348169916115,"241 baseline","1 baseline"
"2629","M3","C4620081","1","242","C4620081 M3","baseline",0.0422221077483969,"242 baseline","1 baseline"
"2630","M3","C4620081","1","243","C4620081 M3","baseline",0.0411361868389826,"243 baseline","1 baseline"
"2631","M3","C4620081","1","244","C4620081 M3","baseline",0.0406249838666738,"244 baseline","1 baseline"
"2632","M3","C4620081","1","245","C4620081 M3","baseline",0.0379759427576818,"245 baseline","1 baseline"
"2633","M3","C4620081","1","246","C4620081 M3","baseline",0.0372620402427994,"246 baseline","1 baseline"
"2634","M3","C4620081","1","247","C4620081 M3","baseline",0.0372116759240466,"247 baseline","1 baseline"
"2635","M3","C4620081","1","248","C4620081 M3","baseline",0.0362396315679112,"248 baseline","1 baseline"
"2636","M3","C4620081","1","249","C4620081 M3","baseline",0.0361588132742098,"249 baseline","1 baseline"
"2637","M3","C4620081","1","250","C4620081 M3","baseline",0.0353531331611163,"250 baseline","1 baseline"
"2638","M3","C4620081","1","251","C4620081 M3","baseline",0.0340631812267574,"251 baseline","1 baseline"
"2639","M3","C4620081","1","252","C4620081 M3","baseline",0.0339401875104345,"252 baseline","1 baseline"
"2640","M3","C4620081","1","253","C4620081 M3","baseline",0.0335660153528198,"253 baseline","1 baseline"
"2641","M3","C4620081","1","254","C4620081 M3","baseline",0.0326275508924099,"254 baseline","1 baseline"
"2642","M3","C4620081","1","255","C4620081 M3","baseline",0.0316941391102321,"255 baseline","1 baseline"
"2643","M3","C4620081","1","256","C4620081 M3","baseline",0.0308851296913055,"256 baseline","1 baseline"
"2644","M3","C4620081","1","257","C4620081 M3","baseline",0.0306021379224241,"257 baseline","1 baseline"
"2645","M3","C4620081","1","258","C4620081 M3","baseline",0.0300026216780317,"258 baseline","1 baseline"
"2646","M3","C4620081","1","259","C4620081 M3","baseline",0.0296039001679963,"259 baseline","1 baseline"
"2647","M3","C4620081","1","260","C4620081 M3","baseline",0.0291404484294803,"260 baseline","1 baseline"
"2648","M3","C4620081","1","261","C4620081 M3","baseline",0.0280366352389842,"261 baseline","1 baseline"
"2649","M3","C4620081","1","262","C4620081 M3","baseline",0.0279939700319799,"262 baseline","1 baseline"
"2650","M3","C4620081","1","263","C4620081 M3","baseline",0.0279239947605787,"263 baseline","1 baseline"
"2651","M3","C4620081","1","264","C4620081 M3","baseline",0.0279134887910654,"264 baseline","1 baseline"
"2652","M3","C4620081","1","265","C4620081 M3","baseline",0.0276241748073815,"265 baseline","1 baseline"
"2653","M3","C4620081","1","266","C4620081 M3","baseline",0.0251132796832879,"266 baseline","1 baseline"
"2654","M3","C4620081","1","267","C4620081 M3","baseline",0.0247089911676347,"267 baseline","1 baseline"
"2655","M3","C4620081","1","268","C4620081 M3","baseline",0.0246243550586731,"268 baseline","1 baseline"
"2656","M3","C4620081","1","269","C4620081 M3","baseline",0.0243273677327561,"269 baseline","1 baseline"
"2657","M3","C4620081","1","270","C4620081 M3","baseline",0.0239554163179809,"270 baseline","1 baseline"
"2658","M3","C4620081","1","271","C4620081 M3","baseline",0.0234820295239463,"271 baseline","1 baseline"
"2659","M3","C4620081","1","272","C4620081 M3","baseline",0.023262580427304,"272 baseline","1 baseline"
"2660","M3","C4620081","1","273","C4620081 M3","baseline",0.0231857044475941,"273 baseline","1 baseline"
"2661","M3","C4620081","1","274","C4620081 M3","baseline",0.0229431318553814,"274 baseline","1 baseline"
"2662","M3","C4620081","1","275","C4620081 M3","baseline",0.0223399491869848,"275 baseline","1 baseline"
"2663","M3","C4620081","1","276","C4620081 M3","baseline",0.0213802959867651,"276 baseline","1 baseline"
"2664","M3","C4620081","1","277","C4620081 M3","baseline",0.020811214729874,"277 baseline","1 baseline"
"2665","M3","C4620081","1","278","C4620081 M3","baseline",0.0206089928782545,"278 baseline","1 baseline"
"2666","M3","C4620081","1","279","C4620081 M3","baseline",0.0203757775799008,"279 baseline","1 baseline"
"2667","M3","C4620081","1","280","C4620081 M3","baseline",0.0197758643331872,"280 baseline","1 baseline"
"2668","M3","C4620081","1","281","C4620081 M3","baseline",0.0194199539698282,"281 baseline","1 baseline"
"2669","M3","C4620081","1","282","C4620081 M3","baseline",0.0192581657336049,"282 baseline","1 baseline"
"2670","M3","C4620081","1","283","C4620081 M3","baseline",0.0186965497921392,"283 baseline","1 baseline"
"2671","M3","C4620081","1","284","C4620081 M3","baseline",0.0173256419605939,"284 baseline","1 baseline"
"2672","M3","C4620081","1","285","C4620081 M3","baseline",0.0167682348722347,"285 baseline","1 baseline"
"2673","M3","C4620081","1","286","C4620081 M3","baseline",0.0167613106325338,"286 baseline","1 baseline"
"2674","M3","C4620081","1","287","C4620081 M3","baseline",0.0161418176837631,"287 baseline","1 baseline"
"2675","M3","C4620081","1","288","C4620081 M3","baseline",0.0160196558644315,"288 baseline","1 baseline"
"2676","M3","C4620081","1","289","C4620081 M3","baseline",0.0154505898077032,"289 baseline","1 baseline"
"2677","M3","C4620081","1","290","C4620081 M3","baseline",0.0135569883649622,"290 baseline","1 baseline"
"2678","M3","C4620081","1","291","C4620081 M3","baseline",0.0135143566728564,"291 baseline","1 baseline"
"2679","M3","C4620081","1","292","C4620081 M3","baseline",0.0130742023204675,"292 baseline","1 baseline"
"2680","M3","C4620081","1","293","C4620081 M3","baseline",0.0124778845543042,"293 baseline","1 baseline"
"2681","M3","C4620081","1","294","C4620081 M3","baseline",0.0123448757116092,"294 baseline","1 baseline"
"2682","M3","C4620081","1","295","C4620081 M3","baseline",0.0119845012587052,"295 baseline","1 baseline"
"2683","M3","C4620081","1","296","C4620081 M3","baseline",0.0114986895896587,"296 baseline","1 baseline"
"2684","M3","C4620081","1","297","C4620081 M3","baseline",0.0110361653832684,"297 baseline","1 baseline"
"2685","M3","C4620081","1","298","C4620081 M3","baseline",0.0108092726956164,"298 baseline","1 baseline"
"2686","M3","C4620081","1","299","C4620081 M3","baseline",0.0107981285551236,"299 baseline","1 baseline"
"2687","M3","C4620081","1","300","C4620081 M3","baseline",0.00840632146707342,"300 baseline","1 baseline"
"2688","M3","C4620081","1","301","C4620081 M3","baseline",0.00788473107238318,"301 baseline","1 baseline"
"2689","M3","C4620081","1","302","C4620081 M3","baseline",0.00637292940398098,"302 baseline","1 baseline"
"2690","M3","C4620081","1","303","C4620081 M3","baseline",0.00569396439947055,"303 baseline","1 baseline"
"2691","M3","C4620081","1","304","C4620081 M3","baseline",0.00557707345351343,"304 baseline","1 baseline"
"2692","M3","C4620081","1","305","C4620081 M3","baseline",0.00539095389017608,"305 baseline","1 baseline"
"2693","M3","C4620081","1","306","C4620081 M3","baseline",0.00524802751265971,"306 baseline","1 baseline"
"2694","M3","C4620081","1","307","C4620081 M3","baseline",0.0041079013706806,"307 baseline","1 baseline"
"2695","M3","C4620081","1","308","C4620081 M3","baseline",0.003991252002722,"308 baseline","1 baseline"
"2696","M3","C4620081","1","309","C4620081 M3","baseline",0.00327097037504365,"309 baseline","1 baseline"
"2697","M3","C4620081","1","310","C4620081 M3","baseline",0.00326385475304125,"310 baseline","1 baseline"
"2698","M3","C4620081","1","311","C4620081 M3","baseline",0.00313037773429372,"311 baseline","1 baseline"
"2699","M3","C4620081","1","312","C4620081 M3","baseline",0.00210685208396796,"312 baseline","1 baseline"
"2700","M3","C4620081","1","313","C4620081 M3","baseline",0.000931036370172717,"313 baseline","1 baseline"
"2701","M3","C4620081","1","314","C4620081 M3","baseline",0.000106901225291165,"314 baseline","1 baseline"
"2702","M3","C4620081","1","315","C4620081 M3","baseline",-0.00196664178202934,"315 baseline","1 baseline"
"2703","M3","C4620081","1","316","C4620081 M3","baseline",-0.00202800166167528,"316 baseline","1 baseline"
"2704","M3","C4620081","1","317","C4620081 M3","baseline",-0.00348527714168946,"317 baseline","1 baseline"
"2705","M3","C4620081","1","318","C4620081 M3","baseline",-0.00416954417012456,"318 baseline","1 baseline"
"2706","M3","C4620081","1","319","C4620081 M3","baseline",-0.00437248176264283,"319 baseline","1 baseline"
"2707","M3","C4620081","1","320","C4620081 M3","baseline",-0.00561667552730821,"320 baseline","1 baseline"
"2708","M3","C4620081","1","321","C4620081 M3","baseline",-0.00600736208343334,"321 baseline","1 baseline"
"2709","M3","C4620081","1","322","C4620081 M3","baseline",-0.00631717746338011,"322 baseline","1 baseline"
"2710","M3","C4620081","1","323","C4620081 M3","baseline",-0.00719069538697052,"323 baseline","1 baseline"
"2711","M3","C4620081","1","324","C4620081 M3","baseline",-0.00791837958815717,"324 baseline","1 baseline"
"2712","M3","C4620081","1","325","C4620081 M3","baseline",-0.0129536020591634,"325 baseline","1 baseline"
"2713","M3","C4620081","1","326","C4620081 M3","baseline",-0.0156875255932337,"326 baseline","1 baseline"
"2714","M3","C4620081","1","327","C4620081 M3","baseline",-0.0163782597387476,"327 baseline","1 baseline"
"2715","M3","C4620081","1","328","C4620081 M3","baseline",-0.0167326257768081,"328 baseline","1 baseline"
"2716","M3","C4620081","1","329","C4620081 M3","baseline",-0.020300162330668,"329 baseline","1 baseline"
"2717","M3","C4620081","1","330","C4620081 M3","baseline",-0.0266631270242434,"330 baseline","1 baseline"
"2718","M3","C4620081","1","331","C4620081 M3","baseline",-0.0266857813023264,"331 baseline","1 baseline"
"2719","M3","C4620081","1","332","C4620081 M3","baseline",-0.0317225540941104,"332 baseline","1 baseline"
"2720","M3","C4620081","1","333","C4620081 M3","baseline",-0.0344120076407852,"333 baseline","1 baseline"
"2721","M3","C4620081","1","334","C4620081 M3","baseline",-0.075630494664604,"334 baseline","1 baseline"
"2722","M4","C4620081","1","0","C4620081 M4","baseline",0.207609345820665,"0 baseline","1 baseline"
"2723","M4","C4620081","1","1","C4620081 M4","baseline",0.201432572230634,"1 baseline","1 baseline"
"2724","M4","C4620081","1","2","C4620081 M4","baseline",0.200994390202133,"2 baseline","1 baseline"
"2725","M4","C4620081","1","3","C4620081 M4","baseline",0.198017133397061,"3 baseline","1 baseline"
"2726","M4","C4620081","1","4","C4620081 M4","baseline",0.197426426118132,"4 baseline","1 baseline"
"2727","M4","C4620081","1","5","C4620081 M4","baseline",0.191784878697769,"5 baseline","1 baseline"
"2728","M4","C4620081","1","6","C4620081 M4","baseline",0.189065855159948,"6 baseline","1 baseline"
"2729","M4","C4620081","1","7","C4620081 M4","baseline",0.186698225624345,"7 baseline","1 baseline"
"2730","M4","C4620081","1","8","C4620081 M4","baseline",0.182211465208675,"8 baseline","1 baseline"
"2731","M4","C4620081","1","9","C4620081 M4","baseline",0.182067857228876,"9 baseline","1 baseline"
"2732","M4","C4620081","1","10","C4620081 M4","baseline",0.180377390733555,"10 baseline","1 baseline"
"2733","M4","C4620081","1","11","C4620081 M4","baseline",0.179619089424507,"11 baseline","1 baseline"
"2734","M4","C4620081","1","12","C4620081 M4","baseline",0.179103119058566,"12 baseline","1 baseline"
"2735","M4","C4620081","1","13","C4620081 M4","baseline",0.178491018020085,"13 baseline","1 baseline"
"2736","M4","C4620081","1","14","C4620081 M4","baseline",0.178069451807467,"14 baseline","1 baseline"
"2737","M4","C4620081","1","15","C4620081 M4","baseline",0.177835701989311,"15 baseline","1 baseline"
"2738","M4","C4620081","1","16","C4620081 M4","baseline",0.175629101534594,"16 baseline","1 baseline"
"2739","M4","C4620081","1","17","C4620081 M4","baseline",0.175276744610505,"17 baseline","1 baseline"
"2740","M4","C4620081","1","18","C4620081 M4","baseline",0.175005977420895,"18 baseline","1 baseline"
"2741","M4","C4620081","1","19","C4620081 M4","baseline",0.173384816602944,"19 baseline","1 baseline"
"2742","M4","C4620081","1","20","C4620081 M4","baseline",0.172723142004165,"20 baseline","1 baseline"
"2743","M4","C4620081","1","21","C4620081 M4","baseline",0.172432570578404,"21 baseline","1 baseline"
"2744","M4","C4620081","1","22","C4620081 M4","baseline",0.172097615829948,"22 baseline","1 baseline"
"2745","M4","C4620081","1","23","C4620081 M4","baseline",0.171891672536778,"23 baseline","1 baseline"
"2746","M4","C4620081","1","24","C4620081 M4","baseline",0.170911509301133,"24 baseline","1 baseline"
"2747","M4","C4620081","1","25","C4620081 M4","baseline",0.170000489193231,"25 baseline","1 baseline"
"2748","M4","C4620081","1","26","C4620081 M4","baseline",0.168385368191388,"26 baseline","1 baseline"
"2749","M4","C4620081","1","27","C4620081 M4","baseline",0.168226902189745,"27 baseline","1 baseline"
"2750","M4","C4620081","1","28","C4620081 M4","baseline",0.167666940992379,"28 baseline","1 baseline"
"2751","M4","C4620081","1","29","C4620081 M4","baseline",0.167623468668627,"29 baseline","1 baseline"
"2752","M4","C4620081","1","30","C4620081 M4","baseline",0.167623003623767,"30 baseline","1 baseline"
"2753","M4","C4620081","1","31","C4620081 M4","baseline",0.167309071100141,"31 baseline","1 baseline"
"2754","M4","C4620081","1","32","C4620081 M4","baseline",0.167241046968971,"32 baseline","1 baseline"
"2755","M4","C4620081","1","33","C4620081 M4","baseline",0.167098812731488,"33 baseline","1 baseline"
"2756","M4","C4620081","1","34","C4620081 M4","baseline",0.16666143001195,"34 baseline","1 baseline"
"2757","M4","C4620081","1","35","C4620081 M4","baseline",0.166325609136241,"35 baseline","1 baseline"
"2758","M4","C4620081","1","36","C4620081 M4","baseline",0.166233300835184,"36 baseline","1 baseline"
"2759","M4","C4620081","1","37","C4620081 M4","baseline",0.165645934856208,"37 baseline","1 baseline"
"2760","M4","C4620081","1","38","C4620081 M4","baseline",0.165553194693879,"38 baseline","1 baseline"
"2761","M4","C4620081","1","39","C4620081 M4","baseline",0.16546243591923,"39 baseline","1 baseline"
"2762","M4","C4620081","1","40","C4620081 M4","baseline",0.164832369585319,"40 baseline","1 baseline"
"2763","M4","C4620081","1","41","C4620081 M4","baseline",0.164582322124315,"41 baseline","1 baseline"
"2764","M4","C4620081","1","42","C4620081 M4","baseline",0.164269726457873,"42 baseline","1 baseline"
"2765","M4","C4620081","1","43","C4620081 M4","baseline",0.164155722856081,"43 baseline","1 baseline"
"2766","M4","C4620081","1","44","C4620081 M4","baseline",0.164125618096715,"44 baseline","1 baseline"
"2767","M4","C4620081","1","45","C4620081 M4","baseline",0.163519796172979,"45 baseline","1 baseline"
"2768","M4","C4620081","1","46","C4620081 M4","baseline",0.163481285704166,"46 baseline","1 baseline"
"2769","M4","C4620081","1","47","C4620081 M4","baseline",0.163163852420727,"47 baseline","1 baseline"
"2770","M4","C4620081","1","48","C4620081 M4","baseline",0.162842395550594,"48 baseline","1 baseline"
"2771","M4","C4620081","1","49","C4620081 M4","baseline",0.162674625211779,"49 baseline","1 baseline"
"2772","M4","C4620081","1","50","C4620081 M4","baseline",0.162637421462954,"50 baseline","1 baseline"
"2773","M4","C4620081","1","51","C4620081 M4","baseline",0.162550562390401,"51 baseline","1 baseline"
"2774","M4","C4620081","1","52","C4620081 M4","baseline",0.161877270370401,"52 baseline","1 baseline"
"2775","M4","C4620081","1","53","C4620081 M4","baseline",0.161402385159894,"53 baseline","1 baseline"
"2776","M4","C4620081","1","54","C4620081 M4","baseline",0.160838118645458,"54 baseline","1 baseline"
"2777","M4","C4620081","1","55","C4620081 M4","baseline",0.160820850791965,"55 baseline","1 baseline"
"2778","M4","C4620081","1","56","C4620081 M4","baseline",0.160276420301913,"56 baseline","1 baseline"
"2779","M4","C4620081","1","57","C4620081 M4","baseline",0.160233673852936,"57 baseline","1 baseline"
"2780","M4","C4620081","1","58","C4620081 M4","baseline",0.159490249613423,"58 baseline","1 baseline"
"2781","M4","C4620081","1","59","C4620081 M4","baseline",0.159236817064802,"59 baseline","1 baseline"
"2782","M4","C4620081","1","60","C4620081 M4","baseline",0.158319703395388,"60 baseline","1 baseline"
"2783","M4","C4620081","1","61","C4620081 M4","baseline",0.157440645352272,"61 baseline","1 baseline"
"2784","M4","C4620081","1","62","C4620081 M4","baseline",0.157270503257483,"62 baseline","1 baseline"
"2785","M4","C4620081","1","63","C4620081 M4","baseline",0.156750081793155,"63 baseline","1 baseline"
"2786","M4","C4620081","1","64","C4620081 M4","baseline",0.156296910079787,"64 baseline","1 baseline"
"2787","M4","C4620081","1","65","C4620081 M4","baseline",0.156211028676454,"65 baseline","1 baseline"
"2788","M4","C4620081","1","66","C4620081 M4","baseline",0.154443964303083,"66 baseline","1 baseline"
"2789","M4","C4620081","1","67","C4620081 M4","baseline",0.154296667892039,"67 baseline","1 baseline"
"2790","M4","C4620081","1","68","C4620081 M4","baseline",0.154164037781049,"68 baseline","1 baseline"
"2791","M4","C4620081","1","69","C4620081 M4","baseline",0.15409546176889,"69 baseline","1 baseline"
"2792","M4","C4620081","1","70","C4620081 M4","baseline",0.15404222466563,"70 baseline","1 baseline"
"2793","M4","C4620081","1","71","C4620081 M4","baseline",0.153777496491669,"71 baseline","1 baseline"
"2794","M4","C4620081","1","72","C4620081 M4","baseline",0.15277276759432,"72 baseline","1 baseline"
"2795","M4","C4620081","1","73","C4620081 M4","baseline",0.152148142986057,"73 baseline","1 baseline"
"2796","M4","C4620081","1","74","C4620081 M4","baseline",0.151997058295538,"74 baseline","1 baseline"
"2797","M4","C4620081","1","75","C4620081 M4","baseline",0.151942681896618,"75 baseline","1 baseline"
"2798","M4","C4620081","1","76","C4620081 M4","baseline",0.150631288286521,"76 baseline","1 baseline"
"2799","M4","C4620081","1","77","C4620081 M4","baseline",0.149928161603268,"77 baseline","1 baseline"
"2800","M4","C4620081","1","78","C4620081 M4","baseline",0.149164251668151,"78 baseline","1 baseline"
"2801","M4","C4620081","1","79","C4620081 M4","baseline",0.148752771372416,"79 baseline","1 baseline"
"2802","M4","C4620081","1","80","C4620081 M4","baseline",0.148495442840481,"80 baseline","1 baseline"
"2803","M4","C4620081","1","81","C4620081 M4","baseline",0.148341700624886,"81 baseline","1 baseline"
"2804","M4","C4620081","1","82","C4620081 M4","baseline",0.148292728147048,"82 baseline","1 baseline"
"2805","M4","C4620081","1","83","C4620081 M4","baseline",0.147786193607052,"83 baseline","1 baseline"
"2806","M4","C4620081","1","84","C4620081 M4","baseline",0.147759839833494,"84 baseline","1 baseline"
"2807","M4","C4620081","1","85","C4620081 M4","baseline",0.147729118994128,"85 baseline","1 baseline"
"2808","M4","C4620081","1","86","C4620081 M4","baseline",0.146989149697199,"86 baseline","1 baseline"
"2809","M4","C4620081","1","87","C4620081 M4","baseline",0.146828001526515,"87 baseline","1 baseline"
"2810","M4","C4620081","1","88","C4620081 M4","baseline",0.146774043306596,"88 baseline","1 baseline"
"2811","M4","C4620081","1","89","C4620081 M4","baseline",0.146401216791668,"89 baseline","1 baseline"
"2812","M4","C4620081","1","90","C4620081 M4","baseline",0.146387498246501,"90 baseline","1 baseline"
"2813","M4","C4620081","1","91","C4620081 M4","baseline",0.146275443909828,"91 baseline","1 baseline"
"2814","M4","C4620081","1","92","C4620081 M4","baseline",0.146180695046023,"92 baseline","1 baseline"
"2815","M4","C4620081","1","93","C4620081 M4","baseline",0.145961965839248,"93 baseline","1 baseline"
"2816","M4","C4620081","1","94","C4620081 M4","baseline",0.145813753895444,"94 baseline","1 baseline"
"2817","M4","C4620081","1","95","C4620081 M4","baseline",0.145698255392884,"95 baseline","1 baseline"
"2818","M4","C4620081","1","96","C4620081 M4","baseline",0.145496122131849,"96 baseline","1 baseline"
"2819","M4","C4620081","1","97","C4620081 M4","baseline",0.145336808852149,"97 baseline","1 baseline"
"2820","M4","C4620081","1","98","C4620081 M4","baseline",0.144956631721281,"98 baseline","1 baseline"
"2821","M4","C4620081","1","99","C4620081 M4","baseline",0.144595336984115,"99 baseline","1 baseline"
"2822","M4","C4620081","1","100","C4620081 M4","baseline",0.144460643407737,"100 baseline","1 baseline"
"2823","M4","C4620081","1","101","C4620081 M4","baseline",0.143947347621044,"101 baseline","1 baseline"
"2824","M4","C4620081","1","102","C4620081 M4","baseline",0.143872976107137,"102 baseline","1 baseline"
"2825","M4","C4620081","1","103","C4620081 M4","baseline",0.143826976742582,"103 baseline","1 baseline"
"2826","M4","C4620081","1","104","C4620081 M4","baseline",0.143796040587213,"104 baseline","1 baseline"
"2827","M4","C4620081","1","105","C4620081 M4","baseline",0.143730793991929,"105 baseline","1 baseline"
"2828","M4","C4620081","1","106","C4620081 M4","baseline",0.143527888926869,"106 baseline","1 baseline"
"2829","M4","C4620081","1","107","C4620081 M4","baseline",0.142845366046373,"107 baseline","1 baseline"
"2830","M4","C4620081","1","108","C4620081 M4","baseline",0.142728814692231,"108 baseline","1 baseline"
"2831","M4","C4620081","1","109","C4620081 M4","baseline",0.142581573933395,"109 baseline","1 baseline"
"2832","M4","C4620081","1","110","C4620081 M4","baseline",0.142556453181138,"110 baseline","1 baseline"
"2833","M4","C4620081","1","111","C4620081 M4","baseline",0.142555069048048,"111 baseline","1 baseline"
"2834","M4","C4620081","1","112","C4620081 M4","baseline",0.14252910827543,"112 baseline","1 baseline"
"2835","M4","C4620081","1","113","C4620081 M4","baseline",0.142514551350505,"113 baseline","1 baseline"
"2836","M4","C4620081","1","114","C4620081 M4","baseline",0.142268768066295,"114 baseline","1 baseline"
"2837","M4","C4620081","1","115","C4620081 M4","baseline",0.142258321870809,"115 baseline","1 baseline"
"2838","M4","C4620081","1","116","C4620081 M4","baseline",0.141976062266802,"116 baseline","1 baseline"
"2839","M4","C4620081","1","117","C4620081 M4","baseline",0.141886121583467,"117 baseline","1 baseline"
"2840","M4","C4620081","1","118","C4620081 M4","baseline",0.141845905248476,"118 baseline","1 baseline"
"2841","M4","C4620081","1","119","C4620081 M4","baseline",0.141475522053779,"119 baseline","1 baseline"
"2842","M4","C4620081","1","120","C4620081 M4","baseline",0.141475139931913,"120 baseline","1 baseline"
"2843","M4","C4620081","1","121","C4620081 M4","baseline",0.141308368049144,"121 baseline","1 baseline"
"2844","M4","C4620081","1","122","C4620081 M4","baseline",0.141076478005707,"122 baseline","1 baseline"
"2845","M4","C4620081","1","123","C4620081 M4","baseline",0.140843760388112,"123 baseline","1 baseline"
"2846","M4","C4620081","1","124","C4620081 M4","baseline",0.13974380481605,"124 baseline","1 baseline"
"2847","M4","C4620081","1","125","C4620081 M4","baseline",0.139609410784971,"125 baseline","1 baseline"
"2848","M4","C4620081","1","126","C4620081 M4","baseline",0.13954018100803,"126 baseline","1 baseline"
"2849","M4","C4620081","1","127","C4620081 M4","baseline",0.13923237120131,"127 baseline","1 baseline"
"2850","M4","C4620081","1","128","C4620081 M4","baseline",0.138949726167317,"128 baseline","1 baseline"
"2851","M4","C4620081","1","129","C4620081 M4","baseline",0.13890174714059,"129 baseline","1 baseline"
"2852","M4","C4620081","1","130","C4620081 M4","baseline",0.138838524597825,"130 baseline","1 baseline"
"2853","M4","C4620081","1","131","C4620081 M4","baseline",0.138682772479552,"131 baseline","1 baseline"
"2854","M4","C4620081","1","132","C4620081 M4","baseline",0.13850144361199,"132 baseline","1 baseline"
"2855","M4","C4620081","1","133","C4620081 M4","baseline",0.137423769781281,"133 baseline","1 baseline"
"2856","M4","C4620081","1","134","C4620081 M4","baseline",0.137319130198748,"134 baseline","1 baseline"
"2857","M4","C4620081","1","135","C4620081 M4","baseline",0.137117770611044,"135 baseline","1 baseline"
"2858","M4","C4620081","1","136","C4620081 M4","baseline",0.136945850808109,"136 baseline","1 baseline"
"2859","M4","C4620081","1","137","C4620081 M4","baseline",0.136718502958165,"137 baseline","1 baseline"
"2860","M4","C4620081","1","138","C4620081 M4","baseline",0.136657840562388,"138 baseline","1 baseline"
"2861","M4","C4620081","1","139","C4620081 M4","baseline",0.136644237737624,"139 baseline","1 baseline"
"2862","M4","C4620081","1","140","C4620081 M4","baseline",0.136119841793604,"140 baseline","1 baseline"
"2863","M4","C4620081","1","141","C4620081 M4","baseline",0.135966340982802,"141 baseline","1 baseline"
"2864","M4","C4620081","1","142","C4620081 M4","baseline",0.135905928675906,"142 baseline","1 baseline"
"2865","M4","C4620081","1","143","C4620081 M4","baseline",0.135861956202786,"143 baseline","1 baseline"
"2866","M4","C4620081","1","144","C4620081 M4","baseline",0.135654286208826,"144 baseline","1 baseline"
"2867","M4","C4620081","1","145","C4620081 M4","baseline",0.135492483224009,"145 baseline","1 baseline"
"2868","M4","C4620081","1","146","C4620081 M4","baseline",0.135418952414487,"146 baseline","1 baseline"
"2869","M4","C4620081","1","147","C4620081 M4","baseline",0.135062747884302,"147 baseline","1 baseline"
"2870","M4","C4620081","1","148","C4620081 M4","baseline",0.134634578959312,"148 baseline","1 baseline"
"2871","M4","C4620081","1","149","C4620081 M4","baseline",0.134363749363725,"149 baseline","1 baseline"
"2872","M4","C4620081","1","150","C4620081 M4","baseline",0.134009089372824,"150 baseline","1 baseline"
"2873","M4","C4620081","1","151","C4620081 M4","baseline",0.134002793498757,"151 baseline","1 baseline"
"2874","M4","C4620081","1","152","C4620081 M4","baseline",0.133815890400479,"152 baseline","1 baseline"
"2875","M4","C4620081","1","153","C4620081 M4","baseline",0.133776549183306,"153 baseline","1 baseline"
"2876","M4","C4620081","1","154","C4620081 M4","baseline",0.133722497474933,"154 baseline","1 baseline"
"2877","M4","C4620081","1","155","C4620081 M4","baseline",0.133287699814064,"155 baseline","1 baseline"
"2878","M4","C4620081","1","156","C4620081 M4","baseline",0.133266725481172,"156 baseline","1 baseline"
"2879","M4","C4620081","1","157","C4620081 M4","baseline",0.133208622821622,"157 baseline","1 baseline"
"2880","M4","C4620081","1","158","C4620081 M4","baseline",0.133128418464666,"158 baseline","1 baseline"
"2881","M4","C4620081","1","159","C4620081 M4","baseline",0.133109271595609,"159 baseline","1 baseline"
"2882","M4","C4620081","1","160","C4620081 M4","baseline",0.133050819560804,"160 baseline","1 baseline"
"2883","M4","C4620081","1","161","C4620081 M4","baseline",0.13257837998814,"161 baseline","1 baseline"
"2884","M4","C4620081","1","162","C4620081 M4","baseline",0.132137632822144,"162 baseline","1 baseline"
"2885","M4","C4620081","1","163","C4620081 M4","baseline",0.131928011823839,"163 baseline","1 baseline"
"2886","M4","C4620081","1","164","C4620081 M4","baseline",0.13192564113379,"164 baseline","1 baseline"
"2887","M4","C4620081","1","165","C4620081 M4","baseline",0.131777338528542,"165 baseline","1 baseline"
"2888","M4","C4620081","1","166","C4620081 M4","baseline",0.131361353954076,"166 baseline","1 baseline"
"2889","M4","C4620081","1","167","C4620081 M4","baseline",0.131185342745857,"167 baseline","1 baseline"
"2890","M4","C4620081","1","168","C4620081 M4","baseline",0.130934835247435,"168 baseline","1 baseline"
"2891","M4","C4620081","1","169","C4620081 M4","baseline",0.130840248289486,"169 baseline","1 baseline"
"2892","M4","C4620081","1","170","C4620081 M4","baseline",0.13082350358827,"170 baseline","1 baseline"
"2893","M4","C4620081","1","171","C4620081 M4","baseline",0.130761464239437,"171 baseline","1 baseline"
"2894","M4","C4620081","1","172","C4620081 M4","baseline",0.13038680661674,"172 baseline","1 baseline"
"2895","M4","C4620081","1","173","C4620081 M4","baseline",0.130053231295458,"173 baseline","1 baseline"
"2896","M4","C4620081","1","174","C4620081 M4","baseline",0.12991480235376,"174 baseline","1 baseline"
"2897","M4","C4620081","1","175","C4620081 M4","baseline",0.129473101216221,"175 baseline","1 baseline"
"2898","M4","C4620081","1","176","C4620081 M4","baseline",0.129366800715104,"176 baseline","1 baseline"
"2899","M4","C4620081","1","177","C4620081 M4","baseline",0.129205656060965,"177 baseline","1 baseline"
"2900","M4","C4620081","1","178","C4620081 M4","baseline",0.129195965975241,"178 baseline","1 baseline"
"2901","M4","C4620081","1","179","C4620081 M4","baseline",0.129066542666452,"179 baseline","1 baseline"
"2902","M4","C4620081","1","180","C4620081 M4","baseline",0.128521747750512,"180 baseline","1 baseline"
"2903","M4","C4620081","1","181","C4620081 M4","baseline",0.128429687672802,"181 baseline","1 baseline"
"2904","M4","C4620081","1","182","C4620081 M4","baseline",0.127993395237255,"182 baseline","1 baseline"
"2905","M4","C4620081","1","183","C4620081 M4","baseline",0.127760438484632,"183 baseline","1 baseline"
"2906","M4","C4620081","1","184","C4620081 M4","baseline",0.127437314235101,"184 baseline","1 baseline"
"2907","M4","C4620081","1","185","C4620081 M4","baseline",0.127342319860043,"185 baseline","1 baseline"
"2908","M4","C4620081","1","186","C4620081 M4","baseline",0.127177148519467,"186 baseline","1 baseline"
"2909","M4","C4620081","1","187","C4620081 M4","baseline",0.126949802660021,"187 baseline","1 baseline"
"2910","M4","C4620081","1","188","C4620081 M4","baseline",0.126922113328624,"188 baseline","1 baseline"
"2911","M4","C4620081","1","189","C4620081 M4","baseline",0.126807719481492,"189 baseline","1 baseline"
"2912","M4","C4620081","1","190","C4620081 M4","baseline",0.126412552805944,"190 baseline","1 baseline"
"2913","M4","C4620081","1","191","C4620081 M4","baseline",0.126179757270985,"191 baseline","1 baseline"
"2914","M4","C4620081","1","192","C4620081 M4","baseline",0.125869220193109,"192 baseline","1 baseline"
"2915","M4","C4620081","1","193","C4620081 M4","baseline",0.125863314324627,"193 baseline","1 baseline"
"2916","M4","C4620081","1","194","C4620081 M4","baseline",0.125468362051802,"194 baseline","1 baseline"
"2917","M4","C4620081","1","195","C4620081 M4","baseline",0.12517449681831,"195 baseline","1 baseline"
"2918","M4","C4620081","1","196","C4620081 M4","baseline",0.1251491192981,"196 baseline","1 baseline"
"2919","M4","C4620081","1","197","C4620081 M4","baseline",0.125126746405818,"197 baseline","1 baseline"
"2920","M4","C4620081","1","198","C4620081 M4","baseline",0.125074096301766,"198 baseline","1 baseline"
"2921","M4","C4620081","1","199","C4620081 M4","baseline",0.124817219337509,"199 baseline","1 baseline"
"2922","M4","C4620081","1","200","C4620081 M4","baseline",0.124816973208777,"200 baseline","1 baseline"
"2923","M4","C4620081","1","201","C4620081 M4","baseline",0.124577892377785,"201 baseline","1 baseline"
"2924","M4","C4620081","1","202","C4620081 M4","baseline",0.124194835913678,"202 baseline","1 baseline"
"2925","M4","C4620081","1","203","C4620081 M4","baseline",0.124154015603581,"203 baseline","1 baseline"
"2926","M4","C4620081","1","204","C4620081 M4","baseline",0.12406487422718,"204 baseline","1 baseline"
"2927","M4","C4620081","1","205","C4620081 M4","baseline",0.123892635765331,"205 baseline","1 baseline"
"2928","M4","C4620081","1","206","C4620081 M4","baseline",0.123538338528293,"206 baseline","1 baseline"
"2929","M4","C4620081","1","207","C4620081 M4","baseline",0.123530258185705,"207 baseline","1 baseline"
"2930","M4","C4620081","1","208","C4620081 M4","baseline",0.123435711220535,"208 baseline","1 baseline"
"2931","M4","C4620081","1","209","C4620081 M4","baseline",0.123379074893203,"209 baseline","1 baseline"
"2932","M4","C4620081","1","210","C4620081 M4","baseline",0.123240464571965,"210 baseline","1 baseline"
"2933","M4","C4620081","1","211","C4620081 M4","baseline",0.123095663634858,"211 baseline","1 baseline"
"2934","M4","C4620081","1","212","C4620081 M4","baseline",0.122954134246131,"212 baseline","1 baseline"
"2935","M4","C4620081","1","213","C4620081 M4","baseline",0.122784712792144,"213 baseline","1 baseline"
"2936","M4","C4620081","1","214","C4620081 M4","baseline",0.122762611497937,"214 baseline","1 baseline"
"2937","M4","C4620081","1","215","C4620081 M4","baseline",0.122652177828848,"215 baseline","1 baseline"
"2938","M4","C4620081","1","216","C4620081 M4","baseline",0.12238432338158,"216 baseline","1 baseline"
"2939","M4","C4620081","1","217","C4620081 M4","baseline",0.122051521781348,"217 baseline","1 baseline"
"2940","M4","C4620081","1","218","C4620081 M4","baseline",0.121804036929788,"218 baseline","1 baseline"
"2941","M4","C4620081","1","219","C4620081 M4","baseline",0.121645116973281,"219 baseline","1 baseline"
"2942","M4","C4620081","1","220","C4620081 M4","baseline",0.121611028095507,"220 baseline","1 baseline"
"2943","M4","C4620081","1","221","C4620081 M4","baseline",0.121393453001132,"221 baseline","1 baseline"
"2944","M4","C4620081","1","222","C4620081 M4","baseline",0.12084864292935,"222 baseline","1 baseline"
"2945","M4","C4620081","1","223","C4620081 M4","baseline",0.120458611100508,"223 baseline","1 baseline"
"2946","M4","C4620081","1","224","C4620081 M4","baseline",0.120112477907616,"224 baseline","1 baseline"
"2947","M4","C4620081","1","225","C4620081 M4","baseline",0.119963813832239,"225 baseline","1 baseline"
"2948","M4","C4620081","1","226","C4620081 M4","baseline",0.119939571691902,"226 baseline","1 baseline"
"2949","M4","C4620081","1","227","C4620081 M4","baseline",0.119938824246854,"227 baseline","1 baseline"
"2950","M4","C4620081","1","228","C4620081 M4","baseline",0.119789500830901,"228 baseline","1 baseline"
"2951","M4","C4620081","1","229","C4620081 M4","baseline",0.119722451853492,"229 baseline","1 baseline"
"2952","M4","C4620081","1","230","C4620081 M4","baseline",0.119590789247862,"230 baseline","1 baseline"
"2953","M4","C4620081","1","231","C4620081 M4","baseline",0.119545707351383,"231 baseline","1 baseline"
"2954","M4","C4620081","1","232","C4620081 M4","baseline",0.119371843463155,"232 baseline","1 baseline"
"2955","M4","C4620081","1","233","C4620081 M4","baseline",0.119337109012745,"233 baseline","1 baseline"
"2956","M4","C4620081","1","234","C4620081 M4","baseline",0.119028936086545,"234 baseline","1 baseline"
"2957","M4","C4620081","1","235","C4620081 M4","baseline",0.118925536013105,"235 baseline","1 baseline"
"2958","M4","C4620081","1","236","C4620081 M4","baseline",0.118793605002186,"236 baseline","1 baseline"
"2959","M4","C4620081","1","237","C4620081 M4","baseline",0.118526191129398,"237 baseline","1 baseline"
"2960","M4","C4620081","1","238","C4620081 M4","baseline",0.118505545964184,"238 baseline","1 baseline"
"2961","M4","C4620081","1","239","C4620081 M4","baseline",0.11818421218616,"239 baseline","1 baseline"
"2962","M4","C4620081","1","240","C4620081 M4","baseline",0.117838589101048,"240 baseline","1 baseline"
"2963","M4","C4620081","1","241","C4620081 M4","baseline",0.117750314069592,"241 baseline","1 baseline"
"2964","M4","C4620081","1","242","C4620081 M4","baseline",0.117281480821401,"242 baseline","1 baseline"
"2965","M4","C4620081","1","243","C4620081 M4","baseline",0.117176799199002,"243 baseline","1 baseline"
"2966","M4","C4620081","1","244","C4620081 M4","baseline",0.116986910546648,"244 baseline","1 baseline"
"2967","M4","C4620081","1","245","C4620081 M4","baseline",0.116948588534882,"245 baseline","1 baseline"
"2968","M4","C4620081","1","246","C4620081 M4","baseline",0.116869989161415,"246 baseline","1 baseline"
"2969","M4","C4620081","1","247","C4620081 M4","baseline",0.116796703716819,"247 baseline","1 baseline"
"2970","M4","C4620081","1","248","C4620081 M4","baseline",0.116726439175058,"248 baseline","1 baseline"
"2971","M4","C4620081","1","249","C4620081 M4","baseline",0.116522922717866,"249 baseline","1 baseline"
"2972","M4","C4620081","1","250","C4620081 M4","baseline",0.116306417731042,"250 baseline","1 baseline"
"2973","M4","C4620081","1","251","C4620081 M4","baseline",0.116295440904263,"251 baseline","1 baseline"
"2974","M4","C4620081","1","252","C4620081 M4","baseline",0.115996740958655,"252 baseline","1 baseline"
"2975","M4","C4620081","1","253","C4620081 M4","baseline",0.115505010147085,"253 baseline","1 baseline"
"2976","M4","C4620081","1","254","C4620081 M4","baseline",0.115272597185258,"254 baseline","1 baseline"
"2977","M4","C4620081","1","255","C4620081 M4","baseline",0.115253110300592,"255 baseline","1 baseline"
"2978","M4","C4620081","1","256","C4620081 M4","baseline",0.115252418863527,"256 baseline","1 baseline"
"2979","M4","C4620081","1","257","C4620081 M4","baseline",0.114603274325571,"257 baseline","1 baseline"
"2980","M4","C4620081","1","258","C4620081 M4","baseline",0.114116417205905,"258 baseline","1 baseline"
"2981","M4","C4620081","1","259","C4620081 M4","baseline",0.113867409762483,"259 baseline","1 baseline"
"2982","M4","C4620081","1","260","C4620081 M4","baseline",0.113620419942657,"260 baseline","1 baseline"
"2983","M4","C4620081","1","261","C4620081 M4","baseline",0.113576400488387,"261 baseline","1 baseline"
"2984","M4","C4620081","1","262","C4620081 M4","baseline",0.113492438285767,"262 baseline","1 baseline"
"2985","M4","C4620081","1","263","C4620081 M4","baseline",0.113023975185354,"263 baseline","1 baseline"
"2986","M4","C4620081","1","264","C4620081 M4","baseline",0.112960616763797,"264 baseline","1 baseline"
"2987","M4","C4620081","1","265","C4620081 M4","baseline",0.112887533349628,"265 baseline","1 baseline"
"2988","M4","C4620081","1","266","C4620081 M4","baseline",0.112765385354052,"266 baseline","1 baseline"
"2989","M4","C4620081","1","267","C4620081 M4","baseline",0.112707219101869,"267 baseline","1 baseline"
"2990","M4","C4620081","1","268","C4620081 M4","baseline",0.112611620378928,"268 baseline","1 baseline"
"2991","M4","C4620081","1","269","C4620081 M4","baseline",0.112598476682838,"269 baseline","1 baseline"
"2992","M4","C4620081","1","270","C4620081 M4","baseline",0.112410551602821,"270 baseline","1 baseline"
"2993","M4","C4620081","1","271","C4620081 M4","baseline",0.112122018014753,"271 baseline","1 baseline"
"2994","M4","C4620081","1","272","C4620081 M4","baseline",0.111984321536379,"272 baseline","1 baseline"
"2995","M4","C4620081","1","273","C4620081 M4","baseline",0.111869422930921,"273 baseline","1 baseline"
"2996","M4","C4620081","1","274","C4620081 M4","baseline",0.111824900474062,"274 baseline","1 baseline"
"2997","M4","C4620081","1","275","C4620081 M4","baseline",0.111699807934594,"275 baseline","1 baseline"
"2998","M4","C4620081","1","276","C4620081 M4","baseline",0.111581903109918,"276 baseline","1 baseline"
"2999","M4","C4620081","1","277","C4620081 M4","baseline",0.111337962598223,"277 baseline","1 baseline"
"3000","M4","C4620081","1","278","C4620081 M4","baseline",0.110948062024015,"278 baseline","1 baseline"
"3001","M4","C4620081","1","279","C4620081 M4","baseline",0.110717761535521,"279 baseline","1 baseline"
"3002","M4","C4620081","1","280","C4620081 M4","baseline",0.110692561005645,"280 baseline","1 baseline"
"3003","M4","C4620081","1","281","C4620081 M4","baseline",0.110649751857243,"281 baseline","1 baseline"
"3004","M4","C4620081","1","282","C4620081 M4","baseline",0.110297522701578,"282 baseline","1 baseline"
"3005","M4","C4620081","1","283","C4620081 M4","baseline",0.110074622340725,"283 baseline","1 baseline"
"3006","M4","C4620081","1","284","C4620081 M4","baseline",0.110054710973417,"284 baseline","1 baseline"
"3007","M4","C4620081","1","285","C4620081 M4","baseline",0.109654696374559,"285 baseline","1 baseline"
"3008","M4","C4620081","1","286","C4620081 M4","baseline",0.109620931249288,"286 baseline","1 baseline"
"3009","M4","C4620081","1","287","C4620081 M4","baseline",0.109575715142163,"287 baseline","1 baseline"
"3010","M4","C4620081","1","288","C4620081 M4","baseline",0.109546725528749,"288 baseline","1 baseline"
"3011","M4","C4620081","1","289","C4620081 M4","baseline",0.10943438988067,"289 baseline","1 baseline"
"3012","M4","C4620081","1","290","C4620081 M4","baseline",0.109176350582043,"290 baseline","1 baseline"
"3013","M4","C4620081","1","291","C4620081 M4","baseline",0.109100150662141,"291 baseline","1 baseline"
"3014","M4","C4620081","1","292","C4620081 M4","baseline",0.10867446133643,"292 baseline","1 baseline"
"3015","M4","C4620081","1","293","C4620081 M4","baseline",0.108086211163443,"293 baseline","1 baseline"
"3016","M4","C4620081","1","294","C4620081 M4","baseline",0.107453668498895,"294 baseline","1 baseline"
"3017","M4","C4620081","1","295","C4620081 M4","baseline",0.10737846735476,"295 baseline","1 baseline"
"3018","M4","C4620081","1","296","C4620081 M4","baseline",0.107047434111673,"296 baseline","1 baseline"
"3019","M4","C4620081","1","297","C4620081 M4","baseline",0.10668184259542,"297 baseline","1 baseline"
"3020","M4","C4620081","1","298","C4620081 M4","baseline",0.10645460984418,"298 baseline","1 baseline"
"3021","M4","C4620081","1","299","C4620081 M4","baseline",0.106343439684551,"299 baseline","1 baseline"
"3022","M4","C4620081","1","300","C4620081 M4","baseline",0.105491333214637,"300 baseline","1 baseline"
"3023","M4","C4620081","1","301","C4620081 M4","baseline",0.105258627739516,"301 baseline","1 baseline"
"3024","M4","C4620081","1","302","C4620081 M4","baseline",0.105216368182585,"302 baseline","1 baseline"
"3025","M4","C4620081","1","303","C4620081 M4","baseline",0.104981247085348,"303 baseline","1 baseline"
"3026","M4","C4620081","1","304","C4620081 M4","baseline",0.104945805128431,"304 baseline","1 baseline"
"3027","M4","C4620081","1","305","C4620081 M4","baseline",0.104867044701297,"305 baseline","1 baseline"
"3028","M4","C4620081","1","306","C4620081 M4","baseline",0.104382799408574,"306 baseline","1 baseline"
"3029","M4","C4620081","1","307","C4620081 M4","baseline",0.104373983586686,"307 baseline","1 baseline"
"3030","M4","C4620081","1","308","C4620081 M4","baseline",0.103992975242931,"308 baseline","1 baseline"
"3031","M4","C4620081","1","309","C4620081 M4","baseline",0.103894040350455,"309 baseline","1 baseline"
"3032","M4","C4620081","1","310","C4620081 M4","baseline",0.103782520186671,"310 baseline","1 baseline"
"3033","M4","C4620081","1","311","C4620081 M4","baseline",0.103319902907903,"311 baseline","1 baseline"
"3034","M4","C4620081","1","312","C4620081 M4","baseline",0.102754296256012,"312 baseline","1 baseline"
"3035","M4","C4620081","1","313","C4620081 M4","baseline",0.102071613834153,"313 baseline","1 baseline"
"3036","M4","C4620081","1","314","C4620081 M4","baseline",0.102026095387383,"314 baseline","1 baseline"
"3037","M4","C4620081","1","315","C4620081 M4","baseline",0.101854361545538,"315 baseline","1 baseline"
"3038","M4","C4620081","1","316","C4620081 M4","baseline",0.101746709989408,"316 baseline","1 baseline"
"3039","M4","C4620081","1","317","C4620081 M4","baseline",0.101704717371299,"317 baseline","1 baseline"
"3040","M4","C4620081","1","318","C4620081 M4","baseline",0.101665915066248,"318 baseline","1 baseline"
"3041","M4","C4620081","1","319","C4620081 M4","baseline",0.100833587375155,"319 baseline","1 baseline"
"3042","M4","C4620081","1","320","C4620081 M4","baseline",0.100699551234794,"320 baseline","1 baseline"
"3043","M4","C4620081","1","321","C4620081 M4","baseline",0.100519328145729,"321 baseline","1 baseline"
"3044","M4","C4620081","1","322","C4620081 M4","baseline",0.100387829450528,"322 baseline","1 baseline"
"3045","M4","C4620081","1","323","C4620081 M4","baseline",0.100377389380225,"323 baseline","1 baseline"
"3046","M4","C4620081","1","324","C4620081 M4","baseline",0.100259144388186,"324 baseline","1 baseline"
"3047","M4","C4620081","1","325","C4620081 M4","baseline",0.100022592778843,"325 baseline","1 baseline"
"3048","M4","C4620081","1","326","C4620081 M4","baseline",0.0998215947651984,"326 baseline","1 baseline"
"3049","M4","C4620081","1","327","C4620081 M4","baseline",0.0990634881266202,"327 baseline","1 baseline"
"3050","M4","C4620081","1","328","C4620081 M4","baseline",0.0989361220110247,"328 baseline","1 baseline"
"3051","M4","C4620081","1","329","C4620081 M4","baseline",0.0988646593040057,"329 baseline","1 baseline"
"3052","M4","C4620081","1","330","C4620081 M4","baseline",0.09861416684702,"330 baseline","1 baseline"
"3053","M4","C4620081","1","331","C4620081 M4","baseline",0.098524148876725,"331 baseline","1 baseline"
"3054","M4","C4620081","1","332","C4620081 M4","baseline",0.0984253256997693,"332 baseline","1 baseline"
"3055","M4","C4620081","1","333","C4620081 M4","baseline",0.0980103660182064,"333 baseline","1 baseline"
"3056","M4","C4620081","1","334","C4620081 M4","baseline",0.097674058754135,"334 baseline","1 baseline"
"3057","M4","C4620081","1","335","C4620081 M4","baseline",0.0974362374681464,"335 baseline","1 baseline"
"3058","M4","C4620081","1","336","C4620081 M4","baseline",0.0973830016401153,"336 baseline","1 baseline"
"3059","M4","C4620081","1","337","C4620081 M4","baseline",0.0964849405339239,"337 baseline","1 baseline"
"3060","M4","C4620081","1","338","C4620081 M4","baseline",0.0963676194301319,"338 baseline","1 baseline"
"3061","M4","C4620081","1","339","C4620081 M4","baseline",0.0959238782437998,"339 baseline","1 baseline"
"3062","M4","C4620081","1","340","C4620081 M4","baseline",0.0953524711857378,"340 baseline","1 baseline"
"3063","M4","C4620081","1","341","C4620081 M4","baseline",0.0952842366751144,"341 baseline","1 baseline"
"3064","M4","C4620081","1","342","C4620081 M4","baseline",0.0951734654096722,"342 baseline","1 baseline"
"3065","M4","C4620081","1","343","C4620081 M4","baseline",0.0950086496975572,"343 baseline","1 baseline"
"3066","M4","C4620081","1","344","C4620081 M4","baseline",0.0947390441500598,"344 baseline","1 baseline"
"3067","M4","C4620081","1","345","C4620081 M4","baseline",0.0942817195906477,"345 baseline","1 baseline"
"3068","M4","C4620081","1","346","C4620081 M4","baseline",0.0942100282511632,"346 baseline","1 baseline"
"3069","M4","C4620081","1","347","C4620081 M4","baseline",0.0937738303622023,"347 baseline","1 baseline"
"3070","M4","C4620081","1","348","C4620081 M4","baseline",0.0936778896357722,"348 baseline","1 baseline"
"3071","M4","C4620081","1","349","C4620081 M4","baseline",0.0930695232136008,"349 baseline","1 baseline"
"3072","M4","C4620081","1","350","C4620081 M4","baseline",0.0930418155791523,"350 baseline","1 baseline"
"3073","M4","C4620081","1","351","C4620081 M4","baseline",0.0930093322635327,"351 baseline","1 baseline"
"3074","M4","C4620081","1","352","C4620081 M4","baseline",0.0923148017709344,"352 baseline","1 baseline"
"3075","M4","C4620081","1","353","C4620081 M4","baseline",0.0919508824673483,"353 baseline","1 baseline"
"3076","M4","C4620081","1","354","C4620081 M4","baseline",0.0917396930452357,"354 baseline","1 baseline"
"3077","M4","C4620081","1","355","C4620081 M4","baseline",0.0905305143380755,"355 baseline","1 baseline"
"3078","M4","C4620081","1","356","C4620081 M4","baseline",0.0901960359328754,"356 baseline","1 baseline"
"3079","M4","C4620081","1","357","C4620081 M4","baseline",0.0901932875314654,"357 baseline","1 baseline"
"3080","M4","C4620081","1","358","C4620081 M4","baseline",0.0898547204454119,"358 baseline","1 baseline"
"3081","M4","C4620081","1","359","C4620081 M4","baseline",0.0898419217360151,"359 baseline","1 baseline"
"3082","M4","C4620081","1","360","C4620081 M4","baseline",0.0896353743603714,"360 baseline","1 baseline"
"3083","M4","C4620081","1","361","C4620081 M4","baseline",0.089552125341292,"361 baseline","1 baseline"
"3084","M4","C4620081","1","362","C4620081 M4","baseline",0.0891368820441022,"362 baseline","1 baseline"
"3085","M4","C4620081","1","363","C4620081 M4","baseline",0.0887303725649479,"363 baseline","1 baseline"
"3086","M4","C4620081","1","364","C4620081 M4","baseline",0.0886124998931423,"364 baseline","1 baseline"
"3087","M4","C4620081","1","365","C4620081 M4","baseline",0.0866202679786309,"365 baseline","1 baseline"
"3088","M4","C4620081","1","366","C4620081 M4","baseline",0.0863891781537647,"366 baseline","1 baseline"
"3089","M4","C4620081","1","367","C4620081 M4","baseline",0.0863672427474002,"367 baseline","1 baseline"
"3090","M4","C4620081","1","368","C4620081 M4","baseline",0.0855296733464642,"368 baseline","1 baseline"
"3091","M4","C4620081","1","369","C4620081 M4","baseline",0.085217488544536,"369 baseline","1 baseline"
"3092","M4","C4620081","1","370","C4620081 M4","baseline",0.0851668697247203,"370 baseline","1 baseline"
"3093","M4","C4620081","1","371","C4620081 M4","baseline",0.0849135251951171,"371 baseline","1 baseline"
"3094","M4","C4620081","1","372","C4620081 M4","baseline",0.0848884257359941,"372 baseline","1 baseline"
"3095","M4","C4620081","1","373","C4620081 M4","baseline",0.0842585942574671,"373 baseline","1 baseline"
"3096","M4","C4620081","1","374","C4620081 M4","baseline",0.0841005493755688,"374 baseline","1 baseline"
"3097","M4","C4620081","1","375","C4620081 M4","baseline",0.0833700231228292,"375 baseline","1 baseline"
"3098","M4","C4620081","1","376","C4620081 M4","baseline",0.0826723325322269,"376 baseline","1 baseline"
"3099","M4","C4620081","1","377","C4620081 M4","baseline",0.0822911870986466,"377 baseline","1 baseline"
"3100","M4","C4620081","1","378","C4620081 M4","baseline",0.0822710539658925,"378 baseline","1 baseline"
"3101","M4","C4620081","1","379","C4620081 M4","baseline",0.0821446755358835,"379 baseline","1 baseline"
"3102","M4","C4620081","1","380","C4620081 M4","baseline",0.0813941858049449,"380 baseline","1 baseline"
"3103","M4","C4620081","1","381","C4620081 M4","baseline",0.0811503077274621,"381 baseline","1 baseline"
"3104","M4","C4620081","1","382","C4620081 M4","baseline",0.0811313525733938,"382 baseline","1 baseline"
"3105","M4","C4620081","1","383","C4620081 M4","baseline",0.08104132477897,"383 baseline","1 baseline"
"3106","M4","C4620081","1","384","C4620081 M4","baseline",0.08061799947289,"384 baseline","1 baseline"
"3107","M4","C4620081","1","385","C4620081 M4","baseline",0.080579691908132,"385 baseline","1 baseline"
"3108","M4","C4620081","1","386","C4620081 M4","baseline",0.0804938557855776,"386 baseline","1 baseline"
"3109","M4","C4620081","1","387","C4620081 M4","baseline",0.0804845671489708,"387 baseline","1 baseline"
"3110","M4","C4620081","1","388","C4620081 M4","baseline",0.0804686526029508,"388 baseline","1 baseline"
"3111","M4","C4620081","1","389","C4620081 M4","baseline",0.0800970812729763,"389 baseline","1 baseline"
"3112","M4","C4620081","1","390","C4620081 M4","baseline",0.0796494992220685,"390 baseline","1 baseline"
"3113","M4","C4620081","1","391","C4620081 M4","baseline",0.0789613992323694,"391 baseline","1 baseline"
"3114","M4","C4620081","1","392","C4620081 M4","baseline",0.0781785578790264,"392 baseline","1 baseline"
"3115","M4","C4620081","1","393","C4620081 M4","baseline",0.0778824023588806,"393 baseline","1 baseline"
"3116","M4","C4620081","1","394","C4620081 M4","baseline",0.0767741725074498,"394 baseline","1 baseline"
"3117","M4","C4620081","1","395","C4620081 M4","baseline",0.0765309920702987,"395 baseline","1 baseline"
"3118","M4","C4620081","1","396","C4620081 M4","baseline",0.0763211448838545,"396 baseline","1 baseline"
"3119","M4","C4620081","1","397","C4620081 M4","baseline",0.07569292465688,"397 baseline","1 baseline"
"3120","M4","C4620081","1","398","C4620081 M4","baseline",0.0747965624764308,"398 baseline","1 baseline"
"3121","M4","C4620081","1","399","C4620081 M4","baseline",0.0740740891784708,"399 baseline","1 baseline"
"3122","M4","C4620081","1","400","C4620081 M4","baseline",0.0739111445217064,"400 baseline","1 baseline"
"3123","M4","C4620081","1","401","C4620081 M4","baseline",0.0738196951750855,"401 baseline","1 baseline"
"3124","M4","C4620081","1","402","C4620081 M4","baseline",0.0729654098966859,"402 baseline","1 baseline"
"3125","M4","C4620081","1","403","C4620081 M4","baseline",0.0728949693133883,"403 baseline","1 baseline"
"3126","M4","C4620081","1","404","C4620081 M4","baseline",0.0725715147407957,"404 baseline","1 baseline"
"3127","M4","C4620081","1","405","C4620081 M4","baseline",0.0717794095811767,"405 baseline","1 baseline"
"3128","M4","C4620081","1","406","C4620081 M4","baseline",0.0715620750777842,"406 baseline","1 baseline"
"3129","M4","C4620081","1","407","C4620081 M4","baseline",0.0715620282208063,"407 baseline","1 baseline"
"3130","M4","C4620081","1","408","C4620081 M4","baseline",0.0714319975717208,"408 baseline","1 baseline"
"3131","M4","C4620081","1","409","C4620081 M4","baseline",0.0709000937365769,"409 baseline","1 baseline"
"3132","M4","C4620081","1","410","C4620081 M4","baseline",0.070039347199478,"410 baseline","1 baseline"
"3133","M4","C4620081","1","411","C4620081 M4","baseline",0.069676665573069,"411 baseline","1 baseline"
"3134","M4","C4620081","1","412","C4620081 M4","baseline",0.068766145104551,"412 baseline","1 baseline"
"3135","M4","C4620081","1","413","C4620081 M4","baseline",0.0676433194238432,"413 baseline","1 baseline"
"3136","M4","C4620081","1","414","C4620081 M4","baseline",0.067267558355893,"414 baseline","1 baseline"
"3137","M4","C4620081","1","415","C4620081 M4","baseline",0.0671864394115616,"415 baseline","1 baseline"
"3138","M4","C4620081","1","416","C4620081 M4","baseline",0.0666499313218104,"416 baseline","1 baseline"
"3139","M4","C4620081","1","417","C4620081 M4","baseline",0.0664858322478053,"417 baseline","1 baseline"
"3140","M4","C4620081","1","418","C4620081 M4","baseline",0.065595389633145,"418 baseline","1 baseline"
"3141","M4","C4620081","1","419","C4620081 M4","baseline",0.0647780144212584,"419 baseline","1 baseline"
"3142","M4","C4620081","1","420","C4620081 M4","baseline",0.0645994525338811,"420 baseline","1 baseline"
"3143","M4","C4620081","1","421","C4620081 M4","baseline",0.0645935504115669,"421 baseline","1 baseline"
"3144","M4","C4620081","1","422","C4620081 M4","baseline",0.0635244614490613,"422 baseline","1 baseline"
"3145","M4","C4620081","1","423","C4620081 M4","baseline",0.0622309676142109,"423 baseline","1 baseline"
"3146","M4","C4620081","1","424","C4620081 M4","baseline",0.06085186941552,"424 baseline","1 baseline"
"3147","M4","C4620081","1","425","C4620081 M4","baseline",0.0605261782688854,"425 baseline","1 baseline"
"3148","M4","C4620081","1","426","C4620081 M4","baseline",0.060487937410424,"426 baseline","1 baseline"
"3149","M4","C4620081","1","427","C4620081 M4","baseline",0.0602639078465008,"427 baseline","1 baseline"
"3150","M4","C4620081","1","428","C4620081 M4","baseline",0.0583519026910342,"428 baseline","1 baseline"
"3151","M4","C4620081","1","429","C4620081 M4","baseline",0.0576804559152695,"429 baseline","1 baseline"
"3152","M4","C4620081","1","430","C4620081 M4","baseline",0.0573502194984675,"430 baseline","1 baseline"
"3153","M4","C4620081","1","431","C4620081 M4","baseline",0.0571395514445623,"431 baseline","1 baseline"
"3154","M4","C4620081","1","432","C4620081 M4","baseline",0.0554931501247831,"432 baseline","1 baseline"
"3155","M4","C4620081","1","433","C4620081 M4","baseline",0.0546571619004516,"433 baseline","1 baseline"
"3156","M4","C4620081","1","434","C4620081 M4","baseline",0.0495309778396548,"434 baseline","1 baseline"
"3157","M4","C4620081","1","435","C4620081 M4","baseline",0.0494129121111774,"435 baseline","1 baseline"
"3158","M4","C4620081","1","436","C4620081 M4","baseline",0.0488588459343974,"436 baseline","1 baseline"
"3159","M4","C4620081","1","437","C4620081 M4","baseline",0.0488529385923268,"437 baseline","1 baseline"
"3160","M4","C4620081","1","438","C4620081 M4","baseline",0.0467579196676842,"438 baseline","1 baseline"
"3161","M4","C4620081","1","439","C4620081 M4","baseline",0.0452830018861116,"439 baseline","1 baseline"
"3162","M4","C4620081","1","440","C4620081 M4","baseline",0.0422921096129318,"440 baseline","1 baseline"
"3163","M4","C4620081","1","441","C4620081 M4","baseline",0.0374619202364832,"441 baseline","1 baseline"
"3164","M4","C4620081","1","442","C4620081 M4","baseline",0.0281002706690985,"442 baseline","1 baseline"
"3165","M5","C4620081","1","0","C4620081 M5","baseline",0.34876268300047,"0 baseline","1 baseline"
"3166","M5","C4620081","1","1","C4620081 M5","baseline",0.340928458862432,"1 baseline","1 baseline"
"3167","M5","C4620081","1","2","C4620081 M5","baseline",0.337543469688822,"2 baseline","1 baseline"
"3168","M5","C4620081","1","3","C4620081 M5","baseline",0.334989647082,"3 baseline","1 baseline"
"3169","M5","C4620081","1","4","C4620081 M5","baseline",0.334782441119418,"4 baseline","1 baseline"
"3170","M5","C4620081","1","5","C4620081 M5","baseline",0.332246212869249,"5 baseline","1 baseline"
"3171","M5","C4620081","1","6","C4620081 M5","baseline",0.327407724783807,"6 baseline","1 baseline"
"3172","M5","C4620081","1","7","C4620081 M5","baseline",0.325922178773681,"7 baseline","1 baseline"
"3173","M5","C4620081","1","8","C4620081 M5","baseline",0.323648742136718,"8 baseline","1 baseline"
"3174","M5","C4620081","1","9","C4620081 M5","baseline",0.320980569309549,"9 baseline","1 baseline"
"3175","M5","C4620081","1","10","C4620081 M5","baseline",0.318517736250541,"10 baseline","1 baseline"
"3176","M5","C4620081","1","11","C4620081 M5","baseline",0.317107046779132,"11 baseline","1 baseline"
"3177","M5","C4620081","1","12","C4620081 M5","baseline",0.31687086223316,"12 baseline","1 baseline"
"3178","M5","C4620081","1","13","C4620081 M5","baseline",0.313682603787372,"13 baseline","1 baseline"
"3179","M5","C4620081","1","14","C4620081 M5","baseline",0.311816743896422,"14 baseline","1 baseline"
"3180","M5","C4620081","1","15","C4620081 M5","baseline",0.311271461590375,"15 baseline","1 baseline"
"3181","M5","C4620081","1","16","C4620081 M5","baseline",0.308528410465912,"16 baseline","1 baseline"
"3182","M5","C4620081","1","17","C4620081 M5","baseline",0.307481511021745,"17 baseline","1 baseline"
"3183","M5","C4620081","1","18","C4620081 M5","baseline",0.3038807688525,"18 baseline","1 baseline"
"3184","M5","C4620081","1","19","C4620081 M5","baseline",0.303827807996739,"19 baseline","1 baseline"
"3185","M5","C4620081","1","20","C4620081 M5","baseline",0.302516387997081,"20 baseline","1 baseline"
"3186","M5","C4620081","1","21","C4620081 M5","baseline",0.301773263305819,"21 baseline","1 baseline"
"3187","M5","C4620081","1","22","C4620081 M5","baseline",0.300770879741268,"22 baseline","1 baseline"
"3188","M5","C4620081","1","23","C4620081 M5","baseline",0.299338493886326,"23 baseline","1 baseline"
"3189","M5","C4620081","1","24","C4620081 M5","baseline",0.29907528099081,"24 baseline","1 baseline"
"3190","M5","C4620081","1","25","C4620081 M5","baseline",0.298609944858569,"25 baseline","1 baseline"
"3191","M5","C4620081","1","26","C4620081 M5","baseline",0.297293039406703,"26 baseline","1 baseline"
"3192","M5","C4620081","1","27","C4620081 M5","baseline",0.296607912785676,"27 baseline","1 baseline"
"3193","M5","C4620081","1","28","C4620081 M5","baseline",0.295544108050423,"28 baseline","1 baseline"
"3194","M5","C4620081","1","29","C4620081 M5","baseline",0.292454335675774,"29 baseline","1 baseline"
"3195","M5","C4620081","1","30","C4620081 M5","baseline",0.289484416926334,"30 baseline","1 baseline"
"3196","M5","C4620081","1","31","C4620081 M5","baseline",0.288528340497674,"31 baseline","1 baseline"
"3197","M5","C4620081","1","32","C4620081 M5","baseline",0.287750009793354,"32 baseline","1 baseline"
"3198","M5","C4620081","1","33","C4620081 M5","baseline",0.285977791048508,"33 baseline","1 baseline"
"3199","M5","C4620081","1","34","C4620081 M5","baseline",0.28552003811753,"34 baseline","1 baseline"
"3200","M5","C4620081","1","35","C4620081 M5","baseline",0.284408929480037,"35 baseline","1 baseline"
"3201","M5","C4620081","1","36","C4620081 M5","baseline",0.281869280362857,"36 baseline","1 baseline"
"3202","M5","C4620081","1","37","C4620081 M5","baseline",0.281510490558447,"37 baseline","1 baseline"
"3203","M5","C4620081","1","38","C4620081 M5","baseline",0.280550697455596,"38 baseline","1 baseline"
"3204","M5","C4620081","1","39","C4620081 M5","baseline",0.280429932262931,"39 baseline","1 baseline"
"3205","M5","C4620081","1","40","C4620081 M5","baseline",0.277426872121638,"40 baseline","1 baseline"
"3206","M5","C4620081","1","41","C4620081 M5","baseline",0.275989707702977,"41 baseline","1 baseline"
"3207","M5","C4620081","1","42","C4620081 M5","baseline",0.275335538110179,"42 baseline","1 baseline"
"3208","M5","C4620081","1","43","C4620081 M5","baseline",0.267095500244553,"43 baseline","1 baseline"
"3209","M5","C4620081","1","44","C4620081 M5","baseline",0.267069258630336,"44 baseline","1 baseline"
"3210","M5","C4620081","1","45","C4620081 M5","baseline",0.257594640123043,"45 baseline","1 baseline"
"3211","M5","C4620081","1","46","C4620081 M5","baseline",0.256594168845888,"46 baseline","1 baseline"
"3212","M5","C4620081","1","47","C4620081 M5","baseline",0.254952925357151,"47 baseline","1 baseline"
"3213","M5","C4620081","1","48","C4620081 M5","baseline",0.253948460392075,"48 baseline","1 baseline"
"3214","M5","C4620081","1","49","C4620081 M5","baseline",0.253382179686642,"49 baseline","1 baseline"
"3215","M5","C4620081","1","50","C4620081 M5","baseline",0.252607976368437,"50 baseline","1 baseline"
"3216","M5","C4620081","1","51","C4620081 M5","baseline",0.251540357598296,"51 baseline","1 baseline"
"3217","M5","C4620081","1","52","C4620081 M5","baseline",0.250457749332125,"52 baseline","1 baseline"
"3218","M5","C4620081","1","53","C4620081 M5","baseline",0.250440694979146,"53 baseline","1 baseline"
"3219","M5","C4620081","1","54","C4620081 M5","baseline",0.246437336633717,"54 baseline","1 baseline"
"3220","M5","C4620081","1","55","C4620081 M5","baseline",0.245355067874887,"55 baseline","1 baseline"
"3221","M5","C4620081","1","56","C4620081 M5","baseline",0.244950866331479,"56 baseline","1 baseline"
"3222","M5","C4620081","1","57","C4620081 M5","baseline",0.24418146509686,"57 baseline","1 baseline"
"3223","M5","C4620081","1","58","C4620081 M5","baseline",0.243544872885073,"58 baseline","1 baseline"
"3224","M5","C4620081","1","59","C4620081 M5","baseline",0.2434569905234,"59 baseline","1 baseline"
"3225","M5","C4620081","1","60","C4620081 M5","baseline",0.242345067657882,"60 baseline","1 baseline"
"3226","M5","C4620081","1","61","C4620081 M5","baseline",0.242341670507303,"61 baseline","1 baseline"
"3227","M5","C4620081","1","62","C4620081 M5","baseline",0.236256587941865,"62 baseline","1 baseline"
"3228","M5","C4620081","1","63","C4620081 M5","baseline",0.235992510370048,"63 baseline","1 baseline"
"3229","M5","C4620081","1","64","C4620081 M5","baseline",0.22988272574363,"64 baseline","1 baseline"
"3230","M5","C4620081","1","65","C4620081 M5","baseline",0.229324792164392,"65 baseline","1 baseline"
"3231","M5","C4620081","1","66","C4620081 M5","baseline",0.226809471363494,"66 baseline","1 baseline"
"3232","M5","C4620081","1","67","C4620081 M5","baseline",0.223851816867523,"67 baseline","1 baseline"
"3233","M5","C4620081","1","68","C4620081 M5","baseline",0.223775728875224,"68 baseline","1 baseline"
"3234","M5","C4620081","1","69","C4620081 M5","baseline",0.223745777891155,"69 baseline","1 baseline"
"3235","M5","C4620081","1","70","C4620081 M5","baseline",0.221352072037511,"70 baseline","1 baseline"
"3236","M5","C4620081","1","71","C4620081 M5","baseline",0.22112660609427,"71 baseline","1 baseline"
"3237","M5","C4620081","1","72","C4620081 M5","baseline",0.219161660586867,"72 baseline","1 baseline"
"3238","M5","C4620081","1","73","C4620081 M5","baseline",0.217319396359396,"73 baseline","1 baseline"
"3239","M5","C4620081","1","74","C4620081 M5","baseline",0.215762606575764,"74 baseline","1 baseline"
"3240","M5","C4620081","1","75","C4620081 M5","baseline",0.214406418985515,"75 baseline","1 baseline"
"3241","M5","C4620081","1","76","C4620081 M5","baseline",0.209468516425234,"76 baseline","1 baseline"
"3242","M5","C4620081","1","77","C4620081 M5","baseline",0.200254609038454,"77 baseline","1 baseline"
"3243","M5","C4620081","1","78","C4620081 M5","baseline",0.199831972543164,"78 baseline","1 baseline"
"3244","M5","C4620081","1","79","C4620081 M5","baseline",0.195960230039647,"79 baseline","1 baseline"
"3245","M5","C4620081","1","80","C4620081 M5","baseline",0.195880743310371,"80 baseline","1 baseline"
"3246","M5","C4620081","1","81","C4620081 M5","baseline",0.191193678441605,"81 baseline","1 baseline"
"3247","M5","C4620081","1","82","C4620081 M5","baseline",0.189670275787852,"82 baseline","1 baseline"
"3248","M5","C4620081","1","83","C4620081 M5","baseline",0.189101622186817,"83 baseline","1 baseline"
"3249","M5","C4620081","1","84","C4620081 M5","baseline",0.18595137892863,"84 baseline","1 baseline"
"3250","M5","C4620081","1","85","C4620081 M5","baseline",0.182852837393602,"85 baseline","1 baseline"
"3251","M5","C4620081","1","86","C4620081 M5","baseline",0.18126115663907,"86 baseline","1 baseline"
"3252","M5","C4620081","1","87","C4620081 M5","baseline",0.17642592424761,"87 baseline","1 baseline"
"3253","M5","C4620081","1","88","C4620081 M5","baseline",0.174524865347199,"88 baseline","1 baseline"
"3254","M5","C4620081","1","89","C4620081 M5","baseline",0.169175681655018,"89 baseline","1 baseline"
"3255","M5","C4620081","1","90","C4620081 M5","baseline",0.16519836295176,"90 baseline","1 baseline"
"3256","M5","C4620081","1","91","C4620081 M5","baseline",0.163965914858223,"91 baseline","1 baseline"
"3257","M5","C4620081","1","92","C4620081 M5","baseline",0.162480187657778,"92 baseline","1 baseline"
"3258","M5","C4620081","1","93","C4620081 M5","baseline",0.159180747128582,"93 baseline","1 baseline"
"3259","M5","C4620081","1","94","C4620081 M5","baseline",0.158359906729864,"94 baseline","1 baseline"
"3260","M5","C4620081","1","95","C4620081 M5","baseline",0.147627047551156,"95 baseline","1 baseline"
"3261","M5","C4620081","1","96","C4620081 M5","baseline",0.136740623315666,"96 baseline","1 baseline"
"3262","M5","C4620081","1","97","C4620081 M5","baseline",0.125680477610977,"97 baseline","1 baseline"
"3263","M5","C4620081","1","98","C4620081 M5","baseline",0.121728227153845,"98 baseline","1 baseline"
"3264","M5","C4620081","1","99","C4620081 M5","baseline",0.11500436201635,"99 baseline","1 baseline"
"3265","M5","C4620081","1","100","C4620081 M5","baseline",0.113634408557076,"100 baseline","1 baseline"
"3266","M5","C4620081","1","101","C4620081 M5","baseline",0.113008925894818,"101 baseline","1 baseline"
"3267","M5","C4620081","1","102","C4620081 M5","baseline",0.110336147236798,"102 baseline","1 baseline"
"3268","M5","C4620081","1","103","C4620081 M5","baseline",0.109827895678457,"103 baseline","1 baseline"
"3269","M5","C4620081","1","104","C4620081 M5","baseline",0.108121856783104,"104 baseline","1 baseline"
"3270","M5","C4620081","1","105","C4620081 M5","baseline",0.0980653333201435,"105 baseline","1 baseline"
"3271","M5","C4620081","1","106","C4620081 M5","baseline",0.0925366512217799,"106 baseline","1 baseline"
"3272","M5","C4620081","1","107","C4620081 M5","baseline",0.0922867116982032,"107 baseline","1 baseline"
"3273","M5","C4620081","1","108","C4620081 M5","baseline",0.0892721012654478,"108 baseline","1 baseline"
"3274","M5","C4620081","1","109","C4620081 M5","baseline",0.0852741607414844,"109 baseline","1 baseline"
"3275","M5","C4620081","1","110","C4620081 M5","baseline",0.0809226323023646,"110 baseline","1 baseline"
"3276","M5","C4620081","1","111","C4620081 M5","baseline",0.0803171474789877,"111 baseline","1 baseline"
"3277","M5","C4620081","1","112","C4620081 M5","baseline",0.0778832042421091,"112 baseline","1 baseline"
"3278","M5","C4620081","1","113","C4620081 M5","baseline",0.0698195898479417,"113 baseline","1 baseline"
"3279","M5","C4620081","1","114","C4620081 M5","baseline",0.0682244961020287,"114 baseline","1 baseline"
"3280","M5","C4620081","1","115","C4620081 M5","baseline",0.067505583325311,"115 baseline","1 baseline"
"3281","M5","C4620081","1","116","C4620081 M5","baseline",0.0671743149595413,"116 baseline","1 baseline"
"3282","M5","C4620081","1","117","C4620081 M5","baseline",0.0669922751897556,"117 baseline","1 baseline"
"3283","M5","C4620081","1","118","C4620081 M5","baseline",0.0667479198940503,"118 baseline","1 baseline"
"3284","M5","C4620081","1","119","C4620081 M5","baseline",0.0658446568402598,"119 baseline","1 baseline"
"3285","M5","C4620081","1","120","C4620081 M5","baseline",0.0646290025324039,"120 baseline","1 baseline"
"3286","M5","C4620081","1","121","C4620081 M5","baseline",0.0636127983064955,"121 baseline","1 baseline"
"3287","M5","C4620081","1","122","C4620081 M5","baseline",0.0629000737722662,"122 baseline","1 baseline"
"3288","M5","C4620081","1","123","C4620081 M5","baseline",0.0621612848278379,"123 baseline","1 baseline"
"3289","M5","C4620081","1","124","C4620081 M5","baseline",0.061743498445868,"124 baseline","1 baseline"
"3290","M5","C4620081","1","125","C4620081 M5","baseline",0.0605679361451012,"125 baseline","1 baseline"
"3291","M5","C4620081","1","126","C4620081 M5","baseline",0.0471274299704437,"126 baseline","1 baseline"
"3292","M5","C4620081","1","127","C4620081 M5","baseline",0.0409059000044517,"127 baseline","1 baseline"
"3293","M5","C4620081","1","128","C4620081 M5","baseline",0.0379181210705489,"128 baseline","1 baseline"
"3294","M5","C4620081","1","129","C4620081 M5","baseline",0.0355898893408283,"129 baseline","1 baseline"
"3295","M5","C4620081","1","130","C4620081 M5","baseline",0.0351492664546893,"130 baseline","1 baseline"
"3296","M5","C4620081","1","131","C4620081 M5","baseline",0.0351452271078547,"131 baseline","1 baseline"
"3297","M5","C4620081","1","132","C4620081 M5","baseline",0.0325924051791768,"132 baseline","1 baseline"
"3298","M5","C4620081","1","133","C4620081 M5","baseline",0.030345081380245,"133 baseline","1 baseline"
"3299","M5","C4620081","1","134","C4620081 M5","baseline",0.0302116954615183,"134 baseline","1 baseline"
"3300","M5","C4620081","1","135","C4620081 M5","baseline",0.0295185834917023,"135 baseline","1 baseline"
"3301","M5","C4620081","1","136","C4620081 M5","baseline",0.0280558521226586,"136 baseline","1 baseline"
"3302","M5","C4620081","1","137","C4620081 M5","baseline",0.0224520670857311,"137 baseline","1 baseline"
"3303","M5","C4620081","1","138","C4620081 M5","baseline",0.0194056730484994,"138 baseline","1 baseline"
"3304","M5","C4620081","1","139","C4620081 M5","baseline",0.0103034557495001,"139 baseline","1 baseline"
"3305","M5","C4620081","1","140","C4620081 M5","baseline",0.00797815326961618,"140 baseline","1 baseline"
"3306","M5","C4620081","1","141","C4620081 M5","baseline",0.00470393249531114,"141 baseline","1 baseline"
"3307","M5","C4620081","1","142","C4620081 M5","baseline",0.00333029523830739,"142 baseline","1 baseline"
"3308","M5","C4620081","1","143","C4620081 M5","baseline",0.00246606546797733,"143 baseline","1 baseline"
"3309","M5","C4620081","1","144","C4620081 M5","baseline",-0.00702095919986933,"144 baseline","1 baseline"
"3310","M5","C4620081","1","145","C4620081 M5","baseline",-0.0073777178474022,"145 baseline","1 baseline"
"3311","M5","C4620081","1","146","C4620081 M5","baseline",-0.00822446169514206,"146 baseline","1 baseline"
"3312","M5","C4620081","1","147","C4620081 M5","baseline",-0.0157926033517795,"147 baseline","1 baseline"
"3313","M5","C4620081","1","148","C4620081 M5","baseline",-0.0171986273564306,"148 baseline","1 baseline"
"3314","M5","C4620081","1","149","C4620081 M5","baseline",-0.0180346271282519,"149 baseline","1 baseline"
"3315","M5","C4620081","1","150","C4620081 M5","baseline",-0.0203107821264502,"150 baseline","1 baseline"
"3316","M5","C4620081","1","151","C4620081 M5","baseline",-0.0220342647943022,"151 baseline","1 baseline"
"3317","M5","C4620081","1","152","C4620081 M5","baseline",-0.0225858616172223,"152 baseline","1 baseline"
"3318","M5","C4620081","1","153","C4620081 M5","baseline",-0.0271429072982838,"153 baseline","1 baseline"
"3319","M5","C4620081","1","154","C4620081 M5","baseline",-0.0288821807132362,"154 baseline","1 baseline"
"3320","M5","C4620081","1","155","C4620081 M5","baseline",-0.0304699062641105,"155 baseline","1 baseline"
"3321","M5","C4620081","1","156","C4620081 M5","baseline",-0.0361981356795522,"156 baseline","1 baseline"
"3322","M1","C4620081","14","0","C4620081 M1","baseline",0.129284017071848,"0 baseline","14 baseline"
"3323","M1","C4620081","14","1","C4620081 M1","baseline",0.123095674539023,"1 baseline","14 baseline"
"3324","M1","C4620081","14","2","C4620081 M1","baseline",0.112944022557514,"2 baseline","14 baseline"
"3325","M1","C4620081","14","3","C4620081 M1","baseline",0.111841533699684,"3 baseline","14 baseline"
"3326","M1","C4620081","14","4","C4620081 M1","baseline",0.109188368218221,"4 baseline","14 baseline"
"3327","M1","C4620081","14","5","C4620081 M1","baseline",0.103205298686834,"5 baseline","14 baseline"
"3328","M1","C4620081","14","6","C4620081 M1","baseline",0.102119907498924,"6 baseline","14 baseline"
"3329","M1","C4620081","14","7","C4620081 M1","baseline",0.101450959498801,"7 baseline","14 baseline"
"3330","M1","C4620081","14","8","C4620081 M1","baseline",0.101362118856884,"8 baseline","14 baseline"
"3331","M1","C4620081","14","9","C4620081 M1","baseline",0.100465461805434,"9 baseline","14 baseline"
"3332","M1","C4620081","14","10","C4620081 M1","baseline",0.0989077038621298,"10 baseline","14 baseline"
"3333","M1","C4620081","14","11","C4620081 M1","baseline",0.0978439067294505,"11 baseline","14 baseline"
"3334","M1","C4620081","14","12","C4620081 M1","baseline",0.0971748960138362,"12 baseline","14 baseline"
"3335","M1","C4620081","14","13","C4620081 M1","baseline",0.0965650467873357,"13 baseline","14 baseline"
"3336","M1","C4620081","14","14","C4620081 M1","baseline",0.0963076383195353,"14 baseline","14 baseline"
"3337","M1","C4620081","14","15","C4620081 M1","baseline",0.0947781860087049,"15 baseline","14 baseline"
"3338","M1","C4620081","14","16","C4620081 M1","baseline",0.0928003947672566,"16 baseline","14 baseline"
"3339","M1","C4620081","14","17","C4620081 M1","baseline",0.0924980382876774,"17 baseline","14 baseline"
"3340","M1","C4620081","14","18","C4620081 M1","baseline",0.0924600846632049,"18 baseline","14 baseline"
"3341","M1","C4620081","14","19","C4620081 M1","baseline",0.0924379000110853,"19 baseline","14 baseline"
"3342","M1","C4620081","14","20","C4620081 M1","baseline",0.0912657178217464,"20 baseline","14 baseline"
"3343","M1","C4620081","14","21","C4620081 M1","baseline",0.0907499584023944,"21 baseline","14 baseline"
"3344","M1","C4620081","14","22","C4620081 M1","baseline",0.0906361924811222,"22 baseline","14 baseline"
"3345","M1","C4620081","14","23","C4620081 M1","baseline",0.0893344427480434,"23 baseline","14 baseline"
"3346","M1","C4620081","14","24","C4620081 M1","baseline",0.0888732989669892,"24 baseline","14 baseline"
"3347","M1","C4620081","14","25","C4620081 M1","baseline",0.0886581534236541,"25 baseline","14 baseline"
"3348","M1","C4620081","14","26","C4620081 M1","baseline",0.0876859653786114,"26 baseline","14 baseline"
"3349","M1","C4620081","14","27","C4620081 M1","baseline",0.0872156860820073,"27 baseline","14 baseline"
"3350","M1","C4620081","14","28","C4620081 M1","baseline",0.0868791238869768,"28 baseline","14 baseline"
"3351","M1","C4620081","14","29","C4620081 M1","baseline",0.0859871949517451,"29 baseline","14 baseline"
"3352","M1","C4620081","14","30","C4620081 M1","baseline",0.0858190006319198,"30 baseline","14 baseline"
"3353","M1","C4620081","14","31","C4620081 M1","baseline",0.0857466225494538,"31 baseline","14 baseline"
"3354","M1","C4620081","14","32","C4620081 M1","baseline",0.0854692584161792,"32 baseline","14 baseline"
"3355","M1","C4620081","14","33","C4620081 M1","baseline",0.0848050543847573,"33 baseline","14 baseline"
"3356","M1","C4620081","14","34","C4620081 M1","baseline",0.0844187197246523,"34 baseline","14 baseline"
"3357","M1","C4620081","14","35","C4620081 M1","baseline",0.0825270523405609,"35 baseline","14 baseline"
"3358","M1","C4620081","14","36","C4620081 M1","baseline",0.0823856465976887,"36 baseline","14 baseline"
"3359","M1","C4620081","14","37","C4620081 M1","baseline",0.0822186198940209,"37 baseline","14 baseline"
"3360","M1","C4620081","14","38","C4620081 M1","baseline",0.0820844804546269,"38 baseline","14 baseline"
"3361","M1","C4620081","14","39","C4620081 M1","baseline",0.0815809419377358,"39 baseline","14 baseline"
"3362","M1","C4620081","14","40","C4620081 M1","baseline",0.0810495026945965,"40 baseline","14 baseline"
"3363","M1","C4620081","14","41","C4620081 M1","baseline",0.0810192799110153,"41 baseline","14 baseline"
"3364","M1","C4620081","14","42","C4620081 M1","baseline",0.0806510123345122,"42 baseline","14 baseline"
"3365","M1","C4620081","14","43","C4620081 M1","baseline",0.0805512832979323,"43 baseline","14 baseline"
"3366","M1","C4620081","14","44","C4620081 M1","baseline",0.0791363660660376,"44 baseline","14 baseline"
"3367","M1","C4620081","14","45","C4620081 M1","baseline",0.0775404031882029,"45 baseline","14 baseline"
"3368","M1","C4620081","14","46","C4620081 M1","baseline",0.076941551217721,"46 baseline","14 baseline"
"3369","M1","C4620081","14","47","C4620081 M1","baseline",0.076838621501929,"47 baseline","14 baseline"
"3370","M1","C4620081","14","48","C4620081 M1","baseline",0.0760061393923002,"48 baseline","14 baseline"
"3371","M1","C4620081","14","49","C4620081 M1","baseline",0.0759860775377848,"49 baseline","14 baseline"
"3372","M1","C4620081","14","50","C4620081 M1","baseline",0.0759848937705685,"50 baseline","14 baseline"
"3373","M1","C4620081","14","51","C4620081 M1","baseline",0.0758393092066363,"51 baseline","14 baseline"
"3374","M1","C4620081","14","52","C4620081 M1","baseline",0.075791772903962,"52 baseline","14 baseline"
"3375","M1","C4620081","14","53","C4620081 M1","baseline",0.0754541686895619,"53 baseline","14 baseline"
"3376","M1","C4620081","14","54","C4620081 M1","baseline",0.0749495514547641,"54 baseline","14 baseline"
"3377","M1","C4620081","14","55","C4620081 M1","baseline",0.0743017848159383,"55 baseline","14 baseline"
"3378","M1","C4620081","14","56","C4620081 M1","baseline",0.0742630856239907,"56 baseline","14 baseline"
"3379","M1","C4620081","14","57","C4620081 M1","baseline",0.0740893249017452,"57 baseline","14 baseline"
"3380","M1","C4620081","14","58","C4620081 M1","baseline",0.0735346378466371,"58 baseline","14 baseline"
"3381","M1","C4620081","14","59","C4620081 M1","baseline",0.073186250915052,"59 baseline","14 baseline"
"3382","M1","C4620081","14","60","C4620081 M1","baseline",0.0729748336240254,"60 baseline","14 baseline"
"3383","M1","C4620081","14","61","C4620081 M1","baseline",0.0725240781839436,"61 baseline","14 baseline"
"3384","M1","C4620081","14","62","C4620081 M1","baseline",0.0723820195392864,"62 baseline","14 baseline"
"3385","M1","C4620081","14","63","C4620081 M1","baseline",0.0721610644721121,"63 baseline","14 baseline"
"3386","M1","C4620081","14","64","C4620081 M1","baseline",0.071929353745778,"64 baseline","14 baseline"
"3387","M1","C4620081","14","65","C4620081 M1","baseline",0.0714480013938626,"65 baseline","14 baseline"
"3388","M1","C4620081","14","66","C4620081 M1","baseline",0.0712981621732894,"66 baseline","14 baseline"
"3389","M1","C4620081","14","67","C4620081 M1","baseline",0.0711884689458994,"67 baseline","14 baseline"
"3390","M1","C4620081","14","68","C4620081 M1","baseline",0.0710640772018932,"68 baseline","14 baseline"
"3391","M1","C4620081","14","69","C4620081 M1","baseline",0.070812485833827,"69 baseline","14 baseline"
"3392","M1","C4620081","14","70","C4620081 M1","baseline",0.0707429418474907,"70 baseline","14 baseline"
"3393","M1","C4620081","14","71","C4620081 M1","baseline",0.0707279910044381,"71 baseline","14 baseline"
"3394","M1","C4620081","14","72","C4620081 M1","baseline",0.070635363590661,"72 baseline","14 baseline"
"3395","M1","C4620081","14","73","C4620081 M1","baseline",0.070522082342407,"73 baseline","14 baseline"
"3396","M1","C4620081","14","74","C4620081 M1","baseline",0.0703816738828883,"74 baseline","14 baseline"
"3397","M1","C4620081","14","75","C4620081 M1","baseline",0.0699498584052092,"75 baseline","14 baseline"
"3398","M1","C4620081","14","76","C4620081 M1","baseline",0.0696715066141,"76 baseline","14 baseline"
"3399","M1","C4620081","14","77","C4620081 M1","baseline",0.069515866704135,"77 baseline","14 baseline"
"3400","M1","C4620081","14","78","C4620081 M1","baseline",0.0693295903250043,"78 baseline","14 baseline"
"3401","M1","C4620081","14","79","C4620081 M1","baseline",0.0688337249136199,"79 baseline","14 baseline"
"3402","M1","C4620081","14","80","C4620081 M1","baseline",0.0686065724304908,"80 baseline","14 baseline"
"3403","M1","C4620081","14","81","C4620081 M1","baseline",0.0684877843398029,"81 baseline","14 baseline"
"3404","M1","C4620081","14","82","C4620081 M1","baseline",0.0684530320607229,"82 baseline","14 baseline"
"3405","M1","C4620081","14","83","C4620081 M1","baseline",0.0683236777832211,"83 baseline","14 baseline"
"3406","M1","C4620081","14","84","C4620081 M1","baseline",0.0680783484715529,"84 baseline","14 baseline"
"3407","M1","C4620081","14","85","C4620081 M1","baseline",0.0673373480192252,"85 baseline","14 baseline"
"3408","M1","C4620081","14","86","C4620081 M1","baseline",0.0670877761667851,"86 baseline","14 baseline"
"3409","M1","C4620081","14","87","C4620081 M1","baseline",0.0664092828207652,"87 baseline","14 baseline"
"3410","M1","C4620081","14","88","C4620081 M1","baseline",0.0662342912719588,"88 baseline","14 baseline"
"3411","M1","C4620081","14","89","C4620081 M1","baseline",0.0660664652571589,"89 baseline","14 baseline"
"3412","M1","C4620081","14","90","C4620081 M1","baseline",0.0660573534409333,"90 baseline","14 baseline"
"3413","M1","C4620081","14","91","C4620081 M1","baseline",0.0659454393141391,"91 baseline","14 baseline"
"3414","M1","C4620081","14","92","C4620081 M1","baseline",0.0658530995085976,"92 baseline","14 baseline"
"3415","M1","C4620081","14","93","C4620081 M1","baseline",0.0652428086023581,"93 baseline","14 baseline"
"3416","M1","C4620081","14","94","C4620081 M1","baseline",0.0651404531010024,"94 baseline","14 baseline"
"3417","M1","C4620081","14","95","C4620081 M1","baseline",0.065122761394393,"95 baseline","14 baseline"
"3418","M1","C4620081","14","96","C4620081 M1","baseline",0.065064017611876,"96 baseline","14 baseline"
"3419","M1","C4620081","14","97","C4620081 M1","baseline",0.0646474648606189,"97 baseline","14 baseline"
"3420","M1","C4620081","14","98","C4620081 M1","baseline",0.0645249266859827,"98 baseline","14 baseline"
"3421","M1","C4620081","14","99","C4620081 M1","baseline",0.0643776601223652,"99 baseline","14 baseline"
"3422","M1","C4620081","14","100","C4620081 M1","baseline",0.0641357703161076,"100 baseline","14 baseline"
"3423","M1","C4620081","14","101","C4620081 M1","baseline",0.0640738990344267,"101 baseline","14 baseline"
"3424","M1","C4620081","14","102","C4620081 M1","baseline",0.0640500546882795,"102 baseline","14 baseline"
"3425","M1","C4620081","14","103","C4620081 M1","baseline",0.0639582295538742,"103 baseline","14 baseline"
"3426","M1","C4620081","14","104","C4620081 M1","baseline",0.0637673234756702,"104 baseline","14 baseline"
"3427","M1","C4620081","14","105","C4620081 M1","baseline",0.063766827195424,"105 baseline","14 baseline"
"3428","M1","C4620081","14","106","C4620081 M1","baseline",0.0637476005085251,"106 baseline","14 baseline"
"3429","M1","C4620081","14","107","C4620081 M1","baseline",0.0635753675097938,"107 baseline","14 baseline"
"3430","M1","C4620081","14","108","C4620081 M1","baseline",0.0632095821199014,"108 baseline","14 baseline"
"3431","M1","C4620081","14","109","C4620081 M1","baseline",0.0631679017818771,"109 baseline","14 baseline"
"3432","M1","C4620081","14","110","C4620081 M1","baseline",0.0626272704119962,"110 baseline","14 baseline"
"3433","M1","C4620081","14","111","C4620081 M1","baseline",0.0624340051700722,"111 baseline","14 baseline"
"3434","M1","C4620081","14","112","C4620081 M1","baseline",0.062391921160899,"112 baseline","14 baseline"
"3435","M1","C4620081","14","113","C4620081 M1","baseline",0.0617305683773091,"113 baseline","14 baseline"
"3436","M1","C4620081","14","114","C4620081 M1","baseline",0.0617302027037071,"114 baseline","14 baseline"
"3437","M1","C4620081","14","115","C4620081 M1","baseline",0.0616031395040286,"115 baseline","14 baseline"
"3438","M1","C4620081","14","116","C4620081 M1","baseline",0.0610048400531352,"116 baseline","14 baseline"
"3439","M1","C4620081","14","117","C4620081 M1","baseline",0.0600612761981028,"117 baseline","14 baseline"
"3440","M1","C4620081","14","118","C4620081 M1","baseline",0.059842030063035,"118 baseline","14 baseline"
"3441","M1","C4620081","14","119","C4620081 M1","baseline",0.0597127320292577,"119 baseline","14 baseline"
"3442","M1","C4620081","14","120","C4620081 M1","baseline",0.0596270910270189,"120 baseline","14 baseline"
"3443","M1","C4620081","14","121","C4620081 M1","baseline",0.0595840901969184,"121 baseline","14 baseline"
"3444","M1","C4620081","14","122","C4620081 M1","baseline",0.0593002686500269,"122 baseline","14 baseline"
"3445","M1","C4620081","14","123","C4620081 M1","baseline",0.0591447353783296,"123 baseline","14 baseline"
"3446","M1","C4620081","14","124","C4620081 M1","baseline",0.0585930733252085,"124 baseline","14 baseline"
"3447","M1","C4620081","14","125","C4620081 M1","baseline",0.0585100286107335,"125 baseline","14 baseline"
"3448","M1","C4620081","14","126","C4620081 M1","baseline",0.0583294601769996,"126 baseline","14 baseline"
"3449","M1","C4620081","14","127","C4620081 M1","baseline",0.0581868249805796,"127 baseline","14 baseline"
"3450","M1","C4620081","14","128","C4620081 M1","baseline",0.0581770991107671,"128 baseline","14 baseline"
"3451","M1","C4620081","14","129","C4620081 M1","baseline",0.0577901911539877,"129 baseline","14 baseline"
"3452","M1","C4620081","14","130","C4620081 M1","baseline",0.0571551135426274,"130 baseline","14 baseline"
"3453","M1","C4620081","14","131","C4620081 M1","baseline",0.0571514480100178,"131 baseline","14 baseline"
"3454","M1","C4620081","14","132","C4620081 M1","baseline",0.0567920734158097,"132 baseline","14 baseline"
"3455","M1","C4620081","14","133","C4620081 M1","baseline",0.0567368813360989,"133 baseline","14 baseline"
"3456","M1","C4620081","14","134","C4620081 M1","baseline",0.0565817832711273,"134 baseline","14 baseline"
"3457","M1","C4620081","14","135","C4620081 M1","baseline",0.0561159181869031,"135 baseline","14 baseline"
"3458","M1","C4620081","14","136","C4620081 M1","baseline",0.0560215498295859,"136 baseline","14 baseline"
"3459","M1","C4620081","14","137","C4620081 M1","baseline",0.0556565040266466,"137 baseline","14 baseline"
"3460","M1","C4620081","14","138","C4620081 M1","baseline",0.0552297069935793,"138 baseline","14 baseline"
"3461","M1","C4620081","14","139","C4620081 M1","baseline",0.0549936185592462,"139 baseline","14 baseline"
"3462","M1","C4620081","14","140","C4620081 M1","baseline",0.0549694268282287,"140 baseline","14 baseline"
"3463","M1","C4620081","14","141","C4620081 M1","baseline",0.0548585956254426,"141 baseline","14 baseline"
"3464","M1","C4620081","14","142","C4620081 M1","baseline",0.0547886265116837,"142 baseline","14 baseline"
"3465","M1","C4620081","14","143","C4620081 M1","baseline",0.0546064990891892,"143 baseline","14 baseline"
"3466","M1","C4620081","14","144","C4620081 M1","baseline",0.0536389682818822,"144 baseline","14 baseline"
"3467","M1","C4620081","14","145","C4620081 M1","baseline",0.0534192085855978,"145 baseline","14 baseline"
"3468","M1","C4620081","14","146","C4620081 M1","baseline",0.0530496675523921,"146 baseline","14 baseline"
"3469","M1","C4620081","14","147","C4620081 M1","baseline",0.0527365625075624,"147 baseline","14 baseline"
"3470","M1","C4620081","14","148","C4620081 M1","baseline",0.0526554655522344,"148 baseline","14 baseline"
"3471","M1","C4620081","14","149","C4620081 M1","baseline",0.0526356621421128,"149 baseline","14 baseline"
"3472","M1","C4620081","14","150","C4620081 M1","baseline",0.0524627666376361,"150 baseline","14 baseline"
"3473","M1","C4620081","14","151","C4620081 M1","baseline",0.0522581957608238,"151 baseline","14 baseline"
"3474","M1","C4620081","14","152","C4620081 M1","baseline",0.0520127129123623,"152 baseline","14 baseline"
"3475","M1","C4620081","14","153","C4620081 M1","baseline",0.0519159328496316,"153 baseline","14 baseline"
"3476","M1","C4620081","14","154","C4620081 M1","baseline",0.0515266814326743,"154 baseline","14 baseline"
"3477","M1","C4620081","14","155","C4620081 M1","baseline",0.0515189740076754,"155 baseline","14 baseline"
"3478","M1","C4620081","14","156","C4620081 M1","baseline",0.0512630076207532,"156 baseline","14 baseline"
"3479","M1","C4620081","14","157","C4620081 M1","baseline",0.0512439564277586,"157 baseline","14 baseline"
"3480","M1","C4620081","14","158","C4620081 M1","baseline",0.0509196821494518,"158 baseline","14 baseline"
"3481","M1","C4620081","14","159","C4620081 M1","baseline",0.0505533981618676,"159 baseline","14 baseline"
"3482","M1","C4620081","14","160","C4620081 M1","baseline",0.050444039603807,"160 baseline","14 baseline"
"3483","M1","C4620081","14","161","C4620081 M1","baseline",0.0500650972390193,"161 baseline","14 baseline"
"3484","M1","C4620081","14","162","C4620081 M1","baseline",0.0499091171742156,"162 baseline","14 baseline"
"3485","M1","C4620081","14","163","C4620081 M1","baseline",0.0498976092776444,"163 baseline","14 baseline"
"3486","M1","C4620081","14","164","C4620081 M1","baseline",0.0497198587441721,"164 baseline","14 baseline"
"3487","M1","C4620081","14","165","C4620081 M1","baseline",0.0490940719395993,"165 baseline","14 baseline"
"3488","M1","C4620081","14","166","C4620081 M1","baseline",0.0479128204550046,"166 baseline","14 baseline"
"3489","M1","C4620081","14","167","C4620081 M1","baseline",0.0475385139489932,"167 baseline","14 baseline"
"3490","M1","C4620081","14","168","C4620081 M1","baseline",0.0471377522643043,"168 baseline","14 baseline"
"3491","M1","C4620081","14","169","C4620081 M1","baseline",0.0468684404733336,"169 baseline","14 baseline"
"3492","M1","C4620081","14","170","C4620081 M1","baseline",0.0465129567704681,"170 baseline","14 baseline"
"3493","M1","C4620081","14","171","C4620081 M1","baseline",0.0463866642733772,"171 baseline","14 baseline"
"3494","M1","C4620081","14","172","C4620081 M1","baseline",0.0462899482448602,"172 baseline","14 baseline"
"3495","M1","C4620081","14","173","C4620081 M1","baseline",0.0461349314328217,"173 baseline","14 baseline"
"3496","M1","C4620081","14","174","C4620081 M1","baseline",0.0454796307993046,"174 baseline","14 baseline"
"3497","M1","C4620081","14","175","C4620081 M1","baseline",0.0452178639155732,"175 baseline","14 baseline"
"3498","M1","C4620081","14","176","C4620081 M1","baseline",0.0450073266189059,"176 baseline","14 baseline"
"3499","M1","C4620081","14","177","C4620081 M1","baseline",0.0449386775788274,"177 baseline","14 baseline"
"3500","M1","C4620081","14","178","C4620081 M1","baseline",0.0448913538726729,"178 baseline","14 baseline"
"3501","M1","C4620081","14","179","C4620081 M1","baseline",0.0445066211156821,"179 baseline","14 baseline"
"3502","M1","C4620081","14","180","C4620081 M1","baseline",0.0443615108014255,"180 baseline","14 baseline"
"3503","M1","C4620081","14","181","C4620081 M1","baseline",0.043477315778334,"181 baseline","14 baseline"
"3504","M1","C4620081","14","182","C4620081 M1","baseline",0.0431376739319413,"182 baseline","14 baseline"
"3505","M1","C4620081","14","183","C4620081 M1","baseline",0.0430927615495113,"183 baseline","14 baseline"
"3506","M1","C4620081","14","184","C4620081 M1","baseline",0.0428190337601718,"184 baseline","14 baseline"
"3507","M1","C4620081","14","185","C4620081 M1","baseline",0.042608885169905,"185 baseline","14 baseline"
"3508","M1","C4620081","14","186","C4620081 M1","baseline",0.0422758209896448,"186 baseline","14 baseline"
"3509","M1","C4620081","14","187","C4620081 M1","baseline",0.041834097564308,"187 baseline","14 baseline"
"3510","M1","C4620081","14","188","C4620081 M1","baseline",0.041820988939113,"188 baseline","14 baseline"
"3511","M1","C4620081","14","189","C4620081 M1","baseline",0.0415524108555613,"189 baseline","14 baseline"
"3512","M1","C4620081","14","190","C4620081 M1","baseline",0.0411510794144906,"190 baseline","14 baseline"
"3513","M1","C4620081","14","191","C4620081 M1","baseline",0.0408724738498349,"191 baseline","14 baseline"
"3514","M1","C4620081","14","192","C4620081 M1","baseline",0.0407004104332933,"192 baseline","14 baseline"
"3515","M1","C4620081","14","193","C4620081 M1","baseline",0.040642203783558,"193 baseline","14 baseline"
"3516","M1","C4620081","14","194","C4620081 M1","baseline",0.0405156066454067,"194 baseline","14 baseline"
"3517","M1","C4620081","14","195","C4620081 M1","baseline",0.0404738922435983,"195 baseline","14 baseline"
"3518","M1","C4620081","14","196","C4620081 M1","baseline",0.0404316967135912,"196 baseline","14 baseline"
"3519","M1","C4620081","14","197","C4620081 M1","baseline",0.040100464425205,"197 baseline","14 baseline"
"3520","M1","C4620081","14","198","C4620081 M1","baseline",0.0399660830477965,"198 baseline","14 baseline"
"3521","M1","C4620081","14","199","C4620081 M1","baseline",0.0399585526152676,"199 baseline","14 baseline"
"3522","M1","C4620081","14","200","C4620081 M1","baseline",0.0391948339605237,"200 baseline","14 baseline"
"3523","M1","C4620081","14","201","C4620081 M1","baseline",0.0391545721284778,"201 baseline","14 baseline"
"3524","M1","C4620081","14","202","C4620081 M1","baseline",0.0391391663745341,"202 baseline","14 baseline"
"3525","M1","C4620081","14","203","C4620081 M1","baseline",0.0390738719418141,"203 baseline","14 baseline"
"3526","M1","C4620081","14","204","C4620081 M1","baseline",0.038972084565572,"204 baseline","14 baseline"
"3527","M1","C4620081","14","205","C4620081 M1","baseline",0.0385128732359645,"205 baseline","14 baseline"
"3528","M1","C4620081","14","206","C4620081 M1","baseline",0.0383372444548826,"206 baseline","14 baseline"
"3529","M1","C4620081","14","207","C4620081 M1","baseline",0.0383252948478579,"207 baseline","14 baseline"
"3530","M1","C4620081","14","208","C4620081 M1","baseline",0.0382767594337214,"208 baseline","14 baseline"
"3531","M1","C4620081","14","209","C4620081 M1","baseline",0.0378731391079018,"209 baseline","14 baseline"
"3532","M1","C4620081","14","210","C4620081 M1","baseline",0.0372808198586255,"210 baseline","14 baseline"
"3533","M1","C4620081","14","211","C4620081 M1","baseline",0.0371752995900065,"211 baseline","14 baseline"
"3534","M1","C4620081","14","212","C4620081 M1","baseline",0.0369387871806558,"212 baseline","14 baseline"
"3535","M1","C4620081","14","213","C4620081 M1","baseline",0.0362832604786492,"213 baseline","14 baseline"
"3536","M1","C4620081","14","214","C4620081 M1","baseline",0.0359047015183044,"214 baseline","14 baseline"
"3537","M1","C4620081","14","215","C4620081 M1","baseline",0.0358222837512237,"215 baseline","14 baseline"
"3538","M1","C4620081","14","216","C4620081 M1","baseline",0.0344994485395385,"216 baseline","14 baseline"
"3539","M1","C4620081","14","217","C4620081 M1","baseline",0.0343660854202925,"217 baseline","14 baseline"
"3540","M1","C4620081","14","218","C4620081 M1","baseline",0.0340365459879331,"218 baseline","14 baseline"
"3541","M1","C4620081","14","219","C4620081 M1","baseline",0.0339742888752167,"219 baseline","14 baseline"
"3542","M1","C4620081","14","220","C4620081 M1","baseline",0.0339067232815529,"220 baseline","14 baseline"
"3543","M1","C4620081","14","221","C4620081 M1","baseline",0.0338956121426303,"221 baseline","14 baseline"
"3544","M1","C4620081","14","222","C4620081 M1","baseline",0.0335078324365729,"222 baseline","14 baseline"
"3545","M1","C4620081","14","223","C4620081 M1","baseline",0.0334083900205749,"223 baseline","14 baseline"
"3546","M1","C4620081","14","224","C4620081 M1","baseline",0.0330327857722409,"224 baseline","14 baseline"
"3547","M1","C4620081","14","225","C4620081 M1","baseline",0.0330232176023657,"225 baseline","14 baseline"
"3548","M1","C4620081","14","226","C4620081 M1","baseline",0.0325544930400044,"226 baseline","14 baseline"
"3549","M1","C4620081","14","227","C4620081 M1","baseline",0.0319917211843145,"227 baseline","14 baseline"
"3550","M1","C4620081","14","228","C4620081 M1","baseline",0.0311422214586825,"228 baseline","14 baseline"
"3551","M1","C4620081","14","229","C4620081 M1","baseline",0.0311104646518913,"229 baseline","14 baseline"
"3552","M1","C4620081","14","230","C4620081 M1","baseline",0.0295944771542778,"230 baseline","14 baseline"
"3553","M1","C4620081","14","231","C4620081 M1","baseline",0.0295175200662975,"231 baseline","14 baseline"
"3554","M1","C4620081","14","232","C4620081 M1","baseline",0.0290012407544661,"232 baseline","14 baseline"
"3555","M1","C4620081","14","233","C4620081 M1","baseline",0.0288955772157836,"233 baseline","14 baseline"
"3556","M1","C4620081","14","234","C4620081 M1","baseline",0.0282778413270863,"234 baseline","14 baseline"
"3557","M1","C4620081","14","235","C4620081 M1","baseline",0.0282733327348465,"235 baseline","14 baseline"
"3558","M1","C4620081","14","236","C4620081 M1","baseline",0.0281438720520687,"236 baseline","14 baseline"
"3559","M1","C4620081","14","237","C4620081 M1","baseline",0.0278707737535706,"237 baseline","14 baseline"
"3560","M1","C4620081","14","238","C4620081 M1","baseline",0.0278171844564543,"238 baseline","14 baseline"
"3561","M1","C4620081","14","239","C4620081 M1","baseline",0.0275195744359883,"239 baseline","14 baseline"
"3562","M1","C4620081","14","240","C4620081 M1","baseline",0.0269271177655715,"240 baseline","14 baseline"
"3563","M1","C4620081","14","241","C4620081 M1","baseline",0.0267807807281975,"241 baseline","14 baseline"
"3564","M1","C4620081","14","242","C4620081 M1","baseline",0.0265591186703514,"242 baseline","14 baseline"
"3565","M1","C4620081","14","243","C4620081 M1","baseline",0.0261936051557826,"243 baseline","14 baseline"
"3566","M1","C4620081","14","244","C4620081 M1","baseline",0.0260823073537275,"244 baseline","14 baseline"
"3567","M1","C4620081","14","245","C4620081 M1","baseline",0.0259996790694816,"245 baseline","14 baseline"
"3568","M1","C4620081","14","246","C4620081 M1","baseline",0.0257437817055265,"246 baseline","14 baseline"
"3569","M1","C4620081","14","247","C4620081 M1","baseline",0.0255096914399461,"247 baseline","14 baseline"
"3570","M1","C4620081","14","248","C4620081 M1","baseline",0.0254736979428923,"248 baseline","14 baseline"
"3571","M1","C4620081","14","249","C4620081 M1","baseline",0.0250353754255401,"249 baseline","14 baseline"
"3572","M1","C4620081","14","250","C4620081 M1","baseline",0.0249948205576561,"250 baseline","14 baseline"
"3573","M1","C4620081","14","251","C4620081 M1","baseline",0.0246901721246995,"251 baseline","14 baseline"
"3574","M1","C4620081","14","252","C4620081 M1","baseline",0.0245135168625841,"252 baseline","14 baseline"
"3575","M1","C4620081","14","253","C4620081 M1","baseline",0.0245125483879244,"253 baseline","14 baseline"
"3576","M1","C4620081","14","254","C4620081 M1","baseline",0.0241998633714007,"254 baseline","14 baseline"
"3577","M1","C4620081","14","255","C4620081 M1","baseline",0.0240542546819521,"255 baseline","14 baseline"
"3578","M1","C4620081","14","256","C4620081 M1","baseline",0.0240164627302782,"256 baseline","14 baseline"
"3579","M1","C4620081","14","257","C4620081 M1","baseline",0.0234933892946886,"257 baseline","14 baseline"
"3580","M1","C4620081","14","258","C4620081 M1","baseline",0.0228318843593087,"258 baseline","14 baseline"
"3581","M1","C4620081","14","259","C4620081 M1","baseline",0.0226518038694143,"259 baseline","14 baseline"
"3582","M1","C4620081","14","260","C4620081 M1","baseline",0.0225983479288165,"260 baseline","14 baseline"
"3583","M1","C4620081","14","261","C4620081 M1","baseline",0.0225186048514576,"261 baseline","14 baseline"
"3584","M1","C4620081","14","262","C4620081 M1","baseline",0.0223247583813619,"262 baseline","14 baseline"
"3585","M1","C4620081","14","263","C4620081 M1","baseline",0.0222229338517435,"263 baseline","14 baseline"
"3586","M1","C4620081","14","264","C4620081 M1","baseline",0.0220774762503721,"264 baseline","14 baseline"
"3587","M1","C4620081","14","265","C4620081 M1","baseline",0.0220345455764536,"265 baseline","14 baseline"
"3588","M1","C4620081","14","266","C4620081 M1","baseline",0.021220119333368,"266 baseline","14 baseline"
"3589","M1","C4620081","14","267","C4620081 M1","baseline",0.0204440521456018,"267 baseline","14 baseline"
"3590","M1","C4620081","14","268","C4620081 M1","baseline",0.0194176397590564,"268 baseline","14 baseline"
"3591","M1","C4620081","14","269","C4620081 M1","baseline",0.0190298241802604,"269 baseline","14 baseline"
"3592","M1","C4620081","14","270","C4620081 M1","baseline",0.0189810507572279,"270 baseline","14 baseline"
"3593","M1","C4620081","14","271","C4620081 M1","baseline",0.018955328826799,"271 baseline","14 baseline"
"3594","M1","C4620081","14","272","C4620081 M1","baseline",0.018858168142882,"272 baseline","14 baseline"
"3595","M1","C4620081","14","273","C4620081 M1","baseline",0.0188335718561516,"273 baseline","14 baseline"
"3596","M1","C4620081","14","274","C4620081 M1","baseline",0.01883283694263,"274 baseline","14 baseline"
"3597","M1","C4620081","14","275","C4620081 M1","baseline",0.0187992796846877,"275 baseline","14 baseline"
"3598","M1","C4620081","14","276","C4620081 M1","baseline",0.0187887524534218,"276 baseline","14 baseline"
"3599","M1","C4620081","14","277","C4620081 M1","baseline",0.0185248995288325,"277 baseline","14 baseline"
"3600","M1","C4620081","14","278","C4620081 M1","baseline",0.0183958947122227,"278 baseline","14 baseline"
"3601","M1","C4620081","14","279","C4620081 M1","baseline",0.0181989503477687,"279 baseline","14 baseline"
"3602","M1","C4620081","14","280","C4620081 M1","baseline",0.017663259550202,"280 baseline","14 baseline"
"3603","M1","C4620081","14","281","C4620081 M1","baseline",0.0170801831652776,"281 baseline","14 baseline"
"3604","M1","C4620081","14","282","C4620081 M1","baseline",0.0169199165496891,"282 baseline","14 baseline"
"3605","M1","C4620081","14","283","C4620081 M1","baseline",0.0166847376926861,"283 baseline","14 baseline"
"3606","M1","C4620081","14","284","C4620081 M1","baseline",0.0161983952638163,"284 baseline","14 baseline"
"3607","M1","C4620081","14","285","C4620081 M1","baseline",0.0154044334033674,"285 baseline","14 baseline"
"3608","M1","C4620081","14","286","C4620081 M1","baseline",0.015149688886403,"286 baseline","14 baseline"
"3609","M1","C4620081","14","287","C4620081 M1","baseline",0.0143993601673408,"287 baseline","14 baseline"
"3610","M1","C4620081","14","288","C4620081 M1","baseline",0.013262761881921,"288 baseline","14 baseline"
"3611","M1","C4620081","14","289","C4620081 M1","baseline",0.0132459139937875,"289 baseline","14 baseline"
"3612","M1","C4620081","14","290","C4620081 M1","baseline",0.0131052174651711,"290 baseline","14 baseline"
"3613","M1","C4620081","14","291","C4620081 M1","baseline",0.0130477807894951,"291 baseline","14 baseline"
"3614","M1","C4620081","14","292","C4620081 M1","baseline",0.0125855846560617,"292 baseline","14 baseline"
"3615","M1","C4620081","14","293","C4620081 M1","baseline",0.0121006552380518,"293 baseline","14 baseline"
"3616","M1","C4620081","14","294","C4620081 M1","baseline",0.0118172813610405,"294 baseline","14 baseline"
"3617","M1","C4620081","14","295","C4620081 M1","baseline",0.0115636168371645,"295 baseline","14 baseline"
"3618","M1","C4620081","14","296","C4620081 M1","baseline",0.0112019782699733,"296 baseline","14 baseline"
"3619","M1","C4620081","14","297","C4620081 M1","baseline",0.0109450299831915,"297 baseline","14 baseline"
"3620","M1","C4620081","14","298","C4620081 M1","baseline",0.0108932257262791,"298 baseline","14 baseline"
"3621","M1","C4620081","14","299","C4620081 M1","baseline",0.010795289831917,"299 baseline","14 baseline"
"3622","M1","C4620081","14","300","C4620081 M1","baseline",0.0107482963813169,"300 baseline","14 baseline"
"3623","M1","C4620081","14","301","C4620081 M1","baseline",0.0106529078124255,"301 baseline","14 baseline"
"3624","M1","C4620081","14","302","C4620081 M1","baseline",0.0106103189822682,"302 baseline","14 baseline"
"3625","M1","C4620081","14","303","C4620081 M1","baseline",0.0102329978929237,"303 baseline","14 baseline"
"3626","M1","C4620081","14","304","C4620081 M1","baseline",0.0101075324224746,"304 baseline","14 baseline"
"3627","M1","C4620081","14","305","C4620081 M1","baseline",0.00780821391599058,"305 baseline","14 baseline"
"3628","M1","C4620081","14","306","C4620081 M1","baseline",0.00764377191485488,"306 baseline","14 baseline"
"3629","M1","C4620081","14","307","C4620081 M1","baseline",0.00700889640234501,"307 baseline","14 baseline"
"3630","M1","C4620081","14","308","C4620081 M1","baseline",0.00625780458881929,"308 baseline","14 baseline"
"3631","M1","C4620081","14","309","C4620081 M1","baseline",0.00460129123639882,"309 baseline","14 baseline"
"3632","M1","C4620081","14","310","C4620081 M1","baseline",0.00439668766573168,"310 baseline","14 baseline"
"3633","M1","C4620081","14","311","C4620081 M1","baseline",0.00408976988156311,"311 baseline","14 baseline"
"3634","M1","C4620081","14","312","C4620081 M1","baseline",0.00354949151771524,"312 baseline","14 baseline"
"3635","M1","C4620081","14","313","C4620081 M1","baseline",0.00291212373750131,"313 baseline","14 baseline"
"3636","M1","C4620081","14","314","C4620081 M1","baseline",0.00270280862417862,"314 baseline","14 baseline"
"3637","M1","C4620081","14","315","C4620081 M1","baseline",-0.000766759271631024,"315 baseline","14 baseline"
"3638","M1","C4620081","14","316","C4620081 M1","baseline",-0.00230199372990617,"316 baseline","14 baseline"
"3639","M1","C4620081","14","317","C4620081 M1","baseline",-0.00300374136782134,"317 baseline","14 baseline"
"3640","M1","C4620081","14","318","C4620081 M1","baseline",-0.00358747193292289,"318 baseline","14 baseline"
"3641","M1","C4620081","14","319","C4620081 M1","baseline",-0.00369611611304211,"319 baseline","14 baseline"
"3642","M1","C4620081","14","320","C4620081 M1","baseline",-0.00376595501827789,"320 baseline","14 baseline"
"3643","M1","C4620081","14","321","C4620081 M1","baseline",-0.00418640510387267,"321 baseline","14 baseline"
"3644","M1","C4620081","14","322","C4620081 M1","baseline",-0.00422293511033277,"322 baseline","14 baseline"
"3645","M1","C4620081","14","323","C4620081 M1","baseline",-0.00606174416383997,"323 baseline","14 baseline"
"3646","M1","C4620081","14","324","C4620081 M1","baseline",-0.0118527791313712,"324 baseline","14 baseline"
"3647","M1","C4620081","14","325","C4620081 M1","baseline",-0.0150210580672037,"325 baseline","14 baseline"
"3648","M1","C4620081","14","326","C4620081 M1","baseline",-0.0256300832189528,"326 baseline","14 baseline"
"3649","M1","C4620081","14","327","C4620081 M1","baseline",-0.0267517615734958,"327 baseline","14 baseline"
"3650","M1","C4620081","14","328","C4620081 M1","baseline",-0.0285716845179936,"328 baseline","14 baseline"
"3651","M1","C4620081","14","329","C4620081 M1","baseline",-0.0360314198172169,"329 baseline","14 baseline"
"3652","M1","C4620081","14","330","C4620081 M1","baseline",-0.0444569428057117,"330 baseline","14 baseline"
"3653","M2","C4620081","14","0","C4620081 M2","baseline",0.0978424190471581,"0 baseline","14 baseline"
"3654","M2","C4620081","14","1","C4620081 M2","baseline",0.0939616268354883,"1 baseline","14 baseline"
"3655","M2","C4620081","14","2","C4620081 M2","baseline",0.0896287993226773,"2 baseline","14 baseline"
"3656","M2","C4620081","14","3","C4620081 M2","baseline",0.0871399543893182,"3 baseline","14 baseline"
"3657","M2","C4620081","14","4","C4620081 M2","baseline",0.0868131275461774,"4 baseline","14 baseline"
"3658","M2","C4620081","14","5","C4620081 M2","baseline",0.0853173954999259,"5 baseline","14 baseline"
"3659","M2","C4620081","14","6","C4620081 M2","baseline",0.0845395331260856,"6 baseline","14 baseline"
"3660","M2","C4620081","14","7","C4620081 M2","baseline",0.0801719633298716,"7 baseline","14 baseline"
"3661","M2","C4620081","14","8","C4620081 M2","baseline",0.0789743888043059,"8 baseline","14 baseline"
"3662","M2","C4620081","14","9","C4620081 M2","baseline",0.078491673984953,"9 baseline","14 baseline"
"3663","M2","C4620081","14","10","C4620081 M2","baseline",0.0769447565042504,"10 baseline","14 baseline"
"3664","M2","C4620081","14","11","C4620081 M2","baseline",0.0733309999920281,"11 baseline","14 baseline"
"3665","M2","C4620081","14","12","C4620081 M2","baseline",0.0730913324371707,"12 baseline","14 baseline"
"3666","M2","C4620081","14","13","C4620081 M2","baseline",0.0729023834200101,"13 baseline","14 baseline"
"3667","M2","C4620081","14","14","C4620081 M2","baseline",0.072467171110115,"14 baseline","14 baseline"
"3668","M2","C4620081","14","15","C4620081 M2","baseline",0.0714364041043085,"15 baseline","14 baseline"
"3669","M2","C4620081","14","16","C4620081 M2","baseline",0.0705885818732006,"16 baseline","14 baseline"
"3670","M2","C4620081","14","17","C4620081 M2","baseline",0.0690196118961838,"17 baseline","14 baseline"
"3671","M2","C4620081","14","18","C4620081 M2","baseline",0.0671874295737515,"18 baseline","14 baseline"
"3672","M2","C4620081","14","19","C4620081 M2","baseline",0.0668168882695235,"19 baseline","14 baseline"
"3673","M2","C4620081","14","20","C4620081 M2","baseline",0.0661591349356399,"20 baseline","14 baseline"
"3674","M2","C4620081","14","21","C4620081 M2","baseline",0.0655968200825538,"21 baseline","14 baseline"
"3675","M2","C4620081","14","22","C4620081 M2","baseline",0.0651453418119254,"22 baseline","14 baseline"
"3676","M2","C4620081","14","23","C4620081 M2","baseline",0.0648001919475761,"23 baseline","14 baseline"
"3677","M2","C4620081","14","24","C4620081 M2","baseline",0.0624509055779763,"24 baseline","14 baseline"
"3678","M2","C4620081","14","25","C4620081 M2","baseline",0.0622472175524192,"25 baseline","14 baseline"
"3679","M2","C4620081","14","26","C4620081 M2","baseline",0.0617645206163459,"26 baseline","14 baseline"
"3680","M2","C4620081","14","27","C4620081 M2","baseline",0.0616653111306758,"27 baseline","14 baseline"
"3681","M2","C4620081","14","28","C4620081 M2","baseline",0.061610596679856,"28 baseline","14 baseline"
"3682","M2","C4620081","14","29","C4620081 M2","baseline",0.0614447297163552,"29 baseline","14 baseline"
"3683","M2","C4620081","14","30","C4620081 M2","baseline",0.061407994267147,"30 baseline","14 baseline"
"3684","M2","C4620081","14","31","C4620081 M2","baseline",0.060515216664962,"31 baseline","14 baseline"
"3685","M2","C4620081","14","32","C4620081 M2","baseline",0.0597134556660634,"32 baseline","14 baseline"
"3686","M2","C4620081","14","33","C4620081 M2","baseline",0.0595393185727834,"33 baseline","14 baseline"
"3687","M2","C4620081","14","34","C4620081 M2","baseline",0.0591085648295384,"34 baseline","14 baseline"
"3688","M2","C4620081","14","35","C4620081 M2","baseline",0.0590388433851941,"35 baseline","14 baseline"
"3689","M2","C4620081","14","36","C4620081 M2","baseline",0.0590319592885278,"36 baseline","14 baseline"
"3690","M2","C4620081","14","37","C4620081 M2","baseline",0.0586106820130513,"37 baseline","14 baseline"
"3691","M2","C4620081","14","38","C4620081 M2","baseline",0.0577319339187146,"38 baseline","14 baseline"
"3692","M2","C4620081","14","39","C4620081 M2","baseline",0.0572138630244328,"39 baseline","14 baseline"
"3693","M2","C4620081","14","40","C4620081 M2","baseline",0.0569489124797755,"40 baseline","14 baseline"
"3694","M2","C4620081","14","41","C4620081 M2","baseline",0.0564664906145495,"41 baseline","14 baseline"
"3695","M2","C4620081","14","42","C4620081 M2","baseline",0.0561803900802217,"42 baseline","14 baseline"
"3696","M2","C4620081","14","43","C4620081 M2","baseline",0.055872028085278,"43 baseline","14 baseline"
"3697","M2","C4620081","14","44","C4620081 M2","baseline",0.055392990152927,"44 baseline","14 baseline"
"3698","M2","C4620081","14","45","C4620081 M2","baseline",0.0553795017684361,"45 baseline","14 baseline"
"3699","M2","C4620081","14","46","C4620081 M2","baseline",0.0551290278218099,"46 baseline","14 baseline"
"3700","M2","C4620081","14","47","C4620081 M2","baseline",0.0546676127257737,"47 baseline","14 baseline"
"3701","M2","C4620081","14","48","C4620081 M2","baseline",0.0543624481686852,"48 baseline","14 baseline"
"3702","M2","C4620081","14","49","C4620081 M2","baseline",0.0540736143515749,"49 baseline","14 baseline"
"3703","M2","C4620081","14","50","C4620081 M2","baseline",0.0537403243537884,"50 baseline","14 baseline"
"3704","M2","C4620081","14","51","C4620081 M2","baseline",0.0537069241315775,"51 baseline","14 baseline"
"3705","M2","C4620081","14","52","C4620081 M2","baseline",0.0534082009787921,"52 baseline","14 baseline"
"3706","M2","C4620081","14","53","C4620081 M2","baseline",0.0529323173187535,"53 baseline","14 baseline"
"3707","M2","C4620081","14","54","C4620081 M2","baseline",0.0525780416834925,"54 baseline","14 baseline"
"3708","M2","C4620081","14","55","C4620081 M2","baseline",0.0509237088693452,"55 baseline","14 baseline"
"3709","M2","C4620081","14","56","C4620081 M2","baseline",0.0498882979452982,"56 baseline","14 baseline"
"3710","M2","C4620081","14","57","C4620081 M2","baseline",0.0498759776496106,"57 baseline","14 baseline"
"3711","M2","C4620081","14","58","C4620081 M2","baseline",0.0484487069930352,"58 baseline","14 baseline"
"3712","M2","C4620081","14","59","C4620081 M2","baseline",0.0481864586962299,"59 baseline","14 baseline"
"3713","M2","C4620081","14","60","C4620081 M2","baseline",0.0479395405325918,"60 baseline","14 baseline"
"3714","M2","C4620081","14","61","C4620081 M2","baseline",0.0478976306362276,"61 baseline","14 baseline"
"3715","M2","C4620081","14","62","C4620081 M2","baseline",0.0478674350761439,"62 baseline","14 baseline"
"3716","M2","C4620081","14","63","C4620081 M2","baseline",0.047816671876632,"63 baseline","14 baseline"
"3717","M2","C4620081","14","64","C4620081 M2","baseline",0.0476449501186006,"64 baseline","14 baseline"
"3718","M2","C4620081","14","65","C4620081 M2","baseline",0.0474486674717357,"65 baseline","14 baseline"
"3719","M2","C4620081","14","66","C4620081 M2","baseline",0.0473603065737499,"66 baseline","14 baseline"
"3720","M2","C4620081","14","67","C4620081 M2","baseline",0.0473573676431219,"67 baseline","14 baseline"
"3721","M2","C4620081","14","68","C4620081 M2","baseline",0.0464099396247846,"68 baseline","14 baseline"
"3722","M2","C4620081","14","69","C4620081 M2","baseline",0.0457321540129542,"69 baseline","14 baseline"
"3723","M2","C4620081","14","70","C4620081 M2","baseline",0.0456901272129662,"70 baseline","14 baseline"
"3724","M2","C4620081","14","71","C4620081 M2","baseline",0.0456340830889774,"71 baseline","14 baseline"
"3725","M2","C4620081","14","72","C4620081 M2","baseline",0.0456009278399808,"72 baseline","14 baseline"
"3726","M2","C4620081","14","73","C4620081 M2","baseline",0.0453324257654592,"73 baseline","14 baseline"
"3727","M2","C4620081","14","74","C4620081 M2","baseline",0.0449746699887473,"74 baseline","14 baseline"
"3728","M2","C4620081","14","75","C4620081 M2","baseline",0.0444931662504652,"75 baseline","14 baseline"
"3729","M2","C4620081","14","76","C4620081 M2","baseline",0.0440853619398917,"76 baseline","14 baseline"
"3730","M2","C4620081","14","77","C4620081 M2","baseline",0.0438878651233206,"77 baseline","14 baseline"
"3731","M2","C4620081","14","78","C4620081 M2","baseline",0.0435876528542617,"78 baseline","14 baseline"
"3732","M2","C4620081","14","79","C4620081 M2","baseline",0.0435738834793846,"79 baseline","14 baseline"
"3733","M2","C4620081","14","80","C4620081 M2","baseline",0.043178639537954,"80 baseline","14 baseline"
"3734","M2","C4620081","14","81","C4620081 M2","baseline",0.0429073559769015,"81 baseline","14 baseline"
"3735","M2","C4620081","14","82","C4620081 M2","baseline",0.0426691859927893,"82 baseline","14 baseline"
"3736","M2","C4620081","14","83","C4620081 M2","baseline",0.0425743724872693,"83 baseline","14 baseline"
"3737","M2","C4620081","14","84","C4620081 M2","baseline",0.0409762349102442,"84 baseline","14 baseline"
"3738","M2","C4620081","14","85","C4620081 M2","baseline",0.0408810658382617,"85 baseline","14 baseline"
"3739","M2","C4620081","14","86","C4620081 M2","baseline",0.0407787087353215,"86 baseline","14 baseline"
"3740","M2","C4620081","14","87","C4620081 M2","baseline",0.0407566508333415,"87 baseline","14 baseline"
"3741","M2","C4620081","14","88","C4620081 M2","baseline",0.0403250841889789,"88 baseline","14 baseline"
"3742","M2","C4620081","14","89","C4620081 M2","baseline",0.0403192543199388,"89 baseline","14 baseline"
"3743","M2","C4620081","14","90","C4620081 M2","baseline",0.0402813278358443,"90 baseline","14 baseline"
"3744","M2","C4620081","14","91","C4620081 M2","baseline",0.0397164443919085,"91 baseline","14 baseline"
"3745","M2","C4620081","14","92","C4620081 M2","baseline",0.0394147677924187,"92 baseline","14 baseline"
"3746","M2","C4620081","14","93","C4620081 M2","baseline",0.0392720813445629,"93 baseline","14 baseline"
"3747","M2","C4620081","14","94","C4620081 M2","baseline",0.039018725954687,"94 baseline","14 baseline"
"3748","M2","C4620081","14","95","C4620081 M2","baseline",0.0389162845844631,"95 baseline","14 baseline"
"3749","M2","C4620081","14","96","C4620081 M2","baseline",0.0386336888455953,"96 baseline","14 baseline"
"3750","M2","C4620081","14","97","C4620081 M2","baseline",0.038307219037386,"97 baseline","14 baseline"
"3751","M2","C4620081","14","98","C4620081 M2","baseline",0.0379779815833677,"98 baseline","14 baseline"
"3752","M2","C4620081","14","99","C4620081 M2","baseline",0.0375775530945205,"99 baseline","14 baseline"
"3753","M2","C4620081","14","100","C4620081 M2","baseline",0.0369830044313825,"100 baseline","14 baseline"
"3754","M2","C4620081","14","101","C4620081 M2","baseline",0.0366574696519886,"101 baseline","14 baseline"
"3755","M2","C4620081","14","102","C4620081 M2","baseline",0.0364319843326378,"102 baseline","14 baseline"
"3756","M2","C4620081","14","103","C4620081 M2","baseline",0.0362046927591231,"103 baseline","14 baseline"
"3757","M2","C4620081","14","104","C4620081 M2","baseline",0.0361288753659489,"104 baseline","14 baseline"
"3758","M2","C4620081","14","105","C4620081 M2","baseline",0.035969995961659,"105 baseline","14 baseline"
"3759","M2","C4620081","14","106","C4620081 M2","baseline",0.0358559741706083,"106 baseline","14 baseline"
"3760","M2","C4620081","14","107","C4620081 M2","baseline",0.0355939578954293,"107 baseline","14 baseline"
"3761","M2","C4620081","14","108","C4620081 M2","baseline",0.035275716159379,"108 baseline","14 baseline"
"3762","M2","C4620081","14","109","C4620081 M2","baseline",0.0351430215926799,"109 baseline","14 baseline"
"3763","M2","C4620081","14","110","C4620081 M2","baseline",0.0350737088188391,"110 baseline","14 baseline"
"3764","M2","C4620081","14","111","C4620081 M2","baseline",0.0346280298004439,"111 baseline","14 baseline"
"3765","M2","C4620081","14","112","C4620081 M2","baseline",0.0346012502026849,"112 baseline","14 baseline"
"3766","M2","C4620081","14","113","C4620081 M2","baseline",0.0345284758330379,"113 baseline","14 baseline"
"3767","M2","C4620081","14","114","C4620081 M2","baseline",0.033761240162066,"114 baseline","14 baseline"
"3768","M2","C4620081","14","115","C4620081 M2","baseline",0.0336606803892171,"115 baseline","14 baseline"
"3769","M2","C4620081","14","116","C4620081 M2","baseline",0.0336319155919777,"116 baseline","14 baseline"
"3770","M2","C4620081","14","117","C4620081 M2","baseline",0.0334698012103794,"117 baseline","14 baseline"
"3771","M2","C4620081","14","118","C4620081 M2","baseline",0.0332872446610192,"118 baseline","14 baseline"
"3772","M2","C4620081","14","119","C4620081 M2","baseline",0.0329605682500434,"119 baseline","14 baseline"
"3773","M2","C4620081","14","120","C4620081 M2","baseline",0.0327962458287979,"120 baseline","14 baseline"
"3774","M2","C4620081","14","121","C4620081 M2","baseline",0.0327821157715509,"121 baseline","14 baseline"
"3775","M2","C4620081","14","122","C4620081 M2","baseline",0.0327325782641208,"122 baseline","14 baseline"
"3776","M2","C4620081","14","123","C4620081 M2","baseline",0.0325669803466538,"123 baseline","14 baseline"
"3777","M2","C4620081","14","124","C4620081 M2","baseline",0.0323685967391124,"124 baseline","14 baseline"
"3778","M2","C4620081","14","125","C4620081 M2","baseline",0.0322718986114126,"125 baseline","14 baseline"
"3779","M2","C4620081","14","126","C4620081 M2","baseline",0.0321329512866272,"126 baseline","14 baseline"
"3780","M2","C4620081","14","127","C4620081 M2","baseline",0.0320588405372677,"127 baseline","14 baseline"
"3781","M2","C4620081","14","128","C4620081 M2","baseline",0.0318901089616877,"128 baseline","14 baseline"
"3782","M2","C4620081","14","129","C4620081 M2","baseline",0.031586274928729,"129 baseline","14 baseline"
"3783","M2","C4620081","14","130","C4620081 M2","baseline",0.0315340938297421,"130 baseline","14 baseline"
"3784","M2","C4620081","14","131","C4620081 M2","baseline",0.0315041777756701,"131 baseline","14 baseline"
"3785","M2","C4620081","14","132","C4620081 M2","baseline",0.031358999008785,"132 baseline","14 baseline"
"3786","M2","C4620081","14","133","C4620081 M2","baseline",0.0312836090916336,"133 baseline","14 baseline"
"3787","M2","C4620081","14","134","C4620081 M2","baseline",0.0312323983599439,"134 baseline","14 baseline"
"3788","M2","C4620081","14","135","C4620081 M2","baseline",0.0308094000340369,"135 baseline","14 baseline"
"3789","M2","C4620081","14","136","C4620081 M2","baseline",0.030523358454996,"136 baseline","14 baseline"
"3790","M2","C4620081","14","137","C4620081 M2","baseline",0.0304116587939028,"137 baseline","14 baseline"
"3791","M2","C4620081","14","138","C4620081 M2","baseline",0.0303969883114186,"138 baseline","14 baseline"
"3792","M2","C4620081","14","139","C4620081 M2","baseline",0.0303908380004397,"139 baseline","14 baseline"
"3793","M2","C4620081","14","140","C4620081 M2","baseline",0.0303359864728068,"140 baseline","14 baseline"
"3794","M2","C4620081","14","141","C4620081 M2","baseline",0.0301941821672211,"141 baseline","14 baseline"
"3795","M2","C4620081","14","142","C4620081 M2","baseline",0.0300664235060102,"142 baseline","14 baseline"
"3796","M2","C4620081","14","143","C4620081 M2","baseline",0.0300425604904124,"143 baseline","14 baseline"
"3797","M2","C4620081","14","144","C4620081 M2","baseline",0.0296080408401925,"144 baseline","14 baseline"
"3798","M2","C4620081","14","145","C4620081 M2","baseline",0.029508139615898,"145 baseline","14 baseline"
"3799","M2","C4620081","14","146","C4620081 M2","baseline",0.0294836106248273,"146 baseline","14 baseline"
"3800","M2","C4620081","14","147","C4620081 M2","baseline",0.029392943506141,"147 baseline","14 baseline"
"3801","M2","C4620081","14","148","C4620081 M2","baseline",0.0290571170886128,"148 baseline","14 baseline"
"3802","M2","C4620081","14","149","C4620081 M2","baseline",0.0288360040215462,"149 baseline","14 baseline"
"3803","M2","C4620081","14","150","C4620081 M2","baseline",0.0287938221007564,"150 baseline","14 baseline"
"3804","M2","C4620081","14","151","C4620081 M2","baseline",0.0284599036565212,"151 baseline","14 baseline"
"3805","M2","C4620081","14","152","C4620081 M2","baseline",0.0282017171191164,"152 baseline","14 baseline"
"3806","M2","C4620081","14","153","C4620081 M2","baseline",0.0281962671718167,"153 baseline","14 baseline"
"3807","M2","C4620081","14","154","C4620081 M2","baseline",0.0281767588632002,"154 baseline","14 baseline"
"3808","M2","C4620081","14","155","C4620081 M2","baseline",0.0277315777778808,"155 baseline","14 baseline"
"3809","M2","C4620081","14","156","C4620081 M2","baseline",0.0277225881953216,"156 baseline","14 baseline"
"3810","M2","C4620081","14","157","C4620081 M2","baseline",0.0277159017177728,"157 baseline","14 baseline"
"3811","M2","C4620081","14","158","C4620081 M2","baseline",0.027667274385957,"158 baseline","14 baseline"
"3812","M2","C4620081","14","159","C4620081 M2","baseline",0.0273214399762137,"159 baseline","14 baseline"
"3813","M2","C4620081","14","160","C4620081 M2","baseline",0.0271338655752856,"160 baseline","14 baseline"
"3814","M2","C4620081","14","161","C4620081 M2","baseline",0.0270594387509997,"161 baseline","14 baseline"
"3815","M2","C4620081","14","162","C4620081 M2","baseline",0.0270439637267894,"162 baseline","14 baseline"
"3816","M2","C4620081","14","163","C4620081 M2","baseline",0.0265932634438068,"163 baseline","14 baseline"
"3817","M2","C4620081","14","164","C4620081 M2","baseline",0.0265124517364831,"164 baseline","14 baseline"
"3818","M2","C4620081","14","165","C4620081 M2","baseline",0.0264551380073618,"165 baseline","14 baseline"
"3819","M2","C4620081","14","166","C4620081 M2","baseline",0.0262122764371345,"166 baseline","14 baseline"
"3820","M2","C4620081","14","167","C4620081 M2","baseline",0.0261853020126801,"167 baseline","14 baseline"
"3821","M2","C4620081","14","168","C4620081 M2","baseline",0.0260513292108604,"168 baseline","14 baseline"
"3822","M2","C4620081","14","169","C4620081 M2","baseline",0.025939784884447,"169 baseline","14 baseline"
"3823","M2","C4620081","14","170","C4620081 M2","baseline",0.0252366784180693,"170 baseline","14 baseline"
"3824","M2","C4620081","14","171","C4620081 M2","baseline",0.0247735039716417,"171 baseline","14 baseline"
"3825","M2","C4620081","14","172","C4620081 M2","baseline",0.0245884589426655,"172 baseline","14 baseline"
"3826","M2","C4620081","14","173","C4620081 M2","baseline",0.024587885810264,"173 baseline","14 baseline"
"3827","M2","C4620081","14","174","C4620081 M2","baseline",0.0245487098180442,"174 baseline","14 baseline"
"3828","M2","C4620081","14","175","C4620081 M2","baseline",0.024517335174081,"175 baseline","14 baseline"
"3829","M2","C4620081","14","176","C4620081 M2","baseline",0.024269640995241,"176 baseline","14 baseline"
"3830","M2","C4620081","14","177","C4620081 M2","baseline",0.0241333093764229,"177 baseline","14 baseline"
"3831","M2","C4620081","14","178","C4620081 M2","baseline",0.0240734748109213,"178 baseline","14 baseline"
"3832","M2","C4620081","14","179","C4620081 M2","baseline",0.0238861087614266,"179 baseline","14 baseline"
"3833","M2","C4620081","14","180","C4620081 M2","baseline",0.0236696487343236,"180 baseline","14 baseline"
"3834","M2","C4620081","14","181","C4620081 M2","baseline",0.0235102787669654,"181 baseline","14 baseline"
"3835","M2","C4620081","14","182","C4620081 M2","baseline",0.0231355757477953,"182 baseline","14 baseline"
"3836","M2","C4620081","14","183","C4620081 M2","baseline",0.0229591714362157,"183 baseline","14 baseline"
"3837","M2","C4620081","14","184","C4620081 M2","baseline",0.0227734937705241,"184 baseline","14 baseline"
"3838","M2","C4620081","14","185","C4620081 M2","baseline",0.0226318822108917,"185 baseline","14 baseline"
"3839","M2","C4620081","14","186","C4620081 M2","baseline",0.0226229703592807,"186 baseline","14 baseline"
"3840","M2","C4620081","14","187","C4620081 M2","baseline",0.0226109576252864,"187 baseline","14 baseline"
"3841","M2","C4620081","14","188","C4620081 M2","baseline",0.0224791174593603,"188 baseline","14 baseline"
"3842","M2","C4620081","14","189","C4620081 M2","baseline",0.0223685747569778,"189 baseline","14 baseline"
"3843","M2","C4620081","14","190","C4620081 M2","baseline",0.0220970193764037,"190 baseline","14 baseline"
"3844","M2","C4620081","14","191","C4620081 M2","baseline",0.0220277253919696,"191 baseline","14 baseline"
"3845","M2","C4620081","14","192","C4620081 M2","baseline",0.0218874449636059,"192 baseline","14 baseline"
"3846","M2","C4620081","14","193","C4620081 M2","baseline",0.0217560756235461,"193 baseline","14 baseline"
"3847","M2","C4620081","14","194","C4620081 M2","baseline",0.0216431526251839,"194 baseline","14 baseline"
"3848","M2","C4620081","14","195","C4620081 M2","baseline",0.0216211584860661,"195 baseline","14 baseline"
"3849","M2","C4620081","14","196","C4620081 M2","baseline",0.0215767024790762,"196 baseline","14 baseline"
"3850","M2","C4620081","14","197","C4620081 M2","baseline",0.02139460865232,"197 baseline","14 baseline"
"3851","M2","C4620081","14","198","C4620081 M2","baseline",0.021381763550142,"198 baseline","14 baseline"
"3852","M2","C4620081","14","199","C4620081 M2","baseline",0.0213814199034929,"199 baseline","14 baseline"
"3853","M2","C4620081","14","200","C4620081 M2","baseline",0.0212886238385255,"200 baseline","14 baseline"
"3854","M2","C4620081","14","201","C4620081 M2","baseline",0.0212282553162697,"201 baseline","14 baseline"
"3855","M2","C4620081","14","202","C4620081 M2","baseline",0.0211837338103622,"202 baseline","14 baseline"
"3856","M2","C4620081","14","203","C4620081 M2","baseline",0.0211662397139387,"203 baseline","14 baseline"
"3857","M2","C4620081","14","204","C4620081 M2","baseline",0.0211620245668564,"204 baseline","14 baseline"
"3858","M2","C4620081","14","205","C4620081 M2","baseline",0.0210995891527394,"205 baseline","14 baseline"
"3859","M2","C4620081","14","206","C4620081 M2","baseline",0.0207605860093795,"206 baseline","14 baseline"
"3860","M2","C4620081","14","207","C4620081 M2","baseline",0.0207274372242304,"207 baseline","14 baseline"
"3861","M2","C4620081","14","208","C4620081 M2","baseline",0.0205691966501049,"208 baseline","14 baseline"
"3862","M2","C4620081","14","209","C4620081 M2","baseline",0.0203313149649601,"209 baseline","14 baseline"
"3863","M2","C4620081","14","210","C4620081 M2","baseline",0.0202762901827439,"210 baseline","14 baseline"
"3864","M2","C4620081","14","211","C4620081 M2","baseline",0.0202131898978309,"211 baseline","14 baseline"
"3865","M2","C4620081","14","212","C4620081 M2","baseline",0.0200835946233161,"212 baseline","14 baseline"
"3866","M2","C4620081","14","213","C4620081 M2","baseline",0.0199465251515475,"213 baseline","14 baseline"
"3867","M2","C4620081","14","214","C4620081 M2","baseline",0.0198797559479086,"214 baseline","14 baseline"
"3868","M2","C4620081","14","215","C4620081 M2","baseline",0.0198132964424803,"215 baseline","14 baseline"
"3869","M2","C4620081","14","216","C4620081 M2","baseline",0.0197916141657259,"216 baseline","14 baseline"
"3870","M2","C4620081","14","217","C4620081 M2","baseline",0.0195462975570151,"217 baseline","14 baseline"
"3871","M2","C4620081","14","218","C4620081 M2","baseline",0.0195113175124969,"218 baseline","14 baseline"
"3872","M2","C4620081","14","219","C4620081 M2","baseline",0.0194519921485839,"219 baseline","14 baseline"
"3873","M2","C4620081","14","220","C4620081 M2","baseline",0.019336729297219,"220 baseline","14 baseline"
"3874","M2","C4620081","14","221","C4620081 M2","baseline",0.0191127310247136,"221 baseline","14 baseline"
"3875","M2","C4620081","14","222","C4620081 M2","baseline",0.0188385766089096,"222 baseline","14 baseline"
"3876","M2","C4620081","14","223","C4620081 M2","baseline",0.0186626342356837,"223 baseline","14 baseline"
"3877","M2","C4620081","14","224","C4620081 M2","baseline",0.0185072695578118,"224 baseline","14 baseline"
"3878","M2","C4620081","14","225","C4620081 M2","baseline",0.0184957023019054,"225 baseline","14 baseline"
"3879","M2","C4620081","14","226","C4620081 M2","baseline",0.0184554629424794,"226 baseline","14 baseline"
"3880","M2","C4620081","14","227","C4620081 M2","baseline",0.0184509605139484,"227 baseline","14 baseline"
"3881","M2","C4620081","14","228","C4620081 M2","baseline",0.0183111279176131,"228 baseline","14 baseline"
"3882","M2","C4620081","14","229","C4620081 M2","baseline",0.0182921540428368,"229 baseline","14 baseline"
"3883","M2","C4620081","14","230","C4620081 M2","baseline",0.0182705382789739,"230 baseline","14 baseline"
"3884","M2","C4620081","14","231","C4620081 M2","baseline",0.0180586076905446,"231 baseline","14 baseline"
"3885","M2","C4620081","14","232","C4620081 M2","baseline",0.0179335318569186,"232 baseline","14 baseline"
"3886","M2","C4620081","14","233","C4620081 M2","baseline",0.0177746487417928,"233 baseline","14 baseline"
"3887","M2","C4620081","14","234","C4620081 M2","baseline",0.0176210555871385,"234 baseline","14 baseline"
"3888","M2","C4620081","14","235","C4620081 M2","baseline",0.0174762155982082,"235 baseline","14 baseline"
"3889","M2","C4620081","14","236","C4620081 M2","baseline",0.0173315784708014,"236 baseline","14 baseline"
"3890","M2","C4620081","14","237","C4620081 M2","baseline",0.017243833408986,"237 baseline","14 baseline"
"3891","M2","C4620081","14","238","C4620081 M2","baseline",0.0171265425710099,"238 baseline","14 baseline"
"3892","M2","C4620081","14","239","C4620081 M2","baseline",0.0171212577201118,"239 baseline","14 baseline"
"3893","M2","C4620081","14","240","C4620081 M2","baseline",0.0167773692007089,"240 baseline","14 baseline"
"3894","M2","C4620081","14","241","C4620081 M2","baseline",0.016681821938852,"241 baseline","14 baseline"
"3895","M2","C4620081","14","242","C4620081 M2","baseline",0.0166227903809021,"242 baseline","14 baseline"
"3896","M2","C4620081","14","243","C4620081 M2","baseline",0.0166074456743504,"243 baseline","14 baseline"
"3897","M2","C4620081","14","244","C4620081 M2","baseline",0.0162700245643684,"244 baseline","14 baseline"
"3898","M2","C4620081","14","245","C4620081 M2","baseline",0.0160519915944183,"245 baseline","14 baseline"
"3899","M2","C4620081","14","246","C4620081 M2","baseline",0.0160211348528954,"246 baseline","14 baseline"
"3900","M2","C4620081","14","247","C4620081 M2","baseline",0.0160131294075564,"247 baseline","14 baseline"
"3901","M2","C4620081","14","248","C4620081 M2","baseline",0.0159696912485058,"248 baseline","14 baseline"
"3902","M2","C4620081","14","249","C4620081 M2","baseline",0.0156631607157766,"249 baseline","14 baseline"
"3903","M2","C4620081","14","250","C4620081 M2","baseline",0.0156341052314394,"250 baseline","14 baseline"
"3904","M2","C4620081","14","251","C4620081 M2","baseline",0.0155851794269325,"251 baseline","14 baseline"
"3905","M2","C4620081","14","252","C4620081 M2","baseline",0.0153061905581878,"252 baseline","14 baseline"
"3906","M2","C4620081","14","253","C4620081 M2","baseline",0.0151604732363523,"253 baseline","14 baseline"
"3907","M2","C4620081","14","254","C4620081 M2","baseline",0.0149603186126961,"254 baseline","14 baseline"
"3908","M2","C4620081","14","255","C4620081 M2","baseline",0.0149562770334212,"255 baseline","14 baseline"
"3909","M2","C4620081","14","256","C4620081 M2","baseline",0.0148637173045932,"256 baseline","14 baseline"
"3910","M2","C4620081","14","257","C4620081 M2","baseline",0.0147220713764959,"257 baseline","14 baseline"
"3911","M2","C4620081","14","258","C4620081 M2","baseline",0.0146378723320943,"258 baseline","14 baseline"
"3912","M2","C4620081","14","259","C4620081 M2","baseline",0.0146212908711096,"259 baseline","14 baseline"
"3913","M2","C4620081","14","260","C4620081 M2","baseline",0.0143843093905849,"260 baseline","14 baseline"
"3914","M2","C4620081","14","261","C4620081 M2","baseline",0.0141355906947598,"261 baseline","14 baseline"
"3915","M2","C4620081","14","262","C4620081 M2","baseline",0.0140709450698412,"262 baseline","14 baseline"
"3916","M2","C4620081","14","263","C4620081 M2","baseline",0.0139015950059714,"263 baseline","14 baseline"
"3917","M2","C4620081","14","264","C4620081 M2","baseline",0.0138897296188541,"264 baseline","14 baseline"
"3918","M2","C4620081","14","265","C4620081 M2","baseline",0.0137914462251178,"265 baseline","14 baseline"
"3919","M2","C4620081","14","266","C4620081 M2","baseline",0.0137140108815233,"266 baseline","14 baseline"
"3920","M2","C4620081","14","267","C4620081 M2","baseline",0.0137110600599403,"267 baseline","14 baseline"
"3921","M2","C4620081","14","268","C4620081 M2","baseline",0.013653244452143,"268 baseline","14 baseline"
"3922","M2","C4620081","14","269","C4620081 M2","baseline",0.0135520374822901,"269 baseline","14 baseline"
"3923","M2","C4620081","14","270","C4620081 M2","baseline",0.0134424554928988,"270 baseline","14 baseline"
"3924","M2","C4620081","14","271","C4620081 M2","baseline",0.0126194469367766,"271 baseline","14 baseline"
"3925","M2","C4620081","14","272","C4620081 M2","baseline",0.0123938604412204,"272 baseline","14 baseline"
"3926","M2","C4620081","14","273","C4620081 M2","baseline",0.012323173360636,"273 baseline","14 baseline"
"3927","M2","C4620081","14","274","C4620081 M2","baseline",0.0121947968636334,"274 baseline","14 baseline"
"3928","M2","C4620081","14","275","C4620081 M2","baseline",0.0120727996577924,"275 baseline","14 baseline"
"3929","M2","C4620081","14","276","C4620081 M2","baseline",0.0120703721499066,"276 baseline","14 baseline"
"3930","M2","C4620081","14","277","C4620081 M2","baseline",0.0120244491267489,"277 baseline","14 baseline"
"3931","M2","C4620081","14","278","C4620081 M2","baseline",0.0119928226095603,"278 baseline","14 baseline"
"3932","M2","C4620081","14","279","C4620081 M2","baseline",0.0119121086633013,"279 baseline","14 baseline"
"3933","M2","C4620081","14","280","C4620081 M2","baseline",0.0118429910201409,"280 baseline","14 baseline"
"3934","M2","C4620081","14","281","C4620081 M2","baseline",0.0117372784662023,"281 baseline","14 baseline"
"3935","M2","C4620081","14","282","C4620081 M2","baseline",0.0116571106430491,"282 baseline","14 baseline"
"3936","M2","C4620081","14","283","C4620081 M2","baseline",0.0116369983464844,"283 baseline","14 baseline"
"3937","M2","C4620081","14","284","C4620081 M2","baseline",0.0114741221468426,"284 baseline","14 baseline"
"3938","M2","C4620081","14","285","C4620081 M2","baseline",0.0110180406859491,"285 baseline","14 baseline"
"3939","M2","C4620081","14","286","C4620081 M2","baseline",0.0109832486628836,"286 baseline","14 baseline"
"3940","M2","C4620081","14","287","C4620081 M2","baseline",0.0109793328778153,"287 baseline","14 baseline"
"3941","M2","C4620081","14","288","C4620081 M2","baseline",0.0109571145509731,"288 baseline","14 baseline"
"3942","M2","C4620081","14","289","C4620081 M2","baseline",0.010909479621581,"289 baseline","14 baseline"
"3943","M2","C4620081","14","290","C4620081 M2","baseline",0.0108209556475257,"290 baseline","14 baseline"
"3944","M2","C4620081","14","291","C4620081 M2","baseline",0.0108073177008823,"291 baseline","14 baseline"
"3945","M2","C4620081","14","292","C4620081 M2","baseline",0.0107789666810099,"292 baseline","14 baseline"
"3946","M2","C4620081","14","293","C4620081 M2","baseline",0.0107264663488596,"293 baseline","14 baseline"
"3947","M2","C4620081","14","294","C4620081 M2","baseline",0.0105172485774597,"294 baseline","14 baseline"
"3948","M2","C4620081","14","295","C4620081 M2","baseline",0.0101648260074045,"295 baseline","14 baseline"
"3949","M2","C4620081","14","296","C4620081 M2","baseline",0.0101355681758016,"296 baseline","14 baseline"
"3950","M2","C4620081","14","297","C4620081 M2","baseline",0.0100495296210703,"297 baseline","14 baseline"
"3951","M2","C4620081","14","298","C4620081 M2","baseline",0.00996181512532197,"298 baseline","14 baseline"
"3952","M2","C4620081","14","299","C4620081 M2","baseline",0.00966157886865043,"299 baseline","14 baseline"
"3953","M2","C4620081","14","300","C4620081 M2","baseline",0.00942261262517834,"300 baseline","14 baseline"
"3954","M2","C4620081","14","301","C4620081 M2","baseline",0.00941553027403349,"301 baseline","14 baseline"
"3955","M2","C4620081","14","302","C4620081 M2","baseline",0.00883128662804894,"302 baseline","14 baseline"
"3956","M2","C4620081","14","303","C4620081 M2","baseline",0.00872722995985172,"303 baseline","14 baseline"
"3957","M2","C4620081","14","304","C4620081 M2","baseline",0.00872119357796252,"304 baseline","14 baseline"
"3958","M2","C4620081","14","305","C4620081 M2","baseline",0.00845679309258961,"305 baseline","14 baseline"
"3959","M2","C4620081","14","306","C4620081 M2","baseline",0.00838009215724716,"306 baseline","14 baseline"
"3960","M2","C4620081","14","307","C4620081 M2","baseline",0.0081832821715919,"307 baseline","14 baseline"
"3961","M2","C4620081","14","308","C4620081 M2","baseline",0.00813541425543348,"308 baseline","14 baseline"
"3962","M2","C4620081","14","309","C4620081 M2","baseline",0.0078139016419072,"309 baseline","14 baseline"
"3963","M2","C4620081","14","310","C4620081 M2","baseline",0.00771232352484522,"310 baseline","14 baseline"
"3964","M2","C4620081","14","311","C4620081 M2","baseline",0.00695080393008982,"311 baseline","14 baseline"
"3965","M2","C4620081","14","312","C4620081 M2","baseline",0.00678904274213837,"312 baseline","14 baseline"
"3966","M2","C4620081","14","313","C4620081 M2","baseline",0.00650122932766404,"313 baseline","14 baseline"
"3967","M2","C4620081","14","314","C4620081 M2","baseline",0.0062842577689995,"314 baseline","14 baseline"
"3968","M2","C4620081","14","315","C4620081 M2","baseline",0.00625511174522418,"315 baseline","14 baseline"
"3969","M2","C4620081","14","316","C4620081 M2","baseline",0.0062206289931759,"316 baseline","14 baseline"
"3970","M2","C4620081","14","317","C4620081 M2","baseline",0.00612464811073012,"317 baseline","14 baseline"
"3971","M2","C4620081","14","318","C4620081 M2","baseline",0.0061162761498232,"318 baseline","14 baseline"
"3972","M2","C4620081","14","319","C4620081 M2","baseline",0.0060550333896326,"319 baseline","14 baseline"
"3973","M2","C4620081","14","320","C4620081 M2","baseline",0.00600726557937633,"320 baseline","14 baseline"
"3974","M2","C4620081","14","321","C4620081 M2","baseline",0.00595806923675605,"321 baseline","14 baseline"
"3975","M2","C4620081","14","322","C4620081 M2","baseline",0.0058948797700857,"322 baseline","14 baseline"
"3976","M2","C4620081","14","323","C4620081 M2","baseline",0.00587711977557401,"323 baseline","14 baseline"
"3977","M2","C4620081","14","324","C4620081 M2","baseline",0.00549993784752863,"324 baseline","14 baseline"
"3978","M2","C4620081","14","325","C4620081 M2","baseline",0.00545486923342249,"325 baseline","14 baseline"
"3979","M2","C4620081","14","326","C4620081 M2","baseline",0.00537535273152832,"326 baseline","14 baseline"
"3980","M2","C4620081","14","327","C4620081 M2","baseline",0.00497112209084731,"327 baseline","14 baseline"
"3981","M2","C4620081","14","328","C4620081 M2","baseline",0.00486053147879836,"328 baseline","14 baseline"
"3982","M2","C4620081","14","329","C4620081 M2","baseline",0.0048384165200888,"329 baseline","14 baseline"
"3983","M2","C4620081","14","330","C4620081 M2","baseline",0.00462419590522429,"330 baseline","14 baseline"
"3984","M2","C4620081","14","331","C4620081 M2","baseline",0.00423426813811733,"331 baseline","14 baseline"
"3985","M2","C4620081","14","332","C4620081 M2","baseline",0.00381250535599217,"332 baseline","14 baseline"
"3986","M2","C4620081","14","333","C4620081 M2","baseline",0.00337709051936663,"333 baseline","14 baseline"
"3987","M2","C4620081","14","334","C4620081 M2","baseline",0.00333552796973718,"334 baseline","14 baseline"
"3988","M2","C4620081","14","335","C4620081 M2","baseline",0.00328221188784422,"335 baseline","14 baseline"
"3989","M2","C4620081","14","336","C4620081 M2","baseline",0.00306322470813715,"336 baseline","14 baseline"
"3990","M2","C4620081","14","337","C4620081 M2","baseline",0.00265789905147356,"337 baseline","14 baseline"
"3991","M2","C4620081","14","338","C4620081 M2","baseline",0.00239639287724426,"338 baseline","14 baseline"
"3992","M2","C4620081","14","339","C4620081 M2","baseline",0.00227365598820159,"339 baseline","14 baseline"
"3993","M2","C4620081","14","340","C4620081 M2","baseline",0.00215742638920768,"340 baseline","14 baseline"
"3994","M2","C4620081","14","341","C4620081 M2","baseline",0.0021341920904507,"341 baseline","14 baseline"
"3995","M2","C4620081","14","342","C4620081 M2","baseline",0.00197679331128478,"342 baseline","14 baseline"
"3996","M2","C4620081","14","343","C4620081 M2","baseline",0.00181852287537584,"343 baseline","14 baseline"
"3997","M2","C4620081","14","344","C4620081 M2","baseline",0.00168879979582555,"344 baseline","14 baseline"
"3998","M2","C4620081","14","345","C4620081 M2","baseline",0.00163884675242032,"345 baseline","14 baseline"
"3999","M2","C4620081","14","346","C4620081 M2","baseline",0.00131536624603466,"346 baseline","14 baseline"
"4000","M2","C4620081","14","347","C4620081 M2","baseline",0.00121629983550793,"347 baseline","14 baseline"
"4001","M2","C4620081","14","348","C4620081 M2","baseline",0.000992480706686959,"348 baseline","14 baseline"
"4002","M2","C4620081","14","349","C4620081 M2","baseline",0.000791147573552415,"349 baseline","14 baseline"
"4003","M2","C4620081","14","350","C4620081 M2","baseline",0.000558557009891874,"350 baseline","14 baseline"
"4004","M2","C4620081","14","351","C4620081 M2","baseline",0.000222968329965332,"351 baseline","14 baseline"
"4005","M2","C4620081","14","352","C4620081 M2","baseline",-0.000232809795148113,"352 baseline","14 baseline"
"4006","M2","C4620081","14","353","C4620081 M2","baseline",-0.00031875516605748,"353 baseline","14 baseline"
"4007","M2","C4620081","14","354","C4620081 M2","baseline",-0.00117789840551049,"354 baseline","14 baseline"
"4008","M2","C4620081","14","355","C4620081 M2","baseline",-0.001274028954682,"355 baseline","14 baseline"
"4009","M2","C4620081","14","356","C4620081 M2","baseline",-0.00132539195153921,"356 baseline","14 baseline"
"4010","M2","C4620081","14","357","C4620081 M2","baseline",-0.00140404102557135,"357 baseline","14 baseline"
"4011","M2","C4620081","14","358","C4620081 M2","baseline",-0.00156308595450016,"358 baseline","14 baseline"
"4012","M2","C4620081","14","359","C4620081 M2","baseline",-0.00167505838895307,"359 baseline","14 baseline"
"4013","M2","C4620081","14","360","C4620081 M2","baseline",-0.0017926803694506,"360 baseline","14 baseline"
"4014","M2","C4620081","14","361","C4620081 M2","baseline",-0.00187805124957535,"361 baseline","14 baseline"
"4015","M2","C4620081","14","362","C4620081 M2","baseline",-0.002819095025666,"362 baseline","14 baseline"
"4016","M2","C4620081","14","363","C4620081 M2","baseline",-0.00325627342554925,"363 baseline","14 baseline"
"4017","M2","C4620081","14","364","C4620081 M2","baseline",-0.00351692737081279,"364 baseline","14 baseline"
"4018","M2","C4620081","14","365","C4620081 M2","baseline",-0.00382516888022886,"365 baseline","14 baseline"
"4019","M2","C4620081","14","366","C4620081 M2","baseline",-0.00451904623412329,"366 baseline","14 baseline"
"4020","M2","C4620081","14","367","C4620081 M2","baseline",-0.00507255253865388,"367 baseline","14 baseline"
"4021","M2","C4620081","14","368","C4620081 M2","baseline",-0.00684758591481754,"368 baseline","14 baseline"
"4022","M2","C4620081","14","369","C4620081 M2","baseline",-0.007757507573085,"369 baseline","14 baseline"
"4023","M2","C4620081","14","370","C4620081 M2","baseline",-0.00876820368897916,"370 baseline","14 baseline"
"4024","M2","C4620081","14","371","C4620081 M2","baseline",-0.00879176804831393,"371 baseline","14 baseline"
"4025","M2","C4620081","14","372","C4620081 M2","baseline",-0.00911060788901475,"372 baseline","14 baseline"
"4026","M2","C4620081","14","373","C4620081 M2","baseline",-0.00914415150423073,"373 baseline","14 baseline"
"4027","M2","C4620081","14","374","C4620081 M2","baseline",-0.00919013632286313,"374 baseline","14 baseline"
"4028","M2","C4620081","14","375","C4620081 M2","baseline",-0.0114900475962694,"375 baseline","14 baseline"
"4029","M2","C4620081","14","376","C4620081 M2","baseline",-0.0122729700099634,"376 baseline","14 baseline"
"4030","M2","C4620081","14","377","C4620081 M2","baseline",-0.0123671133839444,"377 baseline","14 baseline"
"4031","M2","C4620081","14","378","C4620081 M2","baseline",-0.0135289442598356,"378 baseline","14 baseline"
"4032","M2","C4620081","14","379","C4620081 M2","baseline",-0.0163856791110372,"379 baseline","14 baseline"
"4033","M2","C4620081","14","380","C4620081 M2","baseline",-0.0174093859134522,"380 baseline","14 baseline"
"4034","M2","C4620081","14","381","C4620081 M2","baseline",-0.0208603824190444,"381 baseline","14 baseline"
"4035","M2","C4620081","14","382","C4620081 M2","baseline",-0.0293356151648302,"382 baseline","14 baseline"
"4036","M3","C4620081","14","0","C4620081 M3","baseline",0.130232128844877,"0 baseline","14 baseline"
"4037","M3","C4620081","14","1","C4620081 M3","baseline",0.121773428187139,"1 baseline","14 baseline"
"4038","M3","C4620081","14","2","C4620081 M3","baseline",0.120968232830547,"2 baseline","14 baseline"
"4039","M3","C4620081","14","3","C4620081 M3","baseline",0.115702716498163,"3 baseline","14 baseline"
"4040","M3","C4620081","14","4","C4620081 M3","baseline",0.115266596802281,"4 baseline","14 baseline"
"4041","M3","C4620081","14","5","C4620081 M3","baseline",0.114071333926462,"5 baseline","14 baseline"
"4042","M3","C4620081","14","6","C4620081 M3","baseline",0.10986985901454,"6 baseline","14 baseline"
"4043","M3","C4620081","14","7","C4620081 M3","baseline",0.109322470769802,"7 baseline","14 baseline"
"4044","M3","C4620081","14","8","C4620081 M3","baseline",0.107903594643862,"8 baseline","14 baseline"
"4045","M3","C4620081","14","9","C4620081 M3","baseline",0.103000123826034,"9 baseline","14 baseline"
"4046","M3","C4620081","14","10","C4620081 M3","baseline",0.102701333056022,"10 baseline","14 baseline"
"4047","M3","C4620081","14","11","C4620081 M3","baseline",0.102189970818534,"11 baseline","14 baseline"
"4048","M3","C4620081","14","12","C4620081 M3","baseline",0.10133705291785,"12 baseline","14 baseline"
"4049","M3","C4620081","14","13","C4620081 M3","baseline",0.101191970478574,"13 baseline","14 baseline"
"4050","M3","C4620081","14","14","C4620081 M3","baseline",0.100532873212294,"14 baseline","14 baseline"
"4051","M3","C4620081","14","15","C4620081 M3","baseline",0.100508473127874,"15 baseline","14 baseline"
"4052","M3","C4620081","14","16","C4620081 M3","baseline",0.0993124936533702,"16 baseline","14 baseline"
"4053","M3","C4620081","14","17","C4620081 M3","baseline",0.0987282463806926,"17 baseline","14 baseline"
"4054","M3","C4620081","14","18","C4620081 M3","baseline",0.0982096167597543,"18 baseline","14 baseline"
"4055","M3","C4620081","14","19","C4620081 M3","baseline",0.0981342243985919,"19 baseline","14 baseline"
"4056","M3","C4620081","14","20","C4620081 M3","baseline",0.0968883622881294,"20 baseline","14 baseline"
"4057","M3","C4620081","14","21","C4620081 M3","baseline",0.0955504440650593,"21 baseline","14 baseline"
"4058","M3","C4620081","14","22","C4620081 M3","baseline",0.0948622521889699,"22 baseline","14 baseline"
"4059","M3","C4620081","14","23","C4620081 M3","baseline",0.0944543557642045,"23 baseline","14 baseline"
"4060","M3","C4620081","14","24","C4620081 M3","baseline",0.0943006725364686,"24 baseline","14 baseline"
"4061","M3","C4620081","14","25","C4620081 M3","baseline",0.0937335455046831,"25 baseline","14 baseline"
"4062","M3","C4620081","14","26","C4620081 M3","baseline",0.0933082197880216,"26 baseline","14 baseline"
"4063","M3","C4620081","14","27","C4620081 M3","baseline",0.0911771722237651,"27 baseline","14 baseline"
"4064","M3","C4620081","14","28","C4620081 M3","baseline",0.0903311561917515,"28 baseline","14 baseline"
"4065","M3","C4620081","14","29","C4620081 M3","baseline",0.0886468811148634,"29 baseline","14 baseline"
"4066","M3","C4620081","14","30","C4620081 M3","baseline",0.0885450272210787,"30 baseline","14 baseline"
"4067","M3","C4620081","14","31","C4620081 M3","baseline",0.0882240939832805,"31 baseline","14 baseline"
"4068","M3","C4620081","14","32","C4620081 M3","baseline",0.0862172907427719,"32 baseline","14 baseline"
"4069","M3","C4620081","14","33","C4620081 M3","baseline",0.0852526887988137,"33 baseline","14 baseline"
"4070","M3","C4620081","14","34","C4620081 M3","baseline",0.0852235912512235,"34 baseline","14 baseline"
"4071","M3","C4620081","14","35","C4620081 M3","baseline",0.0851421569526807,"35 baseline","14 baseline"
"4072","M3","C4620081","14","36","C4620081 M3","baseline",0.0850928294511001,"36 baseline","14 baseline"
"4073","M3","C4620081","14","37","C4620081 M3","baseline",0.0849801285089561,"37 baseline","14 baseline"
"4074","M3","C4620081","14","38","C4620081 M3","baseline",0.084864382555002,"38 baseline","14 baseline"
"4075","M3","C4620081","14","39","C4620081 M3","baseline",0.08483677502649,"39 baseline","14 baseline"
"4076","M3","C4620081","14","40","C4620081 M3","baseline",0.0844560147982805,"40 baseline","14 baseline"
"4077","M3","C4620081","14","41","C4620081 M3","baseline",0.083745478853518,"41 baseline","14 baseline"
"4078","M3","C4620081","14","42","C4620081 M3","baseline",0.0823450792493769,"42 baseline","14 baseline"
"4079","M3","C4620081","14","43","C4620081 M3","baseline",0.0819297087782114,"43 baseline","14 baseline"
"4080","M3","C4620081","14","44","C4620081 M3","baseline",0.0817603412767354,"44 baseline","14 baseline"
"4081","M3","C4620081","14","45","C4620081 M3","baseline",0.0810645947953478,"45 baseline","14 baseline"
"4082","M3","C4620081","14","46","C4620081 M3","baseline",0.080247996476157,"46 baseline","14 baseline"
"4083","M3","C4620081","14","47","C4620081 M3","baseline",0.0798500177660417,"47 baseline","14 baseline"
"4084","M3","C4620081","14","48","C4620081 M3","baseline",0.0797605396435077,"48 baseline","14 baseline"
"4085","M3","C4620081","14","49","C4620081 M3","baseline",0.07953375266313,"49 baseline","14 baseline"
"4086","M3","C4620081","14","50","C4620081 M3","baseline",0.0779294507784754,"50 baseline","14 baseline"
"4087","M3","C4620081","14","51","C4620081 M3","baseline",0.0778584927392109,"51 baseline","14 baseline"
"4088","M3","C4620081","14","52","C4620081 M3","baseline",0.0776486661117045,"52 baseline","14 baseline"
"4089","M3","C4620081","14","53","C4620081 M3","baseline",0.077347408148485,"53 baseline","14 baseline"
"4090","M3","C4620081","14","54","C4620081 M3","baseline",0.0767918580097298,"54 baseline","14 baseline"
"4091","M3","C4620081","14","55","C4620081 M3","baseline",0.0766284098779635,"55 baseline","14 baseline"
"4092","M3","C4620081","14","56","C4620081 M3","baseline",0.0766183823517789,"56 baseline","14 baseline"
"4093","M3","C4620081","14","57","C4620081 M3","baseline",0.0765508944661541,"57 baseline","14 baseline"
"4094","M3","C4620081","14","58","C4620081 M3","baseline",0.0761447546520665,"58 baseline","14 baseline"
"4095","M3","C4620081","14","59","C4620081 M3","baseline",0.0760328086390838,"59 baseline","14 baseline"
"4096","M3","C4620081","14","60","C4620081 M3","baseline",0.0759337869789932,"60 baseline","14 baseline"
"4097","M3","C4620081","14","61","C4620081 M3","baseline",0.0754379876377337,"61 baseline","14 baseline"
"4098","M3","C4620081","14","62","C4620081 M3","baseline",0.0747884810146503,"62 baseline","14 baseline"
"4099","M3","C4620081","14","63","C4620081 M3","baseline",0.074386063310791,"63 baseline","14 baseline"
"4100","M3","C4620081","14","64","C4620081 M3","baseline",0.0735891897772943,"64 baseline","14 baseline"
"4101","M3","C4620081","14","65","C4620081 M3","baseline",0.0725129345408,"65 baseline","14 baseline"
"4102","M3","C4620081","14","66","C4620081 M3","baseline",0.0724827791618993,"66 baseline","14 baseline"
"4103","M3","C4620081","14","67","C4620081 M3","baseline",0.0721462214969622,"67 baseline","14 baseline"
"4104","M3","C4620081","14","68","C4620081 M3","baseline",0.072014050052126,"68 baseline","14 baseline"
"4105","M3","C4620081","14","69","C4620081 M3","baseline",0.0709430890636499,"69 baseline","14 baseline"
"4106","M3","C4620081","14","70","C4620081 M3","baseline",0.0703877695639305,"70 baseline","14 baseline"
"4107","M3","C4620081","14","71","C4620081 M3","baseline",0.0703726094198343,"71 baseline","14 baseline"
"4108","M3","C4620081","14","72","C4620081 M3","baseline",0.0698418899277971,"72 baseline","14 baseline"
"4109","M3","C4620081","14","73","C4620081 M3","baseline",0.0692381229415364,"73 baseline","14 baseline"
"4110","M3","C4620081","14","74","C4620081 M3","baseline",0.0691209656982962,"74 baseline","14 baseline"
"4111","M3","C4620081","14","75","C4620081 M3","baseline",0.068957245965676,"75 baseline","14 baseline"
"4112","M3","C4620081","14","76","C4620081 M3","baseline",0.068702745010283,"76 baseline","14 baseline"
"4113","M3","C4620081","14","77","C4620081 M3","baseline",0.0686661086507425,"77 baseline","14 baseline"
"4114","M3","C4620081","14","78","C4620081 M3","baseline",0.0684207282525395,"78 baseline","14 baseline"
"4115","M3","C4620081","14","79","C4620081 M3","baseline",0.0680637643737435,"79 baseline","14 baseline"
"4116","M3","C4620081","14","80","C4620081 M3","baseline",0.067638170877547,"80 baseline","14 baseline"
"4117","M3","C4620081","14","81","C4620081 M3","baseline",0.0674570231467987,"81 baseline","14 baseline"
"4118","M3","C4620081","14","82","C4620081 M3","baseline",0.0667581480346752,"82 baseline","14 baseline"
"4119","M3","C4620081","14","83","C4620081 M3","baseline",0.0662299098833195,"83 baseline","14 baseline"
"4120","M3","C4620081","14","84","C4620081 M3","baseline",0.0661814538375967,"84 baseline","14 baseline"
"4121","M3","C4620081","14","85","C4620081 M3","baseline",0.0660024579866382,"85 baseline","14 baseline"
"4122","M3","C4620081","14","86","C4620081 M3","baseline",0.0658907539968553,"86 baseline","14 baseline"
"4123","M3","C4620081","14","87","C4620081 M3","baseline",0.065886761720519,"87 baseline","14 baseline"
"4124","M3","C4620081","14","88","C4620081 M3","baseline",0.065785366871579,"88 baseline","14 baseline"
"4125","M3","C4620081","14","89","C4620081 M3","baseline",0.0657593347035095,"89 baseline","14 baseline"
"4126","M3","C4620081","14","90","C4620081 M3","baseline",0.0654107076942936,"90 baseline","14 baseline"
"4127","M3","C4620081","14","91","C4620081 M3","baseline",0.0651420881767674,"91 baseline","14 baseline"
"4128","M3","C4620081","14","92","C4620081 M3","baseline",0.0650696630024723,"92 baseline","14 baseline"
"4129","M3","C4620081","14","93","C4620081 M3","baseline",0.0649253830490309,"93 baseline","14 baseline"
"4130","M3","C4620081","14","94","C4620081 M3","baseline",0.0648935344749542,"94 baseline","14 baseline"
"4131","M3","C4620081","14","95","C4620081 M3","baseline",0.0648921627518049,"95 baseline","14 baseline"
"4132","M3","C4620081","14","96","C4620081 M3","baseline",0.0634454200770849,"96 baseline","14 baseline"
"4133","M3","C4620081","14","97","C4620081 M3","baseline",0.0634282272162149,"97 baseline","14 baseline"
"4134","M3","C4620081","14","98","C4620081 M3","baseline",0.0634269643033769,"98 baseline","14 baseline"
"4135","M3","C4620081","14","99","C4620081 M3","baseline",0.0631861668615075,"99 baseline","14 baseline"
"4136","M3","C4620081","14","100","C4620081 M3","baseline",0.0629086626493495,"100 baseline","14 baseline"
"4137","M3","C4620081","14","101","C4620081 M3","baseline",0.0626690544555263,"101 baseline","14 baseline"
"4138","M3","C4620081","14","102","C4620081 M3","baseline",0.0622194862058976,"102 baseline","14 baseline"
"4139","M3","C4620081","14","103","C4620081 M3","baseline",0.0620934772020896,"103 baseline","14 baseline"
"4140","M3","C4620081","14","104","C4620081 M3","baseline",0.0612019723340178,"104 baseline","14 baseline"
"4141","M3","C4620081","14","105","C4620081 M3","baseline",0.0610687661430145,"105 baseline","14 baseline"
"4142","M3","C4620081","14","106","C4620081 M3","baseline",0.0609258293748844,"106 baseline","14 baseline"
"4143","M3","C4620081","14","107","C4620081 M3","baseline",0.0607987204663372,"107 baseline","14 baseline"
"4144","M3","C4620081","14","108","C4620081 M3","baseline",0.0606045177477818,"108 baseline","14 baseline"
"4145","M3","C4620081","14","109","C4620081 M3","baseline",0.0603245662791596,"109 baseline","14 baseline"
"4146","M3","C4620081","14","110","C4620081 M3","baseline",0.0594195109786589,"110 baseline","14 baseline"
"4147","M3","C4620081","14","111","C4620081 M3","baseline",0.0591012783505519,"111 baseline","14 baseline"
"4148","M3","C4620081","14","112","C4620081 M3","baseline",0.0589882772753213,"112 baseline","14 baseline"
"4149","M3","C4620081","14","113","C4620081 M3","baseline",0.0586610035054607,"113 baseline","14 baseline"
"4150","M3","C4620081","14","114","C4620081 M3","baseline",0.0582268387062921,"114 baseline","14 baseline"
"4151","M3","C4620081","14","115","C4620081 M3","baseline",0.0579941870829054,"115 baseline","14 baseline"
"4152","M3","C4620081","14","116","C4620081 M3","baseline",0.0579852646402601,"116 baseline","14 baseline"
"4153","M3","C4620081","14","117","C4620081 M3","baseline",0.057804788505289,"117 baseline","14 baseline"
"4154","M3","C4620081","14","118","C4620081 M3","baseline",0.0572586106210253,"118 baseline","14 baseline"
"4155","M3","C4620081","14","119","C4620081 M3","baseline",0.0567451223493254,"119 baseline","14 baseline"
"4156","M3","C4620081","14","120","C4620081 M3","baseline",0.0567169697570304,"120 baseline","14 baseline"
"4157","M3","C4620081","14","121","C4620081 M3","baseline",0.0565201701581819,"121 baseline","14 baseline"
"4158","M3","C4620081","14","122","C4620081 M3","baseline",0.0562071508469627,"122 baseline","14 baseline"
"4159","M3","C4620081","14","123","C4620081 M3","baseline",0.0561849236742795,"123 baseline","14 baseline"
"4160","M3","C4620081","14","124","C4620081 M3","baseline",0.0556830665989659,"124 baseline","14 baseline"
"4161","M3","C4620081","14","125","C4620081 M3","baseline",0.0553680075058152,"125 baseline","14 baseline"
"4162","M3","C4620081","14","126","C4620081 M3","baseline",0.0552335949381204,"126 baseline","14 baseline"
"4163","M3","C4620081","14","127","C4620081 M3","baseline",0.054437855353321,"127 baseline","14 baseline"
"4164","M3","C4620081","14","128","C4620081 M3","baseline",0.0534560500049908,"128 baseline","14 baseline"
"4165","M3","C4620081","14","129","C4620081 M3","baseline",0.0529468065944842,"129 baseline","14 baseline"
"4166","M3","C4620081","14","130","C4620081 M3","baseline",0.052085784666647,"130 baseline","14 baseline"
"4167","M3","C4620081","14","131","C4620081 M3","baseline",0.0518040692487986,"131 baseline","14 baseline"
"4168","M3","C4620081","14","132","C4620081 M3","baseline",0.0517767351143775,"132 baseline","14 baseline"
"4169","M3","C4620081","14","133","C4620081 M3","baseline",0.0511221706852951,"133 baseline","14 baseline"
"4170","M3","C4620081","14","134","C4620081 M3","baseline",0.0509445874262227,"134 baseline","14 baseline"
"4171","M3","C4620081","14","135","C4620081 M3","baseline",0.0506447422059907,"135 baseline","14 baseline"
"4172","M3","C4620081","14","136","C4620081 M3","baseline",0.0503974468741421,"136 baseline","14 baseline"
"4173","M3","C4620081","14","137","C4620081 M3","baseline",0.0503958323781362,"137 baseline","14 baseline"
"4174","M3","C4620081","14","138","C4620081 M3","baseline",0.0500158124209835,"138 baseline","14 baseline"
"4175","M3","C4620081","14","139","C4620081 M3","baseline",0.0498967304690518,"139 baseline","14 baseline"
"4176","M3","C4620081","14","140","C4620081 M3","baseline",0.0495899575824281,"140 baseline","14 baseline"
"4177","M3","C4620081","14","141","C4620081 M3","baseline",0.04951463258675,"141 baseline","14 baseline"
"4178","M3","C4620081","14","142","C4620081 M3","baseline",0.0493701045198041,"142 baseline","14 baseline"
"4179","M3","C4620081","14","143","C4620081 M3","baseline",0.0485073458913125,"143 baseline","14 baseline"
"4180","M3","C4620081","14","144","C4620081 M3","baseline",0.0472238292171362,"144 baseline","14 baseline"
"4181","M3","C4620081","14","145","C4620081 M3","baseline",0.0472044629767412,"145 baseline","14 baseline"
"4182","M3","C4620081","14","146","C4620081 M3","baseline",0.047198078310993,"146 baseline","14 baseline"
"4183","M3","C4620081","14","147","C4620081 M3","baseline",0.0469363625365394,"147 baseline","14 baseline"
"4184","M3","C4620081","14","148","C4620081 M3","baseline",0.0467900767308236,"148 baseline","14 baseline"
"4185","M3","C4620081","14","149","C4620081 M3","baseline",0.0464133795017539,"149 baseline","14 baseline"
"4186","M3","C4620081","14","150","C4620081 M3","baseline",0.0454605624616606,"150 baseline","14 baseline"
"4187","M3","C4620081","14","151","C4620081 M3","baseline",0.0454473154281254,"151 baseline","14 baseline"
"4188","M3","C4620081","14","152","C4620081 M3","baseline",0.045127161840334,"152 baseline","14 baseline"
"4189","M3","C4620081","14","153","C4620081 M3","baseline",0.0446471014179101,"153 baseline","14 baseline"
"4190","M3","C4620081","14","154","C4620081 M3","baseline",0.0446262090294497,"154 baseline","14 baseline"
"4191","M3","C4620081","14","155","C4620081 M3","baseline",0.0445215478019774,"155 baseline","14 baseline"
"4192","M3","C4620081","14","156","C4620081 M3","baseline",0.0444961372289803,"156 baseline","14 baseline"
"4193","M3","C4620081","14","157","C4620081 M3","baseline",0.0443883463137518,"157 baseline","14 baseline"
"4194","M3","C4620081","14","158","C4620081 M3","baseline",0.0443139351710913,"158 baseline","14 baseline"
"4195","M3","C4620081","14","159","C4620081 M3","baseline",0.0440165159841726,"159 baseline","14 baseline"
"4196","M3","C4620081","14","160","C4620081 M3","baseline",0.0437152895832006,"160 baseline","14 baseline"
"4197","M3","C4620081","14","161","C4620081 M3","baseline",0.0436006217443072,"161 baseline","14 baseline"
"4198","M3","C4620081","14","162","C4620081 M3","baseline",0.0426562854814205,"162 baseline","14 baseline"
"4199","M3","C4620081","14","163","C4620081 M3","baseline",0.0422562928697818,"163 baseline","14 baseline"
"4200","M3","C4620081","14","164","C4620081 M3","baseline",0.0421678731497303,"164 baseline","14 baseline"
"4201","M3","C4620081","14","165","C4620081 M3","baseline",0.0417002798100044,"165 baseline","14 baseline"
"4202","M3","C4620081","14","166","C4620081 M3","baseline",0.0415782802568863,"166 baseline","14 baseline"
"4203","M3","C4620081","14","167","C4620081 M3","baseline",0.0414886039057765,"167 baseline","14 baseline"
"4204","M3","C4620081","14","168","C4620081 M3","baseline",0.0410819247606079,"168 baseline","14 baseline"
"4205","M3","C4620081","14","169","C4620081 M3","baseline",0.0409485948128607,"169 baseline","14 baseline"
"4206","M3","C4620081","14","170","C4620081 M3","baseline",0.0408228035377939,"170 baseline","14 baseline"
"4207","M3","C4620081","14","171","C4620081 M3","baseline",0.0407553784843821,"171 baseline","14 baseline"
"4208","M3","C4620081","14","172","C4620081 M3","baseline",0.0406155160635537,"172 baseline","14 baseline"
"4209","M3","C4620081","14","173","C4620081 M3","baseline",0.040230537548416,"173 baseline","14 baseline"
"4210","M3","C4620081","14","174","C4620081 M3","baseline",0.0400980744008463,"174 baseline","14 baseline"
"4211","M3","C4620081","14","175","C4620081 M3","baseline",0.0397524284964323,"175 baseline","14 baseline"
"4212","M3","C4620081","14","176","C4620081 M3","baseline",0.0395645119311398,"176 baseline","14 baseline"
"4213","M3","C4620081","14","177","C4620081 M3","baseline",0.038683073808694,"177 baseline","14 baseline"
"4214","M3","C4620081","14","178","C4620081 M3","baseline",0.0386813579337424,"178 baseline","14 baseline"
"4215","M3","C4620081","14","179","C4620081 M3","baseline",0.0381118518149099,"179 baseline","14 baseline"
"4216","M3","C4620081","14","180","C4620081 M3","baseline",0.037982550157092,"180 baseline","14 baseline"
"4217","M3","C4620081","14","181","C4620081 M3","baseline",0.0378245951120394,"181 baseline","14 baseline"
"4218","M3","C4620081","14","182","C4620081 M3","baseline",0.0377965682304237,"182 baseline","14 baseline"
"4219","M3","C4620081","14","183","C4620081 M3","baseline",0.0377189420536304,"183 baseline","14 baseline"
"4220","M3","C4620081","14","184","C4620081 M3","baseline",0.0365641818408629,"184 baseline","14 baseline"
"4221","M3","C4620081","14","185","C4620081 M3","baseline",0.0362889961301277,"185 baseline","14 baseline"
"4222","M3","C4620081","14","186","C4620081 M3","baseline",0.0359087621285636,"186 baseline","14 baseline"
"4223","M3","C4620081","14","187","C4620081 M3","baseline",0.0357791377817548,"187 baseline","14 baseline"
"4224","M3","C4620081","14","188","C4620081 M3","baseline",0.0332680288939553,"188 baseline","14 baseline"
"4225","M3","C4620081","14","189","C4620081 M3","baseline",0.0321688179329851,"189 baseline","14 baseline"
"4226","M3","C4620081","14","190","C4620081 M3","baseline",0.0318538807879019,"190 baseline","14 baseline"
"4227","M3","C4620081","14","191","C4620081 M3","baseline",0.031163196812457,"191 baseline","14 baseline"
"4228","M3","C4620081","14","192","C4620081 M3","baseline",0.0311198879903262,"192 baseline","14 baseline"
"4229","M3","C4620081","14","193","C4620081 M3","baseline",0.0308321481777811,"193 baseline","14 baseline"
"4230","M3","C4620081","14","194","C4620081 M3","baseline",0.0305822807110118,"194 baseline","14 baseline"
"4231","M3","C4620081","14","195","C4620081 M3","baseline",0.0298262112712947,"195 baseline","14 baseline"
"4232","M3","C4620081","14","196","C4620081 M3","baseline",0.0287189246973608,"196 baseline","14 baseline"
"4233","M3","C4620081","14","197","C4620081 M3","baseline",0.0284246495930138,"197 baseline","14 baseline"
"4234","M3","C4620081","14","198","C4620081 M3","baseline",0.0281616734905643,"198 baseline","14 baseline"
"4235","M3","C4620081","14","199","C4620081 M3","baseline",0.0280194955959579,"199 baseline","14 baseline"
"4236","M3","C4620081","14","200","C4620081 M3","baseline",0.027720834215738,"200 baseline","14 baseline"
"4237","M3","C4620081","14","201","C4620081 M3","baseline",0.0275858682445385,"201 baseline","14 baseline"
"4238","M3","C4620081","14","202","C4620081 M3","baseline",0.0271563283486138,"202 baseline","14 baseline"
"4239","M3","C4620081","14","203","C4620081 M3","baseline",0.0270796290362209,"203 baseline","14 baseline"
"4240","M3","C4620081","14","204","C4620081 M3","baseline",0.0267554247844749,"204 baseline","14 baseline"
"4241","M3","C4620081","14","205","C4620081 M3","baseline",0.0266766439440136,"205 baseline","14 baseline"
"4242","M3","C4620081","14","206","C4620081 M3","baseline",0.0266673954938809,"206 baseline","14 baseline"
"4243","M3","C4620081","14","207","C4620081 M3","baseline",0.026380905714811,"207 baseline","14 baseline"
"4244","M3","C4620081","14","208","C4620081 M3","baseline",0.0262552566440641,"208 baseline","14 baseline"
"4245","M3","C4620081","14","209","C4620081 M3","baseline",0.0261599419692524,"209 baseline","14 baseline"
"4246","M3","C4620081","14","210","C4620081 M3","baseline",0.0250065924537157,"210 baseline","14 baseline"
"4247","M3","C4620081","14","211","C4620081 M3","baseline",0.024824618257527,"211 baseline","14 baseline"
"4248","M3","C4620081","14","212","C4620081 M3","baseline",0.0245376178778889,"212 baseline","14 baseline"
"4249","M3","C4620081","14","213","C4620081 M3","baseline",0.0245348852877853,"213 baseline","14 baseline"
"4250","M3","C4620081","14","214","C4620081 M3","baseline",0.0235115697095519,"214 baseline","14 baseline"
"4251","M3","C4620081","14","215","C4620081 M3","baseline",0.0235103829120839,"215 baseline","14 baseline"
"4252","M3","C4620081","14","216","C4620081 M3","baseline",0.0233333554647048,"216 baseline","14 baseline"
"4253","M3","C4620081","14","217","C4620081 M3","baseline",0.0229515528708719,"217 baseline","14 baseline"
"4254","M3","C4620081","14","218","C4620081 M3","baseline",0.0227237460716709,"218 baseline","14 baseline"
"4255","M3","C4620081","14","219","C4620081 M3","baseline",0.0226081815814694,"219 baseline","14 baseline"
"4256","M3","C4620081","14","220","C4620081 M3","baseline",0.0223644661516115,"220 baseline","14 baseline"
"4257","M3","C4620081","14","221","C4620081 M3","baseline",0.0223249903204036,"221 baseline","14 baseline"
"4258","M3","C4620081","14","222","C4620081 M3","baseline",0.0217693143992252,"222 baseline","14 baseline"
"4259","M3","C4620081","14","223","C4620081 M3","baseline",0.0213387082185628,"223 baseline","14 baseline"
"4260","M3","C4620081","14","224","C4620081 M3","baseline",0.0205068977997863,"224 baseline","14 baseline"
"4261","M3","C4620081","14","225","C4620081 M3","baseline",0.0201232549007205,"225 baseline","14 baseline"
"4262","M3","C4620081","14","226","C4620081 M3","baseline",0.0198654311651048,"226 baseline","14 baseline"
"4263","M3","C4620081","14","227","C4620081 M3","baseline",0.0196831795485788,"227 baseline","14 baseline"
"4264","M3","C4620081","14","228","C4620081 M3","baseline",0.0195007545844096,"228 baseline","14 baseline"
"4265","M3","C4620081","14","229","C4620081 M3","baseline",0.0194474475743694,"229 baseline","14 baseline"
"4266","M3","C4620081","14","230","C4620081 M3","baseline",0.0194473043785342,"230 baseline","14 baseline"
"4267","M3","C4620081","14","231","C4620081 M3","baseline",0.0193403538176412,"231 baseline","14 baseline"
"4268","M3","C4620081","14","232","C4620081 M3","baseline",0.0191152077535689,"232 baseline","14 baseline"
"4269","M3","C4620081","14","233","C4620081 M3","baseline",0.0185877050428336,"233 baseline","14 baseline"
"4270","M3","C4620081","14","234","C4620081 M3","baseline",0.0164445561719342,"234 baseline","14 baseline"
"4271","M3","C4620081","14","235","C4620081 M3","baseline",0.0164190531247899,"235 baseline","14 baseline"
"4272","M3","C4620081","14","236","C4620081 M3","baseline",0.016226219743461,"236 baseline","14 baseline"
"4273","M3","C4620081","14","237","C4620081 M3","baseline",0.0157799772436307,"237 baseline","14 baseline"
"4274","M3","C4620081","14","238","C4620081 M3","baseline",0.0156652332664024,"238 baseline","14 baseline"
"4275","M3","C4620081","14","239","C4620081 M3","baseline",0.0154248285748384,"239 baseline","14 baseline"
"4276","M3","C4620081","14","240","C4620081 M3","baseline",0.0142822886964203,"240 baseline","14 baseline"
"4277","M3","C4620081","14","241","C4620081 M3","baseline",0.0142122157711566,"241 baseline","14 baseline"
"4278","M3","C4620081","14","242","C4620081 M3","baseline",0.0140192111021449,"242 baseline","14 baseline"
"4279","M3","C4620081","14","243","C4620081 M3","baseline",0.012689501545185,"243 baseline","14 baseline"
"4280","M3","C4620081","14","244","C4620081 M3","baseline",0.0117312871810712,"244 baseline","14 baseline"
"4281","M3","C4620081","14","245","C4620081 M3","baseline",0.0113895089474082,"245 baseline","14 baseline"
"4282","M3","C4620081","14","246","C4620081 M3","baseline",0.0102644842338635,"246 baseline","14 baseline"
"4283","M3","C4620081","14","247","C4620081 M3","baseline",0.00998564905146994,"247 baseline","14 baseline"
"4284","M3","C4620081","14","248","C4620081 M3","baseline",0.00866581726948282,"248 baseline","14 baseline"
"4285","M3","C4620081","14","249","C4620081 M3","baseline",0.00811190291311645,"249 baseline","14 baseline"
"4286","M3","C4620081","14","250","C4620081 M3","baseline",0.00780409734449863,"250 baseline","14 baseline"
"4287","M3","C4620081","14","251","C4620081 M3","baseline",0.00758097711616873,"251 baseline","14 baseline"
"4288","M3","C4620081","14","252","C4620081 M3","baseline",0.00637007589258641,"252 baseline","14 baseline"
"4289","M3","C4620081","14","253","C4620081 M3","baseline",0.00570579704153483,"253 baseline","14 baseline"
"4290","M3","C4620081","14","254","C4620081 M3","baseline",0.00553067091991268,"254 baseline","14 baseline"
"4291","M3","C4620081","14","255","C4620081 M3","baseline",0.00527229239495609,"255 baseline","14 baseline"
"4292","M3","C4620081","14","256","C4620081 M3","baseline",0.00362479945272061,"256 baseline","14 baseline"
"4293","M3","C4620081","14","257","C4620081 M3","baseline",0.00358362521251813,"257 baseline","14 baseline"
"4294","M3","C4620081","14","258","C4620081 M3","baseline",0.00337163522734287,"258 baseline","14 baseline"
"4295","M3","C4620081","14","259","C4620081 M3","baseline",0.00318739537472063,"259 baseline","14 baseline"
"4296","M3","C4620081","14","260","C4620081 M3","baseline",0.00313959223776953,"260 baseline","14 baseline"
"4297","M3","C4620081","14","261","C4620081 M3","baseline",0.000493799448961829,"261 baseline","14 baseline"
"4298","M3","C4620081","14","262","C4620081 M3","baseline",-0.000391311190938282,"262 baseline","14 baseline"
"4299","M3","C4620081","14","263","C4620081 M3","baseline",-0.00283884412700304,"263 baseline","14 baseline"
"4300","M3","C4620081","14","264","C4620081 M3","baseline",-0.00358506538432353,"264 baseline","14 baseline"
"4301","M3","C4620081","14","265","C4620081 M3","baseline",-0.00364766059279548,"265 baseline","14 baseline"
"4302","M3","C4620081","14","266","C4620081 M3","baseline",-0.00387985548582618,"266 baseline","14 baseline"
"4303","M3","C4620081","14","267","C4620081 M3","baseline",-0.00411919684944932,"267 baseline","14 baseline"
"4304","M3","C4620081","14","268","C4620081 M3","baseline",-0.00493089969188602,"268 baseline","14 baseline"
"4305","M3","C4620081","14","269","C4620081 M3","baseline",-0.00513924326896025,"269 baseline","14 baseline"
"4306","M3","C4620081","14","270","C4620081 M3","baseline",-0.0054213416659727,"270 baseline","14 baseline"
"4307","M3","C4620081","14","271","C4620081 M3","baseline",-0.0071358829444202,"271 baseline","14 baseline"
"4308","M3","C4620081","14","272","C4620081 M3","baseline",-0.00723130471059815,"272 baseline","14 baseline"
"4309","M3","C4620081","14","273","C4620081 M3","baseline",-0.00726234523904134,"273 baseline","14 baseline"
"4310","M3","C4620081","14","274","C4620081 M3","baseline",-0.0114292762673955,"274 baseline","14 baseline"
"4311","M3","C4620081","14","275","C4620081 M3","baseline",-0.0125140528047236,"275 baseline","14 baseline"
"4312","M3","C4620081","14","276","C4620081 M3","baseline",-0.013484604420131,"276 baseline","14 baseline"
"4313","M3","C4620081","14","277","C4620081 M3","baseline",-0.0163395587916353,"277 baseline","14 baseline"
"4314","M3","C4620081","14","278","C4620081 M3","baseline",-0.0168212897189067,"278 baseline","14 baseline"
"4315","M3","C4620081","14","279","C4620081 M3","baseline",-0.0194480950249728,"279 baseline","14 baseline"
"4316","M3","C4620081","14","280","C4620081 M3","baseline",-0.0198225335636812,"280 baseline","14 baseline"
"4317","M3","C4620081","14","281","C4620081 M3","baseline",-0.0217622917213194,"281 baseline","14 baseline"
"4318","M3","C4620081","14","282","C4620081 M3","baseline",-0.024346281789809,"282 baseline","14 baseline"
"4319","M3","C4620081","14","283","C4620081 M3","baseline",-0.0289978034341625,"283 baseline","14 baseline"
"4320","M3","C4620081","14","284","C4620081 M3","baseline",-0.0316571286486927,"284 baseline","14 baseline"
"4321","M3","C4620081","14","285","C4620081 M3","baseline",-0.0334672041984337,"285 baseline","14 baseline"
"4322","M3","C4620081","14","286","C4620081 M3","baseline",-0.0372387767475757,"286 baseline","14 baseline"
"4323","M4","C4620081","14","0","C4620081 M4","baseline",0.109678026321963,"0 baseline","14 baseline"
"4324","M4","C4620081","14","1","C4620081 M4","baseline",0.101391012532883,"1 baseline","14 baseline"
"4325","M4","C4620081","14","2","C4620081 M4","baseline",0.0997451410219311,"2 baseline","14 baseline"
"4326","M4","C4620081","14","3","C4620081 M4","baseline",0.098973193002085,"3 baseline","14 baseline"
"4327","M4","C4620081","14","4","C4620081 M4","baseline",0.0941947888463866,"4 baseline","14 baseline"
"4328","M4","C4620081","14","5","C4620081 M4","baseline",0.0934436922511198,"5 baseline","14 baseline"
"4329","M4","C4620081","14","6","C4620081 M4","baseline",0.0913985537332794,"6 baseline","14 baseline"
"4330","M4","C4620081","14","7","C4620081 M4","baseline",0.0906207497770849,"7 baseline","14 baseline"
"4331","M4","C4620081","14","8","C4620081 M4","baseline",0.0903079088178384,"8 baseline","14 baseline"
"4332","M4","C4620081","14","9","C4620081 M4","baseline",0.0890257903772943,"9 baseline","14 baseline"
"4333","M4","C4620081","14","10","C4620081 M4","baseline",0.0874970200145885,"10 baseline","14 baseline"
"4334","M4","C4620081","14","11","C4620081 M4","baseline",0.0874804688395966,"11 baseline","14 baseline"
"4335","M4","C4620081","14","12","C4620081 M4","baseline",0.0870454112529796,"12 baseline","14 baseline"
"4336","M4","C4620081","14","13","C4620081 M4","baseline",0.0860211646904287,"13 baseline","14 baseline"
"4337","M4","C4620081","14","14","C4620081 M4","baseline",0.0859118733255568,"14 baseline","14 baseline"
"4338","M4","C4620081","14","15","C4620081 M4","baseline",0.0857934652082359,"15 baseline","14 baseline"
"4339","M4","C4620081","14","16","C4620081 M4","baseline",0.0856673891429935,"16 baseline","14 baseline"
"4340","M4","C4620081","14","17","C4620081 M4","baseline",0.0854596693750175,"17 baseline","14 baseline"
"4341","M4","C4620081","14","18","C4620081 M4","baseline",0.0846406564583051,"18 baseline","14 baseline"
"4342","M4","C4620081","14","19","C4620081 M4","baseline",0.0844845932002363,"19 baseline","14 baseline"
"4343","M4","C4620081","14","20","C4620081 M4","baseline",0.0840926050685288,"20 baseline","14 baseline"
"4344","M4","C4620081","14","21","C4620081 M4","baseline",0.0840238320549333,"21 baseline","14 baseline"
"4345","M4","C4620081","14","22","C4620081 M4","baseline",0.0827483027737935,"22 baseline","14 baseline"
"4346","M4","C4620081","14","23","C4620081 M4","baseline",0.0821264757339504,"23 baseline","14 baseline"
"4347","M4","C4620081","14","24","C4620081 M4","baseline",0.0802093067259035,"24 baseline","14 baseline"
"4348","M4","C4620081","14","25","C4620081 M4","baseline",0.0797964293021956,"25 baseline","14 baseline"
"4349","M4","C4620081","14","26","C4620081 M4","baseline",0.0773305465166855,"26 baseline","14 baseline"
"4350","M4","C4620081","14","27","C4620081 M4","baseline",0.0771940246053798,"27 baseline","14 baseline"
"4351","M4","C4620081","14","28","C4620081 M4","baseline",0.0766282952324187,"28 baseline","14 baseline"
"4352","M4","C4620081","14","29","C4620081 M4","baseline",0.0762343700893598,"29 baseline","14 baseline"
"4353","M4","C4620081","14","30","C4620081 M4","baseline",0.0760292127035387,"30 baseline","14 baseline"
"4354","M4","C4620081","14","31","C4620081 M4","baseline",0.075746908375846,"31 baseline","14 baseline"
"4355","M4","C4620081","14","32","C4620081 M4","baseline",0.0755510482942642,"32 baseline","14 baseline"
"4356","M4","C4620081","14","33","C4620081 M4","baseline",0.0749600679960765,"33 baseline","14 baseline"
"4357","M4","C4620081","14","34","C4620081 M4","baseline",0.0749125321820664,"34 baseline","14 baseline"
"4358","M4","C4620081","14","35","C4620081 M4","baseline",0.0746697236996036,"35 baseline","14 baseline"
"4359","M4","C4620081","14","36","C4620081 M4","baseline",0.07365728361202,"36 baseline","14 baseline"
"4360","M4","C4620081","14","37","C4620081 M4","baseline",0.0733712950643484,"37 baseline","14 baseline"
"4361","M4","C4620081","14","38","C4620081 M4","baseline",0.0732818108328352,"38 baseline","14 baseline"
"4362","M4","C4620081","14","39","C4620081 M4","baseline",0.0731734713411689,"39 baseline","14 baseline"
"4363","M4","C4620081","14","40","C4620081 M4","baseline",0.0723843074862171,"40 baseline","14 baseline"
"4364","M4","C4620081","14","41","C4620081 M4","baseline",0.0722730923931932,"41 baseline","14 baseline"
"4365","M4","C4620081","14","42","C4620081 M4","baseline",0.0705522590711426,"42 baseline","14 baseline"
"4366","M4","C4620081","14","43","C4620081 M4","baseline",0.0700214690896834,"43 baseline","14 baseline"
"4367","M4","C4620081","14","44","C4620081 M4","baseline",0.0695745163339823,"44 baseline","14 baseline"
"4368","M4","C4620081","14","45","C4620081 M4","baseline",0.0692782850914329,"45 baseline","14 baseline"
"4369","M4","C4620081","14","46","C4620081 M4","baseline",0.068711004843045,"46 baseline","14 baseline"
"4370","M4","C4620081","14","47","C4620081 M4","baseline",0.0686542898455659,"47 baseline","14 baseline"
"4371","M4","C4620081","14","48","C4620081 M4","baseline",0.0686516136345804,"48 baseline","14 baseline"
"4372","M4","C4620081","14","49","C4620081 M4","baseline",0.0686140175154615,"49 baseline","14 baseline"
"4373","M4","C4620081","14","50","C4620081 M4","baseline",0.0685455621432871,"50 baseline","14 baseline"
"4374","M4","C4620081","14","51","C4620081 M4","baseline",0.0682597649060292,"51 baseline","14 baseline"
"4375","M4","C4620081","14","52","C4620081 M4","baseline",0.068000463180384,"52 baseline","14 baseline"
"4376","M4","C4620081","14","53","C4620081 M4","baseline",0.0678620615947853,"53 baseline","14 baseline"
"4377","M4","C4620081","14","54","C4620081 M4","baseline",0.0666032124279074,"54 baseline","14 baseline"
"4378","M4","C4620081","14","55","C4620081 M4","baseline",0.0662075086073298,"55 baseline","14 baseline"
"4379","M4","C4620081","14","56","C4620081 M4","baseline",0.0658301100138073,"56 baseline","14 baseline"
"4380","M4","C4620081","14","57","C4620081 M4","baseline",0.0652083046346081,"57 baseline","14 baseline"
"4381","M4","C4620081","14","58","C4620081 M4","baseline",0.0646897955933602,"58 baseline","14 baseline"
"4382","M4","C4620081","14","59","C4620081 M4","baseline",0.0644730087279503,"59 baseline","14 baseline"
"4383","M4","C4620081","14","60","C4620081 M4","baseline",0.0644627187037019,"60 baseline","14 baseline"
"4384","M4","C4620081","14","61","C4620081 M4","baseline",0.0644494692941901,"61 baseline","14 baseline"
"4385","M4","C4620081","14","62","C4620081 M4","baseline",0.0644142126297681,"62 baseline","14 baseline"
"4386","M4","C4620081","14","63","C4620081 M4","baseline",0.064324176993388,"63 baseline","14 baseline"
"4387","M4","C4620081","14","64","C4620081 M4","baseline",0.0643007385309989,"64 baseline","14 baseline"
"4388","M4","C4620081","14","65","C4620081 M4","baseline",0.0631017791088798,"65 baseline","14 baseline"
"4389","M4","C4620081","14","66","C4620081 M4","baseline",0.0621292010650829,"66 baseline","14 baseline"
"4390","M4","C4620081","14","67","C4620081 M4","baseline",0.0618954384306527,"67 baseline","14 baseline"
"4391","M4","C4620081","14","68","C4620081 M4","baseline",0.0617518809954299,"68 baseline","14 baseline"
"4392","M4","C4620081","14","69","C4620081 M4","baseline",0.061746344206641,"69 baseline","14 baseline"
"4393","M4","C4620081","14","70","C4620081 M4","baseline",0.0614957122149665,"70 baseline","14 baseline"
"4394","M4","C4620081","14","71","C4620081 M4","baseline",0.0614844497759285,"71 baseline","14 baseline"
"4395","M4","C4620081","14","72","C4620081 M4","baseline",0.0611888204863112,"72 baseline","14 baseline"
"4396","M4","C4620081","14","73","C4620081 M4","baseline",0.0611218232075934,"73 baseline","14 baseline"
"4397","M4","C4620081","14","74","C4620081 M4","baseline",0.0607916468125763,"74 baseline","14 baseline"
"4398","M4","C4620081","14","75","C4620081 M4","baseline",0.0606971964912177,"75 baseline","14 baseline"
"4399","M4","C4620081","14","76","C4620081 M4","baseline",0.0603909529016517,"76 baseline","14 baseline"
"4400","M4","C4620081","14","77","C4620081 M4","baseline",0.0602466234442621,"77 baseline","14 baseline"
"4401","M4","C4620081","14","78","C4620081 M4","baseline",0.060243027472591,"78 baseline","14 baseline"
"4402","M4","C4620081","14","79","C4620081 M4","baseline",0.059679978674689,"79 baseline","14 baseline"
"4403","M4","C4620081","14","80","C4620081 M4","baseline",0.05964719202334,"80 baseline","14 baseline"
"4404","M4","C4620081","14","81","C4620081 M4","baseline",0.059458598731323,"81 baseline","14 baseline"
"4405","M4","C4620081","14","82","C4620081 M4","baseline",0.0591295530415895,"82 baseline","14 baseline"
"4406","M4","C4620081","14","83","C4620081 M4","baseline",0.0590934647584625,"83 baseline","14 baseline"
"4407","M4","C4620081","14","84","C4620081 M4","baseline",0.0590827466274323,"84 baseline","14 baseline"
"4408","M4","C4620081","14","85","C4620081 M4","baseline",0.058708193026935,"85 baseline","14 baseline"
"4409","M4","C4620081","14","86","C4620081 M4","baseline",0.0586736176179358,"86 baseline","14 baseline"
"4410","M4","C4620081","14","87","C4620081 M4","baseline",0.0585787116491078,"87 baseline","14 baseline"
"4411","M4","C4620081","14","88","C4620081 M4","baseline",0.0582992376949191,"88 baseline","14 baseline"
"4412","M4","C4620081","14","89","C4620081 M4","baseline",0.0579794798954654,"89 baseline","14 baseline"
"4413","M4","C4620081","14","90","C4620081 M4","baseline",0.0577128840452603,"90 baseline","14 baseline"
"4414","M4","C4620081","14","91","C4620081 M4","baseline",0.0574412499147191,"91 baseline","14 baseline"
"4415","M4","C4620081","14","92","C4620081 M4","baseline",0.0574142401223332,"92 baseline","14 baseline"
"4416","M4","C4620081","14","93","C4620081 M4","baseline",0.057344782593412,"93 baseline","14 baseline"
"4417","M4","C4620081","14","94","C4620081 M4","baseline",0.0573200473046033,"94 baseline","14 baseline"
"4418","M4","C4620081","14","95","C4620081 M4","baseline",0.057246873461975,"95 baseline","14 baseline"
"4419","M4","C4620081","14","96","C4620081 M4","baseline",0.0571622195730932,"96 baseline","14 baseline"
"4420","M4","C4620081","14","97","C4620081 M4","baseline",0.0568900824276768,"97 baseline","14 baseline"
"4421","M4","C4620081","14","98","C4620081 M4","baseline",0.0568211816763711,"98 baseline","14 baseline"
"4422","M4","C4620081","14","99","C4620081 M4","baseline",0.0566010656499042,"99 baseline","14 baseline"
"4423","M4","C4620081","14","100","C4620081 M4","baseline",0.0563968152021462,"100 baseline","14 baseline"
"4424","M4","C4620081","14","101","C4620081 M4","baseline",0.056268988953345,"101 baseline","14 baseline"
"4425","M4","C4620081","14","102","C4620081 M4","baseline",0.056172782597352,"102 baseline","14 baseline"
"4426","M4","C4620081","14","103","C4620081 M4","baseline",0.0561650788918374,"103 baseline","14 baseline"
"4427","M4","C4620081","14","104","C4620081 M4","baseline",0.0557729908517274,"104 baseline","14 baseline"
"4428","M4","C4620081","14","105","C4620081 M4","baseline",0.0556448974752421,"105 baseline","14 baseline"
"4429","M4","C4620081","14","106","C4620081 M4","baseline",0.0553343064522929,"106 baseline","14 baseline"
"4430","M4","C4620081","14","107","C4620081 M4","baseline",0.0550132507925576,"107 baseline","14 baseline"
"4431","M4","C4620081","14","108","C4620081 M4","baseline",0.0547980412887828,"108 baseline","14 baseline"
"4432","M4","C4620081","14","109","C4620081 M4","baseline",0.0546006490063961,"109 baseline","14 baseline"
"4433","M4","C4620081","14","110","C4620081 M4","baseline",0.0544309124527901,"110 baseline","14 baseline"
"4434","M4","C4620081","14","111","C4620081 M4","baseline",0.0544008914305329,"111 baseline","14 baseline"
"4435","M4","C4620081","14","112","C4620081 M4","baseline",0.0543767244846651,"112 baseline","14 baseline"
"4436","M4","C4620081","14","113","C4620081 M4","baseline",0.0538283163142494,"113 baseline","14 baseline"
"4437","M4","C4620081","14","114","C4620081 M4","baseline",0.0534542705090474,"114 baseline","14 baseline"
"4438","M4","C4620081","14","115","C4620081 M4","baseline",0.0533089194622205,"115 baseline","14 baseline"
"4439","M4","C4620081","14","116","C4620081 M4","baseline",0.053157782202042,"116 baseline","14 baseline"
"4440","M4","C4620081","14","117","C4620081 M4","baseline",0.0531284560522582,"117 baseline","14 baseline"
"4441","M4","C4620081","14","118","C4620081 M4","baseline",0.0531000196727016,"118 baseline","14 baseline"
"4442","M4","C4620081","14","119","C4620081 M4","baseline",0.0530028211263527,"119 baseline","14 baseline"
"4443","M4","C4620081","14","120","C4620081 M4","baseline",0.0527210195621819,"120 baseline","14 baseline"
"4444","M4","C4620081","14","121","C4620081 M4","baseline",0.0515251550285046,"121 baseline","14 baseline"
"4445","M4","C4620081","14","122","C4620081 M4","baseline",0.0515153605198465,"122 baseline","14 baseline"
"4446","M4","C4620081","14","123","C4620081 M4","baseline",0.05148390178156,"123 baseline","14 baseline"
"4447","M4","C4620081","14","124","C4620081 M4","baseline",0.0513374615245424,"124 baseline","14 baseline"
"4448","M4","C4620081","14","125","C4620081 M4","baseline",0.051304994741643,"125 baseline","14 baseline"
"4449","M4","C4620081","14","126","C4620081 M4","baseline",0.0507346315694728,"126 baseline","14 baseline"
"4450","M4","C4620081","14","127","C4620081 M4","baseline",0.0501800594537678,"127 baseline","14 baseline"
"4451","M4","C4620081","14","128","C4620081 M4","baseline",0.0498919025005071,"128 baseline","14 baseline"
"4452","M4","C4620081","14","129","C4620081 M4","baseline",0.0498914614168358,"129 baseline","14 baseline"
"4453","M4","C4620081","14","130","C4620081 M4","baseline",0.0498433659621187,"130 baseline","14 baseline"
"4454","M4","C4620081","14","131","C4620081 M4","baseline",0.0498385522650799,"131 baseline","14 baseline"
"4455","M4","C4620081","14","132","C4620081 M4","baseline",0.0497862929731635,"132 baseline","14 baseline"
"4456","M4","C4620081","14","133","C4620081 M4","baseline",0.0497359266970928,"133 baseline","14 baseline"
"4457","M4","C4620081","14","134","C4620081 M4","baseline",0.0496166471744594,"134 baseline","14 baseline"
"4458","M4","C4620081","14","135","C4620081 M4","baseline",0.04938853581743,"135 baseline","14 baseline"
"4459","M4","C4620081","14","136","C4620081 M4","baseline",0.0491486488374076,"136 baseline","14 baseline"
"4460","M4","C4620081","14","137","C4620081 M4","baseline",0.0489604038213398,"137 baseline","14 baseline"
"4461","M4","C4620081","14","138","C4620081 M4","baseline",0.0489488100948625,"138 baseline","14 baseline"
"4462","M4","C4620081","14","139","C4620081 M4","baseline",0.0489485444939184,"139 baseline","14 baseline"
"4463","M4","C4620081","14","140","C4620081 M4","baseline",0.0488212714069608,"140 baseline","14 baseline"
"4464","M4","C4620081","14","141","C4620081 M4","baseline",0.0487670674659243,"141 baseline","14 baseline"
"4465","M4","C4620081","14","142","C4620081 M4","baseline",0.0485584749120043,"142 baseline","14 baseline"
"4466","M4","C4620081","14","143","C4620081 M4","baseline",0.0485045719527838,"143 baseline","14 baseline"
"4467","M4","C4620081","14","144","C4620081 M4","baseline",0.0484012881402404,"144 baseline","14 baseline"
"4468","M4","C4620081","14","145","C4620081 M4","baseline",0.048391694542372,"145 baseline","14 baseline"
"4469","M4","C4620081","14","146","C4620081 M4","baseline",0.0483038856416856,"146 baseline","14 baseline"
"4470","M4","C4620081","14","147","C4620081 M4","baseline",0.0482269992817375,"147 baseline","14 baseline"
"4471","M4","C4620081","14","148","C4620081 M4","baseline",0.0481304455705728,"148 baseline","14 baseline"
"4472","M4","C4620081","14","149","C4620081 M4","baseline",0.0481145012125296,"149 baseline","14 baseline"
"4473","M4","C4620081","14","150","C4620081 M4","baseline",0.0479892655361889,"150 baseline","14 baseline"
"4474","M4","C4620081","14","151","C4620081 M4","baseline",0.0477854215490263,"151 baseline","14 baseline"
"4475","M4","C4620081","14","152","C4620081 M4","baseline",0.0474606763727245,"152 baseline","14 baseline"
"4476","M4","C4620081","14","153","C4620081 M4","baseline",0.0464841596349834,"153 baseline","14 baseline"
"4477","M4","C4620081","14","154","C4620081 M4","baseline",0.0463543301869263,"154 baseline","14 baseline"
"4478","M4","C4620081","14","155","C4620081 M4","baseline",0.046146262358372,"155 baseline","14 baseline"
"4479","M4","C4620081","14","156","C4620081 M4","baseline",0.0460530290337517,"156 baseline","14 baseline"
"4480","M4","C4620081","14","157","C4620081 M4","baseline",0.0458767183227345,"157 baseline","14 baseline"
"4481","M4","C4620081","14","158","C4620081 M4","baseline",0.0456398373906362,"158 baseline","14 baseline"
"4482","M4","C4620081","14","159","C4620081 M4","baseline",0.0455007284985494,"159 baseline","14 baseline"
"4483","M4","C4620081","14","160","C4620081 M4","baseline",0.0451631103541846,"160 baseline","14 baseline"
"4484","M4","C4620081","14","161","C4620081 M4","baseline",0.0451348137863932,"161 baseline","14 baseline"
"4485","M4","C4620081","14","162","C4620081 M4","baseline",0.0445849602059029,"162 baseline","14 baseline"
"4486","M4","C4620081","14","163","C4620081 M4","baseline",0.0444346092330153,"163 baseline","14 baseline"
"4487","M4","C4620081","14","164","C4620081 M4","baseline",0.0443970189321724,"164 baseline","14 baseline"
"4488","M4","C4620081","14","165","C4620081 M4","baseline",0.0442709033998523,"165 baseline","14 baseline"
"4489","M4","C4620081","14","166","C4620081 M4","baseline",0.0441472730527221,"166 baseline","14 baseline"
"4490","M4","C4620081","14","167","C4620081 M4","baseline",0.0436698961655249,"167 baseline","14 baseline"
"4491","M4","C4620081","14","168","C4620081 M4","baseline",0.0434395021580067,"168 baseline","14 baseline"
"4492","M4","C4620081","14","169","C4620081 M4","baseline",0.0431381495495838,"169 baseline","14 baseline"
"4493","M4","C4620081","14","170","C4620081 M4","baseline",0.0430742986269353,"170 baseline","14 baseline"
"4494","M4","C4620081","14","171","C4620081 M4","baseline",0.0429310231679374,"171 baseline","14 baseline"
"4495","M4","C4620081","14","172","C4620081 M4","baseline",0.0422344998399627,"172 baseline","14 baseline"
"4496","M4","C4620081","14","173","C4620081 M4","baseline",0.0418422051856431,"173 baseline","14 baseline"
"4497","M4","C4620081","14","174","C4620081 M4","baseline",0.0411444720996278,"174 baseline","14 baseline"
"4498","M4","C4620081","14","175","C4620081 M4","baseline",0.0409845627002567,"175 baseline","14 baseline"
"4499","M4","C4620081","14","176","C4620081 M4","baseline",0.0406602888682603,"176 baseline","14 baseline"
"4500","M4","C4620081","14","177","C4620081 M4","baseline",0.0405357201656428,"177 baseline","14 baseline"
"4501","M4","C4620081","14","178","C4620081 M4","baseline",0.0405115584613787,"178 baseline","14 baseline"
"4502","M4","C4620081","14","179","C4620081 M4","baseline",0.0403408765487844,"179 baseline","14 baseline"
"4503","M4","C4620081","14","180","C4620081 M4","baseline",0.0402273348721699,"180 baseline","14 baseline"
"4504","M4","C4620081","14","181","C4620081 M4","baseline",0.04010300056663,"181 baseline","14 baseline"
"4505","M4","C4620081","14","182","C4620081 M4","baseline",0.0400480313706045,"182 baseline","14 baseline"
"4506","M4","C4620081","14","183","C4620081 M4","baseline",0.039994880120113,"183 baseline","14 baseline"
"4507","M4","C4620081","14","184","C4620081 M4","baseline",0.0397929571105377,"184 baseline","14 baseline"
"4508","M4","C4620081","14","185","C4620081 M4","baseline",0.0397842817021323,"185 baseline","14 baseline"
"4509","M4","C4620081","14","186","C4620081 M4","baseline",0.0397778390383227,"186 baseline","14 baseline"
"4510","M4","C4620081","14","187","C4620081 M4","baseline",0.0397274195289896,"187 baseline","14 baseline"
"4511","M4","C4620081","14","188","C4620081 M4","baseline",0.0397190998816116,"188 baseline","14 baseline"
"4512","M4","C4620081","14","189","C4620081 M4","baseline",0.0396770491691738,"189 baseline","14 baseline"
"4513","M4","C4620081","14","190","C4620081 M4","baseline",0.0396562256665226,"190 baseline","14 baseline"
"4514","M4","C4620081","14","191","C4620081 M4","baseline",0.0395896457729159,"191 baseline","14 baseline"
"4515","M4","C4620081","14","192","C4620081 M4","baseline",0.0390764166988337,"192 baseline","14 baseline"
"4516","M4","C4620081","14","193","C4620081 M4","baseline",0.0388799997303148,"193 baseline","14 baseline"
"4517","M4","C4620081","14","194","C4620081 M4","baseline",0.0388161885650239,"194 baseline","14 baseline"
"4518","M4","C4620081","14","195","C4620081 M4","baseline",0.0384918363980616,"195 baseline","14 baseline"
"4519","M4","C4620081","14","196","C4620081 M4","baseline",0.0383331280117903,"196 baseline","14 baseline"
"4520","M4","C4620081","14","197","C4620081 M4","baseline",0.0383267144798042,"197 baseline","14 baseline"
"4521","M4","C4620081","14","198","C4620081 M4","baseline",0.0382986993737053,"198 baseline","14 baseline"
"4522","M4","C4620081","14","199","C4620081 M4","baseline",0.0382334127596588,"199 baseline","14 baseline"
"4523","M4","C4620081","14","200","C4620081 M4","baseline",0.038000217081918,"200 baseline","14 baseline"
"4524","M4","C4620081","14","201","C4620081 M4","baseline",0.0379108968433935,"201 baseline","14 baseline"
"4525","M4","C4620081","14","202","C4620081 M4","baseline",0.0377796933920584,"202 baseline","14 baseline"
"4526","M4","C4620081","14","203","C4620081 M4","baseline",0.0377381793880689,"203 baseline","14 baseline"
"4527","M4","C4620081","14","204","C4620081 M4","baseline",0.037727476194248,"204 baseline","14 baseline"
"4528","M4","C4620081","14","205","C4620081 M4","baseline",0.0375653486943129,"205 baseline","14 baseline"
"4529","M4","C4620081","14","206","C4620081 M4","baseline",0.0373459880167389,"206 baseline","14 baseline"
"4530","M4","C4620081","14","207","C4620081 M4","baseline",0.0373370008814311,"207 baseline","14 baseline"
"4531","M4","C4620081","14","208","C4620081 M4","baseline",0.0373281200802457,"208 baseline","14 baseline"
"4532","M4","C4620081","14","209","C4620081 M4","baseline",0.0371820826774758,"209 baseline","14 baseline"
"4533","M4","C4620081","14","210","C4620081 M4","baseline",0.0371286745358181,"210 baseline","14 baseline"
"4534","M4","C4620081","14","211","C4620081 M4","baseline",0.0365542192605468,"211 baseline","14 baseline"
"4535","M4","C4620081","14","212","C4620081 M4","baseline",0.0363558122230221,"212 baseline","14 baseline"
"4536","M4","C4620081","14","213","C4620081 M4","baseline",0.0357725715124812,"213 baseline","14 baseline"
"4537","M4","C4620081","14","214","C4620081 M4","baseline",0.0356145920471557,"214 baseline","14 baseline"
"4538","M4","C4620081","14","215","C4620081 M4","baseline",0.0356057835772693,"215 baseline","14 baseline"
"4539","M4","C4620081","14","216","C4620081 M4","baseline",0.0355125325231881,"216 baseline","14 baseline"
"4540","M4","C4620081","14","217","C4620081 M4","baseline",0.0352941931734,"217 baseline","14 baseline"
"4541","M4","C4620081","14","218","C4620081 M4","baseline",0.0348604858422232,"218 baseline","14 baseline"
"4542","M4","C4620081","14","219","C4620081 M4","baseline",0.0347673788246908,"219 baseline","14 baseline"
"4543","M4","C4620081","14","220","C4620081 M4","baseline",0.0347616804373685,"220 baseline","14 baseline"
"4544","M4","C4620081","14","221","C4620081 M4","baseline",0.0347240355532045,"221 baseline","14 baseline"
"4545","M4","C4620081","14","222","C4620081 M4","baseline",0.0345420215261774,"222 baseline","14 baseline"
"4546","M4","C4620081","14","223","C4620081 M4","baseline",0.0345345172779837,"223 baseline","14 baseline"
"4547","M4","C4620081","14","224","C4620081 M4","baseline",0.0344563326863718,"224 baseline","14 baseline"
"4548","M4","C4620081","14","225","C4620081 M4","baseline",0.0342908683995082,"225 baseline","14 baseline"
"4549","M4","C4620081","14","226","C4620081 M4","baseline",0.0342316455860588,"226 baseline","14 baseline"
"4550","M4","C4620081","14","227","C4620081 M4","baseline",0.0342079229683758,"227 baseline","14 baseline"
"4551","M4","C4620081","14","228","C4620081 M4","baseline",0.0341025671539371,"228 baseline","14 baseline"
"4552","M4","C4620081","14","229","C4620081 M4","baseline",0.0339348463330224,"229 baseline","14 baseline"
"4553","M4","C4620081","14","230","C4620081 M4","baseline",0.0338497913777269,"230 baseline","14 baseline"
"4554","M4","C4620081","14","231","C4620081 M4","baseline",0.0334748607992484,"231 baseline","14 baseline"
"4555","M4","C4620081","14","232","C4620081 M4","baseline",0.0333727308389846,"232 baseline","14 baseline"
"4556","M4","C4620081","14","233","C4620081 M4","baseline",0.0333348657162142,"233 baseline","14 baseline"
"4557","M4","C4620081","14","234","C4620081 M4","baseline",0.0332786727131781,"234 baseline","14 baseline"
"4558","M4","C4620081","14","235","C4620081 M4","baseline",0.0331784319520212,"235 baseline","14 baseline"
"4559","M4","C4620081","14","236","C4620081 M4","baseline",0.0328677361569828,"236 baseline","14 baseline"
"4560","M4","C4620081","14","237","C4620081 M4","baseline",0.0327740406764105,"237 baseline","14 baseline"
"4561","M4","C4620081","14","238","C4620081 M4","baseline",0.0327188300823846,"238 baseline","14 baseline"
"4562","M4","C4620081","14","239","C4620081 M4","baseline",0.0324060572749454,"239 baseline","14 baseline"
"4563","M4","C4620081","14","240","C4620081 M4","baseline",0.0322398531754606,"240 baseline","14 baseline"
"4564","M4","C4620081","14","241","C4620081 M4","baseline",0.0316611155031108,"241 baseline","14 baseline"
"4565","M4","C4620081","14","242","C4620081 M4","baseline",0.031610018831838,"242 baseline","14 baseline"
"4566","M4","C4620081","14","243","C4620081 M4","baseline",0.0315662625550148,"243 baseline","14 baseline"
"4567","M4","C4620081","14","244","C4620081 M4","baseline",0.0314544508405242,"244 baseline","14 baseline"
"4568","M4","C4620081","14","245","C4620081 M4","baseline",0.0313933321700644,"245 baseline","14 baseline"
"4569","M4","C4620081","14","246","C4620081 M4","baseline",0.0311886311741224,"246 baseline","14 baseline"
"4570","M4","C4620081","14","247","C4620081 M4","baseline",0.0311690679951809,"247 baseline","14 baseline"
"4571","M4","C4620081","14","248","C4620081 M4","baseline",0.0309355382743912,"248 baseline","14 baseline"
"4572","M4","C4620081","14","249","C4620081 M4","baseline",0.0307983943562907,"249 baseline","14 baseline"
"4573","M4","C4620081","14","250","C4620081 M4","baseline",0.0305545344003302,"250 baseline","14 baseline"
"4574","M4","C4620081","14","251","C4620081 M4","baseline",0.0304673431207777,"251 baseline","14 baseline"
"4575","M4","C4620081","14","252","C4620081 M4","baseline",0.0301040312085817,"252 baseline","14 baseline"
"4576","M4","C4620081","14","253","C4620081 M4","baseline",0.0300658694513951,"253 baseline","14 baseline"
"4577","M4","C4620081","14","254","C4620081 M4","baseline",0.0300243346344848,"254 baseline","14 baseline"
"4578","M4","C4620081","14","255","C4620081 M4","baseline",0.0299734206452927,"255 baseline","14 baseline"
"4579","M4","C4620081","14","256","C4620081 M4","baseline",0.029874001624723,"256 baseline","14 baseline"
"4580","M4","C4620081","14","257","C4620081 M4","baseline",0.0297063322451738,"257 baseline","14 baseline"
"4581","M4","C4620081","14","258","C4620081 M4","baseline",0.029504584121413,"258 baseline","14 baseline"
"4582","M4","C4620081","14","259","C4620081 M4","baseline",0.0292813253396474,"259 baseline","14 baseline"
"4583","M4","C4620081","14","260","C4620081 M4","baseline",0.0292617770168404,"260 baseline","14 baseline"
"4584","M4","C4620081","14","261","C4620081 M4","baseline",0.0288413807604884,"261 baseline","14 baseline"
"4585","M4","C4620081","14","262","C4620081 M4","baseline",0.0288228210023483,"262 baseline","14 baseline"
"4586","M4","C4620081","14","263","C4620081 M4","baseline",0.0288157920665402,"263 baseline","14 baseline"
"4587","M4","C4620081","14","264","C4620081 M4","baseline",0.0287798247537419,"264 baseline","14 baseline"
"4588","M4","C4620081","14","265","C4620081 M4","baseline",0.0284272441766835,"265 baseline","14 baseline"
"4589","M4","C4620081","14","266","C4620081 M4","baseline",0.0282885078943026,"266 baseline","14 baseline"
"4590","M4","C4620081","14","267","C4620081 M4","baseline",0.0282658685738719,"267 baseline","14 baseline"
"4591","M4","C4620081","14","268","C4620081 M4","baseline",0.028050990176474,"268 baseline","14 baseline"
"4592","M4","C4620081","14","269","C4620081 M4","baseline",0.0279613849071455,"269 baseline","14 baseline"
"4593","M4","C4620081","14","270","C4620081 M4","baseline",0.027749473775828,"270 baseline","14 baseline"
"4594","M4","C4620081","14","271","C4620081 M4","baseline",0.0276346796340305,"271 baseline","14 baseline"
"4595","M4","C4620081","14","272","C4620081 M4","baseline",0.0275292980842148,"272 baseline","14 baseline"
"4596","M4","C4620081","14","273","C4620081 M4","baseline",0.0274683989061878,"273 baseline","14 baseline"
"4597","M4","C4620081","14","274","C4620081 M4","baseline",0.0272618939416378,"274 baseline","14 baseline"
"4598","M4","C4620081","14","275","C4620081 M4","baseline",0.0270721123501271,"275 baseline","14 baseline"
"4599","M4","C4620081","14","276","C4620081 M4","baseline",0.0268444650437824,"276 baseline","14 baseline"
"4600","M4","C4620081","14","277","C4620081 M4","baseline",0.0268262431036758,"277 baseline","14 baseline"
"4601","M4","C4620081","14","278","C4620081 M4","baseline",0.0267544034983005,"278 baseline","14 baseline"
"4602","M4","C4620081","14","279","C4620081 M4","baseline",0.0266163021648464,"279 baseline","14 baseline"
"4603","M4","C4620081","14","280","C4620081 M4","baseline",0.0264894071011988,"280 baseline","14 baseline"
"4604","M4","C4620081","14","281","C4620081 M4","baseline",0.026398668613366,"281 baseline","14 baseline"
"4605","M4","C4620081","14","282","C4620081 M4","baseline",0.0263529822335685,"282 baseline","14 baseline"
"4606","M4","C4620081","14","283","C4620081 M4","baseline",0.0262355517511597,"283 baseline","14 baseline"
"4607","M4","C4620081","14","284","C4620081 M4","baseline",0.0260562839513415,"284 baseline","14 baseline"
"4608","M4","C4620081","14","285","C4620081 M4","baseline",0.0258978807620461,"285 baseline","14 baseline"
"4609","M4","C4620081","14","286","C4620081 M4","baseline",0.0255660609513437,"286 baseline","14 baseline"
"4610","M4","C4620081","14","287","C4620081 M4","baseline",0.0254116120157343,"287 baseline","14 baseline"
"4611","M4","C4620081","14","288","C4620081 M4","baseline",0.025186144437116,"288 baseline","14 baseline"
"4612","M4","C4620081","14","289","C4620081 M4","baseline",0.0251659881245756,"289 baseline","14 baseline"
"4613","M4","C4620081","14","290","C4620081 M4","baseline",0.0251135064244903,"290 baseline","14 baseline"
"4614","M4","C4620081","14","291","C4620081 M4","baseline",0.0250567783405045,"291 baseline","14 baseline"
"4615","M4","C4620081","14","292","C4620081 M4","baseline",0.025034521418872,"292 baseline","14 baseline"
"4616","M4","C4620081","14","293","C4620081 M4","baseline",0.0250336212294656,"293 baseline","14 baseline"
"4617","M4","C4620081","14","294","C4620081 M4","baseline",0.0248701314725195,"294 baseline","14 baseline"
"4618","M4","C4620081","14","295","C4620081 M4","baseline",0.0246405783957391,"295 baseline","14 baseline"
"4619","M4","C4620081","14","296","C4620081 M4","baseline",0.0245722481501375,"296 baseline","14 baseline"
"4620","M4","C4620081","14","297","C4620081 M4","baseline",0.0243182809227491,"297 baseline","14 baseline"
"4621","M4","C4620081","14","298","C4620081 M4","baseline",0.0236566784693079,"298 baseline","14 baseline"
"4622","M4","C4620081","14","299","C4620081 M4","baseline",0.0236177258612235,"299 baseline","14 baseline"
"4623","M4","C4620081","14","300","C4620081 M4","baseline",0.0234339436686955,"300 baseline","14 baseline"
"4624","M4","C4620081","14","301","C4620081 M4","baseline",0.0231967521240644,"301 baseline","14 baseline"
"4625","M4","C4620081","14","302","C4620081 M4","baseline",0.023014761403363,"302 baseline","14 baseline"
"4626","M4","C4620081","14","303","C4620081 M4","baseline",0.0228500586052582,"303 baseline","14 baseline"
"4627","M4","C4620081","14","304","C4620081 M4","baseline",0.0228427787531672,"304 baseline","14 baseline"
"4628","M4","C4620081","14","305","C4620081 M4","baseline",0.0228204606042049,"305 baseline","14 baseline"
"4629","M4","C4620081","14","306","C4620081 M4","baseline",0.0227669374480527,"306 baseline","14 baseline"
"4630","M4","C4620081","14","307","C4620081 M4","baseline",0.0226378693333506,"307 baseline","14 baseline"
"4631","M4","C4620081","14","308","C4620081 M4","baseline",0.0224358018467928,"308 baseline","14 baseline"
"4632","M4","C4620081","14","309","C4620081 M4","baseline",0.022415325529835,"309 baseline","14 baseline"
"4633","M4","C4620081","14","310","C4620081 M4","baseline",0.0221528498370642,"310 baseline","14 baseline"
"4634","M4","C4620081","14","311","C4620081 M4","baseline",0.0221372046640405,"311 baseline","14 baseline"
"4635","M4","C4620081","14","312","C4620081 M4","baseline",0.0221007247579942,"312 baseline","14 baseline"
"4636","M4","C4620081","14","313","C4620081 M4","baseline",0.0220452951601114,"313 baseline","14 baseline"
"4637","M4","C4620081","14","314","C4620081 M4","baseline",0.0220164014859919,"314 baseline","14 baseline"
"4638","M4","C4620081","14","315","C4620081 M4","baseline",0.0219952809001332,"315 baseline","14 baseline"
"4639","M4","C4620081","14","316","C4620081 M4","baseline",0.021526532464762,"316 baseline","14 baseline"
"4640","M4","C4620081","14","317","C4620081 M4","baseline",0.0215026624625971,"317 baseline","14 baseline"
"4641","M4","C4620081","14","318","C4620081 M4","baseline",0.0215018140806664,"318 baseline","14 baseline"
"4642","M4","C4620081","14","319","C4620081 M4","baseline",0.0213634622445707,"319 baseline","14 baseline"
"4643","M4","C4620081","14","320","C4620081 M4","baseline",0.0213372924403313,"320 baseline","14 baseline"
"4644","M4","C4620081","14","321","C4620081 M4","baseline",0.0212616387469063,"321 baseline","14 baseline"
"4645","M4","C4620081","14","322","C4620081 M4","baseline",0.0212150312520903,"322 baseline","14 baseline"
"4646","M4","C4620081","14","323","C4620081 M4","baseline",0.0211497794893181,"323 baseline","14 baseline"
"4647","M4","C4620081","14","324","C4620081 M4","baseline",0.0211093586150794,"324 baseline","14 baseline"
"4648","M4","C4620081","14","325","C4620081 M4","baseline",0.0209207632537438,"325 baseline","14 baseline"
"4649","M4","C4620081","14","326","C4620081 M4","baseline",0.0206794305616068,"326 baseline","14 baseline"
"4650","M4","C4620081","14","327","C4620081 M4","baseline",0.0203801077909384,"327 baseline","14 baseline"
"4651","M4","C4620081","14","328","C4620081 M4","baseline",0.0203041910437548,"328 baseline","14 baseline"
"4652","M4","C4620081","14","329","C4620081 M4","baseline",0.0201508258257563,"329 baseline","14 baseline"
"4653","M4","C4620081","14","330","C4620081 M4","baseline",0.0199046603284694,"330 baseline","14 baseline"
"4654","M4","C4620081","14","331","C4620081 M4","baseline",0.0198978626178622,"331 baseline","14 baseline"
"4655","M4","C4620081","14","332","C4620081 M4","baseline",0.0198230337799965,"332 baseline","14 baseline"
"4656","M4","C4620081","14","333","C4620081 M4","baseline",0.0195598393189935,"333 baseline","14 baseline"
"4657","M4","C4620081","14","334","C4620081 M4","baseline",0.0193721040581695,"334 baseline","14 baseline"
"4658","M4","C4620081","14","335","C4620081 M4","baseline",0.0192894747006856,"335 baseline","14 baseline"
"4659","M4","C4620081","14","336","C4620081 M4","baseline",0.0190946153108388,"336 baseline","14 baseline"
"4660","M4","C4620081","14","337","C4620081 M4","baseline",0.0190278706952374,"337 baseline","14 baseline"
"4661","M4","C4620081","14","338","C4620081 M4","baseline",0.0189906728649466,"338 baseline","14 baseline"
"4662","M4","C4620081","14","339","C4620081 M4","baseline",0.0188824269771289,"339 baseline","14 baseline"
"4663","M4","C4620081","14","340","C4620081 M4","baseline",0.0188091090025481,"340 baseline","14 baseline"
"4664","M4","C4620081","14","341","C4620081 M4","baseline",0.018788795516118,"341 baseline","14 baseline"
"4665","M4","C4620081","14","342","C4620081 M4","baseline",0.0178702822709575,"342 baseline","14 baseline"
"4666","M4","C4620081","14","343","C4620081 M4","baseline",0.0178491044762513,"343 baseline","14 baseline"
"4667","M4","C4620081","14","344","C4620081 M4","baseline",0.0177920308389857,"344 baseline","14 baseline"
"4668","M4","C4620081","14","345","C4620081 M4","baseline",0.0177668792213179,"345 baseline","14 baseline"
"4669","M4","C4620081","14","346","C4620081 M4","baseline",0.0176270453739389,"346 baseline","14 baseline"
"4670","M4","C4620081","14","347","C4620081 M4","baseline",0.0175848816022846,"347 baseline","14 baseline"
"4671","M4","C4620081","14","348","C4620081 M4","baseline",0.0173994735411441,"348 baseline","14 baseline"
"4672","M4","C4620081","14","349","C4620081 M4","baseline",0.0172862800219387,"349 baseline","14 baseline"
"4673","M4","C4620081","14","350","C4620081 M4","baseline",0.0168744754553024,"350 baseline","14 baseline"
"4674","M4","C4620081","14","351","C4620081 M4","baseline",0.016601070886671,"351 baseline","14 baseline"
"4675","M4","C4620081","14","352","C4620081 M4","baseline",0.016422218964858,"352 baseline","14 baseline"
"4676","M4","C4620081","14","353","C4620081 M4","baseline",0.0163932857878557,"353 baseline","14 baseline"
"4677","M4","C4620081","14","354","C4620081 M4","baseline",0.0162283706558277,"354 baseline","14 baseline"
"4678","M4","C4620081","14","355","C4620081 M4","baseline",0.016154496338482,"355 baseline","14 baseline"
"4679","M4","C4620081","14","356","C4620081 M4","baseline",0.0159509944477269,"356 baseline","14 baseline"
"4680","M4","C4620081","14","357","C4620081 M4","baseline",0.0159120330427164,"357 baseline","14 baseline"
"4681","M4","C4620081","14","358","C4620081 M4","baseline",0.0158058215178991,"358 baseline","14 baseline"
"4682","M4","C4620081","14","359","C4620081 M4","baseline",0.0156232511067884,"359 baseline","14 baseline"
"4683","M4","C4620081","14","360","C4620081 M4","baseline",0.0152707739050396,"360 baseline","14 baseline"
"4684","M4","C4620081","14","361","C4620081 M4","baseline",0.0152535359529066,"361 baseline","14 baseline"
"4685","M4","C4620081","14","362","C4620081 M4","baseline",0.0151872846172261,"362 baseline","14 baseline"
"4686","M4","C4620081","14","363","C4620081 M4","baseline",0.0151375692529784,"363 baseline","14 baseline"
"4687","M4","C4620081","14","364","C4620081 M4","baseline",0.0150653404221613,"364 baseline","14 baseline"
"4688","M4","C4620081","14","365","C4620081 M4","baseline",0.0150524554786825,"365 baseline","14 baseline"
"4689","M4","C4620081","14","366","C4620081 M4","baseline",0.0150492702464728,"366 baseline","14 baseline"
"4690","M4","C4620081","14","367","C4620081 M4","baseline",0.0150472113418936,"367 baseline","14 baseline"
"4691","M4","C4620081","14","368","C4620081 M4","baseline",0.0149982540547458,"368 baseline","14 baseline"
"4692","M4","C4620081","14","369","C4620081 M4","baseline",0.0149670109619264,"369 baseline","14 baseline"
"4693","M4","C4620081","14","370","C4620081 M4","baseline",0.0148463073836331,"370 baseline","14 baseline"
"4694","M4","C4620081","14","371","C4620081 M4","baseline",0.0147147376788587,"371 baseline","14 baseline"
"4695","M4","C4620081","14","372","C4620081 M4","baseline",0.0146843123750451,"372 baseline","14 baseline"
"4696","M4","C4620081","14","373","C4620081 M4","baseline",0.01467367632051,"373 baseline","14 baseline"
"4697","M4","C4620081","14","374","C4620081 M4","baseline",0.0143793900565432,"374 baseline","14 baseline"
"4698","M4","C4620081","14","375","C4620081 M4","baseline",0.0141192967827521,"375 baseline","14 baseline"
"4699","M4","C4620081","14","376","C4620081 M4","baseline",0.0140963998671898,"376 baseline","14 baseline"
"4700","M4","C4620081","14","377","C4620081 M4","baseline",0.0139005766734578,"377 baseline","14 baseline"
"4701","M4","C4620081","14","378","C4620081 M4","baseline",0.0138707221705905,"378 baseline","14 baseline"
"4702","M4","C4620081","14","379","C4620081 M4","baseline",0.0138244793652287,"379 baseline","14 baseline"
"4703","M4","C4620081","14","380","C4620081 M4","baseline",0.0137508711799386,"380 baseline","14 baseline"
"4704","M4","C4620081","14","381","C4620081 M4","baseline",0.0134573504379659,"381 baseline","14 baseline"
"4705","M4","C4620081","14","382","C4620081 M4","baseline",0.0132651464518612,"382 baseline","14 baseline"
"4706","M4","C4620081","14","383","C4620081 M4","baseline",0.0132245417695092,"383 baseline","14 baseline"
"4707","M4","C4620081","14","384","C4620081 M4","baseline",0.0130659831491861,"384 baseline","14 baseline"
"4708","M4","C4620081","14","385","C4620081 M4","baseline",0.0130290845576964,"385 baseline","14 baseline"
"4709","M4","C4620081","14","386","C4620081 M4","baseline",0.0130068324617793,"386 baseline","14 baseline"
"4710","M4","C4620081","14","387","C4620081 M4","baseline",0.0129703739710893,"387 baseline","14 baseline"
"4711","M4","C4620081","14","388","C4620081 M4","baseline",0.0128917940092347,"388 baseline","14 baseline"
"4712","M4","C4620081","14","389","C4620081 M4","baseline",0.012726926597765,"389 baseline","14 baseline"
"4713","M4","C4620081","14","390","C4620081 M4","baseline",0.012699481107191,"390 baseline","14 baseline"
"4714","M4","C4620081","14","391","C4620081 M4","baseline",0.01257878135433,"391 baseline","14 baseline"
"4715","M4","C4620081","14","392","C4620081 M4","baseline",0.0123279522993269,"392 baseline","14 baseline"
"4716","M4","C4620081","14","393","C4620081 M4","baseline",0.0122328610348946,"393 baseline","14 baseline"
"4717","M4","C4620081","14","394","C4620081 M4","baseline",0.012102873727928,"394 baseline","14 baseline"
"4718","M4","C4620081","14","395","C4620081 M4","baseline",0.0120596800027285,"395 baseline","14 baseline"
"4719","M4","C4620081","14","396","C4620081 M4","baseline",0.0120403743297981,"396 baseline","14 baseline"
"4720","M4","C4620081","14","397","C4620081 M4","baseline",0.0119181579801828,"397 baseline","14 baseline"
"4721","M4","C4620081","14","398","C4620081 M4","baseline",0.0118344976928145,"398 baseline","14 baseline"
"4722","M4","C4620081","14","399","C4620081 M4","baseline",0.0117306185854872,"399 baseline","14 baseline"
"4723","M4","C4620081","14","400","C4620081 M4","baseline",0.0116451358529334,"400 baseline","14 baseline"
"4724","M4","C4620081","14","401","C4620081 M4","baseline",0.0116377125062633,"401 baseline","14 baseline"
"4725","M4","C4620081","14","402","C4620081 M4","baseline",0.0115387284407792,"402 baseline","14 baseline"
"4726","M4","C4620081","14","403","C4620081 M4","baseline",0.0115141462104207,"403 baseline","14 baseline"
"4727","M4","C4620081","14","404","C4620081 M4","baseline",0.0115022136750807,"404 baseline","14 baseline"
"4728","M4","C4620081","14","405","C4620081 M4","baseline",0.0114952446031432,"405 baseline","14 baseline"
"4729","M4","C4620081","14","406","C4620081 M4","baseline",0.0114809460808791,"406 baseline","14 baseline"
"4730","M4","C4620081","14","407","C4620081 M4","baseline",0.0113369243116095,"407 baseline","14 baseline"
"4731","M4","C4620081","14","408","C4620081 M4","baseline",0.0112602986606715,"408 baseline","14 baseline"
"4732","M4","C4620081","14","409","C4620081 M4","baseline",0.011146527231518,"409 baseline","14 baseline"
"4733","M4","C4620081","14","410","C4620081 M4","baseline",0.0111310319468555,"410 baseline","14 baseline"
"4734","M4","C4620081","14","411","C4620081 M4","baseline",0.0108251991333814,"411 baseline","14 baseline"
"4735","M4","C4620081","14","412","C4620081 M4","baseline",0.0106986683271588,"412 baseline","14 baseline"
"4736","M4","C4620081","14","413","C4620081 M4","baseline",0.0105536822438033,"413 baseline","14 baseline"
"4737","M4","C4620081","14","414","C4620081 M4","baseline",0.0103884595984881,"414 baseline","14 baseline"
"4738","M4","C4620081","14","415","C4620081 M4","baseline",0.010304970016699,"415 baseline","14 baseline"
"4739","M4","C4620081","14","416","C4620081 M4","baseline",0.0102957766674339,"416 baseline","14 baseline"
"4740","M4","C4620081","14","417","C4620081 M4","baseline",0.010136917592314,"417 baseline","14 baseline"
"4741","M4","C4620081","14","418","C4620081 M4","baseline",0.00963591320353224,"418 baseline","14 baseline"
"4742","M4","C4620081","14","419","C4620081 M4","baseline",0.00960591097239383,"419 baseline","14 baseline"
"4743","M4","C4620081","14","420","C4620081 M4","baseline",0.00944944307425478,"420 baseline","14 baseline"
"4744","M4","C4620081","14","421","C4620081 M4","baseline",0.00936428647902007,"421 baseline","14 baseline"
"4745","M4","C4620081","14","422","C4620081 M4","baseline",0.00923055509245273,"422 baseline","14 baseline"
"4746","M4","C4620081","14","423","C4620081 M4","baseline",0.00911586326706293,"423 baseline","14 baseline"
"4747","M4","C4620081","14","424","C4620081 M4","baseline",0.00910252659547064,"424 baseline","14 baseline"
"4748","M4","C4620081","14","425","C4620081 M4","baseline",0.00898758311949131,"425 baseline","14 baseline"
"4749","M4","C4620081","14","426","C4620081 M4","baseline",0.00893573419981976,"426 baseline","14 baseline"
"4750","M4","C4620081","14","427","C4620081 M4","baseline",0.00890606147914846,"427 baseline","14 baseline"
"4751","M4","C4620081","14","428","C4620081 M4","baseline",0.00853904775342222,"428 baseline","14 baseline"
"4752","M4","C4620081","14","429","C4620081 M4","baseline",0.0085279635403733,"429 baseline","14 baseline"
"4753","M4","C4620081","14","430","C4620081 M4","baseline",0.00849395944646245,"430 baseline","14 baseline"
"4754","M4","C4620081","14","431","C4620081 M4","baseline",0.00846859296614874,"431 baseline","14 baseline"
"4755","M4","C4620081","14","432","C4620081 M4","baseline",0.00845895352971202,"432 baseline","14 baseline"
"4756","M4","C4620081","14","433","C4620081 M4","baseline",0.00828736381054531,"433 baseline","14 baseline"
"4757","M4","C4620081","14","434","C4620081 M4","baseline",0.00823129927840601,"434 baseline","14 baseline"
"4758","M4","C4620081","14","435","C4620081 M4","baseline",0.00792337083208295,"435 baseline","14 baseline"
"4759","M4","C4620081","14","436","C4620081 M4","baseline",0.00790628793977963,"436 baseline","14 baseline"
"4760","M4","C4620081","14","437","C4620081 M4","baseline",0.00781022027950001,"437 baseline","14 baseline"
"4761","M4","C4620081","14","438","C4620081 M4","baseline",0.00765765254632255,"438 baseline","14 baseline"
"4762","M4","C4620081","14","439","C4620081 M4","baseline",0.00726118401746676,"439 baseline","14 baseline"
"4763","M4","C4620081","14","440","C4620081 M4","baseline",0.00706417940309038,"440 baseline","14 baseline"
"4764","M4","C4620081","14","441","C4620081 M4","baseline",0.0069471704203525,"441 baseline","14 baseline"
"4765","M4","C4620081","14","442","C4620081 M4","baseline",0.00660421914480296,"442 baseline","14 baseline"
"4766","M4","C4620081","14","443","C4620081 M4","baseline",0.00656187447146315,"443 baseline","14 baseline"
"4767","M4","C4620081","14","444","C4620081 M4","baseline",0.00656129365050913,"444 baseline","14 baseline"
"4768","M4","C4620081","14","445","C4620081 M4","baseline",0.00643742904795635,"445 baseline","14 baseline"
"4769","M4","C4620081","14","446","C4620081 M4","baseline",0.00630987668023303,"446 baseline","14 baseline"
"4770","M4","C4620081","14","447","C4620081 M4","baseline",0.00612208287417023,"447 baseline","14 baseline"
"4771","M4","C4620081","14","448","C4620081 M4","baseline",0.00608668770792643,"448 baseline","14 baseline"
"4772","M4","C4620081","14","449","C4620081 M4","baseline",0.00588867336490653,"449 baseline","14 baseline"
"4773","M4","C4620081","14","450","C4620081 M4","baseline",0.00579750589209295,"450 baseline","14 baseline"
"4774","M4","C4620081","14","451","C4620081 M4","baseline",0.00555169587665114,"451 baseline","14 baseline"
"4775","M4","C4620081","14","452","C4620081 M4","baseline",0.00526755450181185,"452 baseline","14 baseline"
"4776","M4","C4620081","14","453","C4620081 M4","baseline",0.00520481444763346,"453 baseline","14 baseline"
"4777","M4","C4620081","14","454","C4620081 M4","baseline",0.00512526326606849,"454 baseline","14 baseline"
"4778","M4","C4620081","14","455","C4620081 M4","baseline",0.0050708305492372,"455 baseline","14 baseline"
"4779","M4","C4620081","14","456","C4620081 M4","baseline",0.00452315123200098,"456 baseline","14 baseline"
"4780","M4","C4620081","14","457","C4620081 M4","baseline",0.00418945765173077,"457 baseline","14 baseline"
"4781","M4","C4620081","14","458","C4620081 M4","baseline",0.00411865653165464,"458 baseline","14 baseline"
"4782","M4","C4620081","14","459","C4620081 M4","baseline",0.00402379689045047,"459 baseline","14 baseline"
"4783","M4","C4620081","14","460","C4620081 M4","baseline",0.0038563710815012,"460 baseline","14 baseline"
"4784","M4","C4620081","14","461","C4620081 M4","baseline",0.00359273673494129,"461 baseline","14 baseline"
"4785","M4","C4620081","14","462","C4620081 M4","baseline",0.00327385051316581,"462 baseline","14 baseline"
"4786","M4","C4620081","14","463","C4620081 M4","baseline",0.00289886484293043,"463 baseline","14 baseline"
"4787","M4","C4620081","14","464","C4620081 M4","baseline",0.00250629484491236,"464 baseline","14 baseline"
"4788","M4","C4620081","14","465","C4620081 M4","baseline",0.00236570101143692,"465 baseline","14 baseline"
"4789","M4","C4620081","14","466","C4620081 M4","baseline",0.00228447181552371,"466 baseline","14 baseline"
"4790","M4","C4620081","14","467","C4620081 M4","baseline",0.00210174198569325,"467 baseline","14 baseline"
"4791","M4","C4620081","14","468","C4620081 M4","baseline",0.00185337272418285,"468 baseline","14 baseline"
"4792","M4","C4620081","14","469","C4620081 M4","baseline",0.00180466651548857,"469 baseline","14 baseline"
"4793","M4","C4620081","14","470","C4620081 M4","baseline",0.00130315989976888,"470 baseline","14 baseline"
"4794","M4","C4620081","14","471","C4620081 M4","baseline",0.00116231128450013,"471 baseline","14 baseline"
"4795","M4","C4620081","14","472","C4620081 M4","baseline",0.00109162723327952,"472 baseline","14 baseline"
"4796","M4","C4620081","14","473","C4620081 M4","baseline",0.000881025185092098,"473 baseline","14 baseline"
"4797","M4","C4620081","14","474","C4620081 M4","baseline",0.000752096312240795,"474 baseline","14 baseline"
"4798","M4","C4620081","14","475","C4620081 M4","baseline",0.000712528304294484,"475 baseline","14 baseline"
"4799","M4","C4620081","14","476","C4620081 M4","baseline",0.000371942547847839,"476 baseline","14 baseline"
"4800","M4","C4620081","14","477","C4620081 M4","baseline",-6.36199793707684e-05,"477 baseline","14 baseline"
"4801","M4","C4620081","14","478","C4620081 M4","baseline",-0.000160676700126888,"478 baseline","14 baseline"
"4802","M4","C4620081","14","479","C4620081 M4","baseline",-0.000234241903443903,"479 baseline","14 baseline"
"4803","M4","C4620081","14","480","C4620081 M4","baseline",-0.000481013634530287,"480 baseline","14 baseline"
"4804","M4","C4620081","14","481","C4620081 M4","baseline",-0.000617462586335198,"481 baseline","14 baseline"
"4805","M4","C4620081","14","482","C4620081 M4","baseline",-0.00063906032399234,"482 baseline","14 baseline"
"4806","M4","C4620081","14","483","C4620081 M4","baseline",-0.000760529658304221,"483 baseline","14 baseline"
"4807","M4","C4620081","14","484","C4620081 M4","baseline",-0.0009298820634692,"484 baseline","14 baseline"
"4808","M4","C4620081","14","485","C4620081 M4","baseline",-0.000954389892353206,"485 baseline","14 baseline"
"4809","M4","C4620081","14","486","C4620081 M4","baseline",-0.00224732225703144,"486 baseline","14 baseline"
"4810","M4","C4620081","14","487","C4620081 M4","baseline",-0.0027324165211131,"487 baseline","14 baseline"
"4811","M4","C4620081","14","488","C4620081 M4","baseline",-0.00275234465449413,"488 baseline","14 baseline"
"4812","M4","C4620081","14","489","C4620081 M4","baseline",-0.00278967933200869,"489 baseline","14 baseline"
"4813","M4","C4620081","14","490","C4620081 M4","baseline",-0.00282398468141245,"490 baseline","14 baseline"
"4814","M4","C4620081","14","491","C4620081 M4","baseline",-0.00305600697187219,"491 baseline","14 baseline"
"4815","M4","C4620081","14","492","C4620081 M4","baseline",-0.00312508315205975,"492 baseline","14 baseline"
"4816","M4","C4620081","14","493","C4620081 M4","baseline",-0.00336514400177421,"493 baseline","14 baseline"
"4817","M4","C4620081","14","494","C4620081 M4","baseline",-0.0039417201648362,"494 baseline","14 baseline"
"4818","M4","C4620081","14","495","C4620081 M4","baseline",-0.00443662546201757,"495 baseline","14 baseline"
"4819","M4","C4620081","14","496","C4620081 M4","baseline",-0.00468615432080651,"496 baseline","14 baseline"
"4820","M4","C4620081","14","497","C4620081 M4","baseline",-0.00491114224923113,"497 baseline","14 baseline"
"4821","M4","C4620081","14","498","C4620081 M4","baseline",-0.00513144596301051,"498 baseline","14 baseline"
"4822","M4","C4620081","14","499","C4620081 M4","baseline",-0.00520573665316327,"499 baseline","14 baseline"
"4823","M4","C4620081","14","500","C4620081 M4","baseline",-0.00521039092897092,"500 baseline","14 baseline"
"4824","M4","C4620081","14","501","C4620081 M4","baseline",-0.00547478439675858,"501 baseline","14 baseline"
"4825","M4","C4620081","14","502","C4620081 M4","baseline",-0.00558701795182668,"502 baseline","14 baseline"
"4826","M4","C4620081","14","503","C4620081 M4","baseline",-0.00608560371309589,"503 baseline","14 baseline"
"4827","M4","C4620081","14","504","C4620081 M4","baseline",-0.00640476158175921,"504 baseline","14 baseline"
"4828","M4","C4620081","14","505","C4620081 M4","baseline",-0.00651944935040148,"505 baseline","14 baseline"
"4829","M4","C4620081","14","506","C4620081 M4","baseline",-0.00664723261635014,"506 baseline","14 baseline"
"4830","M4","C4620081","14","507","C4620081 M4","baseline",-0.00672453130930037,"507 baseline","14 baseline"
"4831","M4","C4620081","14","508","C4620081 M4","baseline",-0.006758984127884,"508 baseline","14 baseline"
"4832","M4","C4620081","14","509","C4620081 M4","baseline",-0.00770581795745057,"509 baseline","14 baseline"
"4833","M4","C4620081","14","510","C4620081 M4","baseline",-0.00802164560836131,"510 baseline","14 baseline"
"4834","M4","C4620081","14","511","C4620081 M4","baseline",-0.0086287132895259,"511 baseline","14 baseline"
"4835","M4","C4620081","14","512","C4620081 M4","baseline",-0.00862943170956019,"512 baseline","14 baseline"
"4836","M4","C4620081","14","513","C4620081 M4","baseline",-0.00868286238063018,"513 baseline","14 baseline"
"4837","M4","C4620081","14","514","C4620081 M4","baseline",-0.00871604238879708,"514 baseline","14 baseline"
"4838","M4","C4620081","14","515","C4620081 M4","baseline",-0.00950499928629788,"515 baseline","14 baseline"
"4839","M4","C4620081","14","516","C4620081 M4","baseline",-0.010107135447428,"516 baseline","14 baseline"
"4840","M4","C4620081","14","517","C4620081 M4","baseline",-0.0104992560071684,"517 baseline","14 baseline"
"4841","M4","C4620081","14","518","C4620081 M4","baseline",-0.0108736249156002,"518 baseline","14 baseline"
"4842","M4","C4620081","14","519","C4620081 M4","baseline",-0.0109102439094024,"519 baseline","14 baseline"
"4843","M4","C4620081","14","520","C4620081 M4","baseline",-0.0109720006727682,"520 baseline","14 baseline"
"4844","M4","C4620081","14","521","C4620081 M4","baseline",-0.0112325741301903,"521 baseline","14 baseline"
"4845","M4","C4620081","14","522","C4620081 M4","baseline",-0.0152355685448648,"522 baseline","14 baseline"
"4846","M4","C4620081","14","523","C4620081 M4","baseline",-0.0160879173679706,"523 baseline","14 baseline"
"4847","M4","C4620081","14","524","C4620081 M4","baseline",-0.0161977129822107,"524 baseline","14 baseline"
"4848","M4","C4620081","14","525","C4620081 M4","baseline",-0.0165744936096337,"525 baseline","14 baseline"
"4849","M4","C4620081","14","526","C4620081 M4","baseline",-0.0174663395947921,"526 baseline","14 baseline"
"4850","M4","C4620081","14","527","C4620081 M4","baseline",-0.019020691560682,"527 baseline","14 baseline"
"4851","M4","C4620081","14","528","C4620081 M4","baseline",-0.0194718201846703,"528 baseline","14 baseline"
"4852","M4","C4620081","14","529","C4620081 M4","baseline",-0.0196462282006369,"529 baseline","14 baseline"
"4853","M4","C4620081","14","530","C4620081 M4","baseline",-0.0199141247783138,"530 baseline","14 baseline"
"4854","M4","C4620081","14","531","C4620081 M4","baseline",-0.0201155231882798,"531 baseline","14 baseline"
"4855","M4","C4620081","14","532","C4620081 M4","baseline",-0.0201330356793221,"532 baseline","14 baseline"
"4856","M4","C4620081","14","533","C4620081 M4","baseline",-0.0201400824527475,"533 baseline","14 baseline"
"4857","M4","C4620081","14","534","C4620081 M4","baseline",-0.0213792455546611,"534 baseline","14 baseline"
"4858","M4","C4620081","14","535","C4620081 M4","baseline",-0.0226865092697538,"535 baseline","14 baseline"
"4859","M4","C4620081","14","536","C4620081 M4","baseline",-0.0236041283830578,"536 baseline","14 baseline"
"4860","M4","C4620081","14","537","C4620081 M4","baseline",-0.0268349408300314,"537 baseline","14 baseline"
"4861","M4","C4620081","14","538","C4620081 M4","baseline",-0.0279313668420326,"538 baseline","14 baseline"
"4862","M4","C4620081","14","539","C4620081 M4","baseline",-0.0367667729125323,"539 baseline","14 baseline"
"4863","M5","C4620081","14","0","C4620081 M5","baseline",0.105641229240192,"0 baseline","14 baseline"
"4864","M5","C4620081","14","1","C4620081 M5","baseline",0.0956994442213589,"1 baseline","14 baseline"
"4865","M5","C4620081","14","2","C4620081 M5","baseline",0.0878430028605876,"2 baseline","14 baseline"
"4866","M5","C4620081","14","3","C4620081 M5","baseline",0.0874553554956153,"3 baseline","14 baseline"
"4867","M5","C4620081","14","4","C4620081 M5","baseline",0.0870880032464017,"4 baseline","14 baseline"
"4868","M5","C4620081","14","5","C4620081 M5","baseline",0.0861359390985481,"5 baseline","14 baseline"
"4869","M5","C4620081","14","6","C4620081 M5","baseline",0.0851361972990377,"6 baseline","14 baseline"
"4870","M5","C4620081","14","7","C4620081 M5","baseline",0.0851079923937332,"7 baseline","14 baseline"
"4871","M5","C4620081","14","8","C4620081 M5","baseline",0.0832821000017063,"8 baseline","14 baseline"
"4872","M5","C4620081","14","9","C4620081 M5","baseline",0.0831933316155368,"9 baseline","14 baseline"
"4873","M5","C4620081","14","10","C4620081 M5","baseline",0.0829046532277886,"10 baseline","14 baseline"
"4874","M5","C4620081","14","11","C4620081 M5","baseline",0.0822091581051955,"11 baseline","14 baseline"
"4875","M5","C4620081","14","12","C4620081 M5","baseline",0.0819851756390528,"12 baseline","14 baseline"
"4876","M5","C4620081","14","13","C4620081 M5","baseline",0.0807910721102599,"13 baseline","14 baseline"
"4877","M5","C4620081","14","14","C4620081 M5","baseline",0.0805776523842802,"14 baseline","14 baseline"
"4878","M5","C4620081","14","15","C4620081 M5","baseline",0.080341774448352,"15 baseline","14 baseline"
"4879","M5","C4620081","14","16","C4620081 M5","baseline",0.0797631323720191,"16 baseline","14 baseline"
"4880","M5","C4620081","14","17","C4620081 M5","baseline",0.0793796063273237,"17 baseline","14 baseline"
"4881","M5","C4620081","14","18","C4620081 M5","baseline",0.0789459860153836,"18 baseline","14 baseline"
"4882","M5","C4620081","14","19","C4620081 M5","baseline",0.0774105410281996,"19 baseline","14 baseline"
"4883","M5","C4620081","14","20","C4620081 M5","baseline",0.0764132403804234,"20 baseline","14 baseline"
"4884","M5","C4620081","14","21","C4620081 M5","baseline",0.0746452581980377,"21 baseline","14 baseline"
"4885","M5","C4620081","14","22","C4620081 M5","baseline",0.074642209444766,"22 baseline","14 baseline"
"4886","M5","C4620081","14","23","C4620081 M5","baseline",0.0729015356873153,"23 baseline","14 baseline"
"4887","M5","C4620081","14","24","C4620081 M5","baseline",0.0727302741843212,"24 baseline","14 baseline"
"4888","M5","C4620081","14","25","C4620081 M5","baseline",0.0709403545974973,"25 baseline","14 baseline"
"4889","M5","C4620081","14","26","C4620081 M5","baseline",0.0686114699578627,"26 baseline","14 baseline"
"4890","M5","C4620081","14","27","C4620081 M5","baseline",0.0669467744589156,"27 baseline","14 baseline"
"4891","M5","C4620081","14","28","C4620081 M5","baseline",0.0664927581341629,"28 baseline","14 baseline"
"4892","M5","C4620081","14","29","C4620081 M5","baseline",0.0662701245695397,"29 baseline","14 baseline"
"4893","M5","C4620081","14","30","C4620081 M5","baseline",0.0645066579505415,"30 baseline","14 baseline"
"4894","M5","C4620081","14","31","C4620081 M5","baseline",0.0633821656630109,"31 baseline","14 baseline"
"4895","M5","C4620081","14","32","C4620081 M5","baseline",0.0622144399702287,"32 baseline","14 baseline"
"4896","M5","C4620081","14","33","C4620081 M5","baseline",0.062114102327626,"33 baseline","14 baseline"
"4897","M5","C4620081","14","34","C4620081 M5","baseline",0.061788526358787,"34 baseline","14 baseline"
"4898","M5","C4620081","14","35","C4620081 M5","baseline",0.0608937555583485,"35 baseline","14 baseline"
"4899","M5","C4620081","14","36","C4620081 M5","baseline",0.0605304677430852,"36 baseline","14 baseline"
"4900","M5","C4620081","14","37","C4620081 M5","baseline",0.0604640830829613,"37 baseline","14 baseline"
"4901","M5","C4620081","14","38","C4620081 M5","baseline",0.0602777848276701,"38 baseline","14 baseline"
"4902","M5","C4620081","14","39","C4620081 M5","baseline",0.0601098719750001,"39 baseline","14 baseline"
"4903","M5","C4620081","14","40","C4620081 M5","baseline",0.0593622603690525,"40 baseline","14 baseline"
"4904","M5","C4620081","14","41","C4620081 M5","baseline",0.0590312744231424,"41 baseline","14 baseline"
"4905","M5","C4620081","14","42","C4620081 M5","baseline",0.0578876141299756,"42 baseline","14 baseline"
"4906","M5","C4620081","14","43","C4620081 M5","baseline",0.0571973210602917,"43 baseline","14 baseline"
"4907","M5","C4620081","14","44","C4620081 M5","baseline",0.0569610817058718,"44 baseline","14 baseline"
"4908","M5","C4620081","14","45","C4620081 M5","baseline",0.0567188292966255,"45 baseline","14 baseline"
"4909","M5","C4620081","14","46","C4620081 M5","baseline",0.0564302346486431,"46 baseline","14 baseline"
"4910","M5","C4620081","14","47","C4620081 M5","baseline",0.0561952412278487,"47 baseline","14 baseline"
"4911","M5","C4620081","14","48","C4620081 M5","baseline",0.0558864058009721,"48 baseline","14 baseline"
"4912","M5","C4620081","14","49","C4620081 M5","baseline",0.0557501812737358,"49 baseline","14 baseline"
"4913","M5","C4620081","14","50","C4620081 M5","baseline",0.0555218928931529,"50 baseline","14 baseline"
"4914","M5","C4620081","14","51","C4620081 M5","baseline",0.0554026699919435,"51 baseline","14 baseline"
"4915","M5","C4620081","14","52","C4620081 M5","baseline",0.0553981837597194,"52 baseline","14 baseline"
"4916","M5","C4620081","14","53","C4620081 M5","baseline",0.054910068091781,"53 baseline","14 baseline"
"4917","M5","C4620081","14","54","C4620081 M5","baseline",0.0544021867572166,"54 baseline","14 baseline"
"4918","M5","C4620081","14","55","C4620081 M5","baseline",0.0540671063826597,"55 baseline","14 baseline"
"4919","M5","C4620081","14","56","C4620081 M5","baseline",0.0539503215393092,"56 baseline","14 baseline"
"4920","M5","C4620081","14","57","C4620081 M5","baseline",0.0536324265728197,"57 baseline","14 baseline"
"4921","M5","C4620081","14","58","C4620081 M5","baseline",0.0534030453978239,"58 baseline","14 baseline"
"4922","M5","C4620081","14","59","C4620081 M5","baseline",0.0532550484345553,"59 baseline","14 baseline"
"4923","M5","C4620081","14","60","C4620081 M5","baseline",0.0527184482890227,"60 baseline","14 baseline"
"4924","M5","C4620081","14","61","C4620081 M5","baseline",0.0523879621513764,"61 baseline","14 baseline"
"4925","M5","C4620081","14","62","C4620081 M5","baseline",0.0523310463271895,"62 baseline","14 baseline"
"4926","M5","C4620081","14","63","C4620081 M5","baseline",0.0523199645252015,"63 baseline","14 baseline"
"4927","M5","C4620081","14","64","C4620081 M5","baseline",0.0520990419155374,"64 baseline","14 baseline"
"4928","M5","C4620081","14","65","C4620081 M5","baseline",0.0517339337959931,"65 baseline","14 baseline"
"4929","M5","C4620081","14","66","C4620081 M5","baseline",0.0516113640118413,"66 baseline","14 baseline"
"4930","M5","C4620081","14","67","C4620081 M5","baseline",0.0514562121883449,"67 baseline","14 baseline"
"4931","M5","C4620081","14","68","C4620081 M5","baseline",0.0513575685208862,"68 baseline","14 baseline"
"4932","M5","C4620081","14","69","C4620081 M5","baseline",0.0509849865202012,"69 baseline","14 baseline"
"4933","M5","C4620081","14","70","C4620081 M5","baseline",0.0506882397040561,"70 baseline","14 baseline"
"4934","M5","C4620081","14","71","C4620081 M5","baseline",0.0504549004013965,"71 baseline","14 baseline"
"4935","M5","C4620081","14","72","C4620081 M5","baseline",0.0503475994804534,"72 baseline","14 baseline"
"4936","M5","C4620081","14","73","C4620081 M5","baseline",0.0502496741982671,"73 baseline","14 baseline"
"4937","M5","C4620081","14","74","C4620081 M5","baseline",0.04912012437725,"74 baseline","14 baseline"
"4938","M5","C4620081","14","75","C4620081 M5","baseline",0.0490273163833812,"75 baseline","14 baseline"
"4939","M5","C4620081","14","76","C4620081 M5","baseline",0.0478590251835047,"76 baseline","14 baseline"
"4940","M5","C4620081","14","77","C4620081 M5","baseline",0.0475690312779664,"77 baseline","14 baseline"
"4941","M5","C4620081","14","78","C4620081 M5","baseline",0.0475593221577642,"78 baseline","14 baseline"
"4942","M5","C4620081","14","79","C4620081 M5","baseline",0.0466153682851246,"79 baseline","14 baseline"
"4943","M5","C4620081","14","80","C4620081 M5","baseline",0.0456270683111249,"80 baseline","14 baseline"
"4944","M5","C4620081","14","81","C4620081 M5","baseline",0.0455300689059399,"81 baseline","14 baseline"
"4945","M5","C4620081","14","82","C4620081 M5","baseline",0.0454121341233273,"82 baseline","14 baseline"
"4946","M5","C4620081","14","83","C4620081 M5","baseline",0.0452244179842573,"83 baseline","14 baseline"
"4947","M5","C4620081","14","84","C4620081 M5","baseline",0.0449161472310121,"84 baseline","14 baseline"
"4948","M5","C4620081","14","85","C4620081 M5","baseline",0.0443338582186335,"85 baseline","14 baseline"
"4949","M5","C4620081","14","86","C4620081 M5","baseline",0.0436429905101402,"86 baseline","14 baseline"
"4950","M5","C4620081","14","87","C4620081 M5","baseline",0.0435917043287067,"87 baseline","14 baseline"
"4951","M5","C4620081","14","88","C4620081 M5","baseline",0.0433987733213564,"88 baseline","14 baseline"
"4952","M5","C4620081","14","89","C4620081 M5","baseline",0.043388463865562,"89 baseline","14 baseline"
"4953","M5","C4620081","14","90","C4620081 M5","baseline",0.0433534010128741,"90 baseline","14 baseline"
"4954","M5","C4620081","14","91","C4620081 M5","baseline",0.0425799129831978,"91 baseline","14 baseline"
"4955","M5","C4620081","14","92","C4620081 M5","baseline",0.0425794085392005,"92 baseline","14 baseline"
"4956","M5","C4620081","14","93","C4620081 M5","baseline",0.0420302344959034,"93 baseline","14 baseline"
"4957","M5","C4620081","14","94","C4620081 M5","baseline",0.0415891515635176,"94 baseline","14 baseline"
"4958","M5","C4620081","14","95","C4620081 M5","baseline",0.0410497828264095,"95 baseline","14 baseline"
"4959","M5","C4620081","14","96","C4620081 M5","baseline",0.0403918234681881,"96 baseline","14 baseline"
"4960","M5","C4620081","14","97","C4620081 M5","baseline",0.0392520103593792,"97 baseline","14 baseline"
"4961","M5","C4620081","14","98","C4620081 M5","baseline",0.0390729326319819,"98 baseline","14 baseline"
"4962","M5","C4620081","14","99","C4620081 M5","baseline",0.0384379598349179,"99 baseline","14 baseline"
"4963","M5","C4620081","14","100","C4620081 M5","baseline",0.0379547233630178,"100 baseline","14 baseline"
"4964","M5","C4620081","14","101","C4620081 M5","baseline",0.0375971472775445,"101 baseline","14 baseline"
"4965","M5","C4620081","14","102","C4620081 M5","baseline",0.0374896378591493,"102 baseline","14 baseline"
"4966","M5","C4620081","14","103","C4620081 M5","baseline",0.037471079773738,"103 baseline","14 baseline"
"4967","M5","C4620081","14","104","C4620081 M5","baseline",0.0372928807585408,"104 baseline","14 baseline"
"4968","M5","C4620081","14","105","C4620081 M5","baseline",0.0371338959960028,"105 baseline","14 baseline"
"4969","M5","C4620081","14","106","C4620081 M5","baseline",0.0369567378754404,"106 baseline","14 baseline"
"4970","M5","C4620081","14","107","C4620081 M5","baseline",0.0369321911571135,"107 baseline","14 baseline"
"4971","M5","C4620081","14","108","C4620081 M5","baseline",0.0368954249720435,"108 baseline","14 baseline"
"4972","M5","C4620081","14","109","C4620081 M5","baseline",0.0361484760407524,"109 baseline","14 baseline"
"4973","M5","C4620081","14","110","C4620081 M5","baseline",0.0359720993693684,"110 baseline","14 baseline"
"4974","M5","C4620081","14","111","C4620081 M5","baseline",0.0358308148809152,"111 baseline","14 baseline"
"4975","M5","C4620081","14","112","C4620081 M5","baseline",0.0357565709623726,"112 baseline","14 baseline"
"4976","M5","C4620081","14","113","C4620081 M5","baseline",0.0357405864730542,"113 baseline","14 baseline"
"4977","M5","C4620081","14","114","C4620081 M5","baseline",0.0349723357556853,"114 baseline","14 baseline"
"4978","M5","C4620081","14","115","C4620081 M5","baseline",0.033898024307158,"115 baseline","14 baseline"
"4979","M5","C4620081","14","116","C4620081 M5","baseline",0.0337002250243049,"116 baseline","14 baseline"
"4980","M5","C4620081","14","117","C4620081 M5","baseline",0.0325686247061663,"117 baseline","14 baseline"
"4981","M5","C4620081","14","118","C4620081 M5","baseline",0.0322802002251418,"118 baseline","14 baseline"
"4982","M5","C4620081","14","119","C4620081 M5","baseline",0.0316416268001947,"119 baseline","14 baseline"
"4983","M5","C4620081","14","120","C4620081 M5","baseline",0.0316076985903973,"120 baseline","14 baseline"
"4984","M5","C4620081","14","121","C4620081 M5","baseline",0.0315685847700144,"121 baseline","14 baseline"
"4985","M5","C4620081","14","122","C4620081 M5","baseline",0.0313798190520956,"122 baseline","14 baseline"
"4986","M5","C4620081","14","123","C4620081 M5","baseline",0.0312822318418772,"123 baseline","14 baseline"
"4987","M5","C4620081","14","124","C4620081 M5","baseline",0.0311410518626685,"124 baseline","14 baseline"
"4988","M5","C4620081","14","125","C4620081 M5","baseline",0.0307672003863081,"125 baseline","14 baseline"
"4989","M5","C4620081","14","126","C4620081 M5","baseline",0.0304606139055866,"126 baseline","14 baseline"
"4990","M5","C4620081","14","127","C4620081 M5","baseline",0.0301238854423946,"127 baseline","14 baseline"
"4991","M5","C4620081","14","128","C4620081 M5","baseline",0.0295612348111469,"128 baseline","14 baseline"
"4992","M5","C4620081","14","129","C4620081 M5","baseline",0.029114208100139,"129 baseline","14 baseline"
"4993","M5","C4620081","14","130","C4620081 M5","baseline",0.0290396651666029,"130 baseline","14 baseline"
"4994","M5","C4620081","14","131","C4620081 M5","baseline",0.0289760748475037,"131 baseline","14 baseline"
"4995","M5","C4620081","14","132","C4620081 M5","baseline",0.0288523784207464,"132 baseline","14 baseline"
"4996","M5","C4620081","14","133","C4620081 M5","baseline",0.0286501643036409,"133 baseline","14 baseline"
"4997","M5","C4620081","14","134","C4620081 M5","baseline",0.028485856352618,"134 baseline","14 baseline"
"4998","M5","C4620081","14","135","C4620081 M5","baseline",0.0266554587115206,"135 baseline","14 baseline"
"4999","M5","C4620081","14","136","C4620081 M5","baseline",0.0261194190058264,"136 baseline","14 baseline"
"5000","M5","C4620081","14","137","C4620081 M5","baseline",0.0260966354277981,"137 baseline","14 baseline"
"5001","M5","C4620081","14","138","C4620081 M5","baseline",0.0260001858889273,"138 baseline","14 baseline"
"5002","M5","C4620081","14","139","C4620081 M5","baseline",0.0255943479289091,"139 baseline","14 baseline"
"5003","M5","C4620081","14","140","C4620081 M5","baseline",0.0254403302403179,"140 baseline","14 baseline"
"5004","M5","C4620081","14","141","C4620081 M5","baseline",0.0251065459972243,"141 baseline","14 baseline"
"5005","M5","C4620081","14","142","C4620081 M5","baseline",0.0247103385255645,"142 baseline","14 baseline"
"5006","M5","C4620081","14","143","C4620081 M5","baseline",0.0242167049713939,"143 baseline","14 baseline"
"5007","M5","C4620081","14","144","C4620081 M5","baseline",0.0232990260897767,"144 baseline","14 baseline"
"5008","M5","C4620081","14","145","C4620081 M5","baseline",0.0227324113955119,"145 baseline","14 baseline"
"5009","M5","C4620081","14","146","C4620081 M5","baseline",0.0226169894808721,"146 baseline","14 baseline"
"5010","M5","C4620081","14","147","C4620081 M5","baseline",0.0224274605017263,"147 baseline","14 baseline"
"5011","M5","C4620081","14","148","C4620081 M5","baseline",0.0222116330286534,"148 baseline","14 baseline"
"5012","M5","C4620081","14","149","C4620081 M5","baseline",0.021747487166358,"149 baseline","14 baseline"
"5013","M5","C4620081","14","150","C4620081 M5","baseline",0.0216407712608201,"150 baseline","14 baseline"
"5014","M5","C4620081","14","151","C4620081 M5","baseline",0.021593096840539,"151 baseline","14 baseline"
"5015","M5","C4620081","14","152","C4620081 M5","baseline",0.0212519511723545,"152 baseline","14 baseline"
"5016","M5","C4620081","14","153","C4620081 M5","baseline",0.0209082270554441,"153 baseline","14 baseline"
"5017","M5","C4620081","14","154","C4620081 M5","baseline",0.0206743771439999,"154 baseline","14 baseline"
"5018","M5","C4620081","14","155","C4620081 M5","baseline",0.0199658525164289,"155 baseline","14 baseline"
"5019","M5","C4620081","14","156","C4620081 M5","baseline",0.0195912320910931,"156 baseline","14 baseline"
"5020","M5","C4620081","14","157","C4620081 M5","baseline",0.0177460109198421,"157 baseline","14 baseline"
"5021","M5","C4620081","14","158","C4620081 M5","baseline",0.017468217358468,"158 baseline","14 baseline"
"5022","M5","C4620081","14","159","C4620081 M5","baseline",0.0172562765096289,"159 baseline","14 baseline"
"5023","M5","C4620081","14","160","C4620081 M5","baseline",0.0170906030928245,"160 baseline","14 baseline"
"5024","M5","C4620081","14","161","C4620081 M5","baseline",0.016908927809872,"161 baseline","14 baseline"
"5025","M5","C4620081","14","162","C4620081 M5","baseline",0.0166721372211571,"162 baseline","14 baseline"
"5026","M5","C4620081","14","163","C4620081 M5","baseline",0.0161680671525561,"163 baseline","14 baseline"
"5027","M5","C4620081","14","164","C4620081 M5","baseline",0.0150005600647499,"164 baseline","14 baseline"
"5028","M5","C4620081","14","165","C4620081 M5","baseline",0.0141866349568702,"165 baseline","14 baseline"
"5029","M5","C4620081","14","166","C4620081 M5","baseline",0.0127844005481195,"166 baseline","14 baseline"
"5030","M5","C4620081","14","167","C4620081 M5","baseline",0.0126387153068959,"167 baseline","14 baseline"
"5031","M5","C4620081","14","168","C4620081 M5","baseline",0.0126232730021369,"168 baseline","14 baseline"
"5032","M5","C4620081","14","169","C4620081 M5","baseline",0.0124060957319,"169 baseline","14 baseline"
"5033","M5","C4620081","14","170","C4620081 M5","baseline",0.0118566717951925,"170 baseline","14 baseline"
"5034","M5","C4620081","14","171","C4620081 M5","baseline",0.0109904357702326,"171 baseline","14 baseline"
"5035","M5","C4620081","14","172","C4620081 M5","baseline",0.0108364425565461,"172 baseline","14 baseline"
"5036","M5","C4620081","14","173","C4620081 M5","baseline",0.0104645723828682,"173 baseline","14 baseline"
"5037","M5","C4620081","14","174","C4620081 M5","baseline",0.0101257851722903,"174 baseline","14 baseline"
"5038","M5","C4620081","14","175","C4620081 M5","baseline",0.00992668799468307,"175 baseline","14 baseline"
"5039","M5","C4620081","14","176","C4620081 M5","baseline",0.00907423974374862,"176 baseline","14 baseline"
"5040","M5","C4620081","14","177","C4620081 M5","baseline",0.00904709519316004,"177 baseline","14 baseline"
"5041","M5","C4620081","14","178","C4620081 M5","baseline",0.00887826976520289,"178 baseline","14 baseline"
"5042","M5","C4620081","14","179","C4620081 M5","baseline",0.0084017105090257,"179 baseline","14 baseline"
"5043","M5","C4620081","14","180","C4620081 M5","baseline",0.00835906412219763,"180 baseline","14 baseline"
"5044","M5","C4620081","14","181","C4620081 M5","baseline",0.00818001577623583,"181 baseline","14 baseline"
"5045","M5","C4620081","14","182","C4620081 M5","baseline",0.00807708909762321,"182 baseline","14 baseline"
"5046","M5","C4620081","14","183","C4620081 M5","baseline",0.00776055437012606,"183 baseline","14 baseline"
"5047","M5","C4620081","14","184","C4620081 M5","baseline",0.00766738601391158,"184 baseline","14 baseline"
"5048","M5","C4620081","14","185","C4620081 M5","baseline",0.00673142105348954,"185 baseline","14 baseline"
"5049","M5","C4620081","14","186","C4620081 M5","baseline",0.00443539006489406,"186 baseline","14 baseline"
"5050","M5","C4620081","14","187","C4620081 M5","baseline",0.00414968076911812,"187 baseline","14 baseline"
"5051","M5","C4620081","14","188","C4620081 M5","baseline",0.00225127421346222,"188 baseline","14 baseline"
"5052","M5","C4620081","14","189","C4620081 M5","baseline",0.00155027928032542,"189 baseline","14 baseline"
"5053","M5","C4620081","14","190","C4620081 M5","baseline",0.000894525671300641,"190 baseline","14 baseline"
"5054","M5","C4620081","14","191","C4620081 M5","baseline",0.00076052986880956,"191 baseline","14 baseline"
"5055","M5","C4620081","14","192","C4620081 M5","baseline",0.000684211799915277,"192 baseline","14 baseline"
"5056","M5","C4620081","14","193","C4620081 M5","baseline",-0.00080067883321328,"193 baseline","14 baseline"
"5057","M5","C4620081","14","194","C4620081 M5","baseline",-0.00082428749972256,"194 baseline","14 baseline"
"5058","M5","C4620081","14","195","C4620081 M5","baseline",-0.00166039593778349,"195 baseline","14 baseline"
"5059","M5","C4620081","14","196","C4620081 M5","baseline",-0.00194471359056198,"196 baseline","14 baseline"
"5060","M5","C4620081","14","197","C4620081 M5","baseline",-0.00218015242816958,"197 baseline","14 baseline"
"5061","M5","C4620081","14","198","C4620081 M5","baseline",-0.00269084960746867,"198 baseline","14 baseline"
"5062","M5","C4620081","14","199","C4620081 M5","baseline",-0.003148771363148,"199 baseline","14 baseline"
"5063","M5","C4620081","14","200","C4620081 M5","baseline",-0.00510679878337817,"200 baseline","14 baseline"
"5064","M5","C4620081","14","201","C4620081 M5","baseline",-0.00605662973869213,"201 baseline","14 baseline"
"5065","M5","C4620081","14","202","C4620081 M5","baseline",-0.0112251388946721,"202 baseline","14 baseline"
"5066","M5","C4620081","14","203","C4620081 M5","baseline",-0.0114712787471401,"203 baseline","14 baseline"
"5067","M5","C4620081","14","204","C4620081 M5","baseline",-0.0120407720455661,"204 baseline","14 baseline"
"5068","M5","C4620081","14","205","C4620081 M5","baseline",-0.0159726513241942,"205 baseline","14 baseline"
"5069","M1","C4620083","14","0","C4620083 M1","baseline",0.417179139957394,"0 baseline","14 baseline"
"5070","M1","C4620083","14","1","C4620083 M1","baseline",0.398532497983907,"1 baseline","14 baseline"
"5071","M1","C4620083","14","2","C4620083 M1","baseline",0.398344290898084,"2 baseline","14 baseline"
"5072","M1","C4620083","14","3","C4620083 M1","baseline",0.396355376776374,"3 baseline","14 baseline"
"5073","M1","C4620083","14","4","C4620083 M1","baseline",0.393967091523783,"4 baseline","14 baseline"
"5074","M1","C4620083","14","5","C4620083 M1","baseline",0.393758503392568,"5 baseline","14 baseline"
"5075","M1","C4620083","14","6","C4620083 M1","baseline",0.393752418935839,"6 baseline","14 baseline"
"5076","M1","C4620083","14","7","C4620083 M1","baseline",0.388693031726403,"7 baseline","14 baseline"
"5077","M1","C4620083","14","8","C4620083 M1","baseline",0.384960432640447,"8 baseline","14 baseline"
"5078","M1","C4620083","14","9","C4620083 M1","baseline",0.383043714884516,"9 baseline","14 baseline"
"5079","M1","C4620083","14","10","C4620083 M1","baseline",0.382715160586044,"10 baseline","14 baseline"
"5080","M1","C4620083","14","11","C4620083 M1","baseline",0.380392011550571,"11 baseline","14 baseline"
"5081","M1","C4620083","14","12","C4620083 M1","baseline",0.379299450957033,"12 baseline","14 baseline"
"5082","M1","C4620083","14","13","C4620083 M1","baseline",0.378927345936188,"13 baseline","14 baseline"
"5083","M1","C4620083","14","14","C4620083 M1","baseline",0.378736086322741,"14 baseline","14 baseline"
"5084","M1","C4620083","14","15","C4620083 M1","baseline",0.378667396381886,"15 baseline","14 baseline"
"5085","M1","C4620083","14","16","C4620083 M1","baseline",0.377661285230439,"16 baseline","14 baseline"
"5086","M1","C4620083","14","17","C4620083 M1","baseline",0.376535697090403,"17 baseline","14 baseline"
"5087","M1","C4620083","14","18","C4620083 M1","baseline",0.376291632916394,"18 baseline","14 baseline"
"5088","M1","C4620083","14","19","C4620083 M1","baseline",0.37390323140215,"19 baseline","14 baseline"
"5089","M1","C4620083","14","20","C4620083 M1","baseline",0.373590682962376,"20 baseline","14 baseline"
"5090","M1","C4620083","14","21","C4620083 M1","baseline",0.373580723012089,"21 baseline","14 baseline"
"5091","M1","C4620083","14","22","C4620083 M1","baseline",0.373354335094358,"22 baseline","14 baseline"
"5092","M1","C4620083","14","23","C4620083 M1","baseline",0.37039126145648,"23 baseline","14 baseline"
"5093","M1","C4620083","14","24","C4620083 M1","baseline",0.369423866621794,"24 baseline","14 baseline"
"5094","M1","C4620083","14","25","C4620083 M1","baseline",0.369022893957388,"25 baseline","14 baseline"
"5095","M1","C4620083","14","26","C4620083 M1","baseline",0.36826143965951,"26 baseline","14 baseline"
"5096","M1","C4620083","14","27","C4620083 M1","baseline",0.3675756077487,"27 baseline","14 baseline"
"5097","M1","C4620083","14","28","C4620083 M1","baseline",0.366460072700361,"28 baseline","14 baseline"
"5098","M1","C4620083","14","29","C4620083 M1","baseline",0.365108962106876,"29 baseline","14 baseline"
"5099","M1","C4620083","14","30","C4620083 M1","baseline",0.36500299687276,"30 baseline","14 baseline"
"5100","M1","C4620083","14","31","C4620083 M1","baseline",0.364401197485396,"31 baseline","14 baseline"
"5101","M1","C4620083","14","32","C4620083 M1","baseline",0.364201373674189,"32 baseline","14 baseline"
"5102","M1","C4620083","14","33","C4620083 M1","baseline",0.363793659936861,"33 baseline","14 baseline"
"5103","M1","C4620083","14","34","C4620083 M1","baseline",0.363213155962047,"34 baseline","14 baseline"
"5104","M1","C4620083","14","35","C4620083 M1","baseline",0.363135200931868,"35 baseline","14 baseline"
"5105","M1","C4620083","14","36","C4620083 M1","baseline",0.36234794437432,"36 baseline","14 baseline"
"5106","M1","C4620083","14","37","C4620083 M1","baseline",0.362289771009188,"37 baseline","14 baseline"
"5107","M1","C4620083","14","38","C4620083 M1","baseline",0.362270774804809,"38 baseline","14 baseline"
"5108","M1","C4620083","14","39","C4620083 M1","baseline",0.361803803574909,"39 baseline","14 baseline"
"5109","M1","C4620083","14","40","C4620083 M1","baseline",0.361663409305247,"40 baseline","14 baseline"
"5110","M1","C4620083","14","41","C4620083 M1","baseline",0.360949565740373,"41 baseline","14 baseline"
"5111","M1","C4620083","14","42","C4620083 M1","baseline",0.360773007146956,"42 baseline","14 baseline"
"5112","M1","C4620083","14","43","C4620083 M1","baseline",0.360613587967202,"43 baseline","14 baseline"
"5113","M1","C4620083","14","44","C4620083 M1","baseline",0.360574518666679,"44 baseline","14 baseline"
"5114","M1","C4620083","14","45","C4620083 M1","baseline",0.360393464066387,"45 baseline","14 baseline"
"5115","M1","C4620083","14","46","C4620083 M1","baseline",0.360202688321871,"46 baseline","14 baseline"
"5116","M1","C4620083","14","47","C4620083 M1","baseline",0.360161771754856,"47 baseline","14 baseline"
"5117","M1","C4620083","14","48","C4620083 M1","baseline",0.359831973250426,"48 baseline","14 baseline"
"5118","M1","C4620083","14","49","C4620083 M1","baseline",0.35830356078682,"49 baseline","14 baseline"
"5119","M1","C4620083","14","50","C4620083 M1","baseline",0.35827995693809,"50 baseline","14 baseline"
"5120","M1","C4620083","14","51","C4620083 M1","baseline",0.357749185162398,"51 baseline","14 baseline"
"5121","M1","C4620083","14","52","C4620083 M1","baseline",0.357221859301713,"52 baseline","14 baseline"
"5122","M1","C4620083","14","53","C4620083 M1","baseline",0.356618995299103,"53 baseline","14 baseline"
"5123","M1","C4620083","14","54","C4620083 M1","baseline",0.356229031949273,"54 baseline","14 baseline"
"5124","M1","C4620083","14","55","C4620083 M1","baseline",0.355873500904552,"55 baseline","14 baseline"
"5125","M1","C4620083","14","56","C4620083 M1","baseline",0.355770007482799,"56 baseline","14 baseline"
"5126","M1","C4620083","14","57","C4620083 M1","baseline",0.35527208128131,"57 baseline","14 baseline"
"5127","M1","C4620083","14","58","C4620083 M1","baseline",0.355020197037083,"58 baseline","14 baseline"
"5128","M1","C4620083","14","59","C4620083 M1","baseline",0.354985851373004,"59 baseline","14 baseline"
"5129","M1","C4620083","14","60","C4620083 M1","baseline",0.354591090337581,"60 baseline","14 baseline"
"5130","M1","C4620083","14","61","C4620083 M1","baseline",0.354474957309882,"61 baseline","14 baseline"
"5131","M1","C4620083","14","62","C4620083 M1","baseline",0.354424526317941,"62 baseline","14 baseline"
"5132","M1","C4620083","14","63","C4620083 M1","baseline",0.354316936037615,"63 baseline","14 baseline"
"5133","M1","C4620083","14","64","C4620083 M1","baseline",0.354067700648982,"64 baseline","14 baseline"
"5134","M1","C4620083","14","65","C4620083 M1","baseline",0.353516421400062,"65 baseline","14 baseline"
"5135","M1","C4620083","14","66","C4620083 M1","baseline",0.352403510774897,"66 baseline","14 baseline"
"5136","M1","C4620083","14","67","C4620083 M1","baseline",0.351788848819886,"67 baseline","14 baseline"
"5137","M1","C4620083","14","68","C4620083 M1","baseline",0.350496912365089,"68 baseline","14 baseline"
"5138","M1","C4620083","14","69","C4620083 M1","baseline",0.350040505394267,"69 baseline","14 baseline"
"5139","M1","C4620083","14","70","C4620083 M1","baseline",0.349336072755172,"70 baseline","14 baseline"
"5140","M1","C4620083","14","71","C4620083 M1","baseline",0.348421011989725,"71 baseline","14 baseline"
"5141","M1","C4620083","14","72","C4620083 M1","baseline",0.348258314475398,"72 baseline","14 baseline"
"5142","M1","C4620083","14","73","C4620083 M1","baseline",0.347789310444506,"73 baseline","14 baseline"
"5143","M1","C4620083","14","74","C4620083 M1","baseline",0.347300160166402,"74 baseline","14 baseline"
"5144","M1","C4620083","14","75","C4620083 M1","baseline",0.346979624917756,"75 baseline","14 baseline"
"5145","M1","C4620083","14","76","C4620083 M1","baseline",0.346948935891649,"76 baseline","14 baseline"
"5146","M1","C4620083","14","77","C4620083 M1","baseline",0.346831225252359,"77 baseline","14 baseline"
"5147","M1","C4620083","14","78","C4620083 M1","baseline",0.346706635821915,"78 baseline","14 baseline"
"5148","M1","C4620083","14","79","C4620083 M1","baseline",0.346509226637654,"79 baseline","14 baseline"
"5149","M1","C4620083","14","80","C4620083 M1","baseline",0.345927133105238,"80 baseline","14 baseline"
"5150","M1","C4620083","14","81","C4620083 M1","baseline",0.345203185500812,"81 baseline","14 baseline"
"5151","M1","C4620083","14","82","C4620083 M1","baseline",0.344956568641843,"82 baseline","14 baseline"
"5152","M1","C4620083","14","83","C4620083 M1","baseline",0.344469347075208,"83 baseline","14 baseline"
"5153","M1","C4620083","14","84","C4620083 M1","baseline",0.344063233871021,"84 baseline","14 baseline"
"5154","M1","C4620083","14","85","C4620083 M1","baseline",0.343488189157376,"85 baseline","14 baseline"
"5155","M1","C4620083","14","86","C4620083 M1","baseline",0.343420894235323,"86 baseline","14 baseline"
"5156","M1","C4620083","14","87","C4620083 M1","baseline",0.343235901299305,"87 baseline","14 baseline"
"5157","M1","C4620083","14","88","C4620083 M1","baseline",0.343065381887623,"88 baseline","14 baseline"
"5158","M1","C4620083","14","89","C4620083 M1","baseline",0.342922352578533,"89 baseline","14 baseline"
"5159","M1","C4620083","14","90","C4620083 M1","baseline",0.342904774822848,"90 baseline","14 baseline"
"5160","M1","C4620083","14","91","C4620083 M1","baseline",0.342849066337532,"91 baseline","14 baseline"
"5161","M1","C4620083","14","92","C4620083 M1","baseline",0.342680534034797,"92 baseline","14 baseline"
"5162","M1","C4620083","14","93","C4620083 M1","baseline",0.342452964220462,"93 baseline","14 baseline"
"5163","M1","C4620083","14","94","C4620083 M1","baseline",0.342189392255221,"94 baseline","14 baseline"
"5164","M1","C4620083","14","95","C4620083 M1","baseline",0.341734167807677,"95 baseline","14 baseline"
"5165","M1","C4620083","14","96","C4620083 M1","baseline",0.341279755296273,"96 baseline","14 baseline"
"5166","M1","C4620083","14","97","C4620083 M1","baseline",0.340796406856888,"97 baseline","14 baseline"
"5167","M1","C4620083","14","98","C4620083 M1","baseline",0.340724956528335,"98 baseline","14 baseline"
"5168","M1","C4620083","14","99","C4620083 M1","baseline",0.34033045557457,"99 baseline","14 baseline"
"5169","M1","C4620083","14","100","C4620083 M1","baseline",0.339970806481082,"100 baseline","14 baseline"
"5170","M1","C4620083","14","101","C4620083 M1","baseline",0.339950536471493,"101 baseline","14 baseline"
"5171","M1","C4620083","14","102","C4620083 M1","baseline",0.339773344975347,"102 baseline","14 baseline"
"5172","M1","C4620083","14","103","C4620083 M1","baseline",0.339417777668821,"103 baseline","14 baseline"
"5173","M1","C4620083","14","104","C4620083 M1","baseline",0.339319760830724,"104 baseline","14 baseline"
"5174","M1","C4620083","14","105","C4620083 M1","baseline",0.338712521279456,"105 baseline","14 baseline"
"5175","M1","C4620083","14","106","C4620083 M1","baseline",0.338700196848628,"106 baseline","14 baseline"
"5176","M1","C4620083","14","107","C4620083 M1","baseline",0.337201739723229,"107 baseline","14 baseline"
"5177","M1","C4620083","14","108","C4620083 M1","baseline",0.336846129663323,"108 baseline","14 baseline"
"5178","M1","C4620083","14","109","C4620083 M1","baseline",0.336717352156972,"109 baseline","14 baseline"
"5179","M1","C4620083","14","110","C4620083 M1","baseline",0.336607160932698,"110 baseline","14 baseline"
"5180","M1","C4620083","14","111","C4620083 M1","baseline",0.336484643277823,"111 baseline","14 baseline"
"5181","M1","C4620083","14","112","C4620083 M1","baseline",0.336368810410321,"112 baseline","14 baseline"
"5182","M1","C4620083","14","113","C4620083 M1","baseline",0.33632484776518,"113 baseline","14 baseline"
"5183","M1","C4620083","14","114","C4620083 M1","baseline",0.336174014852251,"114 baseline","14 baseline"
"5184","M1","C4620083","14","115","C4620083 M1","baseline",0.335787005579106,"115 baseline","14 baseline"
"5185","M1","C4620083","14","116","C4620083 M1","baseline",0.335302061287963,"116 baseline","14 baseline"
"5186","M1","C4620083","14","117","C4620083 M1","baseline",0.33525054301291,"117 baseline","14 baseline"
"5187","M1","C4620083","14","118","C4620083 M1","baseline",0.335222132699311,"118 baseline","14 baseline"
"5188","M1","C4620083","14","119","C4620083 M1","baseline",0.33467274895907,"119 baseline","14 baseline"
"5189","M1","C4620083","14","120","C4620083 M1","baseline",0.334420996388017,"120 baseline","14 baseline"
"5190","M1","C4620083","14","121","C4620083 M1","baseline",0.333614752204179,"121 baseline","14 baseline"
"5191","M1","C4620083","14","122","C4620083 M1","baseline",0.333503150122382,"122 baseline","14 baseline"
"5192","M1","C4620083","14","123","C4620083 M1","baseline",0.333196581969344,"123 baseline","14 baseline"
"5193","M1","C4620083","14","124","C4620083 M1","baseline",0.333170968755068,"124 baseline","14 baseline"
"5194","M1","C4620083","14","125","C4620083 M1","baseline",0.33280363325219,"125 baseline","14 baseline"
"5195","M1","C4620083","14","126","C4620083 M1","baseline",0.332748678193995,"126 baseline","14 baseline"
"5196","M1","C4620083","14","127","C4620083 M1","baseline",0.332727822153669,"127 baseline","14 baseline"
"5197","M1","C4620083","14","128","C4620083 M1","baseline",0.332523539617304,"128 baseline","14 baseline"
"5198","M1","C4620083","14","129","C4620083 M1","baseline",0.332377303007327,"129 baseline","14 baseline"
"5199","M1","C4620083","14","130","C4620083 M1","baseline",0.332354267811228,"130 baseline","14 baseline"
"5200","M1","C4620083","14","131","C4620083 M1","baseline",0.332023661773382,"131 baseline","14 baseline"
"5201","M1","C4620083","14","132","C4620083 M1","baseline",0.331891059309021,"132 baseline","14 baseline"
"5202","M1","C4620083","14","133","C4620083 M1","baseline",0.331423171005241,"133 baseline","14 baseline"
"5203","M1","C4620083","14","134","C4620083 M1","baseline",0.331350746453187,"134 baseline","14 baseline"
"5204","M1","C4620083","14","135","C4620083 M1","baseline",0.331086017363587,"135 baseline","14 baseline"
"5205","M1","C4620083","14","136","C4620083 M1","baseline",0.330825372767794,"136 baseline","14 baseline"
"5206","M1","C4620083","14","137","C4620083 M1","baseline",0.330584520688677,"137 baseline","14 baseline"
"5207","M1","C4620083","14","138","C4620083 M1","baseline",0.330404270542172,"138 baseline","14 baseline"
"5208","M1","C4620083","14","139","C4620083 M1","baseline",0.329926404598527,"139 baseline","14 baseline"
"5209","M1","C4620083","14","140","C4620083 M1","baseline",0.32990681715396,"140 baseline","14 baseline"
"5210","M1","C4620083","14","141","C4620083 M1","baseline",0.329621959988771,"141 baseline","14 baseline"
"5211","M1","C4620083","14","142","C4620083 M1","baseline",0.329575106129844,"142 baseline","14 baseline"
"5212","M1","C4620083","14","143","C4620083 M1","baseline",0.329477147377569,"143 baseline","14 baseline"
"5213","M1","C4620083","14","144","C4620083 M1","baseline",0.329420731444298,"144 baseline","14 baseline"
"5214","M1","C4620083","14","145","C4620083 M1","baseline",0.328940070591626,"145 baseline","14 baseline"
"5215","M1","C4620083","14","146","C4620083 M1","baseline",0.328799119547842,"146 baseline","14 baseline"
"5216","M1","C4620083","14","147","C4620083 M1","baseline",0.328633739106957,"147 baseline","14 baseline"
"5217","M1","C4620083","14","148","C4620083 M1","baseline",0.328189688380808,"148 baseline","14 baseline"
"5218","M1","C4620083","14","149","C4620083 M1","baseline",0.3267091438748,"149 baseline","14 baseline"
"5219","M1","C4620083","14","150","C4620083 M1","baseline",0.326241553864504,"150 baseline","14 baseline"
"5220","M1","C4620083","14","151","C4620083 M1","baseline",0.325997682629723,"151 baseline","14 baseline"
"5221","M1","C4620083","14","152","C4620083 M1","baseline",0.325836724543959,"152 baseline","14 baseline"
"5222","M1","C4620083","14","153","C4620083 M1","baseline",0.32508143321944,"153 baseline","14 baseline"
"5223","M1","C4620083","14","154","C4620083 M1","baseline",0.325043526993742,"154 baseline","14 baseline"
"5224","M1","C4620083","14","155","C4620083 M1","baseline",0.32473979351865,"155 baseline","14 baseline"
"5225","M1","C4620083","14","156","C4620083 M1","baseline",0.324107202048853,"156 baseline","14 baseline"
"5226","M1","C4620083","14","157","C4620083 M1","baseline",0.324057502681459,"157 baseline","14 baseline"
"5227","M1","C4620083","14","158","C4620083 M1","baseline",0.323771800944709,"158 baseline","14 baseline"
"5228","M1","C4620083","14","159","C4620083 M1","baseline",0.323689354048929,"159 baseline","14 baseline"
"5229","M1","C4620083","14","160","C4620083 M1","baseline",0.323625116897777,"160 baseline","14 baseline"
"5230","M1","C4620083","14","161","C4620083 M1","baseline",0.323577765493949,"161 baseline","14 baseline"
"5231","M1","C4620083","14","162","C4620083 M1","baseline",0.323568842816846,"162 baseline","14 baseline"
"5232","M1","C4620083","14","163","C4620083 M1","baseline",0.323366961983937,"163 baseline","14 baseline"
"5233","M1","C4620083","14","164","C4620083 M1","baseline",0.323358536247984,"164 baseline","14 baseline"
"5234","M1","C4620083","14","165","C4620083 M1","baseline",0.3231750739883,"165 baseline","14 baseline"
"5235","M1","C4620083","14","166","C4620083 M1","baseline",0.323104817850659,"166 baseline","14 baseline"
"5236","M1","C4620083","14","167","C4620083 M1","baseline",0.32259394023008,"167 baseline","14 baseline"
"5237","M1","C4620083","14","168","C4620083 M1","baseline",0.322587053565668,"168 baseline","14 baseline"
"5238","M1","C4620083","14","169","C4620083 M1","baseline",0.322463530586586,"169 baseline","14 baseline"
"5239","M1","C4620083","14","170","C4620083 M1","baseline",0.322337661223027,"170 baseline","14 baseline"
"5240","M1","C4620083","14","171","C4620083 M1","baseline",0.322195482227156,"171 baseline","14 baseline"
"5241","M1","C4620083","14","172","C4620083 M1","baseline",0.321799286191742,"172 baseline","14 baseline"
"5242","M1","C4620083","14","173","C4620083 M1","baseline",0.321609299037852,"173 baseline","14 baseline"
"5243","M1","C4620083","14","174","C4620083 M1","baseline",0.32148131831445,"174 baseline","14 baseline"
"5244","M1","C4620083","14","175","C4620083 M1","baseline",0.321311222993166,"175 baseline","14 baseline"
"5245","M1","C4620083","14","176","C4620083 M1","baseline",0.320796205582887,"176 baseline","14 baseline"
"5246","M1","C4620083","14","177","C4620083 M1","baseline",0.32013234711921,"177 baseline","14 baseline"
"5247","M1","C4620083","14","178","C4620083 M1","baseline",0.319966374846794,"178 baseline","14 baseline"
"5248","M1","C4620083","14","179","C4620083 M1","baseline",0.319951201955138,"179 baseline","14 baseline"
"5249","M1","C4620083","14","180","C4620083 M1","baseline",0.319714052322233,"180 baseline","14 baseline"
"5250","M1","C4620083","14","181","C4620083 M1","baseline",0.319585504545856,"181 baseline","14 baseline"
"5251","M1","C4620083","14","182","C4620083 M1","baseline",0.31957689979468,"182 baseline","14 baseline"
"5252","M1","C4620083","14","183","C4620083 M1","baseline",0.319478250428068,"183 baseline","14 baseline"
"5253","M1","C4620083","14","184","C4620083 M1","baseline",0.319084286654675,"184 baseline","14 baseline"
"5254","M1","C4620083","14","185","C4620083 M1","baseline",0.318996345432861,"185 baseline","14 baseline"
"5255","M1","C4620083","14","186","C4620083 M1","baseline",0.318728971304242,"186 baseline","14 baseline"
"5256","M1","C4620083","14","187","C4620083 M1","baseline",0.318665651980825,"187 baseline","14 baseline"
"5257","M1","C4620083","14","188","C4620083 M1","baseline",0.318628615953348,"188 baseline","14 baseline"
"5258","M1","C4620083","14","189","C4620083 M1","baseline",0.318412608711419,"189 baseline","14 baseline"
"5259","M1","C4620083","14","190","C4620083 M1","baseline",0.318223573039554,"190 baseline","14 baseline"
"5260","M1","C4620083","14","191","C4620083 M1","baseline",0.317831530535095,"191 baseline","14 baseline"
"5261","M1","C4620083","14","192","C4620083 M1","baseline",0.317317869901801,"192 baseline","14 baseline"
"5262","M1","C4620083","14","193","C4620083 M1","baseline",0.317179759601789,"193 baseline","14 baseline"
"5263","M1","C4620083","14","194","C4620083 M1","baseline",0.316857708709386,"194 baseline","14 baseline"
"5264","M1","C4620083","14","195","C4620083 M1","baseline",0.316715556703656,"195 baseline","14 baseline"
"5265","M1","C4620083","14","196","C4620083 M1","baseline",0.31649607503476,"196 baseline","14 baseline"
"5266","M1","C4620083","14","197","C4620083 M1","baseline",0.316455246667707,"197 baseline","14 baseline"
"5267","M1","C4620083","14","198","C4620083 M1","baseline",0.31592184875735,"198 baseline","14 baseline"
"5268","M1","C4620083","14","199","C4620083 M1","baseline",0.315676087807665,"199 baseline","14 baseline"
"5269","M1","C4620083","14","200","C4620083 M1","baseline",0.315247850613347,"200 baseline","14 baseline"
"5270","M1","C4620083","14","201","C4620083 M1","baseline",0.314778121164168,"201 baseline","14 baseline"
"5271","M1","C4620083","14","202","C4620083 M1","baseline",0.314518637987215,"202 baseline","14 baseline"
"5272","M1","C4620083","14","203","C4620083 M1","baseline",0.31428267510081,"203 baseline","14 baseline"
"5273","M1","C4620083","14","204","C4620083 M1","baseline",0.314275534087434,"204 baseline","14 baseline"
"5274","M1","C4620083","14","205","C4620083 M1","baseline",0.31389185859705,"205 baseline","14 baseline"
"5275","M1","C4620083","14","206","C4620083 M1","baseline",0.31376463295394,"206 baseline","14 baseline"
"5276","M1","C4620083","14","207","C4620083 M1","baseline",0.313534127081754,"207 baseline","14 baseline"
"5277","M1","C4620083","14","208","C4620083 M1","baseline",0.313302180072028,"208 baseline","14 baseline"
"5278","M1","C4620083","14","209","C4620083 M1","baseline",0.313187740294402,"209 baseline","14 baseline"
"5279","M1","C4620083","14","210","C4620083 M1","baseline",0.312886123759054,"210 baseline","14 baseline"
"5280","M1","C4620083","14","211","C4620083 M1","baseline",0.311988110991571,"211 baseline","14 baseline"
"5281","M1","C4620083","14","212","C4620083 M1","baseline",0.311972189972629,"212 baseline","14 baseline"
"5282","M1","C4620083","14","213","C4620083 M1","baseline",0.311723155278159,"213 baseline","14 baseline"
"5283","M1","C4620083","14","214","C4620083 M1","baseline",0.311532193385798,"214 baseline","14 baseline"
"5284","M1","C4620083","14","215","C4620083 M1","baseline",0.31084783905239,"215 baseline","14 baseline"
"5285","M1","C4620083","14","216","C4620083 M1","baseline",0.310332081680905,"216 baseline","14 baseline"
"5286","M1","C4620083","14","217","C4620083 M1","baseline",0.310331630156663,"217 baseline","14 baseline"
"5287","M1","C4620083","14","218","C4620083 M1","baseline",0.310101686992597,"218 baseline","14 baseline"
"5288","M1","C4620083","14","219","C4620083 M1","baseline",0.309537520014306,"219 baseline","14 baseline"
"5289","M1","C4620083","14","220","C4620083 M1","baseline",0.309331161716556,"220 baseline","14 baseline"
"5290","M1","C4620083","14","221","C4620083 M1","baseline",0.308849319558602,"221 baseline","14 baseline"
"5291","M1","C4620083","14","222","C4620083 M1","baseline",0.308576674249717,"222 baseline","14 baseline"
"5292","M1","C4620083","14","223","C4620083 M1","baseline",0.308432724765524,"223 baseline","14 baseline"
"5293","M1","C4620083","14","224","C4620083 M1","baseline",0.30835897463001,"224 baseline","14 baseline"
"5294","M1","C4620083","14","225","C4620083 M1","baseline",0.308212968196342,"225 baseline","14 baseline"
"5295","M1","C4620083","14","226","C4620083 M1","baseline",0.308107785139718,"226 baseline","14 baseline"
"5296","M1","C4620083","14","227","C4620083 M1","baseline",0.307985869640046,"227 baseline","14 baseline"
"5297","M1","C4620083","14","228","C4620083 M1","baseline",0.307733154468736,"228 baseline","14 baseline"
"5298","M1","C4620083","14","229","C4620083 M1","baseline",0.307581511759812,"229 baseline","14 baseline"
"5299","M1","C4620083","14","230","C4620083 M1","baseline",0.307334713737313,"230 baseline","14 baseline"
"5300","M1","C4620083","14","231","C4620083 M1","baseline",0.307133182195953,"231 baseline","14 baseline"
"5301","M1","C4620083","14","232","C4620083 M1","baseline",0.305663473621219,"232 baseline","14 baseline"
"5302","M1","C4620083","14","233","C4620083 M1","baseline",0.305613115864767,"233 baseline","14 baseline"
"5303","M1","C4620083","14","234","C4620083 M1","baseline",0.305418438473223,"234 baseline","14 baseline"
"5304","M1","C4620083","14","235","C4620083 M1","baseline",0.305338829037448,"235 baseline","14 baseline"
"5305","M1","C4620083","14","236","C4620083 M1","baseline",0.305055122897316,"236 baseline","14 baseline"
"5306","M1","C4620083","14","237","C4620083 M1","baseline",0.304945544737818,"237 baseline","14 baseline"
"5307","M1","C4620083","14","238","C4620083 M1","baseline",0.304444794419507,"238 baseline","14 baseline"
"5308","M1","C4620083","14","239","C4620083 M1","baseline",0.304438544644012,"239 baseline","14 baseline"
"5309","M1","C4620083","14","240","C4620083 M1","baseline",0.304244116304261,"240 baseline","14 baseline"
"5310","M1","C4620083","14","241","C4620083 M1","baseline",0.304153698099814,"241 baseline","14 baseline"
"5311","M1","C4620083","14","242","C4620083 M1","baseline",0.304148496041756,"242 baseline","14 baseline"
"5312","M1","C4620083","14","243","C4620083 M1","baseline",0.303612895079003,"243 baseline","14 baseline"
"5313","M1","C4620083","14","244","C4620083 M1","baseline",0.303610699335855,"244 baseline","14 baseline"
"5314","M1","C4620083","14","245","C4620083 M1","baseline",0.303608636051988,"245 baseline","14 baseline"
"5315","M1","C4620083","14","246","C4620083 M1","baseline",0.303606335486446,"246 baseline","14 baseline"
"5316","M1","C4620083","14","247","C4620083 M1","baseline",0.3034713496772,"247 baseline","14 baseline"
"5317","M1","C4620083","14","248","C4620083 M1","baseline",0.303409738999528,"248 baseline","14 baseline"
"5318","M1","C4620083","14","249","C4620083 M1","baseline",0.303389861939265,"249 baseline","14 baseline"
"5319","M1","C4620083","14","250","C4620083 M1","baseline",0.303263890371248,"250 baseline","14 baseline"
"5320","M1","C4620083","14","251","C4620083 M1","baseline",0.303160903359246,"251 baseline","14 baseline"
"5321","M1","C4620083","14","252","C4620083 M1","baseline",0.303035131756672,"252 baseline","14 baseline"
"5322","M1","C4620083","14","253","C4620083 M1","baseline",0.303014566685178,"253 baseline","14 baseline"
"5323","M1","C4620083","14","254","C4620083 M1","baseline",0.302566283130703,"254 baseline","14 baseline"
"5324","M1","C4620083","14","255","C4620083 M1","baseline",0.302148300036401,"255 baseline","14 baseline"
"5325","M1","C4620083","14","256","C4620083 M1","baseline",0.301994915829739,"256 baseline","14 baseline"
"5326","M1","C4620083","14","257","C4620083 M1","baseline",0.301975841115924,"257 baseline","14 baseline"
"5327","M1","C4620083","14","258","C4620083 M1","baseline",0.301971033581703,"258 baseline","14 baseline"
"5328","M1","C4620083","14","259","C4620083 M1","baseline",0.30173510161656,"259 baseline","14 baseline"
"5329","M1","C4620083","14","260","C4620083 M1","baseline",0.301732920917817,"260 baseline","14 baseline"
"5330","M1","C4620083","14","261","C4620083 M1","baseline",0.301581045727994,"261 baseline","14 baseline"
"5331","M1","C4620083","14","262","C4620083 M1","baseline",0.301015729901498,"262 baseline","14 baseline"
"5332","M1","C4620083","14","263","C4620083 M1","baseline",0.300837334414816,"263 baseline","14 baseline"
"5333","M1","C4620083","14","264","C4620083 M1","baseline",0.300776068199258,"264 baseline","14 baseline"
"5334","M1","C4620083","14","265","C4620083 M1","baseline",0.300513999121098,"265 baseline","14 baseline"
"5335","M1","C4620083","14","266","C4620083 M1","baseline",0.300335410732658,"266 baseline","14 baseline"
"5336","M1","C4620083","14","267","C4620083 M1","baseline",0.300292213569662,"267 baseline","14 baseline"
"5337","M1","C4620083","14","268","C4620083 M1","baseline",0.300181512026544,"268 baseline","14 baseline"
"5338","M1","C4620083","14","269","C4620083 M1","baseline",0.299997073767996,"269 baseline","14 baseline"
"5339","M1","C4620083","14","270","C4620083 M1","baseline",0.299664444320377,"270 baseline","14 baseline"
"5340","M1","C4620083","14","271","C4620083 M1","baseline",0.299507863018698,"271 baseline","14 baseline"
"5341","M1","C4620083","14","272","C4620083 M1","baseline",0.299364041673653,"272 baseline","14 baseline"
"5342","M1","C4620083","14","273","C4620083 M1","baseline",0.298982243964449,"273 baseline","14 baseline"
"5343","M1","C4620083","14","274","C4620083 M1","baseline",0.298810669241072,"274 baseline","14 baseline"
"5344","M1","C4620083","14","275","C4620083 M1","baseline",0.29879880334822,"275 baseline","14 baseline"
"5345","M1","C4620083","14","276","C4620083 M1","baseline",0.29793736367528,"276 baseline","14 baseline"
"5346","M1","C4620083","14","277","C4620083 M1","baseline",0.297742344052265,"277 baseline","14 baseline"
"5347","M1","C4620083","14","278","C4620083 M1","baseline",0.297678031905366,"278 baseline","14 baseline"
"5348","M1","C4620083","14","279","C4620083 M1","baseline",0.297410294670238,"279 baseline","14 baseline"
"5349","M1","C4620083","14","280","C4620083 M1","baseline",0.297248238315992,"280 baseline","14 baseline"
"5350","M1","C4620083","14","281","C4620083 M1","baseline",0.297170165644491,"281 baseline","14 baseline"
"5351","M1","C4620083","14","282","C4620083 M1","baseline",0.297150416049998,"282 baseline","14 baseline"
"5352","M1","C4620083","14","283","C4620083 M1","baseline",0.297046388277034,"283 baseline","14 baseline"
"5353","M1","C4620083","14","284","C4620083 M1","baseline",0.296907414730972,"284 baseline","14 baseline"
"5354","M1","C4620083","14","285","C4620083 M1","baseline",0.296339517044648,"285 baseline","14 baseline"
"5355","M1","C4620083","14","286","C4620083 M1","baseline",0.295884040344085,"286 baseline","14 baseline"
"5356","M1","C4620083","14","287","C4620083 M1","baseline",0.295857612476287,"287 baseline","14 baseline"
"5357","M1","C4620083","14","288","C4620083 M1","baseline",0.295769497849751,"288 baseline","14 baseline"
"5358","M1","C4620083","14","289","C4620083 M1","baseline",0.295353447485765,"289 baseline","14 baseline"
"5359","M1","C4620083","14","290","C4620083 M1","baseline",0.295328770521763,"290 baseline","14 baseline"
"5360","M1","C4620083","14","291","C4620083 M1","baseline",0.294985842062717,"291 baseline","14 baseline"
"5361","M1","C4620083","14","292","C4620083 M1","baseline",0.294926269350415,"292 baseline","14 baseline"
"5362","M1","C4620083","14","293","C4620083 M1","baseline",0.294918048120259,"293 baseline","14 baseline"
"5363","M1","C4620083","14","294","C4620083 M1","baseline",0.294687281434085,"294 baseline","14 baseline"
"5364","M1","C4620083","14","295","C4620083 M1","baseline",0.294437878080315,"295 baseline","14 baseline"
"5365","M1","C4620083","14","296","C4620083 M1","baseline",0.294329143728035,"296 baseline","14 baseline"
"5366","M1","C4620083","14","297","C4620083 M1","baseline",0.294242376260345,"297 baseline","14 baseline"
"5367","M1","C4620083","14","298","C4620083 M1","baseline",0.294033876177319,"298 baseline","14 baseline"
"5368","M1","C4620083","14","299","C4620083 M1","baseline",0.293979682152132,"299 baseline","14 baseline"
"5369","M1","C4620083","14","300","C4620083 M1","baseline",0.293237858127458,"300 baseline","14 baseline"
"5370","M1","C4620083","14","301","C4620083 M1","baseline",0.292913154793343,"301 baseline","14 baseline"
"5371","M1","C4620083","14","302","C4620083 M1","baseline",0.292677235347665,"302 baseline","14 baseline"
"5372","M1","C4620083","14","303","C4620083 M1","baseline",0.292615284664992,"303 baseline","14 baseline"
"5373","M1","C4620083","14","304","C4620083 M1","baseline",0.292555093066467,"304 baseline","14 baseline"
"5374","M1","C4620083","14","305","C4620083 M1","baseline",0.292287394681527,"305 baseline","14 baseline"
"5375","M1","C4620083","14","306","C4620083 M1","baseline",0.292085147689921,"306 baseline","14 baseline"
"5376","M1","C4620083","14","307","C4620083 M1","baseline",0.29178368453341,"307 baseline","14 baseline"
"5377","M1","C4620083","14","308","C4620083 M1","baseline",0.291391841765291,"308 baseline","14 baseline"
"5378","M1","C4620083","14","309","C4620083 M1","baseline",0.291154963326483,"309 baseline","14 baseline"
"5379","M1","C4620083","14","310","C4620083 M1","baseline",0.290945583968715,"310 baseline","14 baseline"
"5380","M1","C4620083","14","311","C4620083 M1","baseline",0.29091842795767,"311 baseline","14 baseline"
"5381","M1","C4620083","14","312","C4620083 M1","baseline",0.290910043730833,"312 baseline","14 baseline"
"5382","M1","C4620083","14","313","C4620083 M1","baseline",0.290608944473041,"313 baseline","14 baseline"
"5383","M1","C4620083","14","314","C4620083 M1","baseline",0.290574551520394,"314 baseline","14 baseline"
"5384","M1","C4620083","14","315","C4620083 M1","baseline",0.290357573743051,"315 baseline","14 baseline"
"5385","M1","C4620083","14","316","C4620083 M1","baseline",0.290166548441013,"316 baseline","14 baseline"
"5386","M1","C4620083","14","317","C4620083 M1","baseline",0.289942411479945,"317 baseline","14 baseline"
"5387","M1","C4620083","14","318","C4620083 M1","baseline",0.289655413071769,"318 baseline","14 baseline"
"5388","M1","C4620083","14","319","C4620083 M1","baseline",0.289386159106215,"319 baseline","14 baseline"
"5389","M1","C4620083","14","320","C4620083 M1","baseline",0.28901683383706,"320 baseline","14 baseline"
"5390","M1","C4620083","14","321","C4620083 M1","baseline",0.288989101299808,"321 baseline","14 baseline"
"5391","M1","C4620083","14","322","C4620083 M1","baseline",0.288855280612227,"322 baseline","14 baseline"
"5392","M1","C4620083","14","323","C4620083 M1","baseline",0.288853105992647,"323 baseline","14 baseline"
"5393","M1","C4620083","14","324","C4620083 M1","baseline",0.288849610299806,"324 baseline","14 baseline"
"5394","M1","C4620083","14","325","C4620083 M1","baseline",0.288841352441235,"325 baseline","14 baseline"
"5395","M1","C4620083","14","326","C4620083 M1","baseline",0.288458327310293,"326 baseline","14 baseline"
"5396","M1","C4620083","14","327","C4620083 M1","baseline",0.288115938006276,"327 baseline","14 baseline"
"5397","M1","C4620083","14","328","C4620083 M1","baseline",0.287997457354631,"328 baseline","14 baseline"
"5398","M1","C4620083","14","329","C4620083 M1","baseline",0.287888008298116,"329 baseline","14 baseline"
"5399","M1","C4620083","14","330","C4620083 M1","baseline",0.287878523297078,"330 baseline","14 baseline"
"5400","M1","C4620083","14","331","C4620083 M1","baseline",0.287832547728379,"331 baseline","14 baseline"
"5401","M1","C4620083","14","332","C4620083 M1","baseline",0.287514727319937,"332 baseline","14 baseline"
"5402","M1","C4620083","14","333","C4620083 M1","baseline",0.287478606172271,"333 baseline","14 baseline"
"5403","M1","C4620083","14","334","C4620083 M1","baseline",0.287330136650458,"334 baseline","14 baseline"
"5404","M1","C4620083","14","335","C4620083 M1","baseline",0.287321283690943,"335 baseline","14 baseline"
"5405","M1","C4620083","14","336","C4620083 M1","baseline",0.287190387618543,"336 baseline","14 baseline"
"5406","M1","C4620083","14","337","C4620083 M1","baseline",0.287136227922114,"337 baseline","14 baseline"
"5407","M1","C4620083","14","338","C4620083 M1","baseline",0.287101724154068,"338 baseline","14 baseline"
"5408","M1","C4620083","14","339","C4620083 M1","baseline",0.286891843455636,"339 baseline","14 baseline"
"5409","M1","C4620083","14","340","C4620083 M1","baseline",0.28679609537114,"340 baseline","14 baseline"
"5410","M1","C4620083","14","341","C4620083 M1","baseline",0.286058159003951,"341 baseline","14 baseline"
"5411","M1","C4620083","14","342","C4620083 M1","baseline",0.285698315755025,"342 baseline","14 baseline"
"5412","M1","C4620083","14","343","C4620083 M1","baseline",0.285676835436995,"343 baseline","14 baseline"
"5413","M1","C4620083","14","344","C4620083 M1","baseline",0.285665129134208,"344 baseline","14 baseline"
"5414","M1","C4620083","14","345","C4620083 M1","baseline",0.285513251139929,"345 baseline","14 baseline"
"5415","M1","C4620083","14","346","C4620083 M1","baseline",0.285504015076745,"346 baseline","14 baseline"
"5416","M1","C4620083","14","347","C4620083 M1","baseline",0.285407409483044,"347 baseline","14 baseline"
"5417","M1","C4620083","14","348","C4620083 M1","baseline",0.285367190931375,"348 baseline","14 baseline"
"5418","M1","C4620083","14","349","C4620083 M1","baseline",0.285290963899301,"349 baseline","14 baseline"
"5419","M1","C4620083","14","350","C4620083 M1","baseline",0.284611028226167,"350 baseline","14 baseline"
"5420","M1","C4620083","14","351","C4620083 M1","baseline",0.28455202235375,"351 baseline","14 baseline"
"5421","M1","C4620083","14","352","C4620083 M1","baseline",0.284439737943914,"352 baseline","14 baseline"
"5422","M1","C4620083","14","353","C4620083 M1","baseline",0.284101148142679,"353 baseline","14 baseline"
"5423","M1","C4620083","14","354","C4620083 M1","baseline",0.283191749608131,"354 baseline","14 baseline"
"5424","M1","C4620083","14","355","C4620083 M1","baseline",0.282627797451973,"355 baseline","14 baseline"
"5425","M1","C4620083","14","356","C4620083 M1","baseline",0.282305295516441,"356 baseline","14 baseline"
"5426","M1","C4620083","14","357","C4620083 M1","baseline",0.282245940649361,"357 baseline","14 baseline"
"5427","M1","C4620083","14","358","C4620083 M1","baseline",0.282176898361648,"358 baseline","14 baseline"
"5428","M1","C4620083","14","359","C4620083 M1","baseline",0.282016523059418,"359 baseline","14 baseline"
"5429","M1","C4620083","14","360","C4620083 M1","baseline",0.281916419098114,"360 baseline","14 baseline"
"5430","M1","C4620083","14","361","C4620083 M1","baseline",0.281838480024063,"361 baseline","14 baseline"
"5431","M1","C4620083","14","362","C4620083 M1","baseline",0.281818014032969,"362 baseline","14 baseline"
"5432","M1","C4620083","14","363","C4620083 M1","baseline",0.281016791911989,"363 baseline","14 baseline"
"5433","M1","C4620083","14","364","C4620083 M1","baseline",0.280725230326465,"364 baseline","14 baseline"
"5434","M1","C4620083","14","365","C4620083 M1","baseline",0.28070407656843,"365 baseline","14 baseline"
"5435","M1","C4620083","14","366","C4620083 M1","baseline",0.280580054358467,"366 baseline","14 baseline"
"5436","M1","C4620083","14","367","C4620083 M1","baseline",0.280547637227467,"367 baseline","14 baseline"
"5437","M1","C4620083","14","368","C4620083 M1","baseline",0.280453095128436,"368 baseline","14 baseline"
"5438","M1","C4620083","14","369","C4620083 M1","baseline",0.280411840175342,"369 baseline","14 baseline"
"5439","M1","C4620083","14","370","C4620083 M1","baseline",0.280251803323756,"370 baseline","14 baseline"
"5440","M1","C4620083","14","371","C4620083 M1","baseline",0.280065733132925,"371 baseline","14 baseline"
"5441","M1","C4620083","14","372","C4620083 M1","baseline",0.279992946544717,"372 baseline","14 baseline"
"5442","M1","C4620083","14","373","C4620083 M1","baseline",0.279750129791452,"373 baseline","14 baseline"
"5443","M1","C4620083","14","374","C4620083 M1","baseline",0.279473817553905,"374 baseline","14 baseline"
"5444","M1","C4620083","14","375","C4620083 M1","baseline",0.279319467056564,"375 baseline","14 baseline"
"5445","M1","C4620083","14","376","C4620083 M1","baseline",0.278969107939133,"376 baseline","14 baseline"
"5446","M1","C4620083","14","377","C4620083 M1","baseline",0.278820299276201,"377 baseline","14 baseline"
"5447","M1","C4620083","14","378","C4620083 M1","baseline",0.278715970535683,"378 baseline","14 baseline"
"5448","M1","C4620083","14","379","C4620083 M1","baseline",0.278592115013728,"379 baseline","14 baseline"
"5449","M1","C4620083","14","380","C4620083 M1","baseline",0.278491566439288,"380 baseline","14 baseline"
"5450","M1","C4620083","14","381","C4620083 M1","baseline",0.278471254002645,"381 baseline","14 baseline"
"5451","M1","C4620083","14","382","C4620083 M1","baseline",0.27817234441419,"382 baseline","14 baseline"
"5452","M1","C4620083","14","383","C4620083 M1","baseline",0.277799941325636,"383 baseline","14 baseline"
"5453","M1","C4620083","14","384","C4620083 M1","baseline",0.277776346241281,"384 baseline","14 baseline"
"5454","M1","C4620083","14","385","C4620083 M1","baseline",0.277579516011575,"385 baseline","14 baseline"
"5455","M1","C4620083","14","386","C4620083 M1","baseline",0.27752179742049,"386 baseline","14 baseline"
"5456","M1","C4620083","14","387","C4620083 M1","baseline",0.277342581311931,"387 baseline","14 baseline"
"5457","M1","C4620083","14","388","C4620083 M1","baseline",0.277121177700001,"388 baseline","14 baseline"
"5458","M1","C4620083","14","389","C4620083 M1","baseline",0.277040195720747,"389 baseline","14 baseline"
"5459","M1","C4620083","14","390","C4620083 M1","baseline",0.277026614936642,"390 baseline","14 baseline"
"5460","M1","C4620083","14","391","C4620083 M1","baseline",0.276750489843179,"391 baseline","14 baseline"
"5461","M1","C4620083","14","392","C4620083 M1","baseline",0.276093383451894,"392 baseline","14 baseline"
"5462","M1","C4620083","14","393","C4620083 M1","baseline",0.27550271186925,"393 baseline","14 baseline"
"5463","M1","C4620083","14","394","C4620083 M1","baseline",0.275010276818861,"394 baseline","14 baseline"
"5464","M1","C4620083","14","395","C4620083 M1","baseline",0.274992655973527,"395 baseline","14 baseline"
"5465","M1","C4620083","14","396","C4620083 M1","baseline",0.274924830322434,"396 baseline","14 baseline"
"5466","M1","C4620083","14","397","C4620083 M1","baseline",0.274686752194925,"397 baseline","14 baseline"
"5467","M1","C4620083","14","398","C4620083 M1","baseline",0.274368874327558,"398 baseline","14 baseline"
"5468","M1","C4620083","14","399","C4620083 M1","baseline",0.273887257723704,"399 baseline","14 baseline"
"5469","M1","C4620083","14","400","C4620083 M1","baseline",0.273506967107913,"400 baseline","14 baseline"
"5470","M1","C4620083","14","401","C4620083 M1","baseline",0.273396023351209,"401 baseline","14 baseline"
"5471","M1","C4620083","14","402","C4620083 M1","baseline",0.273180183803936,"402 baseline","14 baseline"
"5472","M1","C4620083","14","403","C4620083 M1","baseline",0.272993962634598,"403 baseline","14 baseline"
"5473","M1","C4620083","14","404","C4620083 M1","baseline",0.272961588319398,"404 baseline","14 baseline"
"5474","M1","C4620083","14","405","C4620083 M1","baseline",0.272831050625918,"405 baseline","14 baseline"
"5475","M1","C4620083","14","406","C4620083 M1","baseline",0.2727445305803,"406 baseline","14 baseline"
"5476","M1","C4620083","14","407","C4620083 M1","baseline",0.272544919244668,"407 baseline","14 baseline"
"5477","M1","C4620083","14","408","C4620083 M1","baseline",0.272497578203482,"408 baseline","14 baseline"
"5478","M1","C4620083","14","409","C4620083 M1","baseline",0.272090556154213,"409 baseline","14 baseline"
"5479","M1","C4620083","14","410","C4620083 M1","baseline",0.271992773357423,"410 baseline","14 baseline"
"5480","M1","C4620083","14","411","C4620083 M1","baseline",0.271664181727364,"411 baseline","14 baseline"
"5481","M1","C4620083","14","412","C4620083 M1","baseline",0.271606895265383,"412 baseline","14 baseline"
"5482","M1","C4620083","14","413","C4620083 M1","baseline",0.271253367228076,"413 baseline","14 baseline"
"5483","M1","C4620083","14","414","C4620083 M1","baseline",0.270584558012333,"414 baseline","14 baseline"
"5484","M1","C4620083","14","415","C4620083 M1","baseline",0.270354697783363,"415 baseline","14 baseline"
"5485","M1","C4620083","14","416","C4620083 M1","baseline",0.270165858092242,"416 baseline","14 baseline"
"5486","M1","C4620083","14","417","C4620083 M1","baseline",0.269534519262687,"417 baseline","14 baseline"
"5487","M1","C4620083","14","418","C4620083 M1","baseline",0.269287148985486,"418 baseline","14 baseline"
"5488","M1","C4620083","14","419","C4620083 M1","baseline",0.269071166399177,"419 baseline","14 baseline"
"5489","M1","C4620083","14","420","C4620083 M1","baseline",0.268800512888702,"420 baseline","14 baseline"
"5490","M1","C4620083","14","421","C4620083 M1","baseline",0.26851110464146,"421 baseline","14 baseline"
"5491","M1","C4620083","14","422","C4620083 M1","baseline",0.268247322779159,"422 baseline","14 baseline"
"5492","M1","C4620083","14","423","C4620083 M1","baseline",0.268165155844091,"423 baseline","14 baseline"
"5493","M1","C4620083","14","424","C4620083 M1","baseline",0.26792828186947,"424 baseline","14 baseline"
"5494","M1","C4620083","14","425","C4620083 M1","baseline",0.267786587982968,"425 baseline","14 baseline"
"5495","M1","C4620083","14","426","C4620083 M1","baseline",0.266321365519806,"426 baseline","14 baseline"
"5496","M1","C4620083","14","427","C4620083 M1","baseline",0.26603690792137,"427 baseline","14 baseline"
"5497","M1","C4620083","14","428","C4620083 M1","baseline",0.26592650173644,"428 baseline","14 baseline"
"5498","M1","C4620083","14","429","C4620083 M1","baseline",0.265252988021066,"429 baseline","14 baseline"
"5499","M1","C4620083","14","430","C4620083 M1","baseline",0.265105025076954,"430 baseline","14 baseline"
"5500","M1","C4620083","14","431","C4620083 M1","baseline",0.264885707552129,"431 baseline","14 baseline"
"5501","M1","C4620083","14","432","C4620083 M1","baseline",0.264830405126528,"432 baseline","14 baseline"
"5502","M1","C4620083","14","433","C4620083 M1","baseline",0.264757652773427,"433 baseline","14 baseline"
"5503","M1","C4620083","14","434","C4620083 M1","baseline",0.264601922035097,"434 baseline","14 baseline"
"5504","M1","C4620083","14","435","C4620083 M1","baseline",0.264486532424643,"435 baseline","14 baseline"
"5505","M1","C4620083","14","436","C4620083 M1","baseline",0.264264964622613,"436 baseline","14 baseline"
"5506","M1","C4620083","14","437","C4620083 M1","baseline",0.264182116915054,"437 baseline","14 baseline"
"5507","M1","C4620083","14","438","C4620083 M1","baseline",0.263923550514287,"438 baseline","14 baseline"
"5508","M1","C4620083","14","439","C4620083 M1","baseline",0.263888440907629,"439 baseline","14 baseline"
"5509","M1","C4620083","14","440","C4620083 M1","baseline",0.263544044622773,"440 baseline","14 baseline"
"5510","M1","C4620083","14","441","C4620083 M1","baseline",0.263055337910632,"441 baseline","14 baseline"
"5511","M1","C4620083","14","442","C4620083 M1","baseline",0.26299516769096,"442 baseline","14 baseline"
"5512","M1","C4620083","14","443","C4620083 M1","baseline",0.262907968607501,"443 baseline","14 baseline"
"5513","M1","C4620083","14","444","C4620083 M1","baseline",0.26290321375547,"444 baseline","14 baseline"
"5514","M1","C4620083","14","445","C4620083 M1","baseline",0.262826357274791,"445 baseline","14 baseline"
"5515","M1","C4620083","14","446","C4620083 M1","baseline",0.262462502327115,"446 baseline","14 baseline"
"5516","M1","C4620083","14","447","C4620083 M1","baseline",0.262136432158664,"447 baseline","14 baseline"
"5517","M1","C4620083","14","448","C4620083 M1","baseline",0.262046541151658,"448 baseline","14 baseline"
"5518","M1","C4620083","14","449","C4620083 M1","baseline",0.261751288662566,"449 baseline","14 baseline"
"5519","M1","C4620083","14","450","C4620083 M1","baseline",0.261476123292853,"450 baseline","14 baseline"
"5520","M1","C4620083","14","451","C4620083 M1","baseline",0.261459601559465,"451 baseline","14 baseline"
"5521","M1","C4620083","14","452","C4620083 M1","baseline",0.261245091168411,"452 baseline","14 baseline"
"5522","M1","C4620083","14","453","C4620083 M1","baseline",0.260730343445906,"453 baseline","14 baseline"
"5523","M1","C4620083","14","454","C4620083 M1","baseline",0.260699995930843,"454 baseline","14 baseline"
"5524","M1","C4620083","14","455","C4620083 M1","baseline",0.260606367109338,"455 baseline","14 baseline"
"5525","M1","C4620083","14","456","C4620083 M1","baseline",0.260574406800513,"456 baseline","14 baseline"
"5526","M1","C4620083","14","457","C4620083 M1","baseline",0.260393197268447,"457 baseline","14 baseline"
"5527","M1","C4620083","14","458","C4620083 M1","baseline",0.259715028414977,"458 baseline","14 baseline"
"5528","M1","C4620083","14","459","C4620083 M1","baseline",0.259681164415809,"459 baseline","14 baseline"
"5529","M1","C4620083","14","460","C4620083 M1","baseline",0.259604068838156,"460 baseline","14 baseline"
"5530","M1","C4620083","14","461","C4620083 M1","baseline",0.259474949857949,"461 baseline","14 baseline"
"5531","M1","C4620083","14","462","C4620083 M1","baseline",0.259474427205402,"462 baseline","14 baseline"
"5532","M1","C4620083","14","463","C4620083 M1","baseline",0.259391955716939,"463 baseline","14 baseline"
"5533","M1","C4620083","14","464","C4620083 M1","baseline",0.259352867101152,"464 baseline","14 baseline"
"5534","M1","C4620083","14","465","C4620083 M1","baseline",0.259317439445502,"465 baseline","14 baseline"
"5535","M1","C4620083","14","466","C4620083 M1","baseline",0.25882212448875,"466 baseline","14 baseline"
"5536","M1","C4620083","14","467","C4620083 M1","baseline",0.258401926105663,"467 baseline","14 baseline"
"5537","M1","C4620083","14","468","C4620083 M1","baseline",0.258397477130097,"468 baseline","14 baseline"
"5538","M1","C4620083","14","469","C4620083 M1","baseline",0.258298913498476,"469 baseline","14 baseline"
"5539","M1","C4620083","14","470","C4620083 M1","baseline",0.258150203819753,"470 baseline","14 baseline"
"5540","M1","C4620083","14","471","C4620083 M1","baseline",0.257937990958016,"471 baseline","14 baseline"
"5541","M1","C4620083","14","472","C4620083 M1","baseline",0.257332712901525,"472 baseline","14 baseline"
"5542","M1","C4620083","14","473","C4620083 M1","baseline",0.257052392348405,"473 baseline","14 baseline"
"5543","M1","C4620083","14","474","C4620083 M1","baseline",0.256983413067949,"474 baseline","14 baseline"
"5544","M1","C4620083","14","475","C4620083 M1","baseline",0.256886071570029,"475 baseline","14 baseline"
"5545","M1","C4620083","14","476","C4620083 M1","baseline",0.256629349055631,"476 baseline","14 baseline"
"5546","M1","C4620083","14","477","C4620083 M1","baseline",0.256333187891842,"477 baseline","14 baseline"
"5547","M1","C4620083","14","478","C4620083 M1","baseline",0.256061438360184,"478 baseline","14 baseline"
"5548","M1","C4620083","14","479","C4620083 M1","baseline",0.256005699890644,"479 baseline","14 baseline"
"5549","M1","C4620083","14","480","C4620083 M1","baseline",0.255524091909186,"480 baseline","14 baseline"
"5550","M1","C4620083","14","481","C4620083 M1","baseline",0.255512907135248,"481 baseline","14 baseline"
"5551","M1","C4620083","14","482","C4620083 M1","baseline",0.255493930803539,"482 baseline","14 baseline"
"5552","M1","C4620083","14","483","C4620083 M1","baseline",0.255416816836979,"483 baseline","14 baseline"
"5553","M1","C4620083","14","484","C4620083 M1","baseline",0.255375373544968,"484 baseline","14 baseline"
"5554","M1","C4620083","14","485","C4620083 M1","baseline",0.255212852111504,"485 baseline","14 baseline"
"5555","M1","C4620083","14","486","C4620083 M1","baseline",0.255079338406708,"486 baseline","14 baseline"
"5556","M1","C4620083","14","487","C4620083 M1","baseline",0.254681696127399,"487 baseline","14 baseline"
"5557","M1","C4620083","14","488","C4620083 M1","baseline",0.254666484210832,"488 baseline","14 baseline"
"5558","M1","C4620083","14","489","C4620083 M1","baseline",0.254488379602227,"489 baseline","14 baseline"
"5559","M1","C4620083","14","490","C4620083 M1","baseline",0.254452885726913,"490 baseline","14 baseline"
"5560","M1","C4620083","14","491","C4620083 M1","baseline",0.254417339780042,"491 baseline","14 baseline"
"5561","M1","C4620083","14","492","C4620083 M1","baseline",0.254417176466818,"492 baseline","14 baseline"
"5562","M1","C4620083","14","493","C4620083 M1","baseline",0.254192677899032,"493 baseline","14 baseline"
"5563","M1","C4620083","14","494","C4620083 M1","baseline",0.253763718661256,"494 baseline","14 baseline"
"5564","M1","C4620083","14","495","C4620083 M1","baseline",0.253719290084414,"495 baseline","14 baseline"
"5565","M1","C4620083","14","496","C4620083 M1","baseline",0.253669822191761,"496 baseline","14 baseline"
"5566","M1","C4620083","14","497","C4620083 M1","baseline",0.253258423447387,"497 baseline","14 baseline"
"5567","M1","C4620083","14","498","C4620083 M1","baseline",0.253203506218963,"498 baseline","14 baseline"
"5568","M1","C4620083","14","499","C4620083 M1","baseline",0.252983187699833,"499 baseline","14 baseline"
"5569","M1","C4620083","14","500","C4620083 M1","baseline",0.252924359324844,"500 baseline","14 baseline"
"5570","M1","C4620083","14","501","C4620083 M1","baseline",0.252893095727982,"501 baseline","14 baseline"
"5571","M1","C4620083","14","502","C4620083 M1","baseline",0.25283709252791,"502 baseline","14 baseline"
"5572","M1","C4620083","14","503","C4620083 M1","baseline",0.25278449443494,"503 baseline","14 baseline"
"5573","M1","C4620083","14","504","C4620083 M1","baseline",0.252767970640076,"504 baseline","14 baseline"
"5574","M1","C4620083","14","505","C4620083 M1","baseline",0.25259712632755,"505 baseline","14 baseline"
"5575","M1","C4620083","14","506","C4620083 M1","baseline",0.252553214075372,"506 baseline","14 baseline"
"5576","M1","C4620083","14","507","C4620083 M1","baseline",0.252267327232538,"507 baseline","14 baseline"
"5577","M1","C4620083","14","508","C4620083 M1","baseline",0.252243257667374,"508 baseline","14 baseline"
"5578","M1","C4620083","14","509","C4620083 M1","baseline",0.251848190264689,"509 baseline","14 baseline"
"5579","M1","C4620083","14","510","C4620083 M1","baseline",0.251274015756891,"510 baseline","14 baseline"
"5580","M1","C4620083","14","511","C4620083 M1","baseline",0.251183222299749,"511 baseline","14 baseline"
"5581","M1","C4620083","14","512","C4620083 M1","baseline",0.251127505055484,"512 baseline","14 baseline"
"5582","M1","C4620083","14","513","C4620083 M1","baseline",0.251052044127536,"513 baseline","14 baseline"
"5583","M1","C4620083","14","514","C4620083 M1","baseline",0.250501818196886,"514 baseline","14 baseline"
"5584","M1","C4620083","14","515","C4620083 M1","baseline",0.250397451903834,"515 baseline","14 baseline"
"5585","M1","C4620083","14","516","C4620083 M1","baseline",0.249436571326883,"516 baseline","14 baseline"
"5586","M1","C4620083","14","517","C4620083 M1","baseline",0.249372450514829,"517 baseline","14 baseline"
"5587","M1","C4620083","14","518","C4620083 M1","baseline",0.249335685313098,"518 baseline","14 baseline"
"5588","M1","C4620083","14","519","C4620083 M1","baseline",0.249280254425837,"519 baseline","14 baseline"
"5589","M1","C4620083","14","520","C4620083 M1","baseline",0.249027983310317,"520 baseline","14 baseline"
"5590","M1","C4620083","14","521","C4620083 M1","baseline",0.248813272935637,"521 baseline","14 baseline"
"5591","M1","C4620083","14","522","C4620083 M1","baseline",0.248758719769221,"522 baseline","14 baseline"
"5592","M1","C4620083","14","523","C4620083 M1","baseline",0.248644420095484,"523 baseline","14 baseline"
"5593","M1","C4620083","14","524","C4620083 M1","baseline",0.248624502225242,"524 baseline","14 baseline"
"5594","M1","C4620083","14","525","C4620083 M1","baseline",0.248491552597603,"525 baseline","14 baseline"
"5595","M1","C4620083","14","526","C4620083 M1","baseline",0.24817602954755,"526 baseline","14 baseline"
"5596","M1","C4620083","14","527","C4620083 M1","baseline",0.248101980732475,"527 baseline","14 baseline"
"5597","M1","C4620083","14","528","C4620083 M1","baseline",0.248059858494598,"528 baseline","14 baseline"
"5598","M1","C4620083","14","529","C4620083 M1","baseline",0.247961722631111,"529 baseline","14 baseline"
"5599","M1","C4620083","14","530","C4620083 M1","baseline",0.247876792520285,"530 baseline","14 baseline"
"5600","M1","C4620083","14","531","C4620083 M1","baseline",0.247869111931653,"531 baseline","14 baseline"
"5601","M1","C4620083","14","532","C4620083 M1","baseline",0.247828866517277,"532 baseline","14 baseline"
"5602","M1","C4620083","14","533","C4620083 M1","baseline",0.247772681754374,"533 baseline","14 baseline"
"5603","M1","C4620083","14","534","C4620083 M1","baseline",0.247513249293298,"534 baseline","14 baseline"
"5604","M1","C4620083","14","535","C4620083 M1","baseline",0.247247300818892,"535 baseline","14 baseline"
"5605","M1","C4620083","14","536","C4620083 M1","baseline",0.246945237592306,"536 baseline","14 baseline"
"5606","M1","C4620083","14","537","C4620083 M1","baseline",0.246222753220356,"537 baseline","14 baseline"
"5607","M1","C4620083","14","538","C4620083 M1","baseline",0.245066002328461,"538 baseline","14 baseline"
"5608","M1","C4620083","14","539","C4620083 M1","baseline",0.244998647300883,"539 baseline","14 baseline"
"5609","M1","C4620083","14","540","C4620083 M1","baseline",0.244941061660245,"540 baseline","14 baseline"
"5610","M1","C4620083","14","541","C4620083 M1","baseline",0.244878576425671,"541 baseline","14 baseline"
"5611","M1","C4620083","14","542","C4620083 M1","baseline",0.244855649095207,"542 baseline","14 baseline"
"5612","M1","C4620083","14","543","C4620083 M1","baseline",0.24417569466389,"543 baseline","14 baseline"
"5613","M1","C4620083","14","544","C4620083 M1","baseline",0.244085242736304,"544 baseline","14 baseline"
"5614","M1","C4620083","14","545","C4620083 M1","baseline",0.243971948838459,"545 baseline","14 baseline"
"5615","M1","C4620083","14","546","C4620083 M1","baseline",0.243924694009358,"546 baseline","14 baseline"
"5616","M1","C4620083","14","547","C4620083 M1","baseline",0.243606406815068,"547 baseline","14 baseline"
"5617","M1","C4620083","14","548","C4620083 M1","baseline",0.243362928100477,"548 baseline","14 baseline"
"5618","M1","C4620083","14","549","C4620083 M1","baseline",0.243314801713911,"549 baseline","14 baseline"
"5619","M1","C4620083","14","550","C4620083 M1","baseline",0.242823641698311,"550 baseline","14 baseline"
"5620","M1","C4620083","14","551","C4620083 M1","baseline",0.242644870500065,"551 baseline","14 baseline"
"5621","M1","C4620083","14","552","C4620083 M1","baseline",0.242621149732699,"552 baseline","14 baseline"
"5622","M1","C4620083","14","553","C4620083 M1","baseline",0.242306792412391,"553 baseline","14 baseline"
"5623","M1","C4620083","14","554","C4620083 M1","baseline",0.242227363991515,"554 baseline","14 baseline"
"5624","M1","C4620083","14","555","C4620083 M1","baseline",0.242053176043579,"555 baseline","14 baseline"
"5625","M1","C4620083","14","556","C4620083 M1","baseline",0.24204937600133,"556 baseline","14 baseline"
"5626","M1","C4620083","14","557","C4620083 M1","baseline",0.241817519172305,"557 baseline","14 baseline"
"5627","M1","C4620083","14","558","C4620083 M1","baseline",0.241767695140065,"558 baseline","14 baseline"
"5628","M1","C4620083","14","559","C4620083 M1","baseline",0.241609791628923,"559 baseline","14 baseline"
"5629","M1","C4620083","14","560","C4620083 M1","baseline",0.241276380467961,"560 baseline","14 baseline"
"5630","M1","C4620083","14","561","C4620083 M1","baseline",0.241194576801604,"561 baseline","14 baseline"
"5631","M1","C4620083","14","562","C4620083 M1","baseline",0.240585114236813,"562 baseline","14 baseline"
"5632","M1","C4620083","14","563","C4620083 M1","baseline",0.240144695931278,"563 baseline","14 baseline"
"5633","M1","C4620083","14","564","C4620083 M1","baseline",0.240097682171072,"564 baseline","14 baseline"
"5634","M1","C4620083","14","565","C4620083 M1","baseline",0.239405271366436,"565 baseline","14 baseline"
"5635","M1","C4620083","14","566","C4620083 M1","baseline",0.239205801286315,"566 baseline","14 baseline"
"5636","M1","C4620083","14","567","C4620083 M1","baseline",0.239025495589886,"567 baseline","14 baseline"
"5637","M1","C4620083","14","568","C4620083 M1","baseline",0.238957201489833,"568 baseline","14 baseline"
"5638","M1","C4620083","14","569","C4620083 M1","baseline",0.23882841400946,"569 baseline","14 baseline"
"5639","M1","C4620083","14","570","C4620083 M1","baseline",0.238707041867995,"570 baseline","14 baseline"
"5640","M1","C4620083","14","571","C4620083 M1","baseline",0.238324169373276,"571 baseline","14 baseline"
"5641","M1","C4620083","14","572","C4620083 M1","baseline",0.238315758938983,"572 baseline","14 baseline"
"5642","M1","C4620083","14","573","C4620083 M1","baseline",0.237355664449081,"573 baseline","14 baseline"
"5643","M1","C4620083","14","574","C4620083 M1","baseline",0.237177805415299,"574 baseline","14 baseline"
"5644","M1","C4620083","14","575","C4620083 M1","baseline",0.236834769666753,"575 baseline","14 baseline"
"5645","M1","C4620083","14","576","C4620083 M1","baseline",0.236723536278411,"576 baseline","14 baseline"
"5646","M1","C4620083","14","577","C4620083 M1","baseline",0.236344228274171,"577 baseline","14 baseline"
"5647","M1","C4620083","14","578","C4620083 M1","baseline",0.236321174721614,"578 baseline","14 baseline"
"5648","M1","C4620083","14","579","C4620083 M1","baseline",0.235912437524176,"579 baseline","14 baseline"
"5649","M1","C4620083","14","580","C4620083 M1","baseline",0.235872985941377,"580 baseline","14 baseline"
"5650","M1","C4620083","14","581","C4620083 M1","baseline",0.235866749756187,"581 baseline","14 baseline"
"5651","M1","C4620083","14","582","C4620083 M1","baseline",0.235404310892219,"582 baseline","14 baseline"
"5652","M1","C4620083","14","583","C4620083 M1","baseline",0.235243523591259,"583 baseline","14 baseline"
"5653","M1","C4620083","14","584","C4620083 M1","baseline",0.235007894555401,"584 baseline","14 baseline"
"5654","M1","C4620083","14","585","C4620083 M1","baseline",0.234840863750075,"585 baseline","14 baseline"
"5655","M1","C4620083","14","586","C4620083 M1","baseline",0.234522026080894,"586 baseline","14 baseline"
"5656","M1","C4620083","14","587","C4620083 M1","baseline",0.234056212301585,"587 baseline","14 baseline"
"5657","M1","C4620083","14","588","C4620083 M1","baseline",0.233643668313225,"588 baseline","14 baseline"
"5658","M1","C4620083","14","589","C4620083 M1","baseline",0.233553825482072,"589 baseline","14 baseline"
"5659","M1","C4620083","14","590","C4620083 M1","baseline",0.233257835367143,"590 baseline","14 baseline"
"5660","M1","C4620083","14","591","C4620083 M1","baseline",0.23310386959569,"591 baseline","14 baseline"
"5661","M1","C4620083","14","592","C4620083 M1","baseline",0.23306436480513,"592 baseline","14 baseline"
"5662","M1","C4620083","14","593","C4620083 M1","baseline",0.232840501925398,"593 baseline","14 baseline"
"5663","M1","C4620083","14","594","C4620083 M1","baseline",0.232274987314517,"594 baseline","14 baseline"
"5664","M1","C4620083","14","595","C4620083 M1","baseline",0.231655670368121,"595 baseline","14 baseline"
"5665","M1","C4620083","14","596","C4620083 M1","baseline",0.231530523061923,"596 baseline","14 baseline"
"5666","M1","C4620083","14","597","C4620083 M1","baseline",0.231443791677055,"597 baseline","14 baseline"
"5667","M1","C4620083","14","598","C4620083 M1","baseline",0.231116072393181,"598 baseline","14 baseline"
"5668","M1","C4620083","14","599","C4620083 M1","baseline",0.231050483470447,"599 baseline","14 baseline"
"5669","M1","C4620083","14","600","C4620083 M1","baseline",0.230965377433883,"600 baseline","14 baseline"
"5670","M1","C4620083","14","601","C4620083 M1","baseline",0.230885267868234,"601 baseline","14 baseline"
"5671","M1","C4620083","14","602","C4620083 M1","baseline",0.230739926807704,"602 baseline","14 baseline"
"5672","M1","C4620083","14","603","C4620083 M1","baseline",0.230552972764408,"603 baseline","14 baseline"
"5673","M1","C4620083","14","604","C4620083 M1","baseline",0.230541298123309,"604 baseline","14 baseline"
"5674","M1","C4620083","14","605","C4620083 M1","baseline",0.230265588028364,"605 baseline","14 baseline"
"5675","M1","C4620083","14","606","C4620083 M1","baseline",0.230063014538586,"606 baseline","14 baseline"
"5676","M1","C4620083","14","607","C4620083 M1","baseline",0.229888708597207,"607 baseline","14 baseline"
"5677","M1","C4620083","14","608","C4620083 M1","baseline",0.229742818402621,"608 baseline","14 baseline"
"5678","M1","C4620083","14","609","C4620083 M1","baseline",0.22964800876073,"609 baseline","14 baseline"
"5679","M1","C4620083","14","610","C4620083 M1","baseline",0.229384165373677,"610 baseline","14 baseline"
"5680","M1","C4620083","14","611","C4620083 M1","baseline",0.229192019573499,"611 baseline","14 baseline"
"5681","M1","C4620083","14","612","C4620083 M1","baseline",0.22916659473581,"612 baseline","14 baseline"
"5682","M1","C4620083","14","613","C4620083 M1","baseline",0.228665216172765,"613 baseline","14 baseline"
"5683","M1","C4620083","14","614","C4620083 M1","baseline",0.228485058051341,"614 baseline","14 baseline"
"5684","M1","C4620083","14","615","C4620083 M1","baseline",0.22822155015989,"615 baseline","14 baseline"
"5685","M1","C4620083","14","616","C4620083 M1","baseline",0.228079766078353,"616 baseline","14 baseline"
"5686","M1","C4620083","14","617","C4620083 M1","baseline",0.2278717248407,"617 baseline","14 baseline"
"5687","M1","C4620083","14","618","C4620083 M1","baseline",0.227761255327824,"618 baseline","14 baseline"
"5688","M1","C4620083","14","619","C4620083 M1","baseline",0.227481544411226,"619 baseline","14 baseline"
"5689","M1","C4620083","14","620","C4620083 M1","baseline",0.22746854066491,"620 baseline","14 baseline"
"5690","M1","C4620083","14","621","C4620083 M1","baseline",0.226907956395617,"621 baseline","14 baseline"
"5691","M1","C4620083","14","622","C4620083 M1","baseline",0.226906704156436,"622 baseline","14 baseline"
"5692","M1","C4620083","14","623","C4620083 M1","baseline",0.226632202391512,"623 baseline","14 baseline"
"5693","M1","C4620083","14","624","C4620083 M1","baseline",0.226358085310237,"624 baseline","14 baseline"
"5694","M1","C4620083","14","625","C4620083 M1","baseline",0.226358030454953,"625 baseline","14 baseline"
"5695","M1","C4620083","14","626","C4620083 M1","baseline",0.226245624109884,"626 baseline","14 baseline"
"5696","M1","C4620083","14","627","C4620083 M1","baseline",0.226187458778448,"627 baseline","14 baseline"
"5697","M1","C4620083","14","628","C4620083 M1","baseline",0.226182581116538,"628 baseline","14 baseline"
"5698","M1","C4620083","14","629","C4620083 M1","baseline",0.225677127535299,"629 baseline","14 baseline"
"5699","M1","C4620083","14","630","C4620083 M1","baseline",0.225508531862989,"630 baseline","14 baseline"
"5700","M1","C4620083","14","631","C4620083 M1","baseline",0.224827303755379,"631 baseline","14 baseline"
"5701","M1","C4620083","14","632","C4620083 M1","baseline",0.224700937159139,"632 baseline","14 baseline"
"5702","M1","C4620083","14","633","C4620083 M1","baseline",0.224085991111968,"633 baseline","14 baseline"
"5703","M1","C4620083","14","634","C4620083 M1","baseline",0.224044179559305,"634 baseline","14 baseline"
"5704","M1","C4620083","14","635","C4620083 M1","baseline",0.224007139631543,"635 baseline","14 baseline"
"5705","M1","C4620083","14","636","C4620083 M1","baseline",0.223948501567791,"636 baseline","14 baseline"
"5706","M1","C4620083","14","637","C4620083 M1","baseline",0.223214672718412,"637 baseline","14 baseline"
"5707","M1","C4620083","14","638","C4620083 M1","baseline",0.222947628635131,"638 baseline","14 baseline"
"5708","M1","C4620083","14","639","C4620083 M1","baseline",0.222558751733051,"639 baseline","14 baseline"
"5709","M1","C4620083","14","640","C4620083 M1","baseline",0.222149167621035,"640 baseline","14 baseline"
"5710","M1","C4620083","14","641","C4620083 M1","baseline",0.221865292473367,"641 baseline","14 baseline"
"5711","M1","C4620083","14","642","C4620083 M1","baseline",0.221715398393746,"642 baseline","14 baseline"
"5712","M1","C4620083","14","643","C4620083 M1","baseline",0.221651712582906,"643 baseline","14 baseline"
"5713","M1","C4620083","14","644","C4620083 M1","baseline",0.221551923048922,"644 baseline","14 baseline"
"5714","M1","C4620083","14","645","C4620083 M1","baseline",0.221202711839494,"645 baseline","14 baseline"
"5715","M1","C4620083","14","646","C4620083 M1","baseline",0.221036635678611,"646 baseline","14 baseline"
"5716","M1","C4620083","14","647","C4620083 M1","baseline",0.220460225340297,"647 baseline","14 baseline"
"5717","M1","C4620083","14","648","C4620083 M1","baseline",0.220071603784414,"648 baseline","14 baseline"
"5718","M1","C4620083","14","649","C4620083 M1","baseline",0.220031760320019,"649 baseline","14 baseline"
"5719","M1","C4620083","14","650","C4620083 M1","baseline",0.219977384472431,"650 baseline","14 baseline"
"5720","M1","C4620083","14","651","C4620083 M1","baseline",0.219926875979747,"651 baseline","14 baseline"
"5721","M1","C4620083","14","652","C4620083 M1","baseline",0.219801864112937,"652 baseline","14 baseline"
"5722","M1","C4620083","14","653","C4620083 M1","baseline",0.219651327877219,"653 baseline","14 baseline"
"5723","M1","C4620083","14","654","C4620083 M1","baseline",0.219635354406499,"654 baseline","14 baseline"
"5724","M1","C4620083","14","655","C4620083 M1","baseline",0.219600066630912,"655 baseline","14 baseline"
"5725","M1","C4620083","14","656","C4620083 M1","baseline",0.219178503948115,"656 baseline","14 baseline"
"5726","M1","C4620083","14","657","C4620083 M1","baseline",0.21872970515193,"657 baseline","14 baseline"
"5727","M1","C4620083","14","658","C4620083 M1","baseline",0.218144711894522,"658 baseline","14 baseline"
"5728","M1","C4620083","14","659","C4620083 M1","baseline",0.218024156807154,"659 baseline","14 baseline"
"5729","M1","C4620083","14","660","C4620083 M1","baseline",0.217489209752671,"660 baseline","14 baseline"
"5730","M1","C4620083","14","661","C4620083 M1","baseline",0.21741832129697,"661 baseline","14 baseline"
"5731","M1","C4620083","14","662","C4620083 M1","baseline",0.217312352828003,"662 baseline","14 baseline"
"5732","M1","C4620083","14","663","C4620083 M1","baseline",0.217273581642127,"663 baseline","14 baseline"
"5733","M1","C4620083","14","664","C4620083 M1","baseline",0.217134409909646,"664 baseline","14 baseline"
"5734","M1","C4620083","14","665","C4620083 M1","baseline",0.21698853456364,"665 baseline","14 baseline"
"5735","M1","C4620083","14","666","C4620083 M1","baseline",0.216659053009585,"666 baseline","14 baseline"
"5736","M1","C4620083","14","667","C4620083 M1","baseline",0.216625168355589,"667 baseline","14 baseline"
"5737","M1","C4620083","14","668","C4620083 M1","baseline",0.216330330164298,"668 baseline","14 baseline"
"5738","M1","C4620083","14","669","C4620083 M1","baseline",0.216005656301786,"669 baseline","14 baseline"
"5739","M1","C4620083","14","670","C4620083 M1","baseline",0.215827587473896,"670 baseline","14 baseline"
"5740","M1","C4620083","14","671","C4620083 M1","baseline",0.215736815437692,"671 baseline","14 baseline"
"5741","M1","C4620083","14","672","C4620083 M1","baseline",0.214971678296148,"672 baseline","14 baseline"
"5742","M1","C4620083","14","673","C4620083 M1","baseline",0.214968904065876,"673 baseline","14 baseline"
"5743","M1","C4620083","14","674","C4620083 M1","baseline",0.214651207282033,"674 baseline","14 baseline"
"5744","M1","C4620083","14","675","C4620083 M1","baseline",0.214075704435862,"675 baseline","14 baseline"
"5745","M1","C4620083","14","676","C4620083 M1","baseline",0.213880228942779,"676 baseline","14 baseline"
"5746","M1","C4620083","14","677","C4620083 M1","baseline",0.213800688574397,"677 baseline","14 baseline"
"5747","M1","C4620083","14","678","C4620083 M1","baseline",0.213109012024224,"678 baseline","14 baseline"
"5748","M1","C4620083","14","679","C4620083 M1","baseline",0.213081494026104,"679 baseline","14 baseline"
"5749","M1","C4620083","14","680","C4620083 M1","baseline",0.212223517092833,"680 baseline","14 baseline"
"5750","M1","C4620083","14","681","C4620083 M1","baseline",0.212219814029825,"681 baseline","14 baseline"
"5751","M1","C4620083","14","682","C4620083 M1","baseline",0.212211388149361,"682 baseline","14 baseline"
"5752","M1","C4620083","14","683","C4620083 M1","baseline",0.212057330416782,"683 baseline","14 baseline"
"5753","M1","C4620083","14","684","C4620083 M1","baseline",0.211522274829544,"684 baseline","14 baseline"
"5754","M1","C4620083","14","685","C4620083 M1","baseline",0.211163599865106,"685 baseline","14 baseline"
"5755","M1","C4620083","14","686","C4620083 M1","baseline",0.211109273733816,"686 baseline","14 baseline"
"5756","M1","C4620083","14","687","C4620083 M1","baseline",0.210959815563748,"687 baseline","14 baseline"
"5757","M1","C4620083","14","688","C4620083 M1","baseline",0.210574210580518,"688 baseline","14 baseline"
"5758","M1","C4620083","14","689","C4620083 M1","baseline",0.210553804620539,"689 baseline","14 baseline"
"5759","M1","C4620083","14","690","C4620083 M1","baseline",0.210370802100311,"690 baseline","14 baseline"
"5760","M1","C4620083","14","691","C4620083 M1","baseline",0.210271208366644,"691 baseline","14 baseline"
"5761","M1","C4620083","14","692","C4620083 M1","baseline",0.210188205851572,"692 baseline","14 baseline"
"5762","M1","C4620083","14","693","C4620083 M1","baseline",0.210009121681349,"693 baseline","14 baseline"
"5763","M1","C4620083","14","694","C4620083 M1","baseline",0.209816286312966,"694 baseline","14 baseline"
"5764","M1","C4620083","14","695","C4620083 M1","baseline",0.209193635761737,"695 baseline","14 baseline"
"5765","M1","C4620083","14","696","C4620083 M1","baseline",0.208949827773753,"696 baseline","14 baseline"
"5766","M1","C4620083","14","697","C4620083 M1","baseline",0.208631429832038,"697 baseline","14 baseline"
"5767","M1","C4620083","14","698","C4620083 M1","baseline",0.208608094525366,"698 baseline","14 baseline"
"5768","M1","C4620083","14","699","C4620083 M1","baseline",0.208341004395031,"699 baseline","14 baseline"
"5769","M1","C4620083","14","700","C4620083 M1","baseline",0.207956162479263,"700 baseline","14 baseline"
"5770","M1","C4620083","14","701","C4620083 M1","baseline",0.207638398823059,"701 baseline","14 baseline"
"5771","M1","C4620083","14","702","C4620083 M1","baseline",0.207484765698585,"702 baseline","14 baseline"
"5772","M1","C4620083","14","703","C4620083 M1","baseline",0.207226015155845,"703 baseline","14 baseline"
"5773","M1","C4620083","14","704","C4620083 M1","baseline",0.207210959049449,"704 baseline","14 baseline"
"5774","M1","C4620083","14","705","C4620083 M1","baseline",0.207114186366347,"705 baseline","14 baseline"
"5775","M1","C4620083","14","706","C4620083 M1","baseline",0.206995846846078,"706 baseline","14 baseline"
"5776","M1","C4620083","14","707","C4620083 M1","baseline",0.206719585362465,"707 baseline","14 baseline"
"5777","M1","C4620083","14","708","C4620083 M1","baseline",0.206578442604215,"708 baseline","14 baseline"
"5778","M1","C4620083","14","709","C4620083 M1","baseline",0.206558071530977,"709 baseline","14 baseline"
"5779","M1","C4620083","14","710","C4620083 M1","baseline",0.206205071966267,"710 baseline","14 baseline"
"5780","M1","C4620083","14","711","C4620083 M1","baseline",0.206048004703325,"711 baseline","14 baseline"
"5781","M1","C4620083","14","712","C4620083 M1","baseline",0.205955043850198,"712 baseline","14 baseline"
"5782","M1","C4620083","14","713","C4620083 M1","baseline",0.205923997727775,"713 baseline","14 baseline"
"5783","M1","C4620083","14","714","C4620083 M1","baseline",0.205915927161539,"714 baseline","14 baseline"
"5784","M1","C4620083","14","715","C4620083 M1","baseline",0.205760611606935,"715 baseline","14 baseline"
"5785","M1","C4620083","14","716","C4620083 M1","baseline",0.205578646195775,"716 baseline","14 baseline"
"5786","M1","C4620083","14","717","C4620083 M1","baseline",0.20557575060577,"717 baseline","14 baseline"
"5787","M1","C4620083","14","718","C4620083 M1","baseline",0.205397446794552,"718 baseline","14 baseline"
"5788","M1","C4620083","14","719","C4620083 M1","baseline",0.204990221485412,"719 baseline","14 baseline"
"5789","M1","C4620083","14","720","C4620083 M1","baseline",0.204932075533451,"720 baseline","14 baseline"
"5790","M1","C4620083","14","721","C4620083 M1","baseline",0.20463587775194,"721 baseline","14 baseline"
"5791","M1","C4620083","14","722","C4620083 M1","baseline",0.204624717252862,"722 baseline","14 baseline"
"5792","M1","C4620083","14","723","C4620083 M1","baseline",0.204195185466445,"723 baseline","14 baseline"
"5793","M1","C4620083","14","724","C4620083 M1","baseline",0.203928734751936,"724 baseline","14 baseline"
"5794","M1","C4620083","14","725","C4620083 M1","baseline",0.203840932487926,"725 baseline","14 baseline"
"5795","M1","C4620083","14","726","C4620083 M1","baseline",0.203726998081651,"726 baseline","14 baseline"
"5796","M1","C4620083","14","727","C4620083 M1","baseline",0.203590489796291,"727 baseline","14 baseline"
"5797","M1","C4620083","14","728","C4620083 M1","baseline",0.203057155623898,"728 baseline","14 baseline"
"5798","M1","C4620083","14","729","C4620083 M1","baseline",0.202737267064934,"729 baseline","14 baseline"
"5799","M1","C4620083","14","730","C4620083 M1","baseline",0.202697998913141,"730 baseline","14 baseline"
"5800","M1","C4620083","14","731","C4620083 M1","baseline",0.201105158103636,"731 baseline","14 baseline"
"5801","M1","C4620083","14","732","C4620083 M1","baseline",0.200759624086026,"732 baseline","14 baseline"
"5802","M1","C4620083","14","733","C4620083 M1","baseline",0.200431140031841,"733 baseline","14 baseline"
"5803","M1","C4620083","14","734","C4620083 M1","baseline",0.200252797190368,"734 baseline","14 baseline"
"5804","M1","C4620083","14","735","C4620083 M1","baseline",0.19993064899977,"735 baseline","14 baseline"
"5805","M1","C4620083","14","736","C4620083 M1","baseline",0.198404590622986,"736 baseline","14 baseline"
"5806","M1","C4620083","14","737","C4620083 M1","baseline",0.198046711245888,"737 baseline","14 baseline"
"5807","M1","C4620083","14","738","C4620083 M1","baseline",0.197940390742196,"738 baseline","14 baseline"
"5808","M1","C4620083","14","739","C4620083 M1","baseline",0.197408704768941,"739 baseline","14 baseline"
"5809","M1","C4620083","14","740","C4620083 M1","baseline",0.196988466670407,"740 baseline","14 baseline"
"5810","M1","C4620083","14","741","C4620083 M1","baseline",0.196912261523484,"741 baseline","14 baseline"
"5811","M1","C4620083","14","742","C4620083 M1","baseline",0.196678875236092,"742 baseline","14 baseline"
"5812","M1","C4620083","14","743","C4620083 M1","baseline",0.196622882215061,"743 baseline","14 baseline"
"5813","M1","C4620083","14","744","C4620083 M1","baseline",0.196457327849844,"744 baseline","14 baseline"
"5814","M1","C4620083","14","745","C4620083 M1","baseline",0.196442797498334,"745 baseline","14 baseline"
"5815","M1","C4620083","14","746","C4620083 M1","baseline",0.196321418554057,"746 baseline","14 baseline"
"5816","M1","C4620083","14","747","C4620083 M1","baseline",0.195857490668646,"747 baseline","14 baseline"
"5817","M1","C4620083","14","748","C4620083 M1","baseline",0.195723488070083,"748 baseline","14 baseline"
"5818","M1","C4620083","14","749","C4620083 M1","baseline",0.195641337858499,"749 baseline","14 baseline"
"5819","M1","C4620083","14","750","C4620083 M1","baseline",0.195604158261697,"750 baseline","14 baseline"
"5820","M1","C4620083","14","751","C4620083 M1","baseline",0.195488269681543,"751 baseline","14 baseline"
"5821","M1","C4620083","14","752","C4620083 M1","baseline",0.195421666321294,"752 baseline","14 baseline"
"5822","M1","C4620083","14","753","C4620083 M1","baseline",0.195375321012308,"753 baseline","14 baseline"
"5823","M1","C4620083","14","754","C4620083 M1","baseline",0.194637346037209,"754 baseline","14 baseline"
"5824","M1","C4620083","14","755","C4620083 M1","baseline",0.194396195431164,"755 baseline","14 baseline"
"5825","M1","C4620083","14","756","C4620083 M1","baseline",0.194063749934839,"756 baseline","14 baseline"
"5826","M1","C4620083","14","757","C4620083 M1","baseline",0.194003974528932,"757 baseline","14 baseline"
"5827","M1","C4620083","14","758","C4620083 M1","baseline",0.19394895189906,"758 baseline","14 baseline"
"5828","M1","C4620083","14","759","C4620083 M1","baseline",0.193715792980857,"759 baseline","14 baseline"
"5829","M1","C4620083","14","760","C4620083 M1","baseline",0.193379971169763,"760 baseline","14 baseline"
"5830","M1","C4620083","14","761","C4620083 M1","baseline",0.193133671654338,"761 baseline","14 baseline"
"5831","M1","C4620083","14","762","C4620083 M1","baseline",0.192926455194718,"762 baseline","14 baseline"
"5832","M1","C4620083","14","763","C4620083 M1","baseline",0.192919837434718,"763 baseline","14 baseline"
"5833","M1","C4620083","14","764","C4620083 M1","baseline",0.192229006052403,"764 baseline","14 baseline"
"5834","M1","C4620083","14","765","C4620083 M1","baseline",0.192132781571728,"765 baseline","14 baseline"
"5835","M1","C4620083","14","766","C4620083 M1","baseline",0.191690099374515,"766 baseline","14 baseline"
"5836","M1","C4620083","14","767","C4620083 M1","baseline",0.191616571842346,"767 baseline","14 baseline"
"5837","M1","C4620083","14","768","C4620083 M1","baseline",0.191467042875185,"768 baseline","14 baseline"
"5838","M1","C4620083","14","769","C4620083 M1","baseline",0.191388464341854,"769 baseline","14 baseline"
"5839","M1","C4620083","14","770","C4620083 M1","baseline",0.191168893021963,"770 baseline","14 baseline"
"5840","M1","C4620083","14","771","C4620083 M1","baseline",0.19096836896431,"771 baseline","14 baseline"
"5841","M1","C4620083","14","772","C4620083 M1","baseline",0.190768980019321,"772 baseline","14 baseline"
"5842","M1","C4620083","14","773","C4620083 M1","baseline",0.190298841226439,"773 baseline","14 baseline"
"5843","M1","C4620083","14","774","C4620083 M1","baseline",0.190296168601351,"774 baseline","14 baseline"
"5844","M1","C4620083","14","775","C4620083 M1","baseline",0.190007587392366,"775 baseline","14 baseline"
"5845","M1","C4620083","14","776","C4620083 M1","baseline",0.189935118203283,"776 baseline","14 baseline"
"5846","M1","C4620083","14","777","C4620083 M1","baseline",0.189737723039662,"777 baseline","14 baseline"
"5847","M1","C4620083","14","778","C4620083 M1","baseline",0.189646741244325,"778 baseline","14 baseline"
"5848","M1","C4620083","14","779","C4620083 M1","baseline",0.189013249847012,"779 baseline","14 baseline"
"5849","M1","C4620083","14","780","C4620083 M1","baseline",0.188671310900604,"780 baseline","14 baseline"
"5850","M1","C4620083","14","781","C4620083 M1","baseline",0.188337764104453,"781 baseline","14 baseline"
"5851","M1","C4620083","14","782","C4620083 M1","baseline",0.188330702555507,"782 baseline","14 baseline"
"5852","M1","C4620083","14","783","C4620083 M1","baseline",0.188164040233234,"783 baseline","14 baseline"
"5853","M1","C4620083","14","784","C4620083 M1","baseline",0.187667378672246,"784 baseline","14 baseline"
"5854","M1","C4620083","14","785","C4620083 M1","baseline",0.187643625910882,"785 baseline","14 baseline"
"5855","M1","C4620083","14","786","C4620083 M1","baseline",0.187501327913497,"786 baseline","14 baseline"
"5856","M1","C4620083","14","787","C4620083 M1","baseline",0.186286199441099,"787 baseline","14 baseline"
"5857","M1","C4620083","14","788","C4620083 M1","baseline",0.186116797530019,"788 baseline","14 baseline"
"5858","M1","C4620083","14","789","C4620083 M1","baseline",0.186104428472568,"789 baseline","14 baseline"
"5859","M1","C4620083","14","790","C4620083 M1","baseline",0.186083038901689,"790 baseline","14 baseline"
"5860","M1","C4620083","14","791","C4620083 M1","baseline",0.185861659702279,"791 baseline","14 baseline"
"5861","M1","C4620083","14","792","C4620083 M1","baseline",0.185750614972771,"792 baseline","14 baseline"
"5862","M1","C4620083","14","793","C4620083 M1","baseline",0.185717843354175,"793 baseline","14 baseline"
"5863","M1","C4620083","14","794","C4620083 M1","baseline",0.185552717678952,"794 baseline","14 baseline"
"5864","M1","C4620083","14","795","C4620083 M1","baseline",0.185037746199013,"795 baseline","14 baseline"
"5865","M1","C4620083","14","796","C4620083 M1","baseline",0.184913319756814,"796 baseline","14 baseline"
"5866","M1","C4620083","14","797","C4620083 M1","baseline",0.184851091199877,"797 baseline","14 baseline"
"5867","M1","C4620083","14","798","C4620083 M1","baseline",0.184793904802565,"798 baseline","14 baseline"
"5868","M1","C4620083","14","799","C4620083 M1","baseline",0.184658510446783,"799 baseline","14 baseline"
"5869","M1","C4620083","14","800","C4620083 M1","baseline",0.184526906543181,"800 baseline","14 baseline"
"5870","M1","C4620083","14","801","C4620083 M1","baseline",0.184379355996865,"801 baseline","14 baseline"
"5871","M1","C4620083","14","802","C4620083 M1","baseline",0.184348917619457,"802 baseline","14 baseline"
"5872","M1","C4620083","14","803","C4620083 M1","baseline",0.184344146623603,"803 baseline","14 baseline"
"5873","M1","C4620083","14","804","C4620083 M1","baseline",0.184216985028822,"804 baseline","14 baseline"
"5874","M1","C4620083","14","805","C4620083 M1","baseline",0.184210865286578,"805 baseline","14 baseline"
"5875","M1","C4620083","14","806","C4620083 M1","baseline",0.184046103082285,"806 baseline","14 baseline"
"5876","M1","C4620083","14","807","C4620083 M1","baseline",0.183772151364814,"807 baseline","14 baseline"
"5877","M1","C4620083","14","808","C4620083 M1","baseline",0.183758755183911,"808 baseline","14 baseline"
"5878","M1","C4620083","14","809","C4620083 M1","baseline",0.18361852605331,"809 baseline","14 baseline"
"5879","M1","C4620083","14","810","C4620083 M1","baseline",0.18349903554462,"810 baseline","14 baseline"
"5880","M1","C4620083","14","811","C4620083 M1","baseline",0.183484711806961,"811 baseline","14 baseline"
"5881","M1","C4620083","14","812","C4620083 M1","baseline",0.18323719658959,"812 baseline","14 baseline"
"5882","M1","C4620083","14","813","C4620083 M1","baseline",0.183173839966487,"813 baseline","14 baseline"
"5883","M1","C4620083","14","814","C4620083 M1","baseline",0.183039559306186,"814 baseline","14 baseline"
"5884","M1","C4620083","14","815","C4620083 M1","baseline",0.182830697815847,"815 baseline","14 baseline"
"5885","M1","C4620083","14","816","C4620083 M1","baseline",0.182768552004598,"816 baseline","14 baseline"
"5886","M1","C4620083","14","817","C4620083 M1","baseline",0.182641631638127,"817 baseline","14 baseline"
"5887","M1","C4620083","14","818","C4620083 M1","baseline",0.18253111748976,"818 baseline","14 baseline"
"5888","M1","C4620083","14","819","C4620083 M1","baseline",0.18201032322115,"819 baseline","14 baseline"
"5889","M1","C4620083","14","820","C4620083 M1","baseline",0.181843384858561,"820 baseline","14 baseline"
"5890","M1","C4620083","14","821","C4620083 M1","baseline",0.181776112962048,"821 baseline","14 baseline"
"5891","M1","C4620083","14","822","C4620083 M1","baseline",0.181490177610711,"822 baseline","14 baseline"
"5892","M1","C4620083","14","823","C4620083 M1","baseline",0.179006960230658,"823 baseline","14 baseline"
"5893","M1","C4620083","14","824","C4620083 M1","baseline",0.178736549949744,"824 baseline","14 baseline"
"5894","M1","C4620083","14","825","C4620083 M1","baseline",0.177968947096961,"825 baseline","14 baseline"
"5895","M1","C4620083","14","826","C4620083 M1","baseline",0.177552530375833,"826 baseline","14 baseline"
"5896","M1","C4620083","14","827","C4620083 M1","baseline",0.17754748394121,"827 baseline","14 baseline"
"5897","M1","C4620083","14","828","C4620083 M1","baseline",0.177540754980768,"828 baseline","14 baseline"
"5898","M1","C4620083","14","829","C4620083 M1","baseline",0.177266644238423,"829 baseline","14 baseline"
"5899","M1","C4620083","14","830","C4620083 M1","baseline",0.177157065266056,"830 baseline","14 baseline"
"5900","M1","C4620083","14","831","C4620083 M1","baseline",0.17677827822712,"831 baseline","14 baseline"
"5901","M1","C4620083","14","832","C4620083 M1","baseline",0.176514739361698,"832 baseline","14 baseline"
"5902","M1","C4620083","14","833","C4620083 M1","baseline",0.17620032222992,"833 baseline","14 baseline"
"5903","M1","C4620083","14","834","C4620083 M1","baseline",0.176149775445911,"834 baseline","14 baseline"
"5904","M1","C4620083","14","835","C4620083 M1","baseline",0.175974496441173,"835 baseline","14 baseline"
"5905","M1","C4620083","14","836","C4620083 M1","baseline",0.174895713256933,"836 baseline","14 baseline"
"5906","M1","C4620083","14","837","C4620083 M1","baseline",0.174698687143916,"837 baseline","14 baseline"
"5907","M1","C4620083","14","838","C4620083 M1","baseline",0.174487855603163,"838 baseline","14 baseline"
"5908","M1","C4620083","14","839","C4620083 M1","baseline",0.17355406032311,"839 baseline","14 baseline"
"5909","M1","C4620083","14","840","C4620083 M1","baseline",0.173497871384948,"840 baseline","14 baseline"
"5910","M1","C4620083","14","841","C4620083 M1","baseline",0.17292019205259,"841 baseline","14 baseline"
"5911","M1","C4620083","14","842","C4620083 M1","baseline",0.17271156859136,"842 baseline","14 baseline"
"5912","M1","C4620083","14","843","C4620083 M1","baseline",0.172428606522521,"843 baseline","14 baseline"
"5913","M1","C4620083","14","844","C4620083 M1","baseline",0.171978161062966,"844 baseline","14 baseline"
"5914","M1","C4620083","14","845","C4620083 M1","baseline",0.171798377594283,"845 baseline","14 baseline"
"5915","M1","C4620083","14","846","C4620083 M1","baseline",0.171716826464481,"846 baseline","14 baseline"
"5916","M1","C4620083","14","847","C4620083 M1","baseline",0.17161750465597,"847 baseline","14 baseline"
"5917","M1","C4620083","14","848","C4620083 M1","baseline",0.171342893620334,"848 baseline","14 baseline"
"5918","M1","C4620083","14","849","C4620083 M1","baseline",0.170680843384337,"849 baseline","14 baseline"
"5919","M1","C4620083","14","850","C4620083 M1","baseline",0.170542307626187,"850 baseline","14 baseline"
"5920","M1","C4620083","14","851","C4620083 M1","baseline",0.170257261687621,"851 baseline","14 baseline"
"5921","M1","C4620083","14","852","C4620083 M1","baseline",0.169860019950272,"852 baseline","14 baseline"
"5922","M1","C4620083","14","853","C4620083 M1","baseline",0.169734680953586,"853 baseline","14 baseline"
"5923","M1","C4620083","14","854","C4620083 M1","baseline",0.169685014659937,"854 baseline","14 baseline"
"5924","M1","C4620083","14","855","C4620083 M1","baseline",0.169612394157557,"855 baseline","14 baseline"
"5925","M1","C4620083","14","856","C4620083 M1","baseline",0.169604954047859,"856 baseline","14 baseline"
"5926","M1","C4620083","14","857","C4620083 M1","baseline",0.169071871210204,"857 baseline","14 baseline"
"5927","M1","C4620083","14","858","C4620083 M1","baseline",0.16897040300333,"858 baseline","14 baseline"
"5928","M1","C4620083","14","859","C4620083 M1","baseline",0.168516467472596,"859 baseline","14 baseline"
"5929","M1","C4620083","14","860","C4620083 M1","baseline",0.168116379036667,"860 baseline","14 baseline"
"5930","M1","C4620083","14","861","C4620083 M1","baseline",0.168086936039388,"861 baseline","14 baseline"
"5931","M1","C4620083","14","862","C4620083 M1","baseline",0.167268924914923,"862 baseline","14 baseline"
"5932","M1","C4620083","14","863","C4620083 M1","baseline",0.166890428382,"863 baseline","14 baseline"
"5933","M1","C4620083","14","864","C4620083 M1","baseline",0.166771560852734,"864 baseline","14 baseline"
"5934","M1","C4620083","14","865","C4620083 M1","baseline",0.1666350003186,"865 baseline","14 baseline"
"5935","M1","C4620083","14","866","C4620083 M1","baseline",0.166345431462181,"866 baseline","14 baseline"
"5936","M1","C4620083","14","867","C4620083 M1","baseline",0.166317401017949,"867 baseline","14 baseline"
"5937","M1","C4620083","14","868","C4620083 M1","baseline",0.165361792419087,"868 baseline","14 baseline"
"5938","M1","C4620083","14","869","C4620083 M1","baseline",0.164946843005574,"869 baseline","14 baseline"
"5939","M1","C4620083","14","870","C4620083 M1","baseline",0.164938780384781,"870 baseline","14 baseline"
"5940","M1","C4620083","14","871","C4620083 M1","baseline",0.164737046606862,"871 baseline","14 baseline"
"5941","M1","C4620083","14","872","C4620083 M1","baseline",0.164033354769411,"872 baseline","14 baseline"
"5942","M1","C4620083","14","873","C4620083 M1","baseline",0.163998375563589,"873 baseline","14 baseline"
"5943","M1","C4620083","14","874","C4620083 M1","baseline",0.162996766748604,"874 baseline","14 baseline"
"5944","M1","C4620083","14","875","C4620083 M1","baseline",0.162746845201229,"875 baseline","14 baseline"
"5945","M1","C4620083","14","876","C4620083 M1","baseline",0.162731404620788,"876 baseline","14 baseline"
"5946","M1","C4620083","14","877","C4620083 M1","baseline",0.162067978261086,"877 baseline","14 baseline"
"5947","M1","C4620083","14","878","C4620083 M1","baseline",0.16186298792763,"878 baseline","14 baseline"
"5948","M1","C4620083","14","879","C4620083 M1","baseline",0.161545551981028,"879 baseline","14 baseline"
"5949","M1","C4620083","14","880","C4620083 M1","baseline",0.161250748480058,"880 baseline","14 baseline"
"5950","M1","C4620083","14","881","C4620083 M1","baseline",0.161212629738484,"881 baseline","14 baseline"
"5951","M1","C4620083","14","882","C4620083 M1","baseline",0.160932848500372,"882 baseline","14 baseline"
"5952","M1","C4620083","14","883","C4620083 M1","baseline",0.16038277776646,"883 baseline","14 baseline"
"5953","M1","C4620083","14","884","C4620083 M1","baseline",0.160111984104166,"884 baseline","14 baseline"
"5954","M1","C4620083","14","885","C4620083 M1","baseline",0.159946776756907,"885 baseline","14 baseline"
"5955","M1","C4620083","14","886","C4620083 M1","baseline",0.15952641928215,"886 baseline","14 baseline"
"5956","M1","C4620083","14","887","C4620083 M1","baseline",0.159342970956181,"887 baseline","14 baseline"
"5957","M1","C4620083","14","888","C4620083 M1","baseline",0.159202750131785,"888 baseline","14 baseline"
"5958","M1","C4620083","14","889","C4620083 M1","baseline",0.158821896971092,"889 baseline","14 baseline"
"5959","M1","C4620083","14","890","C4620083 M1","baseline",0.158222053362628,"890 baseline","14 baseline"
"5960","M1","C4620083","14","891","C4620083 M1","baseline",0.157939187134612,"891 baseline","14 baseline"
"5961","M1","C4620083","14","892","C4620083 M1","baseline",0.157858150110453,"892 baseline","14 baseline"
"5962","M1","C4620083","14","893","C4620083 M1","baseline",0.157152779868003,"893 baseline","14 baseline"
"5963","M1","C4620083","14","894","C4620083 M1","baseline",0.156801762253662,"894 baseline","14 baseline"
"5964","M1","C4620083","14","895","C4620083 M1","baseline",0.156711552135054,"895 baseline","14 baseline"
"5965","M1","C4620083","14","896","C4620083 M1","baseline",0.15531916287228,"896 baseline","14 baseline"
"5966","M1","C4620083","14","897","C4620083 M1","baseline",0.154131283633718,"897 baseline","14 baseline"
"5967","M1","C4620083","14","898","C4620083 M1","baseline",0.153671384343257,"898 baseline","14 baseline"
"5968","M1","C4620083","14","899","C4620083 M1","baseline",0.153478714282403,"899 baseline","14 baseline"
"5969","M1","C4620083","14","900","C4620083 M1","baseline",0.152725036906598,"900 baseline","14 baseline"
"5970","M1","C4620083","14","901","C4620083 M1","baseline",0.152654566939037,"901 baseline","14 baseline"
"5971","M1","C4620083","14","902","C4620083 M1","baseline",0.151505053645059,"902 baseline","14 baseline"
"5972","M1","C4620083","14","903","C4620083 M1","baseline",0.150901829184609,"903 baseline","14 baseline"
"5973","M1","C4620083","14","904","C4620083 M1","baseline",0.150718042234211,"904 baseline","14 baseline"
"5974","M1","C4620083","14","905","C4620083 M1","baseline",0.150303075575244,"905 baseline","14 baseline"
"5975","M1","C4620083","14","906","C4620083 M1","baseline",0.150171114972393,"906 baseline","14 baseline"
"5976","M1","C4620083","14","907","C4620083 M1","baseline",0.149797003622346,"907 baseline","14 baseline"
"5977","M1","C4620083","14","908","C4620083 M1","baseline",0.148944935644838,"908 baseline","14 baseline"
"5978","M1","C4620083","14","909","C4620083 M1","baseline",0.148611519970146,"909 baseline","14 baseline"
"5979","M1","C4620083","14","910","C4620083 M1","baseline",0.147551751707857,"910 baseline","14 baseline"
"5980","M1","C4620083","14","911","C4620083 M1","baseline",0.146796188679627,"911 baseline","14 baseline"
"5981","M1","C4620083","14","912","C4620083 M1","baseline",0.146730142205688,"912 baseline","14 baseline"
"5982","M1","C4620083","14","913","C4620083 M1","baseline",0.146306345691493,"913 baseline","14 baseline"
"5983","M1","C4620083","14","914","C4620083 M1","baseline",0.145494961585638,"914 baseline","14 baseline"
"5984","M1","C4620083","14","915","C4620083 M1","baseline",0.145459757874855,"915 baseline","14 baseline"
"5985","M1","C4620083","14","916","C4620083 M1","baseline",0.14536697323132,"916 baseline","14 baseline"
"5986","M1","C4620083","14","917","C4620083 M1","baseline",0.145294480124811,"917 baseline","14 baseline"
"5987","M1","C4620083","14","918","C4620083 M1","baseline",0.145155806044592,"918 baseline","14 baseline"
"5988","M1","C4620083","14","919","C4620083 M1","baseline",0.144114886453612,"919 baseline","14 baseline"
"5989","M1","C4620083","14","920","C4620083 M1","baseline",0.14367175712402,"920 baseline","14 baseline"
"5990","M1","C4620083","14","921","C4620083 M1","baseline",0.142876176999418,"921 baseline","14 baseline"
"5991","M1","C4620083","14","922","C4620083 M1","baseline",0.142445240735142,"922 baseline","14 baseline"
"5992","M1","C4620083","14","923","C4620083 M1","baseline",0.141261700240111,"923 baseline","14 baseline"
"5993","M1","C4620083","14","924","C4620083 M1","baseline",0.141072050216327,"924 baseline","14 baseline"
"5994","M1","C4620083","14","925","C4620083 M1","baseline",0.140790557764263,"925 baseline","14 baseline"
"5995","M1","C4620083","14","926","C4620083 M1","baseline",0.139854954432974,"926 baseline","14 baseline"
"5996","M1","C4620083","14","927","C4620083 M1","baseline",0.139813758915876,"927 baseline","14 baseline"
"5997","M1","C4620083","14","928","C4620083 M1","baseline",0.138734956595302,"928 baseline","14 baseline"
"5998","M1","C4620083","14","929","C4620083 M1","baseline",0.138361871537401,"929 baseline","14 baseline"
"5999","M1","C4620083","14","930","C4620083 M1","baseline",0.138264148520637,"930 baseline","14 baseline"
"6000","M1","C4620083","14","931","C4620083 M1","baseline",0.137389085681856,"931 baseline","14 baseline"
"6001","M1","C4620083","14","932","C4620083 M1","baseline",0.136769218773199,"932 baseline","14 baseline"
"6002","M1","C4620083","14","933","C4620083 M1","baseline",0.136710540596385,"933 baseline","14 baseline"
"6003","M1","C4620083","14","934","C4620083 M1","baseline",0.136493298311765,"934 baseline","14 baseline"
"6004","M1","C4620083","14","935","C4620083 M1","baseline",0.136330891780068,"935 baseline","14 baseline"
"6005","M1","C4620083","14","936","C4620083 M1","baseline",0.136177467723229,"936 baseline","14 baseline"
"6006","M1","C4620083","14","937","C4620083 M1","baseline",0.136092420952617,"937 baseline","14 baseline"
"6007","M1","C4620083","14","938","C4620083 M1","baseline",0.135942838913834,"938 baseline","14 baseline"
"6008","M1","C4620083","14","939","C4620083 M1","baseline",0.135881537492103,"939 baseline","14 baseline"
"6009","M1","C4620083","14","940","C4620083 M1","baseline",0.135656871234163,"940 baseline","14 baseline"
"6010","M1","C4620083","14","941","C4620083 M1","baseline",0.13439076123027,"941 baseline","14 baseline"
"6011","M1","C4620083","14","942","C4620083 M1","baseline",0.134239998990099,"942 baseline","14 baseline"
"6012","M1","C4620083","14","943","C4620083 M1","baseline",0.133546242305282,"943 baseline","14 baseline"
"6013","M1","C4620083","14","944","C4620083 M1","baseline",0.133380991836946,"944 baseline","14 baseline"
"6014","M1","C4620083","14","945","C4620083 M1","baseline",0.133100815426059,"945 baseline","14 baseline"
"6015","M1","C4620083","14","946","C4620083 M1","baseline",0.132797740751445,"946 baseline","14 baseline"
"6016","M1","C4620083","14","947","C4620083 M1","baseline",0.131055475350007,"947 baseline","14 baseline"
"6017","M1","C4620083","14","948","C4620083 M1","baseline",0.130817435327006,"948 baseline","14 baseline"
"6018","M1","C4620083","14","949","C4620083 M1","baseline",0.130693467342485,"949 baseline","14 baseline"
"6019","M1","C4620083","14","950","C4620083 M1","baseline",0.130627234873017,"950 baseline","14 baseline"
"6020","M1","C4620083","14","951","C4620083 M1","baseline",0.130410480074503,"951 baseline","14 baseline"
"6021","M1","C4620083","14","952","C4620083 M1","baseline",0.130168522666274,"952 baseline","14 baseline"
"6022","M1","C4620083","14","953","C4620083 M1","baseline",0.130060724372528,"953 baseline","14 baseline"
"6023","M1","C4620083","14","954","C4620083 M1","baseline",0.130001849027875,"954 baseline","14 baseline"
"6024","M1","C4620083","14","955","C4620083 M1","baseline",0.12940526190769,"955 baseline","14 baseline"
"6025","M1","C4620083","14","956","C4620083 M1","baseline",0.129315739672709,"956 baseline","14 baseline"
"6026","M1","C4620083","14","957","C4620083 M1","baseline",0.129175401383082,"957 baseline","14 baseline"
"6027","M1","C4620083","14","958","C4620083 M1","baseline",0.129094778939275,"958 baseline","14 baseline"
"6028","M1","C4620083","14","959","C4620083 M1","baseline",0.128915913075922,"959 baseline","14 baseline"
"6029","M1","C4620083","14","960","C4620083 M1","baseline",0.127298161301569,"960 baseline","14 baseline"
"6030","M1","C4620083","14","961","C4620083 M1","baseline",0.12698352467782,"961 baseline","14 baseline"
"6031","M1","C4620083","14","962","C4620083 M1","baseline",0.126813355626085,"962 baseline","14 baseline"
"6032","M1","C4620083","14","963","C4620083 M1","baseline",0.126624024978611,"963 baseline","14 baseline"
"6033","M1","C4620083","14","964","C4620083 M1","baseline",0.126139074814571,"964 baseline","14 baseline"
"6034","M1","C4620083","14","965","C4620083 M1","baseline",0.125960195722787,"965 baseline","14 baseline"
"6035","M1","C4620083","14","966","C4620083 M1","baseline",0.125868408237543,"966 baseline","14 baseline"
"6036","M1","C4620083","14","967","C4620083 M1","baseline",0.125574606782467,"967 baseline","14 baseline"
"6037","M1","C4620083","14","968","C4620083 M1","baseline",0.125391095953703,"968 baseline","14 baseline"
"6038","M1","C4620083","14","969","C4620083 M1","baseline",0.124923032555844,"969 baseline","14 baseline"
"6039","M1","C4620083","14","970","C4620083 M1","baseline",0.124906750371869,"970 baseline","14 baseline"
"6040","M1","C4620083","14","971","C4620083 M1","baseline",0.124784011537485,"971 baseline","14 baseline"
"6041","M1","C4620083","14","972","C4620083 M1","baseline",0.124770862202418,"972 baseline","14 baseline"
"6042","M1","C4620083","14","973","C4620083 M1","baseline",0.124203781512049,"973 baseline","14 baseline"
"6043","M1","C4620083","14","974","C4620083 M1","baseline",0.123511313797803,"974 baseline","14 baseline"
"6044","M1","C4620083","14","975","C4620083 M1","baseline",0.122867867962102,"975 baseline","14 baseline"
"6045","M1","C4620083","14","976","C4620083 M1","baseline",0.121314528907049,"976 baseline","14 baseline"
"6046","M1","C4620083","14","977","C4620083 M1","baseline",0.12120194944242,"977 baseline","14 baseline"
"6047","M1","C4620083","14","978","C4620083 M1","baseline",0.120819050242978,"978 baseline","14 baseline"
"6048","M1","C4620083","14","979","C4620083 M1","baseline",0.120663866965776,"979 baseline","14 baseline"
"6049","M1","C4620083","14","980","C4620083 M1","baseline",0.120190777016653,"980 baseline","14 baseline"
"6050","M1","C4620083","14","981","C4620083 M1","baseline",0.120107560481163,"981 baseline","14 baseline"
"6051","M1","C4620083","14","982","C4620083 M1","baseline",0.119949600206822,"982 baseline","14 baseline"
"6052","M1","C4620083","14","983","C4620083 M1","baseline",0.119602673820182,"983 baseline","14 baseline"
"6053","M1","C4620083","14","984","C4620083 M1","baseline",0.11953716904662,"984 baseline","14 baseline"
"6054","M1","C4620083","14","985","C4620083 M1","baseline",0.117950298246599,"985 baseline","14 baseline"
"6055","M1","C4620083","14","986","C4620083 M1","baseline",0.117909630376608,"986 baseline","14 baseline"
"6056","M1","C4620083","14","987","C4620083 M1","baseline",0.117144146623314,"987 baseline","14 baseline"
"6057","M1","C4620083","14","988","C4620083 M1","baseline",0.11694983981864,"988 baseline","14 baseline"
"6058","M1","C4620083","14","989","C4620083 M1","baseline",0.116621452929967,"989 baseline","14 baseline"
"6059","M1","C4620083","14","990","C4620083 M1","baseline",0.114887786444531,"990 baseline","14 baseline"
"6060","M1","C4620083","14","991","C4620083 M1","baseline",0.114616186386649,"991 baseline","14 baseline"
"6061","M1","C4620083","14","992","C4620083 M1","baseline",0.114311894866096,"992 baseline","14 baseline"
"6062","M1","C4620083","14","993","C4620083 M1","baseline",0.113954446168144,"993 baseline","14 baseline"
"6063","M1","C4620083","14","994","C4620083 M1","baseline",0.112977616282186,"994 baseline","14 baseline"
"6064","M1","C4620083","14","995","C4620083 M1","baseline",0.112292535640342,"995 baseline","14 baseline"
"6065","M1","C4620083","14","996","C4620083 M1","baseline",0.112286332624536,"996 baseline","14 baseline"
"6066","M1","C4620083","14","997","C4620083 M1","baseline",0.112092379795694,"997 baseline","14 baseline"
"6067","M1","C4620083","14","998","C4620083 M1","baseline",0.112067329105615,"998 baseline","14 baseline"
"6068","M1","C4620083","14","999","C4620083 M1","baseline",0.111439216085164,"999 baseline","14 baseline"
"6069","M1","C4620083","14","1000","C4620083 M1","baseline",0.111427790637749,"1000 baseline","14 baseline"
"6070","M1","C4620083","14","1001","C4620083 M1","baseline",0.111212322076884,"1001 baseline","14 baseline"
"6071","M1","C4620083","14","1002","C4620083 M1","baseline",0.111047966589365,"1002 baseline","14 baseline"
"6072","M1","C4620083","14","1003","C4620083 M1","baseline",0.110690917092825,"1003 baseline","14 baseline"
"6073","M1","C4620083","14","1004","C4620083 M1","baseline",0.110588986258156,"1004 baseline","14 baseline"
"6074","M1","C4620083","14","1005","C4620083 M1","baseline",0.110566602217257,"1005 baseline","14 baseline"
"6075","M1","C4620083","14","1006","C4620083 M1","baseline",0.110425932609853,"1006 baseline","14 baseline"
"6076","M1","C4620083","14","1007","C4620083 M1","baseline",0.109596865461191,"1007 baseline","14 baseline"
"6077","M1","C4620083","14","1008","C4620083 M1","baseline",0.109003943107066,"1008 baseline","14 baseline"
"6078","M1","C4620083","14","1009","C4620083 M1","baseline",0.108547048609322,"1009 baseline","14 baseline"
"6079","M1","C4620083","14","1010","C4620083 M1","baseline",0.108417961245849,"1010 baseline","14 baseline"
"6080","M1","C4620083","14","1011","C4620083 M1","baseline",0.108367754645891,"1011 baseline","14 baseline"
"6081","M1","C4620083","14","1012","C4620083 M1","baseline",0.108349010311887,"1012 baseline","14 baseline"
"6082","M1","C4620083","14","1013","C4620083 M1","baseline",0.10809047325658,"1013 baseline","14 baseline"
"6083","M1","C4620083","14","1014","C4620083 M1","baseline",0.10794981450629,"1014 baseline","14 baseline"
"6084","M1","C4620083","14","1015","C4620083 M1","baseline",0.107220750506349,"1015 baseline","14 baseline"
"6085","M1","C4620083","14","1016","C4620083 M1","baseline",0.106558510990842,"1016 baseline","14 baseline"
"6086","M1","C4620083","14","1017","C4620083 M1","baseline",0.106340362724512,"1017 baseline","14 baseline"
"6087","M1","C4620083","14","1018","C4620083 M1","baseline",0.105485948633254,"1018 baseline","14 baseline"
"6088","M1","C4620083","14","1019","C4620083 M1","baseline",0.105338003225447,"1019 baseline","14 baseline"
"6089","M1","C4620083","14","1020","C4620083 M1","baseline",0.104923288804741,"1020 baseline","14 baseline"
"6090","M1","C4620083","14","1021","C4620083 M1","baseline",0.104300790006512,"1021 baseline","14 baseline"
"6091","M1","C4620083","14","1022","C4620083 M1","baseline",0.104172709484534,"1022 baseline","14 baseline"
"6092","M1","C4620083","14","1023","C4620083 M1","baseline",0.103018447737973,"1023 baseline","14 baseline"
"6093","M1","C4620083","14","1024","C4620083 M1","baseline",0.102705614583059,"1024 baseline","14 baseline"
"6094","M1","C4620083","14","1025","C4620083 M1","baseline",0.102322727639728,"1025 baseline","14 baseline"
"6095","M1","C4620083","14","1026","C4620083 M1","baseline",0.102191495715986,"1026 baseline","14 baseline"
"6096","M1","C4620083","14","1027","C4620083 M1","baseline",0.102174509833779,"1027 baseline","14 baseline"
"6097","M1","C4620083","14","1028","C4620083 M1","baseline",0.102134359327149,"1028 baseline","14 baseline"
"6098","M1","C4620083","14","1029","C4620083 M1","baseline",0.102011567381482,"1029 baseline","14 baseline"
"6099","M1","C4620083","14","1030","C4620083 M1","baseline",0.100662855351172,"1030 baseline","14 baseline"
"6100","M1","C4620083","14","1031","C4620083 M1","baseline",0.100577558848772,"1031 baseline","14 baseline"
"6101","M1","C4620083","14","1032","C4620083 M1","baseline",0.100374230103146,"1032 baseline","14 baseline"
"6102","M1","C4620083","14","1033","C4620083 M1","baseline",0.0996519694039298,"1033 baseline","14 baseline"
"6103","M1","C4620083","14","1034","C4620083 M1","baseline",0.0991568772260645,"1034 baseline","14 baseline"
"6104","M1","C4620083","14","1035","C4620083 M1","baseline",0.0986344266931205,"1035 baseline","14 baseline"
"6105","M1","C4620083","14","1036","C4620083 M1","baseline",0.0982848035562662,"1036 baseline","14 baseline"
"6106","M1","C4620083","14","1037","C4620083 M1","baseline",0.0981812091775287,"1037 baseline","14 baseline"
"6107","M1","C4620083","14","1038","C4620083 M1","baseline",0.0980332605712264,"1038 baseline","14 baseline"
"6108","M1","C4620083","14","1039","C4620083 M1","baseline",0.0967134613158074,"1039 baseline","14 baseline"
"6109","M1","C4620083","14","1040","C4620083 M1","baseline",0.0963717177247205,"1040 baseline","14 baseline"
"6110","M1","C4620083","14","1041","C4620083 M1","baseline",0.09614081198235,"1041 baseline","14 baseline"
"6111","M1","C4620083","14","1042","C4620083 M1","baseline",0.094418401554908,"1042 baseline","14 baseline"
"6112","M1","C4620083","14","1043","C4620083 M1","baseline",0.0938863254146528,"1043 baseline","14 baseline"
"6113","M1","C4620083","14","1044","C4620083 M1","baseline",0.0938373919366183,"1044 baseline","14 baseline"
"6114","M1","C4620083","14","1045","C4620083 M1","baseline",0.093425891652903,"1045 baseline","14 baseline"
"6115","M1","C4620083","14","1046","C4620083 M1","baseline",0.0933639233588616,"1046 baseline","14 baseline"
"6116","M1","C4620083","14","1047","C4620083 M1","baseline",0.092919225778745,"1047 baseline","14 baseline"
"6117","M1","C4620083","14","1048","C4620083 M1","baseline",0.0919110719951134,"1048 baseline","14 baseline"
"6118","M1","C4620083","14","1049","C4620083 M1","baseline",0.0918965901194889,"1049 baseline","14 baseline"
"6119","M1","C4620083","14","1050","C4620083 M1","baseline",0.0916378539572927,"1050 baseline","14 baseline"
"6120","M1","C4620083","14","1051","C4620083 M1","baseline",0.091245848613059,"1051 baseline","14 baseline"
"6121","M1","C4620083","14","1052","C4620083 M1","baseline",0.0907964418745044,"1052 baseline","14 baseline"
"6122","M1","C4620083","14","1053","C4620083 M1","baseline",0.0907944200466335,"1053 baseline","14 baseline"
"6123","M1","C4620083","14","1054","C4620083 M1","baseline",0.090531247907168,"1054 baseline","14 baseline"
"6124","M1","C4620083","14","1055","C4620083 M1","baseline",0.0905191278984214,"1055 baseline","14 baseline"
"6125","M1","C4620083","14","1056","C4620083 M1","baseline",0.0901050792682421,"1056 baseline","14 baseline"
"6126","M1","C4620083","14","1057","C4620083 M1","baseline",0.0890294318542343,"1057 baseline","14 baseline"
"6127","M1","C4620083","14","1058","C4620083 M1","baseline",0.0889933936838999,"1058 baseline","14 baseline"
"6128","M1","C4620083","14","1059","C4620083 M1","baseline",0.0888880339658826,"1059 baseline","14 baseline"
"6129","M1","C4620083","14","1060","C4620083 M1","baseline",0.0886788194728376,"1060 baseline","14 baseline"
"6130","M1","C4620083","14","1061","C4620083 M1","baseline",0.0869277877738052,"1061 baseline","14 baseline"
"6131","M1","C4620083","14","1062","C4620083 M1","baseline",0.0868766589953592,"1062 baseline","14 baseline"
"6132","M1","C4620083","14","1063","C4620083 M1","baseline",0.0863363766481098,"1063 baseline","14 baseline"
"6133","M1","C4620083","14","1064","C4620083 M1","baseline",0.0860049272534003,"1064 baseline","14 baseline"
"6134","M1","C4620083","14","1065","C4620083 M1","baseline",0.0854124919970585,"1065 baseline","14 baseline"
"6135","M1","C4620083","14","1066","C4620083 M1","baseline",0.0841526711679288,"1066 baseline","14 baseline"
"6136","M1","C4620083","14","1067","C4620083 M1","baseline",0.0838778885101319,"1067 baseline","14 baseline"
"6137","M1","C4620083","14","1068","C4620083 M1","baseline",0.0828407485228999,"1068 baseline","14 baseline"
"6138","M1","C4620083","14","1069","C4620083 M1","baseline",0.0818010755663927,"1069 baseline","14 baseline"
"6139","M1","C4620083","14","1070","C4620083 M1","baseline",0.0816555812118763,"1070 baseline","14 baseline"
"6140","M1","C4620083","14","1071","C4620083 M1","baseline",0.0808268922573414,"1071 baseline","14 baseline"
"6141","M1","C4620083","14","1072","C4620083 M1","baseline",0.0807386422921806,"1072 baseline","14 baseline"
"6142","M1","C4620083","14","1073","C4620083 M1","baseline",0.0806101745728387,"1073 baseline","14 baseline"
"6143","M1","C4620083","14","1074","C4620083 M1","baseline",0.0804815745621378,"1074 baseline","14 baseline"
"6144","M1","C4620083","14","1075","C4620083 M1","baseline",0.0802849064419344,"1075 baseline","14 baseline"
"6145","M1","C4620083","14","1076","C4620083 M1","baseline",0.0789330201491333,"1076 baseline","14 baseline"
"6146","M1","C4620083","14","1077","C4620083 M1","baseline",0.0788989923805254,"1077 baseline","14 baseline"
"6147","M1","C4620083","14","1078","C4620083 M1","baseline",0.0787879886183794,"1078 baseline","14 baseline"
"6148","M1","C4620083","14","1079","C4620083 M1","baseline",0.0786405701504577,"1079 baseline","14 baseline"
"6149","M1","C4620083","14","1080","C4620083 M1","baseline",0.0777400880639895,"1080 baseline","14 baseline"
"6150","M1","C4620083","14","1081","C4620083 M1","baseline",0.0777071314044014,"1081 baseline","14 baseline"
"6151","M1","C4620083","14","1082","C4620083 M1","baseline",0.0761828743723489,"1082 baseline","14 baseline"
"6152","M1","C4620083","14","1083","C4620083 M1","baseline",0.0745744394644997,"1083 baseline","14 baseline"
"6153","M1","C4620083","14","1084","C4620083 M1","baseline",0.074348827178723,"1084 baseline","14 baseline"
"6154","M1","C4620083","14","1085","C4620083 M1","baseline",0.073736642000467,"1085 baseline","14 baseline"
"6155","M1","C4620083","14","1086","C4620083 M1","baseline",0.0719740010852587,"1086 baseline","14 baseline"
"6156","M1","C4620083","14","1087","C4620083 M1","baseline",0.071018729525395,"1087 baseline","14 baseline"
"6157","M1","C4620083","14","1088","C4620083 M1","baseline",0.0709071663060485,"1088 baseline","14 baseline"
"6158","M1","C4620083","14","1089","C4620083 M1","baseline",0.0698884310297672,"1089 baseline","14 baseline"
"6159","M1","C4620083","14","1090","C4620083 M1","baseline",0.0689115961108051,"1090 baseline","14 baseline"
"6160","M1","C4620083","14","1091","C4620083 M1","baseline",0.0684704837675092,"1091 baseline","14 baseline"
"6161","M1","C4620083","14","1092","C4620083 M1","baseline",0.0678934713371136,"1092 baseline","14 baseline"
"6162","M1","C4620083","14","1093","C4620083 M1","baseline",0.0670485070045139,"1093 baseline","14 baseline"
"6163","M1","C4620083","14","1094","C4620083 M1","baseline",0.0670399990657533,"1094 baseline","14 baseline"
"6164","M1","C4620083","14","1095","C4620083 M1","baseline",0.0668961475747622,"1095 baseline","14 baseline"
"6165","M1","C4620083","14","1096","C4620083 M1","baseline",0.0661867290515988,"1096 baseline","14 baseline"
"6166","M1","C4620083","14","1097","C4620083 M1","baseline",0.0649011549125968,"1097 baseline","14 baseline"
"6167","M1","C4620083","14","1098","C4620083 M1","baseline",0.0638077458661584,"1098 baseline","14 baseline"
"6168","M1","C4620083","14","1099","C4620083 M1","baseline",0.0631903531331927,"1099 baseline","14 baseline"
"6169","M1","C4620083","14","1100","C4620083 M1","baseline",0.0623827501125023,"1100 baseline","14 baseline"
"6170","M1","C4620083","14","1101","C4620083 M1","baseline",0.0622740377925628,"1101 baseline","14 baseline"
"6171","M1","C4620083","14","1102","C4620083 M1","baseline",0.062083514454832,"1102 baseline","14 baseline"
"6172","M1","C4620083","14","1103","C4620083 M1","baseline",0.0618156923017125,"1103 baseline","14 baseline"
"6173","M1","C4620083","14","1104","C4620083 M1","baseline",0.061429520022593,"1104 baseline","14 baseline"
"6174","M1","C4620083","14","1105","C4620083 M1","baseline",0.0604468883191369,"1105 baseline","14 baseline"
"6175","M1","C4620083","14","1106","C4620083 M1","baseline",0.060109355029917,"1106 baseline","14 baseline"
"6176","M1","C4620083","14","1107","C4620083 M1","baseline",0.0579322109859251,"1107 baseline","14 baseline"
"6177","M1","C4620083","14","1108","C4620083 M1","baseline",0.0579273150743465,"1108 baseline","14 baseline"
"6178","M1","C4620083","14","1109","C4620083 M1","baseline",0.0578841977572892,"1109 baseline","14 baseline"
"6179","M1","C4620083","14","1110","C4620083 M1","baseline",0.0566905029340422,"1110 baseline","14 baseline"
"6180","M1","C4620083","14","1111","C4620083 M1","baseline",0.0565360972415972,"1111 baseline","14 baseline"
"6181","M1","C4620083","14","1112","C4620083 M1","baseline",0.0564287298019568,"1112 baseline","14 baseline"
"6182","M1","C4620083","14","1113","C4620083 M1","baseline",0.0561707537533418,"1113 baseline","14 baseline"
"6183","M1","C4620083","14","1114","C4620083 M1","baseline",0.0560063055977024,"1114 baseline","14 baseline"
"6184","M1","C4620083","14","1115","C4620083 M1","baseline",0.0557248088451534,"1115 baseline","14 baseline"
"6185","M1","C4620083","14","1116","C4620083 M1","baseline",0.0508916242799203,"1116 baseline","14 baseline"
"6186","M1","C4620083","14","1117","C4620083 M1","baseline",0.0506810346696181,"1117 baseline","14 baseline"
"6187","M1","C4620083","14","1118","C4620083 M1","baseline",0.0496857452783959,"1118 baseline","14 baseline"
"6188","M1","C4620083","14","1119","C4620083 M1","baseline",0.047610990593193,"1119 baseline","14 baseline"
"6189","M1","C4620083","14","1120","C4620083 M1","baseline",0.0460230246450106,"1120 baseline","14 baseline"
"6190","M1","C4620083","14","1121","C4620083 M1","baseline",0.0449881645187852,"1121 baseline","14 baseline"
"6191","M1","C4620083","14","1122","C4620083 M1","baseline",0.0438412003349526,"1122 baseline","14 baseline"
"6192","M1","C4620083","14","1123","C4620083 M1","baseline",0.0432973992090354,"1123 baseline","14 baseline"
"6193","M1","C4620083","14","1124","C4620083 M1","baseline",0.0432627755148922,"1124 baseline","14 baseline"
"6194","M1","C4620083","14","1125","C4620083 M1","baseline",0.0426223867015854,"1125 baseline","14 baseline"
"6195","M1","C4620083","14","1126","C4620083 M1","baseline",0.0425980838642327,"1126 baseline","14 baseline"
"6196","M1","C4620083","14","1127","C4620083 M1","baseline",0.0424548055106996,"1127 baseline","14 baseline"
"6197","M1","C4620083","14","1128","C4620083 M1","baseline",0.0394178292852612,"1128 baseline","14 baseline"
"6198","M1","C4620083","14","1129","C4620083 M1","baseline",0.0393527853078836,"1129 baseline","14 baseline"
"6199","M1","C4620083","14","1130","C4620083 M1","baseline",0.0390722444726792,"1130 baseline","14 baseline"
"6200","M1","C4620083","14","1131","C4620083 M1","baseline",0.0372217112073504,"1131 baseline","14 baseline"
"6201","M1","C4620083","14","1132","C4620083 M1","baseline",0.0371057577744635,"1132 baseline","14 baseline"
"6202","M1","C4620083","14","1133","C4620083 M1","baseline",0.0365795338920477,"1133 baseline","14 baseline"
"6203","M1","C4620083","14","1134","C4620083 M1","baseline",0.0358540723062929,"1134 baseline","14 baseline"
"6204","M1","C4620083","14","1135","C4620083 M1","baseline",0.0340774034063691,"1135 baseline","14 baseline"
"6205","M1","C4620083","14","1136","C4620083 M1","baseline",0.0339922006985327,"1136 baseline","14 baseline"
"6206","M1","C4620083","14","1137","C4620083 M1","baseline",0.0336083277201515,"1137 baseline","14 baseline"
"6207","M1","C4620083","14","1138","C4620083 M1","baseline",0.0301668162745017,"1138 baseline","14 baseline"
"6208","M1","C4620083","14","1139","C4620083 M1","baseline",0.0294857838467526,"1139 baseline","14 baseline"
"6209","M1","C4620083","14","1140","C4620083 M1","baseline",0.0286755730401505,"1140 baseline","14 baseline"
"6210","M1","C4620083","14","1141","C4620083 M1","baseline",0.0266669425216855,"1141 baseline","14 baseline"
"6211","M1","C4620083","14","1142","C4620083 M1","baseline",0.0264739542657775,"1142 baseline","14 baseline"
"6212","M1","C4620083","14","1143","C4620083 M1","baseline",0.0262139482529567,"1143 baseline","14 baseline"
"6213","M1","C4620083","14","1144","C4620083 M1","baseline",0.0253498367937679,"1144 baseline","14 baseline"
"6214","M1","C4620083","14","1145","C4620083 M1","baseline",0.0249768358063347,"1145 baseline","14 baseline"
"6215","M1","C4620083","14","1146","C4620083 M1","baseline",0.0222779846886128,"1146 baseline","14 baseline"
"6216","M1","C4620083","14","1147","C4620083 M1","baseline",0.0212103055345195,"1147 baseline","14 baseline"
"6217","M1","C4620083","14","1148","C4620083 M1","baseline",0.0206457832831574,"1148 baseline","14 baseline"
"6218","M1","C4620083","14","1149","C4620083 M1","baseline",0.0200319585643539,"1149 baseline","14 baseline"
"6219","M1","C4620083","14","1150","C4620083 M1","baseline",0.0198632258190623,"1150 baseline","14 baseline"
"6220","M1","C4620083","14","1151","C4620083 M1","baseline",0.018836565816825,"1151 baseline","14 baseline"
"6221","M1","C4620083","14","1152","C4620083 M1","baseline",0.0185794020946844,"1152 baseline","14 baseline"
"6222","M1","C4620083","14","1153","C4620083 M1","baseline",0.0174494526631489,"1153 baseline","14 baseline"
"6223","M1","C4620083","14","1154","C4620083 M1","baseline",0.0167649140187013,"1154 baseline","14 baseline"
"6224","M1","C4620083","14","1155","C4620083 M1","baseline",0.0127529127625504,"1155 baseline","14 baseline"
"6225","M1","C4620083","14","1156","C4620083 M1","baseline",0.0124091354472735,"1156 baseline","14 baseline"
"6226","M1","C4620083","14","1157","C4620083 M1","baseline",0.0106887560664341,"1157 baseline","14 baseline"
"6227","M1","C4620083","14","1158","C4620083 M1","baseline",0.00976189235426122,"1158 baseline","14 baseline"
"6228","M1","C4620083","14","1159","C4620083 M1","baseline",0.00964220324815982,"1159 baseline","14 baseline"
"6229","M1","C4620083","14","1160","C4620083 M1","baseline",0.00946580513772053,"1160 baseline","14 baseline"
"6230","M1","C4620083","14","1161","C4620083 M1","baseline",0.00853081292821437,"1161 baseline","14 baseline"
"6231","M1","C4620083","14","1162","C4620083 M1","baseline",0.00834734364925477,"1162 baseline","14 baseline"
"6232","M1","C4620083","14","1163","C4620083 M1","baseline",0.00767937203044877,"1163 baseline","14 baseline"
"6233","M1","C4620083","14","1164","C4620083 M1","baseline",0.00719973917534196,"1164 baseline","14 baseline"
"6234","M1","C4620083","14","1165","C4620083 M1","baseline",0.00664325233224985,"1165 baseline","14 baseline"
"6235","M1","C4620083","14","1166","C4620083 M1","baseline",0.00511490784786487,"1166 baseline","14 baseline"
"6236","M1","C4620083","14","1167","C4620083 M1","baseline",0.00203302671941631,"1167 baseline","14 baseline"
"6237","M1","C4620083","14","1168","C4620083 M1","baseline",0.000404587717818834,"1168 baseline","14 baseline"
"6238","M1","C4620083","14","1169","C4620083 M1","baseline",-8.92188648100333e-05,"1169 baseline","14 baseline"
"6239","M1","C4620083","14","1170","C4620083 M1","baseline",-0.00275194909629631,"1170 baseline","14 baseline"
"6240","M1","C4620083","14","1171","C4620083 M1","baseline",-0.00303553611517167,"1171 baseline","14 baseline"
"6241","M1","C4620083","14","1172","C4620083 M1","baseline",-0.00318935726372701,"1172 baseline","14 baseline"
"6242","M1","C4620083","14","1173","C4620083 M1","baseline",-0.00440006247424026,"1173 baseline","14 baseline"
"6243","M1","C4620083","14","1174","C4620083 M1","baseline",-0.00624308239191682,"1174 baseline","14 baseline"
"6244","M1","C4620083","14","1175","C4620083 M1","baseline",-0.00679665807442056,"1175 baseline","14 baseline"
"6245","M1","C4620083","14","1176","C4620083 M1","baseline",-0.00818500525798622,"1176 baseline","14 baseline"
"6246","M1","C4620083","14","1177","C4620083 M1","baseline",-0.00868044153317537,"1177 baseline","14 baseline"
"6247","M1","C4620083","14","1178","C4620083 M1","baseline",-0.0103725785046212,"1178 baseline","14 baseline"
"6248","M1","C4620083","14","1179","C4620083 M1","baseline",-0.0118144353125165,"1179 baseline","14 baseline"
"6249","M1","C4620083","14","1180","C4620083 M1","baseline",-0.0120326979802897,"1180 baseline","14 baseline"
"6250","M1","C4620083","14","1181","C4620083 M1","baseline",-0.0133187282036664,"1181 baseline","14 baseline"
"6251","M1","C4620083","14","1182","C4620083 M1","baseline",-0.0190517023803664,"1182 baseline","14 baseline"
"6252","M1","C4620083","14","1183","C4620083 M1","baseline",-0.0305678610531103,"1183 baseline","14 baseline"
"6253","M1","C4620083","14","1184","C4620083 M1","baseline",-0.0424765104792922,"1184 baseline","14 baseline"
"6254","M1","C4620083","14","1185","C4620083 M1","baseline",-0.047555832419078,"1185 baseline","14 baseline"
"6255","M1","C4620083","14","1186","C4620083 M1","baseline",-0.0475674120084993,"1186 baseline","14 baseline"
"6256","M1","C4620083","14","1187","C4620083 M1","baseline",-0.0522564876502665,"1187 baseline","14 baseline"
"6257","M1","C4620083","14","1188","C4620083 M1","baseline",-0.0536892193612173,"1188 baseline","14 baseline"
"6258","M1","C4620083","14","1189","C4620083 M1","baseline",-0.0557696789737923,"1189 baseline","14 baseline"
"6259","M1","C4620083","14","1190","C4620083 M1","baseline",-0.0617369548293407,"1190 baseline","14 baseline"
"6260","M1","C4620083","14","1191","C4620083 M1","baseline",-0.0630037816312254,"1191 baseline","14 baseline"
"6261","M1","C4620083","14","1192","C4620083 M1","baseline",-0.0670486587870231,"1192 baseline","14 baseline"
"6262","M1","C4620083","14","1193","C4620083 M1","baseline",-0.0761166555971637,"1193 baseline","14 baseline"
"6263","M1","C4620083","14","1194","C4620083 M1","baseline",-0.0835254203603383,"1194 baseline","14 baseline"
"6264","M1","C4620083","14","1195","C4620083 M1","baseline",-0.115298361238308,"1195 baseline","14 baseline"
"6265","M2","C4620083","14","0","C4620083 M2","baseline",0.0789916165270374,"0 baseline","14 baseline"
"6266","M2","C4620083","14","1","C4620083 M2","baseline",0.0736258589406219,"1 baseline","14 baseline"
"6267","M2","C4620083","14","2","C4620083 M2","baseline",0.0722660145647334,"2 baseline","14 baseline"
"6268","M2","C4620083","14","3","C4620083 M2","baseline",0.0711801701208922,"3 baseline","14 baseline"
"6269","M2","C4620083","14","4","C4620083 M2","baseline",0.0691697188187311,"4 baseline","14 baseline"
"6270","M2","C4620083","14","5","C4620083 M2","baseline",0.0680512775863871,"5 baseline","14 baseline"
"6271","M2","C4620083","14","6","C4620083 M2","baseline",0.0625436208305984,"6 baseline","14 baseline"
"6272","M2","C4620083","14","7","C4620083 M2","baseline",0.0607064833327551,"7 baseline","14 baseline"
"6273","M2","C4620083","14","8","C4620083 M2","baseline",0.0596706517437737,"8 baseline","14 baseline"
"6274","M2","C4620083","14","9","C4620083 M2","baseline",0.0579761132651672,"9 baseline","14 baseline"
"6275","M2","C4620083","14","10","C4620083 M2","baseline",0.0571671181626052,"10 baseline","14 baseline"
"6276","M2","C4620083","14","11","C4620083 M2","baseline",0.0570464625778391,"11 baseline","14 baseline"
"6277","M2","C4620083","14","12","C4620083 M2","baseline",0.0567610914190947,"12 baseline","14 baseline"
"6278","M2","C4620083","14","13","C4620083 M2","baseline",0.0563431129444685,"13 baseline","14 baseline"
"6279","M2","C4620083","14","14","C4620083 M2","baseline",0.0558529845635136,"14 baseline","14 baseline"
"6280","M2","C4620083","14","15","C4620083 M2","baseline",0.0556369918914289,"15 baseline","14 baseline"
"6281","M2","C4620083","14","16","C4620083 M2","baseline",0.0552415880557571,"16 baseline","14 baseline"
"6282","M2","C4620083","14","17","C4620083 M2","baseline",0.0552106569811086,"17 baseline","14 baseline"
"6283","M2","C4620083","14","18","C4620083 M2","baseline",0.0551433534468793,"18 baseline","14 baseline"
"6284","M2","C4620083","14","19","C4620083 M2","baseline",0.0547389405250248,"19 baseline","14 baseline"
"6285","M2","C4620083","14","20","C4620083 M2","baseline",0.0539728890253902,"20 baseline","14 baseline"
"6286","M2","C4620083","14","21","C4620083 M2","baseline",0.052628890409661,"21 baseline","14 baseline"
"6287","M2","C4620083","14","22","C4620083 M2","baseline",0.0524702881930717,"22 baseline","14 baseline"
"6288","M2","C4620083","14","23","C4620083 M2","baseline",0.0522325260898416,"23 baseline","14 baseline"
"6289","M2","C4620083","14","24","C4620083 M2","baseline",0.0521240163154445,"24 baseline","14 baseline"
"6290","M2","C4620083","14","25","C4620083 M2","baseline",0.0519151911972195,"25 baseline","14 baseline"
"6291","M2","C4620083","14","26","C4620083 M2","baseline",0.0518749818524763,"26 baseline","14 baseline"
"6292","M2","C4620083","14","27","C4620083 M2","baseline",0.0518678064093684,"27 baseline","14 baseline"
"6293","M2","C4620083","14","28","C4620083 M2","baseline",0.0509649698305309,"28 baseline","14 baseline"
"6294","M2","C4620083","14","29","C4620083 M2","baseline",0.0506290128009424,"29 baseline","14 baseline"
"6295","M2","C4620083","14","30","C4620083 M2","baseline",0.0502513371285453,"30 baseline","14 baseline"
"6296","M2","C4620083","14","31","C4620083 M2","baseline",0.0497843298652426,"31 baseline","14 baseline"
"6297","M2","C4620083","14","32","C4620083 M2","baseline",0.0494618957448246,"32 baseline","14 baseline"
"6298","M2","C4620083","14","33","C4620083 M2","baseline",0.0493568178085793,"33 baseline","14 baseline"
"6299","M2","C4620083","14","34","C4620083 M2","baseline",0.048543441452768,"34 baseline","14 baseline"
"6300","M2","C4620083","14","35","C4620083 M2","baseline",0.04802224260861,"35 baseline","14 baseline"
"6301","M2","C4620083","14","36","C4620083 M2","baseline",0.04798972359845,"36 baseline","14 baseline"
"6302","M2","C4620083","14","37","C4620083 M2","baseline",0.0479537110849731,"37 baseline","14 baseline"
"6303","M2","C4620083","14","38","C4620083 M2","baseline",0.0479419829176031,"38 baseline","14 baseline"
"6304","M2","C4620083","14","39","C4620083 M2","baseline",0.0476089284079001,"39 baseline","14 baseline"
"6305","M2","C4620083","14","40","C4620083 M2","baseline",0.0472553851212132,"40 baseline","14 baseline"
"6306","M2","C4620083","14","41","C4620083 M2","baseline",0.0470628217447746,"41 baseline","14 baseline"
"6307","M2","C4620083","14","42","C4620083 M2","baseline",0.0470343091333174,"42 baseline","14 baseline"
"6308","M2","C4620083","14","43","C4620083 M2","baseline",0.0460864760911813,"43 baseline","14 baseline"
"6309","M2","C4620083","14","44","C4620083 M2","baseline",0.0454909766949457,"44 baseline","14 baseline"
"6310","M2","C4620083","14","45","C4620083 M2","baseline",0.0453560958083081,"45 baseline","14 baseline"
"6311","M2","C4620083","14","46","C4620083 M2","baseline",0.0447755975048651,"46 baseline","14 baseline"
"6312","M2","C4620083","14","47","C4620083 M2","baseline",0.044624069597842,"47 baseline","14 baseline"
"6313","M2","C4620083","14","48","C4620083 M2","baseline",0.0441434026839696,"48 baseline","14 baseline"
"6314","M2","C4620083","14","49","C4620083 M2","baseline",0.0439851488328269,"49 baseline","14 baseline"
"6315","M2","C4620083","14","50","C4620083 M2","baseline",0.0436294652796003,"50 baseline","14 baseline"
"6316","M2","C4620083","14","51","C4620083 M2","baseline",0.0431529091718227,"51 baseline","14 baseline"
"6317","M2","C4620083","14","52","C4620083 M2","baseline",0.0428058603485611,"52 baseline","14 baseline"
"6318","M2","C4620083","14","53","C4620083 M2","baseline",0.0427679976904302,"53 baseline","14 baseline"
"6319","M2","C4620083","14","54","C4620083 M2","baseline",0.0427425281768519,"54 baseline","14 baseline"
"6320","M2","C4620083","14","55","C4620083 M2","baseline",0.0421511305641543,"55 baseline","14 baseline"
"6321","M2","C4620083","14","56","C4620083 M2","baseline",0.0421011206914257,"56 baseline","14 baseline"
"6322","M2","C4620083","14","57","C4620083 M2","baseline",0.0416567028087223,"57 baseline","14 baseline"
"6323","M2","C4620083","14","58","C4620083 M2","baseline",0.0416261535857498,"58 baseline","14 baseline"
"6324","M2","C4620083","14","59","C4620083 M2","baseline",0.041456255892408,"59 baseline","14 baseline"
"6325","M2","C4620083","14","60","C4620083 M2","baseline",0.0413081568999195,"60 baseline","14 baseline"
"6326","M2","C4620083","14","61","C4620083 M2","baseline",0.0411221192892056,"61 baseline","14 baseline"
"6327","M2","C4620083","14","62","C4620083 M2","baseline",0.0411095157259981,"62 baseline","14 baseline"
"6328","M2","C4620083","14","63","C4620083 M2","baseline",0.0408564363496454,"63 baseline","14 baseline"
"6329","M2","C4620083","14","64","C4620083 M2","baseline",0.040390358562026,"64 baseline","14 baseline"
"6330","M2","C4620083","14","65","C4620083 M2","baseline",0.0403210723170349,"65 baseline","14 baseline"
"6331","M2","C4620083","14","66","C4620083 M2","baseline",0.0402177074452012,"66 baseline","14 baseline"
"6332","M2","C4620083","14","67","C4620083 M2","baseline",0.0399946069634411,"67 baseline","14 baseline"
"6333","M2","C4620083","14","68","C4620083 M2","baseline",0.0398488918903123,"68 baseline","14 baseline"
"6334","M2","C4620083","14","69","C4620083 M2","baseline",0.0398408717117959,"69 baseline","14 baseline"
"6335","M2","C4620083","14","70","C4620083 M2","baseline",0.039468510222942,"70 baseline","14 baseline"
"6336","M2","C4620083","14","71","C4620083 M2","baseline",0.0386548166952468,"71 baseline","14 baseline"
"6337","M2","C4620083","14","72","C4620083 M2","baseline",0.038627490081818,"72 baseline","14 baseline"
"6338","M2","C4620083","14","73","C4620083 M2","baseline",0.0385063949005485,"73 baseline","14 baseline"
"6339","M2","C4620083","14","74","C4620083 M2","baseline",0.0380224078344701,"74 baseline","14 baseline"
"6340","M2","C4620083","14","75","C4620083 M2","baseline",0.0380197804544874,"75 baseline","14 baseline"
"6341","M2","C4620083","14","76","C4620083 M2","baseline",0.0379869321289631,"76 baseline","14 baseline"
"6342","M2","C4620083","14","77","C4620083 M2","baseline",0.0379748587803142,"77 baseline","14 baseline"
"6343","M2","C4620083","14","78","C4620083 M2","baseline",0.0379090740763595,"78 baseline","14 baseline"
"6344","M2","C4620083","14","79","C4620083 M2","baseline",0.037883990570622,"79 baseline","14 baseline"
"6345","M2","C4620083","14","80","C4620083 M2","baseline",0.0378061724991486,"80 baseline","14 baseline"
"6346","M2","C4620083","14","81","C4620083 M2","baseline",0.0377610342254606,"81 baseline","14 baseline"
"6347","M2","C4620083","14","82","C4620083 M2","baseline",0.0377208824219829,"82 baseline","14 baseline"
"6348","M2","C4620083","14","83","C4620083 M2","baseline",0.0374831473322428,"83 baseline","14 baseline"
"6349","M2","C4620083","14","84","C4620083 M2","baseline",0.0370420867809732,"84 baseline","14 baseline"
"6350","M2","C4620083","14","85","C4620083 M2","baseline",0.0368906538753921,"85 baseline","14 baseline"
"6351","M2","C4620083","14","86","C4620083 M2","baseline",0.0364180692289877,"86 baseline","14 baseline"
"6352","M2","C4620083","14","87","C4620083 M2","baseline",0.0362051553637195,"87 baseline","14 baseline"
"6353","M2","C4620083","14","88","C4620083 M2","baseline",0.0359459289010455,"88 baseline","14 baseline"
"6354","M2","C4620083","14","89","C4620083 M2","baseline",0.0357441432903733,"89 baseline","14 baseline"
"6355","M2","C4620083","14","90","C4620083 M2","baseline",0.0355325317765228,"90 baseline","14 baseline"
"6356","M2","C4620083","14","91","C4620083 M2","baseline",0.0351710508690569,"91 baseline","14 baseline"
"6357","M2","C4620083","14","92","C4620083 M2","baseline",0.0351511643511628,"92 baseline","14 baseline"
"6358","M2","C4620083","14","93","C4620083 M2","baseline",0.0351393125114915,"93 baseline","14 baseline"
"6359","M2","C4620083","14","94","C4620083 M2","baseline",0.0350462921800847,"94 baseline","14 baseline"
"6360","M2","C4620083","14","95","C4620083 M2","baseline",0.0349377401205458,"95 baseline","14 baseline"
"6361","M2","C4620083","14","96","C4620083 M2","baseline",0.0349335669644311,"96 baseline","14 baseline"
"6362","M2","C4620083","14","97","C4620083 M2","baseline",0.0348148255113133,"97 baseline","14 baseline"
"6363","M2","C4620083","14","98","C4620083 M2","baseline",0.0344971322412004,"98 baseline","14 baseline"
"6364","M2","C4620083","14","99","C4620083 M2","baseline",0.0344500555717826,"99 baseline","14 baseline"
"6365","M2","C4620083","14","100","C4620083 M2","baseline",0.0341070670930692,"100 baseline","14 baseline"
"6366","M2","C4620083","14","101","C4620083 M2","baseline",0.0340882280563744,"101 baseline","14 baseline"
"6367","M2","C4620083","14","102","C4620083 M2","baseline",0.0339523940523491,"102 baseline","14 baseline"
"6368","M2","C4620083","14","103","C4620083 M2","baseline",0.0339291786823643,"103 baseline","14 baseline"
"6369","M2","C4620083","14","104","C4620083 M2","baseline",0.0331712014919144,"104 baseline","14 baseline"
"6370","M2","C4620083","14","105","C4620083 M2","baseline",0.0330652043870206,"105 baseline","14 baseline"
"6371","M2","C4620083","14","106","C4620083 M2","baseline",0.032897658473189,"106 baseline","14 baseline"
"6372","M2","C4620083","14","107","C4620083 M2","baseline",0.0328165157925681,"107 baseline","14 baseline"
"6373","M2","C4620083","14","108","C4620083 M2","baseline",0.0327558110449589,"108 baseline","14 baseline"
"6374","M2","C4620083","14","109","C4620083 M2","baseline",0.0325442047059745,"109 baseline","14 baseline"
"6375","M2","C4620083","14","110","C4620083 M2","baseline",0.0325008970333162,"110 baseline","14 baseline"
"6376","M2","C4620083","14","111","C4620083 M2","baseline",0.0324165795051839,"111 baseline","14 baseline"
"6377","M2","C4620083","14","112","C4620083 M2","baseline",0.0322975368995427,"112 baseline","14 baseline"
"6378","M2","C4620083","14","113","C4620083 M2","baseline",0.0320813209421111,"113 baseline","14 baseline"
"6379","M2","C4620083","14","114","C4620083 M2","baseline",0.031988631572528,"114 baseline","14 baseline"
"6380","M2","C4620083","14","115","C4620083 M2","baseline",0.0319719246405919,"115 baseline","14 baseline"
"6381","M2","C4620083","14","116","C4620083 M2","baseline",0.0316810282477076,"116 baseline","14 baseline"
"6382","M2","C4620083","14","117","C4620083 M2","baseline",0.0316352955272376,"117 baseline","14 baseline"
"6383","M2","C4620083","14","118","C4620083 M2","baseline",0.0314867901946104,"118 baseline","14 baseline"
"6384","M2","C4620083","14","119","C4620083 M2","baseline",0.0310496000735115,"119 baseline","14 baseline"
"6385","M2","C4620083","14","120","C4620083 M2","baseline",0.031032724528848,"120 baseline","14 baseline"
"6386","M2","C4620083","14","121","C4620083 M2","baseline",0.0309973105496489,"121 baseline","14 baseline"
"6387","M2","C4620083","14","122","C4620083 M2","baseline",0.0309720000500162,"122 baseline","14 baseline"
"6388","M2","C4620083","14","123","C4620083 M2","baseline",0.0309349016609862,"123 baseline","14 baseline"
"6389","M2","C4620083","14","124","C4620083 M2","baseline",0.0308577092892631,"124 baseline","14 baseline"
"6390","M2","C4620083","14","125","C4620083 M2","baseline",0.0308259908653046,"125 baseline","14 baseline"
"6391","M2","C4620083","14","126","C4620083 M2","baseline",0.0306247707844332,"126 baseline","14 baseline"
"6392","M2","C4620083","14","127","C4620083 M2","baseline",0.0305545719532026,"127 baseline","14 baseline"
"6393","M2","C4620083","14","128","C4620083 M2","baseline",0.0304879411632746,"128 baseline","14 baseline"
"6394","M2","C4620083","14","129","C4620083 M2","baseline",0.0304712961397967,"129 baseline","14 baseline"
"6395","M2","C4620083","14","130","C4620083 M2","baseline",0.0303732426801843,"130 baseline","14 baseline"
"6396","M2","C4620083","14","131","C4620083 M2","baseline",0.0303309345606339,"131 baseline","14 baseline"
"6397","M2","C4620083","14","132","C4620083 M2","baseline",0.0302805641507138,"132 baseline","14 baseline"
"6398","M2","C4620083","14","133","C4620083 M2","baseline",0.0301631632835115,"133 baseline","14 baseline"
"6399","M2","C4620083","14","134","C4620083 M2","baseline",0.0300629941664118,"134 baseline","14 baseline"
"6400","M2","C4620083","14","135","C4620083 M2","baseline",0.0299510197423842,"135 baseline","14 baseline"
"6401","M2","C4620083","14","136","C4620083 M2","baseline",0.0299452598806489,"136 baseline","14 baseline"
"6402","M2","C4620083","14","137","C4620083 M2","baseline",0.0297708003040259,"137 baseline","14 baseline"
"6403","M2","C4620083","14","138","C4620083 M2","baseline",0.0296741175527581,"138 baseline","14 baseline"
"6404","M2","C4620083","14","139","C4620083 M2","baseline",0.0294213407239962,"139 baseline","14 baseline"
"6405","M2","C4620083","14","140","C4620083 M2","baseline",0.0291779988134872,"140 baseline","14 baseline"
"6406","M2","C4620083","14","141","C4620083 M2","baseline",0.0291342826622985,"141 baseline","14 baseline"
"6407","M2","C4620083","14","142","C4620083 M2","baseline",0.0290404079698136,"142 baseline","14 baseline"
"6408","M2","C4620083","14","143","C4620083 M2","baseline",0.0290030368910126,"143 baseline","14 baseline"
"6409","M2","C4620083","14","144","C4620083 M2","baseline",0.0289408256649304,"144 baseline","14 baseline"
"6410","M2","C4620083","14","145","C4620083 M2","baseline",0.0289137020050608,"145 baseline","14 baseline"
"6411","M2","C4620083","14","146","C4620083 M2","baseline",0.0288773927869251,"146 baseline","14 baseline"
"6412","M2","C4620083","14","147","C4620083 M2","baseline",0.0288543138745476,"147 baseline","14 baseline"
"6413","M2","C4620083","14","148","C4620083 M2","baseline",0.0288346564514291,"148 baseline","14 baseline"
"6414","M2","C4620083","14","149","C4620083 M2","baseline",0.0287806584833396,"149 baseline","14 baseline"
"6415","M2","C4620083","14","150","C4620083 M2","baseline",0.0286599772554088,"150 baseline","14 baseline"
"6416","M2","C4620083","14","151","C4620083 M2","baseline",0.0286340036111929,"151 baseline","14 baseline"
"6417","M2","C4620083","14","152","C4620083 M2","baseline",0.0283639830210637,"152 baseline","14 baseline"
"6418","M2","C4620083","14","153","C4620083 M2","baseline",0.0278928883349634,"153 baseline","14 baseline"
"6419","M2","C4620083","14","154","C4620083 M2","baseline",0.027769980669176,"154 baseline","14 baseline"
"6420","M2","C4620083","14","155","C4620083 M2","baseline",0.0276979531331061,"155 baseline","14 baseline"
"6421","M2","C4620083","14","156","C4620083 M2","baseline",0.0276862852354683,"156 baseline","14 baseline"
"6422","M2","C4620083","14","157","C4620083 M2","baseline",0.027661240966984,"157 baseline","14 baseline"
"6423","M2","C4620083","14","158","C4620083 M2","baseline",0.0276485875522022,"158 baseline","14 baseline"
"6424","M2","C4620083","14","159","C4620083 M2","baseline",0.0276170102984426,"159 baseline","14 baseline"
"6425","M2","C4620083","14","160","C4620083 M2","baseline",0.027492936553918,"160 baseline","14 baseline"
"6426","M2","C4620083","14","161","C4620083 M2","baseline",0.0274189641113419,"161 baseline","14 baseline"
"6427","M2","C4620083","14","162","C4620083 M2","baseline",0.0272326007630533,"162 baseline","14 baseline"
"6428","M2","C4620083","14","163","C4620083 M2","baseline",0.0271994229635697,"163 baseline","14 baseline"
"6429","M2","C4620083","14","164","C4620083 M2","baseline",0.0271616502388772,"164 baseline","14 baseline"
"6430","M2","C4620083","14","165","C4620083 M2","baseline",0.0269914722796816,"165 baseline","14 baseline"
"6431","M2","C4620083","14","166","C4620083 M2","baseline",0.0268916060276713,"166 baseline","14 baseline"
"6432","M2","C4620083","14","167","C4620083 M2","baseline",0.0268573846074695,"167 baseline","14 baseline"
"6433","M2","C4620083","14","168","C4620083 M2","baseline",0.0268078533629098,"168 baseline","14 baseline"
"6434","M2","C4620083","14","169","C4620083 M2","baseline",0.0266982139614084,"169 baseline","14 baseline"
"6435","M2","C4620083","14","170","C4620083 M2","baseline",0.0266340045442134,"170 baseline","14 baseline"
"6436","M2","C4620083","14","171","C4620083 M2","baseline",0.0264995057322911,"171 baseline","14 baseline"
"6437","M2","C4620083","14","172","C4620083 M2","baseline",0.0264495539801739,"172 baseline","14 baseline"
"6438","M2","C4620083","14","173","C4620083 M2","baseline",0.0262508837455768,"173 baseline","14 baseline"
"6439","M2","C4620083","14","174","C4620083 M2","baseline",0.0262466733942252,"174 baseline","14 baseline"
"6440","M2","C4620083","14","175","C4620083 M2","baseline",0.0261476761013435,"175 baseline","14 baseline"
"6441","M2","C4620083","14","176","C4620083 M2","baseline",0.0260969068694875,"176 baseline","14 baseline"
"6442","M2","C4620083","14","177","C4620083 M2","baseline",0.0259788021844713,"177 baseline","14 baseline"
"6443","M2","C4620083","14","178","C4620083 M2","baseline",0.0258492202060813,"178 baseline","14 baseline"
"6444","M2","C4620083","14","179","C4620083 M2","baseline",0.0257766649896643,"179 baseline","14 baseline"
"6445","M2","C4620083","14","180","C4620083 M2","baseline",0.0257741556795275,"180 baseline","14 baseline"
"6446","M2","C4620083","14","181","C4620083 M2","baseline",0.0257609549496628,"181 baseline","14 baseline"
"6447","M2","C4620083","14","182","C4620083 M2","baseline",0.0256851520584547,"182 baseline","14 baseline"
"6448","M2","C4620083","14","183","C4620083 M2","baseline",0.0256669916857587,"183 baseline","14 baseline"
"6449","M2","C4620083","14","184","C4620083 M2","baseline",0.0251403307836512,"184 baseline","14 baseline"
"6450","M2","C4620083","14","185","C4620083 M2","baseline",0.0248187661435339,"185 baseline","14 baseline"
"6451","M2","C4620083","14","186","C4620083 M2","baseline",0.0248007430099878,"186 baseline","14 baseline"
"6452","M2","C4620083","14","187","C4620083 M2","baseline",0.0245722695303629,"187 baseline","14 baseline"
"6453","M2","C4620083","14","188","C4620083 M2","baseline",0.0245689518169132,"188 baseline","14 baseline"
"6454","M2","C4620083","14","189","C4620083 M2","baseline",0.0243645513685661,"189 baseline","14 baseline"
"6455","M2","C4620083","14","190","C4620083 M2","baseline",0.024189687233249,"190 baseline","14 baseline"
"6456","M2","C4620083","14","191","C4620083 M2","baseline",0.0240932208644457,"191 baseline","14 baseline"
"6457","M2","C4620083","14","192","C4620083 M2","baseline",0.0240620010744576,"192 baseline","14 baseline"
"6458","M2","C4620083","14","193","C4620083 M2","baseline",0.0239109524818756,"193 baseline","14 baseline"
"6459","M2","C4620083","14","194","C4620083 M2","baseline",0.0237186414743765,"194 baseline","14 baseline"
"6460","M2","C4620083","14","195","C4620083 M2","baseline",0.0234289572764408,"195 baseline","14 baseline"
"6461","M2","C4620083","14","196","C4620083 M2","baseline",0.0233532252483376,"196 baseline","14 baseline"
"6462","M2","C4620083","14","197","C4620083 M2","baseline",0.0233406092240085,"197 baseline","14 baseline"
"6463","M2","C4620083","14","198","C4620083 M2","baseline",0.0233150238429735,"198 baseline","14 baseline"
"6464","M2","C4620083","14","199","C4620083 M2","baseline",0.0231207687552281,"199 baseline","14 baseline"
"6465","M2","C4620083","14","200","C4620083 M2","baseline",0.0230619395580704,"200 baseline","14 baseline"
"6466","M2","C4620083","14","201","C4620083 M2","baseline",0.023031476187542,"201 baseline","14 baseline"
"6467","M2","C4620083","14","202","C4620083 M2","baseline",0.0229339211321322,"202 baseline","14 baseline"
"6468","M2","C4620083","14","203","C4620083 M2","baseline",0.0226879910771392,"203 baseline","14 baseline"
"6469","M2","C4620083","14","204","C4620083 M2","baseline",0.0226691497834142,"204 baseline","14 baseline"
"6470","M2","C4620083","14","205","C4620083 M2","baseline",0.0226514943691048,"205 baseline","14 baseline"
"6471","M2","C4620083","14","206","C4620083 M2","baseline",0.0225923416012615,"206 baseline","14 baseline"
"6472","M2","C4620083","14","207","C4620083 M2","baseline",0.0225680445342811,"207 baseline","14 baseline"
"6473","M2","C4620083","14","208","C4620083 M2","baseline",0.0225425919018418,"208 baseline","14 baseline"
"6474","M2","C4620083","14","209","C4620083 M2","baseline",0.0224639337787799,"209 baseline","14 baseline"
"6475","M2","C4620083","14","210","C4620083 M2","baseline",0.0224124301311051,"210 baseline","14 baseline"
"6476","M2","C4620083","14","211","C4620083 M2","baseline",0.0222626059515277,"211 baseline","14 baseline"
"6477","M2","C4620083","14","212","C4620083 M2","baseline",0.0220580259621589,"212 baseline","14 baseline"
"6478","M2","C4620083","14","213","C4620083 M2","baseline",0.0217798014913935,"213 baseline","14 baseline"
"6479","M2","C4620083","14","214","C4620083 M2","baseline",0.0217792667626994,"214 baseline","14 baseline"
"6480","M2","C4620083","14","215","C4620083 M2","baseline",0.0217330114799939,"215 baseline","14 baseline"
"6481","M2","C4620083","14","216","C4620083 M2","baseline",0.0215395893746279,"216 baseline","14 baseline"
"6482","M2","C4620083","14","217","C4620083 M2","baseline",0.0215224835709711,"217 baseline","14 baseline"
"6483","M2","C4620083","14","218","C4620083 M2","baseline",0.0212221343096344,"218 baseline","14 baseline"
"6484","M2","C4620083","14","219","C4620083 M2","baseline",0.0212102964687226,"219 baseline","14 baseline"
"6485","M2","C4620083","14","220","C4620083 M2","baseline",0.0211732179390812,"220 baseline","14 baseline"
"6486","M2","C4620083","14","221","C4620083 M2","baseline",0.0211090278497934,"221 baseline","14 baseline"
"6487","M2","C4620083","14","222","C4620083 M2","baseline",0.0210698538696361,"222 baseline","14 baseline"
"6488","M2","C4620083","14","223","C4620083 M2","baseline",0.0210165043672506,"223 baseline","14 baseline"
"6489","M2","C4620083","14","224","C4620083 M2","baseline",0.0207582467513065,"224 baseline","14 baseline"
"6490","M2","C4620083","14","225","C4620083 M2","baseline",0.0207266809730784,"225 baseline","14 baseline"
"6491","M2","C4620083","14","226","C4620083 M2","baseline",0.0201940911993637,"226 baseline","14 baseline"
"6492","M2","C4620083","14","227","C4620083 M2","baseline",0.0201755188735355,"227 baseline","14 baseline"
"6493","M2","C4620083","14","228","C4620083 M2","baseline",0.0199397571545282,"228 baseline","14 baseline"
"6494","M2","C4620083","14","229","C4620083 M2","baseline",0.0199372006750035,"229 baseline","14 baseline"
"6495","M2","C4620083","14","230","C4620083 M2","baseline",0.0197655123432747,"230 baseline","14 baseline"
"6496","M2","C4620083","14","231","C4620083 M2","baseline",0.019700197203761,"231 baseline","14 baseline"
"6497","M2","C4620083","14","232","C4620083 M2","baseline",0.0196858095010763,"232 baseline","14 baseline"
"6498","M2","C4620083","14","233","C4620083 M2","baseline",0.0196224780443343,"233 baseline","14 baseline"
"6499","M2","C4620083","14","234","C4620083 M2","baseline",0.0195558684470371,"234 baseline","14 baseline"
"6500","M2","C4620083","14","235","C4620083 M2","baseline",0.0195414918544837,"235 baseline","14 baseline"
"6501","M2","C4620083","14","236","C4620083 M2","baseline",0.0195384494712009,"236 baseline","14 baseline"
"6502","M2","C4620083","14","237","C4620083 M2","baseline",0.0192212669253762,"237 baseline","14 baseline"
"6503","M2","C4620083","14","238","C4620083 M2","baseline",0.019011546926866,"238 baseline","14 baseline"
"6504","M2","C4620083","14","239","C4620083 M2","baseline",0.0189768238619348,"239 baseline","14 baseline"
"6505","M2","C4620083","14","240","C4620083 M2","baseline",0.018967854167924,"240 baseline","14 baseline"
"6506","M2","C4620083","14","241","C4620083 M2","baseline",0.0189347693178222,"241 baseline","14 baseline"
"6507","M2","C4620083","14","242","C4620083 M2","baseline",0.0189129801268523,"242 baseline","14 baseline"
"6508","M2","C4620083","14","243","C4620083 M2","baseline",0.0188203880009408,"243 baseline","14 baseline"
"6509","M2","C4620083","14","244","C4620083 M2","baseline",0.0187336232545568,"244 baseline","14 baseline"
"6510","M2","C4620083","14","245","C4620083 M2","baseline",0.0186495544676128,"245 baseline","14 baseline"
"6511","M2","C4620083","14","246","C4620083 M2","baseline",0.018625968677724,"246 baseline","14 baseline"
"6512","M2","C4620083","14","247","C4620083 M2","baseline",0.0185462164959769,"247 baseline","14 baseline"
"6513","M2","C4620083","14","248","C4620083 M2","baseline",0.0184801607130515,"248 baseline","14 baseline"
"6514","M2","C4620083","14","249","C4620083 M2","baseline",0.0184626791983125,"249 baseline","14 baseline"
"6515","M2","C4620083","14","250","C4620083 M2","baseline",0.0184494714938011,"250 baseline","14 baseline"
"6516","M2","C4620083","14","251","C4620083 M2","baseline",0.018408947637065,"251 baseline","14 baseline"
"6517","M2","C4620083","14","252","C4620083 M2","baseline",0.0183937036168849,"252 baseline","14 baseline"
"6518","M2","C4620083","14","253","C4620083 M2","baseline",0.0183822418687211,"253 baseline","14 baseline"
"6519","M2","C4620083","14","254","C4620083 M2","baseline",0.0183062602728872,"254 baseline","14 baseline"
"6520","M2","C4620083","14","255","C4620083 M2","baseline",0.0181090866248758,"255 baseline","14 baseline"
"6521","M2","C4620083","14","256","C4620083 M2","baseline",0.0180013479333376,"256 baseline","14 baseline"
"6522","M2","C4620083","14","257","C4620083 M2","baseline",0.0178488833594755,"257 baseline","14 baseline"
"6523","M2","C4620083","14","258","C4620083 M2","baseline",0.017819206454775,"258 baseline","14 baseline"
"6524","M2","C4620083","14","259","C4620083 M2","baseline",0.0175729032382077,"259 baseline","14 baseline"
"6525","M2","C4620083","14","260","C4620083 M2","baseline",0.0173520309060146,"260 baseline","14 baseline"
"6526","M2","C4620083","14","261","C4620083 M2","baseline",0.0172051416586579,"261 baseline","14 baseline"
"6527","M2","C4620083","14","262","C4620083 M2","baseline",0.0170301430692402,"262 baseline","14 baseline"
"6528","M2","C4620083","14","263","C4620083 M2","baseline",0.0169079003313213,"263 baseline","14 baseline"
"6529","M2","C4620083","14","264","C4620083 M2","baseline",0.0168578759620409,"264 baseline","14 baseline"
"6530","M2","C4620083","14","265","C4620083 M2","baseline",0.016782823233015,"265 baseline","14 baseline"
"6531","M2","C4620083","14","266","C4620083 M2","baseline",0.0166468353113673,"266 baseline","14 baseline"
"6532","M2","C4620083","14","267","C4620083 M2","baseline",0.0165956296138639,"267 baseline","14 baseline"
"6533","M2","C4620083","14","268","C4620083 M2","baseline",0.0164682467378011,"268 baseline","14 baseline"
"6534","M2","C4620083","14","269","C4620083 M2","baseline",0.0162976449302194,"269 baseline","14 baseline"
"6535","M2","C4620083","14","270","C4620083 M2","baseline",0.0162378504260962,"270 baseline","14 baseline"
"6536","M2","C4620083","14","271","C4620083 M2","baseline",0.0162061009316731,"271 baseline","14 baseline"
"6537","M2","C4620083","14","272","C4620083 M2","baseline",0.0161650934071686,"272 baseline","14 baseline"
"6538","M2","C4620083","14","273","C4620083 M2","baseline",0.0158532370468818,"273 baseline","14 baseline"
"6539","M2","C4620083","14","274","C4620083 M2","baseline",0.0157773817450872,"274 baseline","14 baseline"
"6540","M2","C4620083","14","275","C4620083 M2","baseline",0.0157621245604691,"275 baseline","14 baseline"
"6541","M2","C4620083","14","276","C4620083 M2","baseline",0.0157252910294867,"276 baseline","14 baseline"
"6542","M2","C4620083","14","277","C4620083 M2","baseline",0.0157244678816391,"277 baseline","14 baseline"
"6543","M2","C4620083","14","278","C4620083 M2","baseline",0.015716678136953,"278 baseline","14 baseline"
"6544","M2","C4620083","14","279","C4620083 M2","baseline",0.0156625745788452,"279 baseline","14 baseline"
"6545","M2","C4620083","14","280","C4620083 M2","baseline",0.0155279769372363,"280 baseline","14 baseline"
"6546","M2","C4620083","14","281","C4620083 M2","baseline",0.0155088077981905,"281 baseline","14 baseline"
"6547","M2","C4620083","14","282","C4620083 M2","baseline",0.0154898162925507,"282 baseline","14 baseline"
"6548","M2","C4620083","14","283","C4620083 M2","baseline",0.0154797597410054,"283 baseline","14 baseline"
"6549","M2","C4620083","14","284","C4620083 M2","baseline",0.0153295235012209,"284 baseline","14 baseline"
"6550","M2","C4620083","14","285","C4620083 M2","baseline",0.015058223268661,"285 baseline","14 baseline"
"6551","M2","C4620083","14","286","C4620083 M2","baseline",0.0145841740327632,"286 baseline","14 baseline"
"6552","M2","C4620083","14","287","C4620083 M2","baseline",0.0145656213959253,"287 baseline","14 baseline"
"6553","M2","C4620083","14","288","C4620083 M2","baseline",0.0144917685063002,"288 baseline","14 baseline"
"6554","M2","C4620083","14","289","C4620083 M2","baseline",0.0144042787468658,"289 baseline","14 baseline"
"6555","M2","C4620083","14","290","C4620083 M2","baseline",0.0143570401319471,"290 baseline","14 baseline"
"6556","M2","C4620083","14","291","C4620083 M2","baseline",0.0141686672881038,"291 baseline","14 baseline"
"6557","M2","C4620083","14","292","C4620083 M2","baseline",0.01399735176658,"292 baseline","14 baseline"
"6558","M2","C4620083","14","293","C4620083 M2","baseline",0.0138599299121832,"293 baseline","14 baseline"
"6559","M2","C4620083","14","294","C4620083 M2","baseline",0.0138071811004229,"294 baseline","14 baseline"
"6560","M2","C4620083","14","295","C4620083 M2","baseline",0.0135890154248327,"295 baseline","14 baseline"
"6561","M2","C4620083","14","296","C4620083 M2","baseline",0.0135262142740986,"296 baseline","14 baseline"
"6562","M2","C4620083","14","297","C4620083 M2","baseline",0.0133921437593176,"297 baseline","14 baseline"
"6563","M2","C4620083","14","298","C4620083 M2","baseline",0.0132792284993109,"298 baseline","14 baseline"
"6564","M2","C4620083","14","299","C4620083 M2","baseline",0.0132345689240411,"299 baseline","14 baseline"
"6565","M2","C4620083","14","300","C4620083 M2","baseline",0.0130911243857952,"300 baseline","14 baseline"
"6566","M2","C4620083","14","301","C4620083 M2","baseline",0.0128651876233254,"301 baseline","14 baseline"
"6567","M2","C4620083","14","302","C4620083 M2","baseline",0.0127663260273259,"302 baseline","14 baseline"
"6568","M2","C4620083","14","303","C4620083 M2","baseline",0.0124983627521665,"303 baseline","14 baseline"
"6569","M2","C4620083","14","304","C4620083 M2","baseline",0.0124711943061008,"304 baseline","14 baseline"
"6570","M2","C4620083","14","305","C4620083 M2","baseline",0.0124682851931818,"305 baseline","14 baseline"
"6571","M2","C4620083","14","306","C4620083 M2","baseline",0.0124334983879935,"306 baseline","14 baseline"
"6572","M2","C4620083","14","307","C4620083 M2","baseline",0.0123381960958419,"307 baseline","14 baseline"
"6573","M2","C4620083","14","308","C4620083 M2","baseline",0.0122666145120266,"308 baseline","14 baseline"
"6574","M2","C4620083","14","309","C4620083 M2","baseline",0.0120829118557926,"309 baseline","14 baseline"
"6575","M2","C4620083","14","310","C4620083 M2","baseline",0.012071813198014,"310 baseline","14 baseline"
"6576","M2","C4620083","14","311","C4620083 M2","baseline",0.0119488517588486,"311 baseline","14 baseline"
"6577","M2","C4620083","14","312","C4620083 M2","baseline",0.0119089364009797,"312 baseline","14 baseline"
"6578","M2","C4620083","14","313","C4620083 M2","baseline",0.0117224034259785,"313 baseline","14 baseline"
"6579","M2","C4620083","14","314","C4620083 M2","baseline",0.0117035360292501,"314 baseline","14 baseline"
"6580","M2","C4620083","14","315","C4620083 M2","baseline",0.0115524019074897,"315 baseline","14 baseline"
"6581","M2","C4620083","14","316","C4620083 M2","baseline",0.0114102541463,"316 baseline","14 baseline"
"6582","M2","C4620083","14","317","C4620083 M2","baseline",0.0114091313633113,"317 baseline","14 baseline"
"6583","M2","C4620083","14","318","C4620083 M2","baseline",0.0113500398411386,"318 baseline","14 baseline"
"6584","M2","C4620083","14","319","C4620083 M2","baseline",0.0113244109198228,"319 baseline","14 baseline"
"6585","M2","C4620083","14","320","C4620083 M2","baseline",0.0112452360217169,"320 baseline","14 baseline"
"6586","M2","C4620083","14","321","C4620083 M2","baseline",0.011216930462739,"321 baseline","14 baseline"
"6587","M2","C4620083","14","322","C4620083 M2","baseline",0.0110197651321464,"322 baseline","14 baseline"
"6588","M2","C4620083","14","323","C4620083 M2","baseline",0.0109882978055664,"323 baseline","14 baseline"
"6589","M2","C4620083","14","324","C4620083 M2","baseline",0.0109677505408118,"324 baseline","14 baseline"
"6590","M2","C4620083","14","325","C4620083 M2","baseline",0.0108370110322347,"325 baseline","14 baseline"
"6591","M2","C4620083","14","326","C4620083 M2","baseline",0.0107336494537488,"326 baseline","14 baseline"
"6592","M2","C4620083","14","327","C4620083 M2","baseline",0.0107235419751129,"327 baseline","14 baseline"
"6593","M2","C4620083","14","328","C4620083 M2","baseline",0.0105751851129889,"328 baseline","14 baseline"
"6594","M2","C4620083","14","329","C4620083 M2","baseline",0.0105737899147028,"329 baseline","14 baseline"
"6595","M2","C4620083","14","330","C4620083 M2","baseline",0.0103390462826082,"330 baseline","14 baseline"
"6596","M2","C4620083","14","331","C4620083 M2","baseline",0.0102907982364587,"331 baseline","14 baseline"
"6597","M2","C4620083","14","332","C4620083 M2","baseline",0.0102003435652924,"332 baseline","14 baseline"
"6598","M2","C4620083","14","333","C4620083 M2","baseline",0.010116587758358,"333 baseline","14 baseline"
"6599","M2","C4620083","14","334","C4620083 M2","baseline",0.0100092670194323,"334 baseline","14 baseline"
"6600","M2","C4620083","14","335","C4620083 M2","baseline",0.00985111622235742,"335 baseline","14 baseline"
"6601","M2","C4620083","14","336","C4620083 M2","baseline",0.00970575793468927,"336 baseline","14 baseline"
"6602","M2","C4620083","14","337","C4620083 M2","baseline",0.00956098763931859,"337 baseline","14 baseline"
"6603","M2","C4620083","14","338","C4620083 M2","baseline",0.00937504354444974,"338 baseline","14 baseline"
"6604","M2","C4620083","14","339","C4620083 M2","baseline",0.00932395327420418,"339 baseline","14 baseline"
"6605","M2","C4620083","14","340","C4620083 M2","baseline",0.00914518182163447,"340 baseline","14 baseline"
"6606","M2","C4620083","14","341","C4620083 M2","baseline",0.00910312734621073,"341 baseline","14 baseline"
"6607","M2","C4620083","14","342","C4620083 M2","baseline",0.0090783677846836,"342 baseline","14 baseline"
"6608","M2","C4620083","14","343","C4620083 M2","baseline",0.0089527392631168,"343 baseline","14 baseline"
"6609","M2","C4620083","14","344","C4620083 M2","baseline",0.00894521295559069,"344 baseline","14 baseline"
"6610","M2","C4620083","14","345","C4620083 M2","baseline",0.00889907818899008,"345 baseline","14 baseline"
"6611","M2","C4620083","14","346","C4620083 M2","baseline",0.00885421732947616,"346 baseline","14 baseline"
"6612","M2","C4620083","14","347","C4620083 M2","baseline",0.00875760811106765,"347 baseline","14 baseline"
"6613","M2","C4620083","14","348","C4620083 M2","baseline",0.00874850635962604,"348 baseline","14 baseline"
"6614","M2","C4620083","14","349","C4620083 M2","baseline",0.00862180832594519,"349 baseline","14 baseline"
"6615","M2","C4620083","14","350","C4620083 M2","baseline",0.00839762691715689,"350 baseline","14 baseline"
"6616","M2","C4620083","14","351","C4620083 M2","baseline",0.00828493917870688,"351 baseline","14 baseline"
"6617","M2","C4620083","14","352","C4620083 M2","baseline",0.00823790723588872,"352 baseline","14 baseline"
"6618","M2","C4620083","14","353","C4620083 M2","baseline",0.00811062750854473,"353 baseline","14 baseline"
"6619","M2","C4620083","14","354","C4620083 M2","baseline",0.0079143819276205,"354 baseline","14 baseline"
"6620","M2","C4620083","14","355","C4620083 M2","baseline",0.00776018609337687,"355 baseline","14 baseline"
"6621","M2","C4620083","14","356","C4620083 M2","baseline",0.0075307824934325,"356 baseline","14 baseline"
"6622","M2","C4620083","14","357","C4620083 M2","baseline",0.00750685147148669,"357 baseline","14 baseline"
"6623","M2","C4620083","14","358","C4620083 M2","baseline",0.00744547348730987,"358 baseline","14 baseline"
"6624","M2","C4620083","14","359","C4620083 M2","baseline",0.00729367192235728,"359 baseline","14 baseline"
"6625","M2","C4620083","14","360","C4620083 M2","baseline",0.00729077088200952,"360 baseline","14 baseline"
"6626","M2","C4620083","14","361","C4620083 M2","baseline",0.00714713538807756,"361 baseline","14 baseline"
"6627","M2","C4620083","14","362","C4620083 M2","baseline",0.00712549864456005,"362 baseline","14 baseline"
"6628","M2","C4620083","14","363","C4620083 M2","baseline",0.00709690132540944,"363 baseline","14 baseline"
"6629","M2","C4620083","14","364","C4620083 M2","baseline",0.00663704834649087,"364 baseline","14 baseline"
"6630","M2","C4620083","14","365","C4620083 M2","baseline",0.0065194716601535,"365 baseline","14 baseline"
"6631","M2","C4620083","14","366","C4620083 M2","baseline",0.00641379831837152,"366 baseline","14 baseline"
"6632","M2","C4620083","14","367","C4620083 M2","baseline",0.00620279016997722,"367 baseline","14 baseline"
"6633","M2","C4620083","14","368","C4620083 M2","baseline",0.00592130841807771,"368 baseline","14 baseline"
"6634","M2","C4620083","14","369","C4620083 M2","baseline",0.00590326341935656,"369 baseline","14 baseline"
"6635","M2","C4620083","14","370","C4620083 M2","baseline",0.00583457160200014,"370 baseline","14 baseline"
"6636","M2","C4620083","14","371","C4620083 M2","baseline",0.0057747371827438,"371 baseline","14 baseline"
"6637","M2","C4620083","14","372","C4620083 M2","baseline",0.00565342456911724,"372 baseline","14 baseline"
"6638","M2","C4620083","14","373","C4620083 M2","baseline",0.00554105048292263,"373 baseline","14 baseline"
"6639","M2","C4620083","14","374","C4620083 M2","baseline",0.00550744210470348,"374 baseline","14 baseline"
"6640","M2","C4620083","14","375","C4620083 M2","baseline",0.00533908792677444,"375 baseline","14 baseline"
"6641","M2","C4620083","14","376","C4620083 M2","baseline",0.00530166588541915,"376 baseline","14 baseline"
"6642","M2","C4620083","14","377","C4620083 M2","baseline",0.00521784611417501,"377 baseline","14 baseline"
"6643","M2","C4620083","14","378","C4620083 M2","baseline",0.00514056809432717,"378 baseline","14 baseline"
"6644","M2","C4620083","14","379","C4620083 M2","baseline",0.00505067312256465,"379 baseline","14 baseline"
"6645","M2","C4620083","14","380","C4620083 M2","baseline",0.00503364406093087,"380 baseline","14 baseline"
"6646","M2","C4620083","14","381","C4620083 M2","baseline",0.0049305022687013,"381 baseline","14 baseline"
"6647","M2","C4620083","14","382","C4620083 M2","baseline",0.00482538014675361,"382 baseline","14 baseline"
"6648","M2","C4620083","14","383","C4620083 M2","baseline",0.00470810675207788,"383 baseline","14 baseline"
"6649","M2","C4620083","14","384","C4620083 M2","baseline",0.0045899629518528,"384 baseline","14 baseline"
"6650","M2","C4620083","14","385","C4620083 M2","baseline",0.00454750002611493,"385 baseline","14 baseline"
"6651","M2","C4620083","14","386","C4620083 M2","baseline",0.00447669615724835,"386 baseline","14 baseline"
"6652","M2","C4620083","14","387","C4620083 M2","baseline",0.00446938005136812,"387 baseline","14 baseline"
"6653","M2","C4620083","14","388","C4620083 M2","baseline",0.00439021933108393,"388 baseline","14 baseline"
"6654","M2","C4620083","14","389","C4620083 M2","baseline",0.00420633909914231,"389 baseline","14 baseline"
"6655","M2","C4620083","14","390","C4620083 M2","baseline",0.00408990677341754,"390 baseline","14 baseline"
"6656","M2","C4620083","14","391","C4620083 M2","baseline",0.00384443415826421,"391 baseline","14 baseline"
"6657","M2","C4620083","14","392","C4620083 M2","baseline",0.00330167020574142,"392 baseline","14 baseline"
"6658","M2","C4620083","14","393","C4620083 M2","baseline",0.00304160534588246,"393 baseline","14 baseline"
"6659","M2","C4620083","14","394","C4620083 M2","baseline",0.0026302888269351,"394 baseline","14 baseline"
"6660","M2","C4620083","14","395","C4620083 M2","baseline",0.00260852982301591,"395 baseline","14 baseline"
"6661","M2","C4620083","14","396","C4620083 M2","baseline",0.00253436766041227,"396 baseline","14 baseline"
"6662","M2","C4620083","14","397","C4620083 M2","baseline",0.00237912104659448,"397 baseline","14 baseline"
"6663","M2","C4620083","14","398","C4620083 M2","baseline",0.00229693598934685,"398 baseline","14 baseline"
"6664","M2","C4620083","14","399","C4620083 M2","baseline",0.00217957529475111,"399 baseline","14 baseline"
"6665","M2","C4620083","14","400","C4620083 M2","baseline",0.00213596896113988,"400 baseline","14 baseline"
"6666","M2","C4620083","14","401","C4620083 M2","baseline",0.00199100141704897,"401 baseline","14 baseline"
"6667","M2","C4620083","14","402","C4620083 M2","baseline",0.00191934763215799,"402 baseline","14 baseline"
"6668","M2","C4620083","14","403","C4620083 M2","baseline",0.00183503211131188,"403 baseline","14 baseline"
"6669","M2","C4620083","14","404","C4620083 M2","baseline",0.00146940629081544,"404 baseline","14 baseline"
"6670","M2","C4620083","14","405","C4620083 M2","baseline",0.00143368464519599,"405 baseline","14 baseline"
"6671","M2","C4620083","14","406","C4620083 M2","baseline",0.00141927803453538,"406 baseline","14 baseline"
"6672","M2","C4620083","14","407","C4620083 M2","baseline",0.00133601901790694,"407 baseline","14 baseline"
"6673","M2","C4620083","14","408","C4620083 M2","baseline",0.00124419758664623,"408 baseline","14 baseline"
"6674","M2","C4620083","14","409","C4620083 M2","baseline",0.00114693941704263,"409 baseline","14 baseline"
"6675","M2","C4620083","14","410","C4620083 M2","baseline",0.000836461912669504,"410 baseline","14 baseline"
"6676","M2","C4620083","14","411","C4620083 M2","baseline",0.000832596377228687,"411 baseline","14 baseline"
"6677","M2","C4620083","14","412","C4620083 M2","baseline",0.000794185246004967,"412 baseline","14 baseline"
"6678","M2","C4620083","14","413","C4620083 M2","baseline",0.0006394875960945,"413 baseline","14 baseline"
"6679","M2","C4620083","14","414","C4620083 M2","baseline",0.000404256050844521,"414 baseline","14 baseline"
"6680","M2","C4620083","14","415","C4620083 M2","baseline",0.000259838562571148,"415 baseline","14 baseline"
"6681","M2","C4620083","14","416","C4620083 M2","baseline",-0.00014973793855809,"416 baseline","14 baseline"
"6682","M2","C4620083","14","417","C4620083 M2","baseline",-0.000233245647670675,"417 baseline","14 baseline"
"6683","M2","C4620083","14","418","C4620083 M2","baseline",-0.000275391850716753,"418 baseline","14 baseline"
"6684","M2","C4620083","14","419","C4620083 M2","baseline",-0.00110072106214778,"419 baseline","14 baseline"
"6685","M2","C4620083","14","420","C4620083 M2","baseline",-0.00110521190428607,"420 baseline","14 baseline"
"6686","M2","C4620083","14","421","C4620083 M2","baseline",-0.00170844276383494,"421 baseline","14 baseline"
"6687","M2","C4620083","14","422","C4620083 M2","baseline",-0.00172015382578496,"422 baseline","14 baseline"
"6688","M2","C4620083","14","423","C4620083 M2","baseline",-0.00215625533186265,"423 baseline","14 baseline"
"6689","M2","C4620083","14","424","C4620083 M2","baseline",-0.0024909152695818,"424 baseline","14 baseline"
"6690","M2","C4620083","14","425","C4620083 M2","baseline",-0.00254396484645316,"425 baseline","14 baseline"
"6691","M2","C4620083","14","426","C4620083 M2","baseline",-0.00264832640284823,"426 baseline","14 baseline"
"6692","M2","C4620083","14","427","C4620083 M2","baseline",-0.00278316280537222,"427 baseline","14 baseline"
"6693","M2","C4620083","14","428","C4620083 M2","baseline",-0.00302491075233657,"428 baseline","14 baseline"
"6694","M2","C4620083","14","429","C4620083 M2","baseline",-0.00313502142890003,"429 baseline","14 baseline"
"6695","M2","C4620083","14","430","C4620083 M2","baseline",-0.00336344301435938,"430 baseline","14 baseline"
"6696","M2","C4620083","14","431","C4620083 M2","baseline",-0.00353640955467733,"431 baseline","14 baseline"
"6697","M2","C4620083","14","432","C4620083 M2","baseline",-0.0035832092918576,"432 baseline","14 baseline"
"6698","M2","C4620083","14","433","C4620083 M2","baseline",-0.00377340864512813,"433 baseline","14 baseline"
"6699","M2","C4620083","14","434","C4620083 M2","baseline",-0.00396977814445076,"434 baseline","14 baseline"
"6700","M2","C4620083","14","435","C4620083 M2","baseline",-0.00404104377727355,"435 baseline","14 baseline"
"6701","M2","C4620083","14","436","C4620083 M2","baseline",-0.00473281243759162,"436 baseline","14 baseline"
"6702","M2","C4620083","14","437","C4620083 M2","baseline",-0.00516294261760722,"437 baseline","14 baseline"
"6703","M2","C4620083","14","438","C4620083 M2","baseline",-0.00524989987606616,"438 baseline","14 baseline"
"6704","M2","C4620083","14","439","C4620083 M2","baseline",-0.00550074585879356,"439 baseline","14 baseline"
"6705","M2","C4620083","14","440","C4620083 M2","baseline",-0.00569382413275246,"440 baseline","14 baseline"
"6706","M2","C4620083","14","441","C4620083 M2","baseline",-0.00601210114428184,"441 baseline","14 baseline"
"6707","M2","C4620083","14","442","C4620083 M2","baseline",-0.00607279245198218,"442 baseline","14 baseline"
"6708","M2","C4620083","14","443","C4620083 M2","baseline",-0.00654296203141706,"443 baseline","14 baseline"
"6709","M2","C4620083","14","444","C4620083 M2","baseline",-0.00662141975891764,"444 baseline","14 baseline"
"6710","M2","C4620083","14","445","C4620083 M2","baseline",-0.00693627822565655,"445 baseline","14 baseline"
"6711","M2","C4620083","14","446","C4620083 M2","baseline",-0.0070390915461137,"446 baseline","14 baseline"
"6712","M2","C4620083","14","447","C4620083 M2","baseline",-0.00710042318179857,"447 baseline","14 baseline"
"6713","M2","C4620083","14","448","C4620083 M2","baseline",-0.00765878680304664,"448 baseline","14 baseline"
"6714","M2","C4620083","14","449","C4620083 M2","baseline",-0.00785961075622229,"449 baseline","14 baseline"
"6715","M2","C4620083","14","450","C4620083 M2","baseline",-0.00867175881723595,"450 baseline","14 baseline"
"6716","M2","C4620083","14","451","C4620083 M2","baseline",-0.00917841094161093,"451 baseline","14 baseline"
"6717","M2","C4620083","14","452","C4620083 M2","baseline",-0.00955344977898419,"452 baseline","14 baseline"
"6718","M2","C4620083","14","453","C4620083 M2","baseline",-0.00957291234449448,"453 baseline","14 baseline"
"6719","M2","C4620083","14","454","C4620083 M2","baseline",-0.00998002322332117,"454 baseline","14 baseline"
"6720","M2","C4620083","14","455","C4620083 M2","baseline",-0.0115422382115672,"455 baseline","14 baseline"
"6721","M2","C4620083","14","456","C4620083 M2","baseline",-0.011570031860714,"456 baseline","14 baseline"
"6722","M2","C4620083","14","457","C4620083 M2","baseline",-0.0136347457297003,"457 baseline","14 baseline"
"6723","M2","C4620083","14","458","C4620083 M2","baseline",-0.0183260307229912,"458 baseline","14 baseline"
"6724","M2","C4620083","14","459","C4620083 M2","baseline",-0.0205439319545525,"459 baseline","14 baseline"
"6725","M2","C4620083","14","460","C4620083 M2","baseline",-0.0212794015178933,"460 baseline","14 baseline"
"6726","M3","C4620083","14","0","C4620083 M3","baseline",0.135447653133727,"0 baseline","14 baseline"
"6727","M3","C4620083","14","1","C4620083 M3","baseline",0.135037619038695,"1 baseline","14 baseline"
"6728","M3","C4620083","14","2","C4620083 M3","baseline",0.127366452947122,"2 baseline","14 baseline"
"6729","M3","C4620083","14","3","C4620083 M3","baseline",0.126539138918721,"3 baseline","14 baseline"
"6730","M3","C4620083","14","4","C4620083 M3","baseline",0.125741196831006,"4 baseline","14 baseline"
"6731","M3","C4620083","14","5","C4620083 M3","baseline",0.125023234783493,"5 baseline","14 baseline"
"6732","M3","C4620083","14","6","C4620083 M3","baseline",0.120732786305111,"6 baseline","14 baseline"
"6733","M3","C4620083","14","7","C4620083 M3","baseline",0.119923904462692,"7 baseline","14 baseline"
"6734","M3","C4620083","14","8","C4620083 M3","baseline",0.1196866614707,"8 baseline","14 baseline"
"6735","M3","C4620083","14","9","C4620083 M3","baseline",0.117961327803203,"9 baseline","14 baseline"
"6736","M3","C4620083","14","10","C4620083 M3","baseline",0.117419691975747,"10 baseline","14 baseline"
"6737","M3","C4620083","14","11","C4620083 M3","baseline",0.114143935371227,"11 baseline","14 baseline"
"6738","M3","C4620083","14","12","C4620083 M3","baseline",0.112098134569772,"12 baseline","14 baseline"
"6739","M3","C4620083","14","13","C4620083 M3","baseline",0.111713183158938,"13 baseline","14 baseline"
"6740","M3","C4620083","14","14","C4620083 M3","baseline",0.111433461609672,"14 baseline","14 baseline"
"6741","M3","C4620083","14","15","C4620083 M3","baseline",0.10989849851712,"15 baseline","14 baseline"
"6742","M3","C4620083","14","16","C4620083 M3","baseline",0.108954380497667,"16 baseline","14 baseline"
"6743","M3","C4620083","14","17","C4620083 M3","baseline",0.108279788573371,"17 baseline","14 baseline"
"6744","M3","C4620083","14","18","C4620083 M3","baseline",0.107395367422661,"18 baseline","14 baseline"
"6745","M3","C4620083","14","19","C4620083 M3","baseline",0.106923784785876,"19 baseline","14 baseline"
"6746","M3","C4620083","14","20","C4620083 M3","baseline",0.106893516501275,"20 baseline","14 baseline"
"6747","M3","C4620083","14","21","C4620083 M3","baseline",0.10666885778687,"21 baseline","14 baseline"
"6748","M3","C4620083","14","22","C4620083 M3","baseline",0.106576799809886,"22 baseline","14 baseline"
"6749","M3","C4620083","14","23","C4620083 M3","baseline",0.105945605923249,"23 baseline","14 baseline"
"6750","M3","C4620083","14","24","C4620083 M3","baseline",0.104733591042585,"24 baseline","14 baseline"
"6751","M3","C4620083","14","25","C4620083 M3","baseline",0.10444532706873,"25 baseline","14 baseline"
"6752","M3","C4620083","14","26","C4620083 M3","baseline",0.104336991367553,"26 baseline","14 baseline"
"6753","M3","C4620083","14","27","C4620083 M3","baseline",0.103148071790351,"27 baseline","14 baseline"
"6754","M3","C4620083","14","28","C4620083 M3","baseline",0.103085414369323,"28 baseline","14 baseline"
"6755","M3","C4620083","14","29","C4620083 M3","baseline",0.102643976955343,"29 baseline","14 baseline"
"6756","M3","C4620083","14","30","C4620083 M3","baseline",0.102512482401987,"30 baseline","14 baseline"
"6757","M3","C4620083","14","31","C4620083 M3","baseline",0.101634879579479,"31 baseline","14 baseline"
"6758","M3","C4620083","14","32","C4620083 M3","baseline",0.100146585151781,"32 baseline","14 baseline"
"6759","M3","C4620083","14","33","C4620083 M3","baseline",0.0996689425270994,"33 baseline","14 baseline"
"6760","M3","C4620083","14","34","C4620083 M3","baseline",0.0988548560457566,"34 baseline","14 baseline"
"6761","M3","C4620083","14","35","C4620083 M3","baseline",0.0979907294932361,"35 baseline","14 baseline"
"6762","M3","C4620083","14","36","C4620083 M3","baseline",0.0972687706252828,"36 baseline","14 baseline"
"6763","M3","C4620083","14","37","C4620083 M3","baseline",0.0969389189819542,"37 baseline","14 baseline"
"6764","M3","C4620083","14","38","C4620083 M3","baseline",0.0965658674467522,"38 baseline","14 baseline"
"6765","M3","C4620083","14","39","C4620083 M3","baseline",0.0965377006784691,"39 baseline","14 baseline"
"6766","M3","C4620083","14","40","C4620083 M3","baseline",0.0963021578680512,"40 baseline","14 baseline"
"6767","M3","C4620083","14","41","C4620083 M3","baseline",0.0952914831155414,"41 baseline","14 baseline"
"6768","M3","C4620083","14","42","C4620083 M3","baseline",0.0951376857175408,"42 baseline","14 baseline"
"6769","M3","C4620083","14","43","C4620083 M3","baseline",0.0947315991001137,"43 baseline","14 baseline"
"6770","M3","C4620083","14","44","C4620083 M3","baseline",0.0947300949560786,"44 baseline","14 baseline"
"6771","M3","C4620083","14","45","C4620083 M3","baseline",0.092946857960566,"45 baseline","14 baseline"
"6772","M3","C4620083","14","46","C4620083 M3","baseline",0.0924110145855174,"46 baseline","14 baseline"
"6773","M3","C4620083","14","47","C4620083 M3","baseline",0.0920368285472872,"47 baseline","14 baseline"
"6774","M3","C4620083","14","48","C4620083 M3","baseline",0.0915787245357667,"48 baseline","14 baseline"
"6775","M3","C4620083","14","49","C4620083 M3","baseline",0.0907174349105063,"49 baseline","14 baseline"
"6776","M3","C4620083","14","50","C4620083 M3","baseline",0.0901483513068089,"50 baseline","14 baseline"
"6777","M3","C4620083","14","51","C4620083 M3","baseline",0.0900888184072688,"51 baseline","14 baseline"
"6778","M3","C4620083","14","52","C4620083 M3","baseline",0.0898160778820566,"52 baseline","14 baseline"
"6779","M3","C4620083","14","53","C4620083 M3","baseline",0.0885645928828807,"53 baseline","14 baseline"
"6780","M3","C4620083","14","54","C4620083 M3","baseline",0.0882987504600308,"54 baseline","14 baseline"
"6781","M3","C4620083","14","55","C4620083 M3","baseline",0.0882004394585422,"55 baseline","14 baseline"
"6782","M3","C4620083","14","56","C4620083 M3","baseline",0.0880184770678426,"56 baseline","14 baseline"
"6783","M3","C4620083","14","57","C4620083 M3","baseline",0.0877875770244859,"57 baseline","14 baseline"
"6784","M3","C4620083","14","58","C4620083 M3","baseline",0.0876828817289344,"58 baseline","14 baseline"
"6785","M3","C4620083","14","59","C4620083 M3","baseline",0.0872886272880818,"59 baseline","14 baseline"
"6786","M3","C4620083","14","60","C4620083 M3","baseline",0.0871113605458493,"60 baseline","14 baseline"
"6787","M3","C4620083","14","61","C4620083 M3","baseline",0.0865285610044683,"61 baseline","14 baseline"
"6788","M3","C4620083","14","62","C4620083 M3","baseline",0.0862707539675441,"62 baseline","14 baseline"
"6789","M3","C4620083","14","63","C4620083 M3","baseline",0.0858289085082957,"63 baseline","14 baseline"
"6790","M3","C4620083","14","64","C4620083 M3","baseline",0.0850890016340606,"64 baseline","14 baseline"
"6791","M3","C4620083","14","65","C4620083 M3","baseline",0.0849829968724834,"65 baseline","14 baseline"
"6792","M3","C4620083","14","66","C4620083 M3","baseline",0.0849322178658292,"66 baseline","14 baseline"
"6793","M3","C4620083","14","67","C4620083 M3","baseline",0.0843868654830866,"67 baseline","14 baseline"
"6794","M3","C4620083","14","68","C4620083 M3","baseline",0.084076564021394,"68 baseline","14 baseline"
"6795","M3","C4620083","14","69","C4620083 M3","baseline",0.0839649662450491,"69 baseline","14 baseline"
"6796","M3","C4620083","14","70","C4620083 M3","baseline",0.0831044309873311,"70 baseline","14 baseline"
"6797","M3","C4620083","14","71","C4620083 M3","baseline",0.0828591066309072,"71 baseline","14 baseline"
"6798","M3","C4620083","14","72","C4620083 M3","baseline",0.0828249935091421,"72 baseline","14 baseline"
"6799","M3","C4620083","14","73","C4620083 M3","baseline",0.082751578685282,"73 baseline","14 baseline"
"6800","M3","C4620083","14","74","C4620083 M3","baseline",0.0825449222369738,"74 baseline","14 baseline"
"6801","M3","C4620083","14","75","C4620083 M3","baseline",0.0824912281489195,"75 baseline","14 baseline"
"6802","M3","C4620083","14","76","C4620083 M3","baseline",0.0821514597726341,"76 baseline","14 baseline"
"6803","M3","C4620083","14","77","C4620083 M3","baseline",0.0818329136720422,"77 baseline","14 baseline"
"6804","M3","C4620083","14","78","C4620083 M3","baseline",0.0812440705828999,"78 baseline","14 baseline"
"6805","M3","C4620083","14","79","C4620083 M3","baseline",0.0808693450676552,"79 baseline","14 baseline"
"6806","M3","C4620083","14","80","C4620083 M3","baseline",0.0804973576874299,"80 baseline","14 baseline"
"6807","M3","C4620083","14","81","C4620083 M3","baseline",0.0800661031283677,"81 baseline","14 baseline"
"6808","M3","C4620083","14","82","C4620083 M3","baseline",0.0797085191678611,"82 baseline","14 baseline"
"6809","M3","C4620083","14","83","C4620083 M3","baseline",0.0794276837812377,"83 baseline","14 baseline"
"6810","M3","C4620083","14","84","C4620083 M3","baseline",0.0793365692965372,"84 baseline","14 baseline"
"6811","M3","C4620083","14","85","C4620083 M3","baseline",0.0791634375104621,"85 baseline","14 baseline"
"6812","M3","C4620083","14","86","C4620083 M3","baseline",0.079073809252624,"86 baseline","14 baseline"
"6813","M3","C4620083","14","87","C4620083 M3","baseline",0.0788757467268652,"87 baseline","14 baseline"
"6814","M3","C4620083","14","88","C4620083 M3","baseline",0.0787615538479342,"88 baseline","14 baseline"
"6815","M3","C4620083","14","89","C4620083 M3","baseline",0.0786517135455621,"89 baseline","14 baseline"
"6816","M3","C4620083","14","90","C4620083 M3","baseline",0.0782032738064981,"90 baseline","14 baseline"
"6817","M3","C4620083","14","91","C4620083 M3","baseline",0.0781918614939467,"91 baseline","14 baseline"
"6818","M3","C4620083","14","92","C4620083 M3","baseline",0.0774530956759253,"92 baseline","14 baseline"
"6819","M3","C4620083","14","93","C4620083 M3","baseline",0.0767828671626459,"93 baseline","14 baseline"
"6820","M3","C4620083","14","94","C4620083 M3","baseline",0.0767599492032473,"94 baseline","14 baseline"
"6821","M3","C4620083","14","95","C4620083 M3","baseline",0.0766783966549018,"95 baseline","14 baseline"
"6822","M3","C4620083","14","96","C4620083 M3","baseline",0.0762783823152769,"96 baseline","14 baseline"
"6823","M3","C4620083","14","97","C4620083 M3","baseline",0.076256770164256,"97 baseline","14 baseline"
"6824","M3","C4620083","14","98","C4620083 M3","baseline",0.0760332417776715,"98 baseline","14 baseline"
"6825","M3","C4620083","14","99","C4620083 M3","baseline",0.0759384969049703,"99 baseline","14 baseline"
"6826","M3","C4620083","14","100","C4620083 M3","baseline",0.0759335306652631,"100 baseline","14 baseline"
"6827","M3","C4620083","14","101","C4620083 M3","baseline",0.0755501450136658,"101 baseline","14 baseline"
"6828","M3","C4620083","14","102","C4620083 M3","baseline",0.0753270732473702,"102 baseline","14 baseline"
"6829","M3","C4620083","14","103","C4620083 M3","baseline",0.0748254842103976,"103 baseline","14 baseline"
"6830","M3","C4620083","14","104","C4620083 M3","baseline",0.0747268739992761,"104 baseline","14 baseline"
"6831","M3","C4620083","14","105","C4620083 M3","baseline",0.0743964261619201,"105 baseline","14 baseline"
"6832","M3","C4620083","14","106","C4620083 M3","baseline",0.0734062833320911,"106 baseline","14 baseline"
"6833","M3","C4620083","14","107","C4620083 M3","baseline",0.0733896836280675,"107 baseline","14 baseline"
"6834","M3","C4620083","14","108","C4620083 M3","baseline",0.0730929831555836,"108 baseline","14 baseline"
"6835","M3","C4620083","14","109","C4620083 M3","baseline",0.0728099437497084,"109 baseline","14 baseline"
"6836","M3","C4620083","14","110","C4620083 M3","baseline",0.0726103832118909,"110 baseline","14 baseline"
"6837","M3","C4620083","14","111","C4620083 M3","baseline",0.072529008820452,"111 baseline","14 baseline"
"6838","M3","C4620083","14","112","C4620083 M3","baseline",0.0724844760903315,"112 baseline","14 baseline"
"6839","M3","C4620083","14","113","C4620083 M3","baseline",0.0723826615826883,"113 baseline","14 baseline"
"6840","M3","C4620083","14","114","C4620083 M3","baseline",0.0720657723138022,"114 baseline","14 baseline"
"6841","M3","C4620083","14","115","C4620083 M3","baseline",0.0720051637550396,"115 baseline","14 baseline"
"6842","M3","C4620083","14","116","C4620083 M3","baseline",0.0714871384291319,"116 baseline","14 baseline"
"6843","M3","C4620083","14","117","C4620083 M3","baseline",0.0700736192956363,"117 baseline","14 baseline"
"6844","M3","C4620083","14","118","C4620083 M3","baseline",0.0697702166371416,"118 baseline","14 baseline"
"6845","M3","C4620083","14","119","C4620083 M3","baseline",0.0694970732408869,"119 baseline","14 baseline"
"6846","M3","C4620083","14","120","C4620083 M3","baseline",0.0692519011126445,"120 baseline","14 baseline"
"6847","M3","C4620083","14","121","C4620083 M3","baseline",0.0675475987926156,"121 baseline","14 baseline"
"6848","M3","C4620083","14","122","C4620083 M3","baseline",0.0669467362437188,"122 baseline","14 baseline"
"6849","M3","C4620083","14","123","C4620083 M3","baseline",0.066645743211972,"123 baseline","14 baseline"
"6850","M3","C4620083","14","124","C4620083 M3","baseline",0.0662478545787475,"124 baseline","14 baseline"
"6851","M3","C4620083","14","125","C4620083 M3","baseline",0.0646477465282906,"125 baseline","14 baseline"
"6852","M3","C4620083","14","126","C4620083 M3","baseline",0.0645093471650205,"126 baseline","14 baseline"
"6853","M3","C4620083","14","127","C4620083 M3","baseline",0.064396748799737,"127 baseline","14 baseline"
"6854","M3","C4620083","14","128","C4620083 M3","baseline",0.0639530155683575,"128 baseline","14 baseline"
"6855","M3","C4620083","14","129","C4620083 M3","baseline",0.0635923523623623,"129 baseline","14 baseline"
"6856","M3","C4620083","14","130","C4620083 M3","baseline",0.0631004998406873,"130 baseline","14 baseline"
"6857","M3","C4620083","14","131","C4620083 M3","baseline",0.0630829155007579,"131 baseline","14 baseline"
"6858","M3","C4620083","14","132","C4620083 M3","baseline",0.0625758300881447,"132 baseline","14 baseline"
"6859","M3","C4620083","14","133","C4620083 M3","baseline",0.0625081385231114,"133 baseline","14 baseline"
"6860","M3","C4620083","14","134","C4620083 M3","baseline",0.0624467899192243,"134 baseline","14 baseline"
"6861","M3","C4620083","14","135","C4620083 M3","baseline",0.0621586766421284,"135 baseline","14 baseline"
"6862","M3","C4620083","14","136","C4620083 M3","baseline",0.0616836800360349,"136 baseline","14 baseline"
"6863","M3","C4620083","14","137","C4620083 M3","baseline",0.0615935031438558,"137 baseline","14 baseline"
"6864","M3","C4620083","14","138","C4620083 M3","baseline",0.0612767787510865,"138 baseline","14 baseline"
"6865","M3","C4620083","14","139","C4620083 M3","baseline",0.0606138556139454,"139 baseline","14 baseline"
"6866","M3","C4620083","14","140","C4620083 M3","baseline",0.0606135127427689,"140 baseline","14 baseline"
"6867","M3","C4620083","14","141","C4620083 M3","baseline",0.0600213803913584,"141 baseline","14 baseline"
"6868","M3","C4620083","14","142","C4620083 M3","baseline",0.0598922753568236,"142 baseline","14 baseline"
"6869","M3","C4620083","14","143","C4620083 M3","baseline",0.0596798457103547,"143 baseline","14 baseline"
"6870","M3","C4620083","14","144","C4620083 M3","baseline",0.0589877478563107,"144 baseline","14 baseline"
"6871","M3","C4620083","14","145","C4620083 M3","baseline",0.0589752652876122,"145 baseline","14 baseline"
"6872","M3","C4620083","14","146","C4620083 M3","baseline",0.0586881521156545,"146 baseline","14 baseline"
"6873","M3","C4620083","14","147","C4620083 M3","baseline",0.0577261307133613,"147 baseline","14 baseline"
"6874","M3","C4620083","14","148","C4620083 M3","baseline",0.057540556231774,"148 baseline","14 baseline"
"6875","M3","C4620083","14","149","C4620083 M3","baseline",0.0573928240519031,"149 baseline","14 baseline"
"6876","M3","C4620083","14","150","C4620083 M3","baseline",0.057254865224964,"150 baseline","14 baseline"
"6877","M3","C4620083","14","151","C4620083 M3","baseline",0.0558954567418823,"151 baseline","14 baseline"
"6878","M3","C4620083","14","152","C4620083 M3","baseline",0.0558437640441802,"152 baseline","14 baseline"
"6879","M3","C4620083","14","153","C4620083 M3","baseline",0.0552319316298382,"153 baseline","14 baseline"
"6880","M3","C4620083","14","154","C4620083 M3","baseline",0.0550751907121026,"154 baseline","14 baseline"
"6881","M3","C4620083","14","155","C4620083 M3","baseline",0.0546223162162635,"155 baseline","14 baseline"
"6882","M3","C4620083","14","156","C4620083 M3","baseline",0.0536563083154307,"156 baseline","14 baseline"
"6883","M3","C4620083","14","157","C4620083 M3","baseline",0.0535462746577015,"157 baseline","14 baseline"
"6884","M3","C4620083","14","158","C4620083 M3","baseline",0.0528523656069907,"158 baseline","14 baseline"
"6885","M3","C4620083","14","159","C4620083 M3","baseline",0.0527419533437119,"159 baseline","14 baseline"
"6886","M3","C4620083","14","160","C4620083 M3","baseline",0.0522975280971318,"160 baseline","14 baseline"
"6887","M3","C4620083","14","161","C4620083 M3","baseline",0.051510639642535,"161 baseline","14 baseline"
"6888","M3","C4620083","14","162","C4620083 M3","baseline",0.0508433227201452,"162 baseline","14 baseline"
"6889","M3","C4620083","14","163","C4620083 M3","baseline",0.0493764498796204,"163 baseline","14 baseline"
"6890","M3","C4620083","14","164","C4620083 M3","baseline",0.0491278299802837,"164 baseline","14 baseline"
"6891","M3","C4620083","14","165","C4620083 M3","baseline",0.0487016980863378,"165 baseline","14 baseline"
"6892","M3","C4620083","14","166","C4620083 M3","baseline",0.0485444755138257,"166 baseline","14 baseline"
"6893","M3","C4620083","14","167","C4620083 M3","baseline",0.0484541464647942,"167 baseline","14 baseline"
"6894","M3","C4620083","14","168","C4620083 M3","baseline",0.0483870678780821,"168 baseline","14 baseline"
"6895","M3","C4620083","14","169","C4620083 M3","baseline",0.0482131729948817,"169 baseline","14 baseline"
"6896","M3","C4620083","14","170","C4620083 M3","baseline",0.0460699522137768,"170 baseline","14 baseline"
"6897","M3","C4620083","14","171","C4620083 M3","baseline",0.0456094967690801,"171 baseline","14 baseline"
"6898","M3","C4620083","14","172","C4620083 M3","baseline",0.0451544363089577,"172 baseline","14 baseline"
"6899","M3","C4620083","14","173","C4620083 M3","baseline",0.045079361704932,"173 baseline","14 baseline"
"6900","M3","C4620083","14","174","C4620083 M3","baseline",0.0449682031938656,"174 baseline","14 baseline"
"6901","M3","C4620083","14","175","C4620083 M3","baseline",0.0448019760118475,"175 baseline","14 baseline"
"6902","M3","C4620083","14","176","C4620083 M3","baseline",0.0446514697631511,"176 baseline","14 baseline"
"6903","M3","C4620083","14","177","C4620083 M3","baseline",0.0444200021161753,"177 baseline","14 baseline"
"6904","M3","C4620083","14","178","C4620083 M3","baseline",0.0433464162183423,"178 baseline","14 baseline"
"6905","M3","C4620083","14","179","C4620083 M3","baseline",0.043330557406335,"179 baseline","14 baseline"
"6906","M3","C4620083","14","180","C4620083 M3","baseline",0.043326258492707,"180 baseline","14 baseline"
"6907","M3","C4620083","14","181","C4620083 M3","baseline",0.0430921192406345,"181 baseline","14 baseline"
"6908","M3","C4620083","14","182","C4620083 M3","baseline",0.0427024439462381,"182 baseline","14 baseline"
"6909","M3","C4620083","14","183","C4620083 M3","baseline",0.0426369829070008,"183 baseline","14 baseline"
"6910","M3","C4620083","14","184","C4620083 M3","baseline",0.0423984622881962,"184 baseline","14 baseline"
"6911","M3","C4620083","14","185","C4620083 M3","baseline",0.0419500975154724,"185 baseline","14 baseline"
"6912","M3","C4620083","14","186","C4620083 M3","baseline",0.0418703800896904,"186 baseline","14 baseline"
"6913","M3","C4620083","14","187","C4620083 M3","baseline",0.0409325937486296,"187 baseline","14 baseline"
"6914","M3","C4620083","14","188","C4620083 M3","baseline",0.0408438273481133,"188 baseline","14 baseline"
"6915","M3","C4620083","14","189","C4620083 M3","baseline",0.0405130337182859,"189 baseline","14 baseline"
"6916","M3","C4620083","14","190","C4620083 M3","baseline",0.0399953747388458,"190 baseline","14 baseline"
"6917","M3","C4620083","14","191","C4620083 M3","baseline",0.0387888609064891,"191 baseline","14 baseline"
"6918","M3","C4620083","14","192","C4620083 M3","baseline",0.038119717333802,"192 baseline","14 baseline"
"6919","M3","C4620083","14","193","C4620083 M3","baseline",0.0377780650071928,"193 baseline","14 baseline"
"6920","M3","C4620083","14","194","C4620083 M3","baseline",0.036817853679391,"194 baseline","14 baseline"
"6921","M3","C4620083","14","195","C4620083 M3","baseline",0.0367656871385099,"195 baseline","14 baseline"
"6922","M3","C4620083","14","196","C4620083 M3","baseline",0.0356783013487206,"196 baseline","14 baseline"
"6923","M3","C4620083","14","197","C4620083 M3","baseline",0.0356132334628824,"197 baseline","14 baseline"
"6924","M3","C4620083","14","198","C4620083 M3","baseline",0.0355933677777327,"198 baseline","14 baseline"
"6925","M3","C4620083","14","199","C4620083 M3","baseline",0.034759543282538,"199 baseline","14 baseline"
"6926","M3","C4620083","14","200","C4620083 M3","baseline",0.0343944959962976,"200 baseline","14 baseline"
"6927","M3","C4620083","14","201","C4620083 M3","baseline",0.034152274883508,"201 baseline","14 baseline"
"6928","M3","C4620083","14","202","C4620083 M3","baseline",0.0333962894881669,"202 baseline","14 baseline"
"6929","M3","C4620083","14","203","C4620083 M3","baseline",0.0333147461109593,"203 baseline","14 baseline"
"6930","M3","C4620083","14","204","C4620083 M3","baseline",0.0327852695476497,"204 baseline","14 baseline"
"6931","M3","C4620083","14","205","C4620083 M3","baseline",0.0324102855783648,"205 baseline","14 baseline"
"6932","M3","C4620083","14","206","C4620083 M3","baseline",0.0322914458128923,"206 baseline","14 baseline"
"6933","M3","C4620083","14","207","C4620083 M3","baseline",0.0322058510411471,"207 baseline","14 baseline"
"6934","M3","C4620083","14","208","C4620083 M3","baseline",0.0310354392772085,"208 baseline","14 baseline"
"6935","M3","C4620083","14","209","C4620083 M3","baseline",0.0296689898029099,"209 baseline","14 baseline"
"6936","M3","C4620083","14","210","C4620083 M3","baseline",0.0294594150664225,"210 baseline","14 baseline"
"6937","M3","C4620083","14","211","C4620083 M3","baseline",0.028759162070912,"211 baseline","14 baseline"
"6938","M3","C4620083","14","212","C4620083 M3","baseline",0.0279358955440653,"212 baseline","14 baseline"
"6939","M3","C4620083","14","213","C4620083 M3","baseline",0.0275192534369876,"213 baseline","14 baseline"
"6940","M3","C4620083","14","214","C4620083 M3","baseline",0.0274296633498951,"214 baseline","14 baseline"
"6941","M3","C4620083","14","215","C4620083 M3","baseline",0.0266689658816538,"215 baseline","14 baseline"
"6942","M3","C4620083","14","216","C4620083 M3","baseline",0.0262588088059761,"216 baseline","14 baseline"
"6943","M3","C4620083","14","217","C4620083 M3","baseline",0.0261838758018616,"217 baseline","14 baseline"
"6944","M3","C4620083","14","218","C4620083 M3","baseline",0.0258085557776232,"218 baseline","14 baseline"
"6945","M3","C4620083","14","219","C4620083 M3","baseline",0.0244717933955249,"219 baseline","14 baseline"
"6946","M3","C4620083","14","220","C4620083 M3","baseline",0.0234646419340634,"220 baseline","14 baseline"
"6947","M3","C4620083","14","221","C4620083 M3","baseline",0.0230027866805251,"221 baseline","14 baseline"
"6948","M3","C4620083","14","222","C4620083 M3","baseline",0.0215162413142372,"222 baseline","14 baseline"
"6949","M3","C4620083","14","223","C4620083 M3","baseline",0.0214246881005451,"223 baseline","14 baseline"
"6950","M3","C4620083","14","224","C4620083 M3","baseline",0.020142983123993,"224 baseline","14 baseline"
"6951","M3","C4620083","14","225","C4620083 M3","baseline",0.0201004375248586,"225 baseline","14 baseline"
"6952","M3","C4620083","14","226","C4620083 M3","baseline",0.0192357527256905,"226 baseline","14 baseline"
"6953","M3","C4620083","14","227","C4620083 M3","baseline",0.0191902792391898,"227 baseline","14 baseline"
"6954","M3","C4620083","14","228","C4620083 M3","baseline",0.0191297703614699,"228 baseline","14 baseline"
"6955","M3","C4620083","14","229","C4620083 M3","baseline",0.018427806391043,"229 baseline","14 baseline"
"6956","M3","C4620083","14","230","C4620083 M3","baseline",0.0145181685657693,"230 baseline","14 baseline"
"6957","M3","C4620083","14","231","C4620083 M3","baseline",0.0137760173840001,"231 baseline","14 baseline"
"6958","M3","C4620083","14","232","C4620083 M3","baseline",0.0133853526558805,"232 baseline","14 baseline"
"6959","M3","C4620083","14","233","C4620083 M3","baseline",0.0128291271088368,"233 baseline","14 baseline"
"6960","M3","C4620083","14","234","C4620083 M3","baseline",0.0127046695782001,"234 baseline","14 baseline"
"6961","M3","C4620083","14","235","C4620083 M3","baseline",0.0121927280642508,"235 baseline","14 baseline"
"6962","M3","C4620083","14","236","C4620083 M3","baseline",0.01179817737136,"236 baseline","14 baseline"
"6963","M3","C4620083","14","237","C4620083 M3","baseline",0.0117221172091652,"237 baseline","14 baseline"
"6964","M3","C4620083","14","238","C4620083 M3","baseline",0.0112674424000639,"238 baseline","14 baseline"
"6965","M3","C4620083","14","239","C4620083 M3","baseline",0.0112213528735574,"239 baseline","14 baseline"
"6966","M3","C4620083","14","240","C4620083 M3","baseline",0.0108230180702563,"240 baseline","14 baseline"
"6967","M3","C4620083","14","241","C4620083 M3","baseline",0.00964940871007139,"241 baseline","14 baseline"
"6968","M3","C4620083","14","242","C4620083 M3","baseline",0.00957651524350393,"242 baseline","14 baseline"
"6969","M3","C4620083","14","243","C4620083 M3","baseline",0.00878342421148142,"243 baseline","14 baseline"
"6970","M3","C4620083","14","244","C4620083 M3","baseline",0.00793079097124263,"244 baseline","14 baseline"
"6971","M3","C4620083","14","245","C4620083 M3","baseline",0.00785872789862124,"245 baseline","14 baseline"
"6972","M3","C4620083","14","246","C4620083 M3","baseline",0.0076927045110709,"246 baseline","14 baseline"
"6973","M3","C4620083","14","247","C4620083 M3","baseline",0.00745778061985333,"247 baseline","14 baseline"
"6974","M3","C4620083","14","248","C4620083 M3","baseline",0.00667192790174319,"248 baseline","14 baseline"
"6975","M3","C4620083","14","249","C4620083 M3","baseline",0.0065948643871067,"249 baseline","14 baseline"
"6976","M3","C4620083","14","250","C4620083 M3","baseline",0.00566668558055622,"250 baseline","14 baseline"
"6977","M3","C4620083","14","251","C4620083 M3","baseline",0.00559017501964643,"251 baseline","14 baseline"
"6978","M3","C4620083","14","252","C4620083 M3","baseline",0.0054149768506603,"252 baseline","14 baseline"
"6979","M3","C4620083","14","253","C4620083 M3","baseline",0.00461352004648303,"253 baseline","14 baseline"
"6980","M3","C4620083","14","254","C4620083 M3","baseline",0.00418988800192433,"254 baseline","14 baseline"
"6981","M3","C4620083","14","255","C4620083 M3","baseline",0.0040995655377115,"255 baseline","14 baseline"
"6982","M3","C4620083","14","256","C4620083 M3","baseline",0.00373954299463068,"256 baseline","14 baseline"
"6983","M3","C4620083","14","257","C4620083 M3","baseline",0.00363921671203118,"257 baseline","14 baseline"
"6984","M3","C4620083","14","258","C4620083 M3","baseline",0.00234351521651613,"258 baseline","14 baseline"
"6985","M3","C4620083","14","259","C4620083 M3","baseline",-0.000265596283593554,"259 baseline","14 baseline"
"6986","M3","C4620083","14","260","C4620083 M3","baseline",-0.00265063329402164,"260 baseline","14 baseline"
"6987","M3","C4620083","14","261","C4620083 M3","baseline",-0.00315142964686864,"261 baseline","14 baseline"
"6988","M3","C4620083","14","262","C4620083 M3","baseline",-0.00487660307232755,"262 baseline","14 baseline"
"6989","M3","C4620083","14","263","C4620083 M3","baseline",-0.00571716721271099,"263 baseline","14 baseline"
"6990","M3","C4620083","14","264","C4620083 M3","baseline",-0.00734018195767786,"264 baseline","14 baseline"
"6991","M3","C4620083","14","265","C4620083 M3","baseline",-0.00809982797586834,"265 baseline","14 baseline"
"6992","M3","C4620083","14","266","C4620083 M3","baseline",-0.00902756231735335,"266 baseline","14 baseline"
"6993","M3","C4620083","14","267","C4620083 M3","baseline",-0.00927090462198701,"267 baseline","14 baseline"
"6994","M3","C4620083","14","268","C4620083 M3","baseline",-0.00950721235841908,"268 baseline","14 baseline"
"6995","M3","C4620083","14","269","C4620083 M3","baseline",-0.0160444951131404,"269 baseline","14 baseline"
"6996","M3","C4620083","14","270","C4620083 M3","baseline",-0.0230273901431199,"270 baseline","14 baseline"
"6997","M3","C4620083","14","271","C4620083 M3","baseline",-0.0240902464568548,"271 baseline","14 baseline"
"6998","M3","C4620083","14","272","C4620083 M3","baseline",-0.0271929206926353,"272 baseline","14 baseline"
"6999","M3","C4620083","14","273","C4620083 M3","baseline",-0.0285900427559053,"273 baseline","14 baseline"
"7000","M3","C4620083","14","274","C4620083 M3","baseline",-0.0296339565520584,"274 baseline","14 baseline"
"7001","M3","C4620083","14","275","C4620083 M3","baseline",-0.0325837763493637,"275 baseline","14 baseline"
"7002","M1","C4620081","7","0","C4620081 M1","baseline",0.0744892314634984,"0 baseline","7 baseline"
"7003","M1","C4620081","7","1","C4620081 M1","baseline",0.074068123833934,"1 baseline","7 baseline"
"7004","M1","C4620081","7","2","C4620081 M1","baseline",0.0679213159711738,"2 baseline","7 baseline"
"7005","M1","C4620081","7","3","C4620081 M1","baseline",0.0650372057835494,"3 baseline","7 baseline"
"7006","M1","C4620081","7","4","C4620081 M1","baseline",0.0642314841447643,"4 baseline","7 baseline"
"7007","M1","C4620081","7","5","C4620081 M1","baseline",0.063968736173139,"5 baseline","7 baseline"
"7008","M1","C4620081","7","6","C4620081 M1","baseline",0.0631978003054961,"6 baseline","7 baseline"
"7009","M1","C4620081","7","7","C4620081 M1","baseline",0.0621248449531157,"7 baseline","7 baseline"
"7010","M1","C4620081","7","8","C4620081 M1","baseline",0.06120478274302,"8 baseline","7 baseline"
"7011","M1","C4620081","7","9","C4620081 M1","baseline",0.0610714637705875,"9 baseline","7 baseline"
"7012","M1","C4620081","7","10","C4620081 M1","baseline",0.0603622873166775,"10 baseline","7 baseline"
"7013","M1","C4620081","7","11","C4620081 M1","baseline",0.0580276882528423,"11 baseline","7 baseline"
"7014","M1","C4620081","7","12","C4620081 M1","baseline",0.0566834240281932,"12 baseline","7 baseline"
"7015","M1","C4620081","7","13","C4620081 M1","baseline",0.0565240168860066,"13 baseline","7 baseline"
"7016","M1","C4620081","7","14","C4620081 M1","baseline",0.0563210071900885,"14 baseline","7 baseline"
"7017","M1","C4620081","7","15","C4620081 M1","baseline",0.0558877276686177,"15 baseline","7 baseline"
"7018","M1","C4620081","7","16","C4620081 M1","baseline",0.0558067598643401,"16 baseline","7 baseline"
"7019","M1","C4620081","7","17","C4620081 M1","baseline",0.0557004437133895,"17 baseline","7 baseline"
"7020","M1","C4620081","7","18","C4620081 M1","baseline",0.0554211373856451,"18 baseline","7 baseline"
"7021","M1","C4620081","7","19","C4620081 M1","baseline",0.0546596564062332,"19 baseline","7 baseline"
"7022","M1","C4620081","7","20","C4620081 M1","baseline",0.0546454825881251,"20 baseline","7 baseline"
"7023","M1","C4620081","7","21","C4620081 M1","baseline",0.0543329634509865,"21 baseline","7 baseline"
"7024","M1","C4620081","7","22","C4620081 M1","baseline",0.0542194050980193,"22 baseline","7 baseline"
"7025","M1","C4620081","7","23","C4620081 M1","baseline",0.0540837132340422,"23 baseline","7 baseline"
"7026","M1","C4620081","7","24","C4620081 M1","baseline",0.0533294446032781,"24 baseline","7 baseline"
"7027","M1","C4620081","7","25","C4620081 M1","baseline",0.0529010738794954,"25 baseline","7 baseline"
"7028","M1","C4620081","7","26","C4620081 M1","baseline",0.0528568498873512,"26 baseline","7 baseline"
"7029","M1","C4620081","7","27","C4620081 M1","baseline",0.0524852213744559,"27 baseline","7 baseline"
"7030","M1","C4620081","7","28","C4620081 M1","baseline",0.0522909927448907,"28 baseline","7 baseline"
"7031","M1","C4620081","7","29","C4620081 M1","baseline",0.0519795353010168,"29 baseline","7 baseline"
"7032","M1","C4620081","7","30","C4620081 M1","baseline",0.0514515323100425,"30 baseline","7 baseline"
"7033","M1","C4620081","7","31","C4620081 M1","baseline",0.0510514363644283,"31 baseline","7 baseline"
"7034","M1","C4620081","7","32","C4620081 M1","baseline",0.051030248766442,"32 baseline","7 baseline"
"7035","M1","C4620081","7","33","C4620081 M1","baseline",0.0509432940905178,"33 baseline","7 baseline"
"7036","M1","C4620081","7","34","C4620081 M1","baseline",0.0504379174628675,"34 baseline","7 baseline"
"7037","M1","C4620081","7","35","C4620081 M1","baseline",0.0500139380345944,"35 baseline","7 baseline"
"7038","M1","C4620081","7","36","C4620081 M1","baseline",0.0497477418642123,"36 baseline","7 baseline"
"7039","M1","C4620081","7","37","C4620081 M1","baseline",0.0496226023007136,"37 baseline","7 baseline"
"7040","M1","C4620081","7","38","C4620081 M1","baseline",0.0494813077987201,"38 baseline","7 baseline"
"7041","M1","C4620081","7","39","C4620081 M1","baseline",0.0493998751013037,"39 baseline","7 baseline"
"7042","M1","C4620081","7","40","C4620081 M1","baseline",0.049240665896512,"40 baseline","7 baseline"
"7043","M1","C4620081","7","41","C4620081 M1","baseline",0.0490349201624227,"41 baseline","7 baseline"
"7044","M1","C4620081","7","42","C4620081 M1","baseline",0.0486386769121087,"42 baseline","7 baseline"
"7045","M1","C4620081","7","43","C4620081 M1","baseline",0.048447232478966,"43 baseline","7 baseline"
"7046","M1","C4620081","7","44","C4620081 M1","baseline",0.0476532683851695,"44 baseline","7 baseline"
"7047","M1","C4620081","7","45","C4620081 M1","baseline",0.0475910044477634,"45 baseline","7 baseline"
"7048","M1","C4620081","7","46","C4620081 M1","baseline",0.0475365044975579,"46 baseline","7 baseline"
"7049","M1","C4620081","7","47","C4620081 M1","baseline",0.0470277556897788,"47 baseline","7 baseline"
"7050","M1","C4620081","7","48","C4620081 M1","baseline",0.0465294255366615,"48 baseline","7 baseline"
"7051","M1","C4620081","7","49","C4620081 M1","baseline",0.0464752901780055,"49 baseline","7 baseline"
"7052","M1","C4620081","7","50","C4620081 M1","baseline",0.0461320106507249,"50 baseline","7 baseline"
"7053","M1","C4620081","7","51","C4620081 M1","baseline",0.0458533498332393,"51 baseline","7 baseline"
"7054","M1","C4620081","7","52","C4620081 M1","baseline",0.045644368560783,"52 baseline","7 baseline"
"7055","M1","C4620081","7","53","C4620081 M1","baseline",0.0455611595803364,"53 baseline","7 baseline"
"7056","M1","C4620081","7","54","C4620081 M1","baseline",0.0453007325177037,"54 baseline","7 baseline"
"7057","M1","C4620081","7","55","C4620081 M1","baseline",0.0452432277586404,"55 baseline","7 baseline"
"7058","M1","C4620081","7","56","C4620081 M1","baseline",0.0449584200283703,"56 baseline","7 baseline"
"7059","M1","C4620081","7","57","C4620081 M1","baseline",0.0444651024272285,"57 baseline","7 baseline"
"7060","M1","C4620081","7","58","C4620081 M1","baseline",0.0443110332769415,"58 baseline","7 baseline"
"7061","M1","C4620081","7","59","C4620081 M1","baseline",0.0431477721363239,"59 baseline","7 baseline"
"7062","M1","C4620081","7","60","C4620081 M1","baseline",0.042955850945184,"60 baseline","7 baseline"
"7063","M1","C4620081","7","61","C4620081 M1","baseline",0.0428403048531964,"61 baseline","7 baseline"
"7064","M1","C4620081","7","62","C4620081 M1","baseline",0.0427402801045975,"62 baseline","7 baseline"
"7065","M1","C4620081","7","63","C4620081 M1","baseline",0.0426337768467994,"63 baseline","7 baseline"
"7066","M1","C4620081","7","64","C4620081 M1","baseline",0.042519834123465,"64 baseline","7 baseline"
"7067","M1","C4620081","7","65","C4620081 M1","baseline",0.0424918746365202,"65 baseline","7 baseline"
"7068","M1","C4620081","7","66","C4620081 M1","baseline",0.0424219213499666,"66 baseline","7 baseline"
"7069","M1","C4620081","7","67","C4620081 M1","baseline",0.0422435210108479,"67 baseline","7 baseline"
"7070","M1","C4620081","7","68","C4620081 M1","baseline",0.0416790878923616,"68 baseline","7 baseline"
"7071","M1","C4620081","7","69","C4620081 M1","baseline",0.0414636152857658,"69 baseline","7 baseline"
"7072","M1","C4620081","7","70","C4620081 M1","baseline",0.0413734823245839,"70 baseline","7 baseline"
"7073","M1","C4620081","7","71","C4620081 M1","baseline",0.0413370479581041,"71 baseline","7 baseline"
"7074","M1","C4620081","7","72","C4620081 M1","baseline",0.0412891375231152,"72 baseline","7 baseline"
"7075","M1","C4620081","7","73","C4620081 M1","baseline",0.0409757686542357,"73 baseline","7 baseline"
"7076","M1","C4620081","7","74","C4620081 M1","baseline",0.0409042806078875,"74 baseline","7 baseline"
"7077","M1","C4620081","7","75","C4620081 M1","baseline",0.0407603204080297,"75 baseline","7 baseline"
"7078","M1","C4620081","7","76","C4620081 M1","baseline",0.0406731826058043,"76 baseline","7 baseline"
"7079","M1","C4620081","7","77","C4620081 M1","baseline",0.0405716998677059,"77 baseline","7 baseline"
"7080","M1","C4620081","7","78","C4620081 M1","baseline",0.0405140573812626,"78 baseline","7 baseline"
"7081","M1","C4620081","7","79","C4620081 M1","baseline",0.0404419363159886,"79 baseline","7 baseline"
"7082","M1","C4620081","7","80","C4620081 M1","baseline",0.0403426726707052,"80 baseline","7 baseline"
"7083","M1","C4620081","7","81","C4620081 M1","baseline",0.040106115831222,"81 baseline","7 baseline"
"7084","M1","C4620081","7","82","C4620081 M1","baseline",0.0397529619813506,"82 baseline","7 baseline"
"7085","M1","C4620081","7","83","C4620081 M1","baseline",0.039290060116341,"83 baseline","7 baseline"
"7086","M1","C4620081","7","84","C4620081 M1","baseline",0.0392793901193067,"84 baseline","7 baseline"
"7087","M1","C4620081","7","85","C4620081 M1","baseline",0.0390358848883341,"85 baseline","7 baseline"
"7088","M1","C4620081","7","86","C4620081 M1","baseline",0.0389233699622911,"86 baseline","7 baseline"
"7089","M1","C4620081","7","87","C4620081 M1","baseline",0.0387745846549722,"87 baseline","7 baseline"
"7090","M1","C4620081","7","88","C4620081 M1","baseline",0.0385549410006477,"88 baseline","7 baseline"
"7091","M1","C4620081","7","89","C4620081 M1","baseline",0.0384977539972233,"89 baseline","7 baseline"
"7092","M1","C4620081","7","90","C4620081 M1","baseline",0.0384380139480571,"90 baseline","7 baseline"
"7093","M1","C4620081","7","91","C4620081 M1","baseline",0.0382985015033362,"91 baseline","7 baseline"
"7094","M1","C4620081","7","92","C4620081 M1","baseline",0.0382283489185801,"92 baseline","7 baseline"
"7095","M1","C4620081","7","93","C4620081 M1","baseline",0.0381156589750978,"93 baseline","7 baseline"
"7096","M1","C4620081","7","94","C4620081 M1","baseline",0.0377913684091186,"94 baseline","7 baseline"
"7097","M1","C4620081","7","95","C4620081 M1","baseline",0.037764468183019,"95 baseline","7 baseline"
"7098","M1","C4620081","7","96","C4620081 M1","baseline",0.0376992808099642,"96 baseline","7 baseline"
"7099","M1","C4620081","7","97","C4620081 M1","baseline",0.0376448614445808,"97 baseline","7 baseline"
"7100","M1","C4620081","7","98","C4620081 M1","baseline",0.0375781138468447,"98 baseline","7 baseline"
"7101","M1","C4620081","7","99","C4620081 M1","baseline",0.0373637675059935,"99 baseline","7 baseline"
"7102","M1","C4620081","7","100","C4620081 M1","baseline",0.0372826867189495,"100 baseline","7 baseline"
"7103","M1","C4620081","7","101","C4620081 M1","baseline",0.0371107125142689,"101 baseline","7 baseline"
"7104","M1","C4620081","7","102","C4620081 M1","baseline",0.03710024974099,"102 baseline","7 baseline"
"7105","M1","C4620081","7","103","C4620081 M1","baseline",0.0370176731545203,"103 baseline","7 baseline"
"7106","M1","C4620081","7","104","C4620081 M1","baseline",0.0369227263162284,"104 baseline","7 baseline"
"7107","M1","C4620081","7","105","C4620081 M1","baseline",0.0368074776201722,"105 baseline","7 baseline"
"7108","M1","C4620081","7","106","C4620081 M1","baseline",0.036735101803084,"106 baseline","7 baseline"
"7109","M1","C4620081","7","107","C4620081 M1","baseline",0.0366032347662421,"107 baseline","7 baseline"
"7110","M1","C4620081","7","108","C4620081 M1","baseline",0.0365668366721323,"108 baseline","7 baseline"
"7111","M1","C4620081","7","109","C4620081 M1","baseline",0.0364455436539849,"109 baseline","7 baseline"
"7112","M1","C4620081","7","110","C4620081 M1","baseline",0.036422340742059,"110 baseline","7 baseline"
"7113","M1","C4620081","7","111","C4620081 M1","baseline",0.0363879329461127,"111 baseline","7 baseline"
"7114","M1","C4620081","7","112","C4620081 M1","baseline",0.0360544706783382,"112 baseline","7 baseline"
"7115","M1","C4620081","7","113","C4620081 M1","baseline",0.0360223727546254,"113 baseline","7 baseline"
"7116","M1","C4620081","7","114","C4620081 M1","baseline",0.0360099242716071,"114 baseline","7 baseline"
"7117","M1","C4620081","7","115","C4620081 M1","baseline",0.0358281780431819,"115 baseline","7 baseline"
"7118","M1","C4620081","7","116","C4620081 M1","baseline",0.0358198740407525,"116 baseline","7 baseline"
"7119","M1","C4620081","7","117","C4620081 M1","baseline",0.0358091769029699,"117 baseline","7 baseline"
"7120","M1","C4620081","7","118","C4620081 M1","baseline",0.0358005987658154,"118 baseline","7 baseline"
"7121","M1","C4620081","7","119","C4620081 M1","baseline",0.0357646043157248,"119 baseline","7 baseline"
"7122","M1","C4620081","7","120","C4620081 M1","baseline",0.0357559843702079,"120 baseline","7 baseline"
"7123","M1","C4620081","7","121","C4620081 M1","baseline",0.0357062275714677,"121 baseline","7 baseline"
"7124","M1","C4620081","7","122","C4620081 M1","baseline",0.0355678691466215,"122 baseline","7 baseline"
"7125","M1","C4620081","7","123","C4620081 M1","baseline",0.0352146672707874,"123 baseline","7 baseline"
"7126","M1","C4620081","7","124","C4620081 M1","baseline",0.0349867367370803,"124 baseline","7 baseline"
"7127","M1","C4620081","7","125","C4620081 M1","baseline",0.0345368120240162,"125 baseline","7 baseline"
"7128","M1","C4620081","7","126","C4620081 M1","baseline",0.0344671752449476,"126 baseline","7 baseline"
"7129","M1","C4620081","7","127","C4620081 M1","baseline",0.0344503168924574,"127 baseline","7 baseline"
"7130","M1","C4620081","7","128","C4620081 M1","baseline",0.0343761890301665,"128 baseline","7 baseline"
"7131","M1","C4620081","7","129","C4620081 M1","baseline",0.0343300740302744,"129 baseline","7 baseline"
"7132","M1","C4620081","7","130","C4620081 M1","baseline",0.0342794911342937,"130 baseline","7 baseline"
"7133","M1","C4620081","7","131","C4620081 M1","baseline",0.0341839358280639,"131 baseline","7 baseline"
"7134","M1","C4620081","7","132","C4620081 M1","baseline",0.0341224624810817,"132 baseline","7 baseline"
"7135","M1","C4620081","7","133","C4620081 M1","baseline",0.0340309130562521,"133 baseline","7 baseline"
"7136","M1","C4620081","7","134","C4620081 M1","baseline",0.0339109410887668,"134 baseline","7 baseline"
"7137","M1","C4620081","7","135","C4620081 M1","baseline",0.0338231051159044,"135 baseline","7 baseline"
"7138","M1","C4620081","7","136","C4620081 M1","baseline",0.0336419652712172,"136 baseline","7 baseline"
"7139","M1","C4620081","7","137","C4620081 M1","baseline",0.0335743651812568,"137 baseline","7 baseline"
"7140","M1","C4620081","7","138","C4620081 M1","baseline",0.0333278288809481,"138 baseline","7 baseline"
"7141","M1","C4620081","7","139","C4620081 M1","baseline",0.0331135016352719,"139 baseline","7 baseline"
"7142","M1","C4620081","7","140","C4620081 M1","baseline",0.0329711332716553,"140 baseline","7 baseline"
"7143","M1","C4620081","7","141","C4620081 M1","baseline",0.03296577398263,"141 baseline","7 baseline"
"7144","M1","C4620081","7","142","C4620081 M1","baseline",0.0329291642063119,"142 baseline","7 baseline"
"7145","M1","C4620081","7","143","C4620081 M1","baseline",0.0328893992490884,"143 baseline","7 baseline"
"7146","M1","C4620081","7","144","C4620081 M1","baseline",0.0327131915242143,"144 baseline","7 baseline"
"7147","M1","C4620081","7","145","C4620081 M1","baseline",0.0326188926761819,"145 baseline","7 baseline"
"7148","M1","C4620081","7","146","C4620081 M1","baseline",0.0325817426193804,"146 baseline","7 baseline"
"7149","M1","C4620081","7","147","C4620081 M1","baseline",0.0322110683461594,"147 baseline","7 baseline"
"7150","M1","C4620081","7","148","C4620081 M1","baseline",0.0321135454629769,"148 baseline","7 baseline"
"7151","M1","C4620081","7","149","C4620081 M1","baseline",0.0320563412001628,"149 baseline","7 baseline"
"7152","M1","C4620081","7","150","C4620081 M1","baseline",0.0320557816136524,"150 baseline","7 baseline"
"7153","M1","C4620081","7","151","C4620081 M1","baseline",0.0320343446398021,"151 baseline","7 baseline"
"7154","M1","C4620081","7","152","C4620081 M1","baseline",0.0320152082634836,"152 baseline","7 baseline"
"7155","M1","C4620081","7","153","C4620081 M1","baseline",0.0319332568827735,"153 baseline","7 baseline"
"7156","M1","C4620081","7","154","C4620081 M1","baseline",0.0318603476785188,"154 baseline","7 baseline"
"7157","M1","C4620081","7","155","C4620081 M1","baseline",0.0317315464303071,"155 baseline","7 baseline"
"7158","M1","C4620081","7","156","C4620081 M1","baseline",0.0316762354962371,"156 baseline","7 baseline"
"7159","M1","C4620081","7","157","C4620081 M1","baseline",0.0315798915070839,"157 baseline","7 baseline"
"7160","M1","C4620081","7","158","C4620081 M1","baseline",0.0315110732666653,"158 baseline","7 baseline"
"7161","M1","C4620081","7","159","C4620081 M1","baseline",0.0310874666724766,"159 baseline","7 baseline"
"7162","M1","C4620081","7","160","C4620081 M1","baseline",0.031052310325944,"160 baseline","7 baseline"
"7163","M1","C4620081","7","161","C4620081 M1","baseline",0.0307845614214744,"161 baseline","7 baseline"
"7164","M1","C4620081","7","162","C4620081 M1","baseline",0.0306940870642983,"162 baseline","7 baseline"
"7165","M1","C4620081","7","163","C4620081 M1","baseline",0.0304255126889643,"163 baseline","7 baseline"
"7166","M1","C4620081","7","164","C4620081 M1","baseline",0.0303919436520984,"164 baseline","7 baseline"
"7167","M1","C4620081","7","165","C4620081 M1","baseline",0.0303684977556973,"165 baseline","7 baseline"
"7168","M1","C4620081","7","166","C4620081 M1","baseline",0.03032914282462,"166 baseline","7 baseline"
"7169","M1","C4620081","7","167","C4620081 M1","baseline",0.030265564741868,"167 baseline","7 baseline"
"7170","M1","C4620081","7","168","C4620081 M1","baseline",0.0301016344836867,"168 baseline","7 baseline"
"7171","M1","C4620081","7","169","C4620081 M1","baseline",0.029964627852707,"169 baseline","7 baseline"
"7172","M1","C4620081","7","170","C4620081 M1","baseline",0.0298589380775255,"170 baseline","7 baseline"
"7173","M1","C4620081","7","171","C4620081 M1","baseline",0.029789450076855,"171 baseline","7 baseline"
"7174","M1","C4620081","7","172","C4620081 M1","baseline",0.0297780619230261,"172 baseline","7 baseline"
"7175","M1","C4620081","7","173","C4620081 M1","baseline",0.0297076492212358,"173 baseline","7 baseline"
"7176","M1","C4620081","7","174","C4620081 M1","baseline",0.0295922513417375,"174 baseline","7 baseline"
"7177","M1","C4620081","7","175","C4620081 M1","baseline",0.0292581494588408,"175 baseline","7 baseline"
"7178","M1","C4620081","7","176","C4620081 M1","baseline",0.0288817558351761,"176 baseline","7 baseline"
"7179","M1","C4620081","7","177","C4620081 M1","baseline",0.028860097485272,"177 baseline","7 baseline"
"7180","M1","C4620081","7","178","C4620081 M1","baseline",0.028857703012643,"178 baseline","7 baseline"
"7181","M1","C4620081","7","179","C4620081 M1","baseline",0.0288497432242442,"179 baseline","7 baseline"
"7182","M1","C4620081","7","180","C4620081 M1","baseline",0.0287422514102414,"180 baseline","7 baseline"
"7183","M1","C4620081","7","181","C4620081 M1","baseline",0.0286179548557012,"181 baseline","7 baseline"
"7184","M1","C4620081","7","182","C4620081 M1","baseline",0.0285861868765038,"182 baseline","7 baseline"
"7185","M1","C4620081","7","183","C4620081 M1","baseline",0.0285811815073368,"183 baseline","7 baseline"
"7186","M1","C4620081","7","184","C4620081 M1","baseline",0.0284932855525752,"184 baseline","7 baseline"
"7187","M1","C4620081","7","185","C4620081 M1","baseline",0.0284773060592118,"185 baseline","7 baseline"
"7188","M1","C4620081","7","186","C4620081 M1","baseline",0.0283599459420345,"186 baseline","7 baseline"
"7189","M1","C4620081","7","187","C4620081 M1","baseline",0.0282804071810829,"187 baseline","7 baseline"
"7190","M1","C4620081","7","188","C4620081 M1","baseline",0.0282720366940767,"188 baseline","7 baseline"
"7191","M1","C4620081","7","189","C4620081 M1","baseline",0.0281822510675997,"189 baseline","7 baseline"
"7192","M1","C4620081","7","190","C4620081 M1","baseline",0.0281623247658223,"190 baseline","7 baseline"
"7193","M1","C4620081","7","191","C4620081 M1","baseline",0.0279415809958178,"191 baseline","7 baseline"
"7194","M1","C4620081","7","192","C4620081 M1","baseline",0.0279238027590231,"192 baseline","7 baseline"
"7195","M1","C4620081","7","193","C4620081 M1","baseline",0.0278121078758293,"193 baseline","7 baseline"
"7196","M1","C4620081","7","194","C4620081 M1","baseline",0.0278002367841196,"194 baseline","7 baseline"
"7197","M1","C4620081","7","195","C4620081 M1","baseline",0.0275362837737308,"195 baseline","7 baseline"
"7198","M1","C4620081","7","196","C4620081 M1","baseline",0.0275250104772164,"196 baseline","7 baseline"
"7199","M1","C4620081","7","197","C4620081 M1","baseline",0.0274950042633757,"197 baseline","7 baseline"
"7200","M1","C4620081","7","198","C4620081 M1","baseline",0.0273385150133554,"198 baseline","7 baseline"
"7201","M1","C4620081","7","199","C4620081 M1","baseline",0.0272169915448646,"199 baseline","7 baseline"
"7202","M1","C4620081","7","200","C4620081 M1","baseline",0.0271877425746522,"200 baseline","7 baseline"
"7203","M1","C4620081","7","201","C4620081 M1","baseline",0.0271473964467165,"201 baseline","7 baseline"
"7204","M1","C4620081","7","202","C4620081 M1","baseline",0.0270625859241985,"202 baseline","7 baseline"
"7205","M1","C4620081","7","203","C4620081 M1","baseline",0.0270406568903331,"203 baseline","7 baseline"
"7206","M1","C4620081","7","204","C4620081 M1","baseline",0.0270278101075679,"204 baseline","7 baseline"
"7207","M1","C4620081","7","205","C4620081 M1","baseline",0.0269630995518592,"205 baseline","7 baseline"
"7208","M1","C4620081","7","206","C4620081 M1","baseline",0.0268765043312881,"206 baseline","7 baseline"
"7209","M1","C4620081","7","207","C4620081 M1","baseline",0.0268184013821499,"207 baseline","7 baseline"
"7210","M1","C4620081","7","208","C4620081 M1","baseline",0.0267460781113201,"208 baseline","7 baseline"
"7211","M1","C4620081","7","209","C4620081 M1","baseline",0.0267400215977096,"209 baseline","7 baseline"
"7212","M1","C4620081","7","210","C4620081 M1","baseline",0.0265715987742201,"210 baseline","7 baseline"
"7213","M1","C4620081","7","211","C4620081 M1","baseline",0.0258743562108557,"211 baseline","7 baseline"
"7214","M1","C4620081","7","212","C4620081 M1","baseline",0.025822274205675,"212 baseline","7 baseline"
"7215","M1","C4620081","7","213","C4620081 M1","baseline",0.0256953376855338,"213 baseline","7 baseline"
"7216","M1","C4620081","7","214","C4620081 M1","baseline",0.0254900956894837,"214 baseline","7 baseline"
"7217","M1","C4620081","7","215","C4620081 M1","baseline",0.0254534473001229,"215 baseline","7 baseline"
"7218","M1","C4620081","7","216","C4620081 M1","baseline",0.0252910802667838,"216 baseline","7 baseline"
"7219","M1","C4620081","7","217","C4620081 M1","baseline",0.0251464424132877,"217 baseline","7 baseline"
"7220","M1","C4620081","7","218","C4620081 M1","baseline",0.0250762187683763,"218 baseline","7 baseline"
"7221","M1","C4620081","7","219","C4620081 M1","baseline",0.025055409524366,"219 baseline","7 baseline"
"7222","M1","C4620081","7","220","C4620081 M1","baseline",0.0249110968909348,"220 baseline","7 baseline"
"7223","M1","C4620081","7","221","C4620081 M1","baseline",0.024880595028331,"221 baseline","7 baseline"
"7224","M1","C4620081","7","222","C4620081 M1","baseline",0.0248570258920909,"222 baseline","7 baseline"
"7225","M1","C4620081","7","223","C4620081 M1","baseline",0.024706826161719,"223 baseline","7 baseline"
"7226","M1","C4620081","7","224","C4620081 M1","baseline",0.0246469895817852,"224 baseline","7 baseline"
"7227","M1","C4620081","7","225","C4620081 M1","baseline",0.0246428067739753,"225 baseline","7 baseline"
"7228","M1","C4620081","7","226","C4620081 M1","baseline",0.0246101000508539,"226 baseline","7 baseline"
"7229","M1","C4620081","7","227","C4620081 M1","baseline",0.0243938092152201,"227 baseline","7 baseline"
"7230","M1","C4620081","7","228","C4620081 M1","baseline",0.0243279391570089,"228 baseline","7 baseline"
"7231","M1","C4620081","7","229","C4620081 M1","baseline",0.0241724441018623,"229 baseline","7 baseline"
"7232","M1","C4620081","7","230","C4620081 M1","baseline",0.0240798333574128,"230 baseline","7 baseline"
"7233","M1","C4620081","7","231","C4620081 M1","baseline",0.0238577951859559,"231 baseline","7 baseline"
"7234","M1","C4620081","7","232","C4620081 M1","baseline",0.0236606001035031,"232 baseline","7 baseline"
"7235","M1","C4620081","7","233","C4620081 M1","baseline",0.02365006179991,"233 baseline","7 baseline"
"7236","M1","C4620081","7","234","C4620081 M1","baseline",0.023524832964949,"234 baseline","7 baseline"
"7237","M1","C4620081","7","235","C4620081 M1","baseline",0.0234196693659118,"235 baseline","7 baseline"
"7238","M1","C4620081","7","236","C4620081 M1","baseline",0.0233427475208803,"236 baseline","7 baseline"
"7239","M1","C4620081","7","237","C4620081 M1","baseline",0.0230406089457748,"237 baseline","7 baseline"
"7240","M1","C4620081","7","238","C4620081 M1","baseline",0.022966934677575,"238 baseline","7 baseline"
"7241","M1","C4620081","7","239","C4620081 M1","baseline",0.0228982876825161,"239 baseline","7 baseline"
"7242","M1","C4620081","7","240","C4620081 M1","baseline",0.0226027313247273,"240 baseline","7 baseline"
"7243","M1","C4620081","7","241","C4620081 M1","baseline",0.022532057989419,"241 baseline","7 baseline"
"7244","M1","C4620081","7","242","C4620081 M1","baseline",0.0221986519465397,"242 baseline","7 baseline"
"7245","M1","C4620081","7","243","C4620081 M1","baseline",0.0221570218752147,"243 baseline","7 baseline"
"7246","M1","C4620081","7","244","C4620081 M1","baseline",0.0220909503386993,"244 baseline","7 baseline"
"7247","M1","C4620081","7","245","C4620081 M1","baseline",0.0220021069858728,"245 baseline","7 baseline"
"7248","M1","C4620081","7","246","C4620081 M1","baseline",0.0219722614720856,"246 baseline","7 baseline"
"7249","M1","C4620081","7","247","C4620081 M1","baseline",0.0219649174952704,"247 baseline","7 baseline"
"7250","M1","C4620081","7","248","C4620081 M1","baseline",0.0218866064210932,"248 baseline","7 baseline"
"7251","M1","C4620081","7","249","C4620081 M1","baseline",0.0216539111097406,"249 baseline","7 baseline"
"7252","M1","C4620081","7","250","C4620081 M1","baseline",0.0214933386271402,"250 baseline","7 baseline"
"7253","M1","C4620081","7","251","C4620081 M1","baseline",0.0212915719849258,"251 baseline","7 baseline"
"7254","M1","C4620081","7","252","C4620081 M1","baseline",0.0212063452613177,"252 baseline","7 baseline"
"7255","M1","C4620081","7","253","C4620081 M1","baseline",0.0211921066357279,"253 baseline","7 baseline"
"7256","M1","C4620081","7","254","C4620081 M1","baseline",0.0211629491611972,"254 baseline","7 baseline"
"7257","M1","C4620081","7","255","C4620081 M1","baseline",0.0209492313370766,"255 baseline","7 baseline"
"7258","M1","C4620081","7","256","C4620081 M1","baseline",0.0207831360814692,"256 baseline","7 baseline"
"7259","M1","C4620081","7","257","C4620081 M1","baseline",0.0207037942349023,"257 baseline","7 baseline"
"7260","M1","C4620081","7","258","C4620081 M1","baseline",0.0206826559760389,"258 baseline","7 baseline"
"7261","M1","C4620081","7","259","C4620081 M1","baseline",0.020564741640713,"259 baseline","7 baseline"
"7262","M1","C4620081","7","260","C4620081 M1","baseline",0.0205508982039587,"260 baseline","7 baseline"
"7263","M1","C4620081","7","261","C4620081 M1","baseline",0.0205436984326717,"261 baseline","7 baseline"
"7264","M1","C4620081","7","262","C4620081 M1","baseline",0.0205435843054863,"262 baseline","7 baseline"
"7265","M1","C4620081","7","263","C4620081 M1","baseline",0.020502802247728,"263 baseline","7 baseline"
"7266","M1","C4620081","7","264","C4620081 M1","baseline",0.0204478368951563,"264 baseline","7 baseline"
"7267","M1","C4620081","7","265","C4620081 M1","baseline",0.0204436584319357,"265 baseline","7 baseline"
"7268","M1","C4620081","7","266","C4620081 M1","baseline",0.0202124957944476,"266 baseline","7 baseline"
"7269","M1","C4620081","7","267","C4620081 M1","baseline",0.0202119242684667,"267 baseline","7 baseline"
"7270","M1","C4620081","7","268","C4620081 M1","baseline",0.0200302286979537,"268 baseline","7 baseline"
"7271","M1","C4620081","7","269","C4620081 M1","baseline",0.0197775217029524,"269 baseline","7 baseline"
"7272","M1","C4620081","7","270","C4620081 M1","baseline",0.0197584298140532,"270 baseline","7 baseline"
"7273","M1","C4620081","7","271","C4620081 M1","baseline",0.019574307200663,"271 baseline","7 baseline"
"7274","M1","C4620081","7","272","C4620081 M1","baseline",0.0195139864474258,"272 baseline","7 baseline"
"7275","M1","C4620081","7","273","C4620081 M1","baseline",0.0191990756375254,"273 baseline","7 baseline"
"7276","M1","C4620081","7","274","C4620081 M1","baseline",0.0191003511021654,"274 baseline","7 baseline"
"7277","M1","C4620081","7","275","C4620081 M1","baseline",0.0189437802539462,"275 baseline","7 baseline"
"7278","M1","C4620081","7","276","C4620081 M1","baseline",0.0188598048650897,"276 baseline","7 baseline"
"7279","M1","C4620081","7","277","C4620081 M1","baseline",0.018752741396817,"277 baseline","7 baseline"
"7280","M1","C4620081","7","278","C4620081 M1","baseline",0.0186163954645222,"278 baseline","7 baseline"
"7281","M1","C4620081","7","279","C4620081 M1","baseline",0.0184926364047824,"279 baseline","7 baseline"
"7282","M1","C4620081","7","280","C4620081 M1","baseline",0.0183237559314704,"280 baseline","7 baseline"
"7283","M1","C4620081","7","281","C4620081 M1","baseline",0.0182688966555748,"281 baseline","7 baseline"
"7284","M1","C4620081","7","282","C4620081 M1","baseline",0.0181233794885098,"282 baseline","7 baseline"
"7285","M1","C4620081","7","283","C4620081 M1","baseline",0.0180711402051729,"283 baseline","7 baseline"
"7286","M1","C4620081","7","284","C4620081 M1","baseline",0.0176842602174036,"284 baseline","7 baseline"
"7287","M1","C4620081","7","285","C4620081 M1","baseline",0.0175767514481111,"285 baseline","7 baseline"
"7288","M1","C4620081","7","286","C4620081 M1","baseline",0.0174287730257383,"286 baseline","7 baseline"
"7289","M1","C4620081","7","287","C4620081 M1","baseline",0.0167361422056522,"287 baseline","7 baseline"
"7290","M1","C4620081","7","288","C4620081 M1","baseline",0.0165506888365998,"288 baseline","7 baseline"
"7291","M1","C4620081","7","289","C4620081 M1","baseline",0.0163011704691635,"289 baseline","7 baseline"
"7292","M1","C4620081","7","290","C4620081 M1","baseline",0.0162195471610425,"290 baseline","7 baseline"
"7293","M1","C4620081","7","291","C4620081 M1","baseline",0.0161231234300537,"291 baseline","7 baseline"
"7294","M1","C4620081","7","292","C4620081 M1","baseline",0.0160926223962723,"292 baseline","7 baseline"
"7295","M1","C4620081","7","293","C4620081 M1","baseline",0.0159134502505322,"293 baseline","7 baseline"
"7296","M1","C4620081","7","294","C4620081 M1","baseline",0.0159089025058114,"294 baseline","7 baseline"
"7297","M1","C4620081","7","295","C4620081 M1","baseline",0.0158784076863304,"295 baseline","7 baseline"
"7298","M1","C4620081","7","296","C4620081 M1","baseline",0.0157774522710286,"296 baseline","7 baseline"
"7299","M1","C4620081","7","297","C4620081 M1","baseline",0.0152918593137465,"297 baseline","7 baseline"
"7300","M1","C4620081","7","298","C4620081 M1","baseline",0.0152288014016903,"298 baseline","7 baseline"
"7301","M1","C4620081","7","299","C4620081 M1","baseline",0.0152097218222988,"299 baseline","7 baseline"
"7302","M1","C4620081","7","300","C4620081 M1","baseline",0.0151928432368793,"300 baseline","7 baseline"
"7303","M1","C4620081","7","301","C4620081 M1","baseline",0.0151435286372072,"301 baseline","7 baseline"
"7304","M1","C4620081","7","302","C4620081 M1","baseline",0.0150603945316418,"302 baseline","7 baseline"
"7305","M1","C4620081","7","303","C4620081 M1","baseline",0.0149941537091588,"303 baseline","7 baseline"
"7306","M1","C4620081","7","304","C4620081 M1","baseline",0.0146697280890008,"304 baseline","7 baseline"
"7307","M1","C4620081","7","305","C4620081 M1","baseline",0.0145320176080295,"305 baseline","7 baseline"
"7308","M1","C4620081","7","306","C4620081 M1","baseline",0.0144422408099115,"306 baseline","7 baseline"
"7309","M1","C4620081","7","307","C4620081 M1","baseline",0.0142562427236276,"307 baseline","7 baseline"
"7310","M1","C4620081","7","308","C4620081 M1","baseline",0.0140195824098507,"308 baseline","7 baseline"
"7311","M1","C4620081","7","309","C4620081 M1","baseline",0.0139375132601677,"309 baseline","7 baseline"
"7312","M1","C4620081","7","310","C4620081 M1","baseline",0.0138138588531946,"310 baseline","7 baseline"
"7313","M1","C4620081","7","311","C4620081 M1","baseline",0.0137549197990052,"311 baseline","7 baseline"
"7314","M1","C4620081","7","312","C4620081 M1","baseline",0.0134869908944482,"312 baseline","7 baseline"
"7315","M1","C4620081","7","313","C4620081 M1","baseline",0.0134442324231234,"313 baseline","7 baseline"
"7316","M1","C4620081","7","314","C4620081 M1","baseline",0.0133786942383666,"314 baseline","7 baseline"
"7317","M1","C4620081","7","315","C4620081 M1","baseline",0.0133363772971727,"315 baseline","7 baseline"
"7318","M1","C4620081","7","316","C4620081 M1","baseline",0.013271845123732,"316 baseline","7 baseline"
"7319","M1","C4620081","7","317","C4620081 M1","baseline",0.0132055981956728,"317 baseline","7 baseline"
"7320","M1","C4620081","7","318","C4620081 M1","baseline",0.0130525705950042,"318 baseline","7 baseline"
"7321","M1","C4620081","7","319","C4620081 M1","baseline",0.0129852142264336,"319 baseline","7 baseline"
"7322","M1","C4620081","7","320","C4620081 M1","baseline",0.0129192719673919,"320 baseline","7 baseline"
"7323","M1","C4620081","7","321","C4620081 M1","baseline",0.0128857532862451,"321 baseline","7 baseline"
"7324","M1","C4620081","7","322","C4620081 M1","baseline",0.0123202647984183,"322 baseline","7 baseline"
"7325","M1","C4620081","7","323","C4620081 M1","baseline",0.0122221300886844,"323 baseline","7 baseline"
"7326","M1","C4620081","7","324","C4620081 M1","baseline",0.0118192245661088,"324 baseline","7 baseline"
"7327","M1","C4620081","7","325","C4620081 M1","baseline",0.0115528471371025,"325 baseline","7 baseline"
"7328","M1","C4620081","7","326","C4620081 M1","baseline",0.011343630104225,"326 baseline","7 baseline"
"7329","M1","C4620081","7","327","C4620081 M1","baseline",0.0111555757503526,"327 baseline","7 baseline"
"7330","M1","C4620081","7","328","C4620081 M1","baseline",0.0110727320812448,"328 baseline","7 baseline"
"7331","M1","C4620081","7","329","C4620081 M1","baseline",0.011016487296629,"329 baseline","7 baseline"
"7332","M1","C4620081","7","330","C4620081 M1","baseline",0.0108884171189624,"330 baseline","7 baseline"
"7333","M1","C4620081","7","331","C4620081 M1","baseline",0.0108290482890069,"331 baseline","7 baseline"
"7334","M1","C4620081","7","332","C4620081 M1","baseline",0.0107588602279853,"332 baseline","7 baseline"
"7335","M1","C4620081","7","333","C4620081 M1","baseline",0.0105723101588367,"333 baseline","7 baseline"
"7336","M1","C4620081","7","334","C4620081 M1","baseline",0.0105564508515155,"334 baseline","7 baseline"
"7337","M1","C4620081","7","335","C4620081 M1","baseline",0.0105544995464584,"335 baseline","7 baseline"
"7338","M1","C4620081","7","336","C4620081 M1","baseline",0.0105517328024957,"336 baseline","7 baseline"
"7339","M1","C4620081","7","337","C4620081 M1","baseline",0.0105379164726995,"337 baseline","7 baseline"
"7340","M1","C4620081","7","338","C4620081 M1","baseline",0.0104836155276742,"338 baseline","7 baseline"
"7341","M1","C4620081","7","339","C4620081 M1","baseline",0.0102526546115386,"339 baseline","7 baseline"
"7342","M1","C4620081","7","340","C4620081 M1","baseline",0.0101231972165255,"340 baseline","7 baseline"
"7343","M1","C4620081","7","341","C4620081 M1","baseline",0.010118973199366,"341 baseline","7 baseline"
"7344","M1","C4620081","7","342","C4620081 M1","baseline",0.0100108540319801,"342 baseline","7 baseline"
"7345","M1","C4620081","7","343","C4620081 M1","baseline",0.00995404176436289,"343 baseline","7 baseline"
"7346","M1","C4620081","7","344","C4620081 M1","baseline",0.00991705297586808,"344 baseline","7 baseline"
"7347","M1","C4620081","7","345","C4620081 M1","baseline",0.0098444776770642,"345 baseline","7 baseline"
"7348","M1","C4620081","7","346","C4620081 M1","baseline",0.00941752188153725,"346 baseline","7 baseline"
"7349","M1","C4620081","7","347","C4620081 M1","baseline",0.00932787573638416,"347 baseline","7 baseline"
"7350","M1","C4620081","7","348","C4620081 M1","baseline",0.00915713203304924,"348 baseline","7 baseline"
"7351","M1","C4620081","7","349","C4620081 M1","baseline",0.00889761722510317,"349 baseline","7 baseline"
"7352","M1","C4620081","7","350","C4620081 M1","baseline",0.00885585829757166,"350 baseline","7 baseline"
"7353","M1","C4620081","7","351","C4620081 M1","baseline",0.00881149719554475,"351 baseline","7 baseline"
"7354","M1","C4620081","7","352","C4620081 M1","baseline",0.00858918164427181,"352 baseline","7 baseline"
"7355","M1","C4620081","7","353","C4620081 M1","baseline",0.00843190437918812,"353 baseline","7 baseline"
"7356","M1","C4620081","7","354","C4620081 M1","baseline",0.00839102284934126,"354 baseline","7 baseline"
"7357","M1","C4620081","7","355","C4620081 M1","baseline",0.00794641782074966,"355 baseline","7 baseline"
"7358","M1","C4620081","7","356","C4620081 M1","baseline",0.00787056007533512,"356 baseline","7 baseline"
"7359","M1","C4620081","7","357","C4620081 M1","baseline",0.00777396692095146,"357 baseline","7 baseline"
"7360","M1","C4620081","7","358","C4620081 M1","baseline",0.00770704237892006,"358 baseline","7 baseline"
"7361","M1","C4620081","7","359","C4620081 M1","baseline",0.00758757240913146,"359 baseline","7 baseline"
"7362","M1","C4620081","7","360","C4620081 M1","baseline",0.0075503071591467,"360 baseline","7 baseline"
"7363","M1","C4620081","7","361","C4620081 M1","baseline",0.00746012495271534,"361 baseline","7 baseline"
"7364","M1","C4620081","7","362","C4620081 M1","baseline",0.00715921699670437,"362 baseline","7 baseline"
"7365","M1","C4620081","7","363","C4620081 M1","baseline",0.00712342551511402,"363 baseline","7 baseline"
"7366","M1","C4620081","7","364","C4620081 M1","baseline",0.00703366041129112,"364 baseline","7 baseline"
"7367","M1","C4620081","7","365","C4620081 M1","baseline",0.00694267884918629,"365 baseline","7 baseline"
"7368","M1","C4620081","7","366","C4620081 M1","baseline",0.00675180250491216,"366 baseline","7 baseline"
"7369","M1","C4620081","7","367","C4620081 M1","baseline",0.00653954877584156,"367 baseline","7 baseline"
"7370","M1","C4620081","7","368","C4620081 M1","baseline",0.00601093545666897,"368 baseline","7 baseline"
"7371","M1","C4620081","7","369","C4620081 M1","baseline",0.00596593292311604,"369 baseline","7 baseline"
"7372","M1","C4620081","7","370","C4620081 M1","baseline",0.00586034423108666,"370 baseline","7 baseline"
"7373","M1","C4620081","7","371","C4620081 M1","baseline",0.0058602095832295,"371 baseline","7 baseline"
"7374","M1","C4620081","7","372","C4620081 M1","baseline",0.0054650650206893,"372 baseline","7 baseline"
"7375","M1","C4620081","7","373","C4620081 M1","baseline",0.00534015586059305,"373 baseline","7 baseline"
"7376","M1","C4620081","7","374","C4620081 M1","baseline",0.00522554127593231,"374 baseline","7 baseline"
"7377","M1","C4620081","7","375","C4620081 M1","baseline",0.00522146747934191,"375 baseline","7 baseline"
"7378","M1","C4620081","7","376","C4620081 M1","baseline",0.00516807674613542,"376 baseline","7 baseline"
"7379","M1","C4620081","7","377","C4620081 M1","baseline",0.00512156571427493,"377 baseline","7 baseline"
"7380","M1","C4620081","7","378","C4620081 M1","baseline",0.00483941659148977,"378 baseline","7 baseline"
"7381","M1","C4620081","7","379","C4620081 M1","baseline",0.00456886518839275,"379 baseline","7 baseline"
"7382","M1","C4620081","7","380","C4620081 M1","baseline",0.00455131111442107,"380 baseline","7 baseline"
"7383","M1","C4620081","7","381","C4620081 M1","baseline",0.00448801422356668,"381 baseline","7 baseline"
"7384","M1","C4620081","7","382","C4620081 M1","baseline",0.00439644046120309,"382 baseline","7 baseline"
"7385","M1","C4620081","7","383","C4620081 M1","baseline",0.00437685461522267,"383 baseline","7 baseline"
"7386","M1","C4620081","7","384","C4620081 M1","baseline",0.00383783159821094,"384 baseline","7 baseline"
"7387","M1","C4620081","7","385","C4620081 M1","baseline",0.00369366152076958,"385 baseline","7 baseline"
"7388","M1","C4620081","7","386","C4620081 M1","baseline",0.003655551299708,"386 baseline","7 baseline"
"7389","M1","C4620081","7","387","C4620081 M1","baseline",0.00348355821517624,"387 baseline","7 baseline"
"7390","M1","C4620081","7","388","C4620081 M1","baseline",0.00329427213980298,"388 baseline","7 baseline"
"7391","M1","C4620081","7","389","C4620081 M1","baseline",0.00310213492709751,"389 baseline","7 baseline"
"7392","M1","C4620081","7","390","C4620081 M1","baseline",0.00302074528796724,"390 baseline","7 baseline"
"7393","M1","C4620081","7","391","C4620081 M1","baseline",0.00291620667153477,"391 baseline","7 baseline"
"7394","M1","C4620081","7","392","C4620081 M1","baseline",0.00289918911523602,"392 baseline","7 baseline"
"7395","M1","C4620081","7","393","C4620081 M1","baseline",0.00262200737819012,"393 baseline","7 baseline"
"7396","M1","C4620081","7","394","C4620081 M1","baseline",0.00234240840856203,"394 baseline","7 baseline"
"7397","M1","C4620081","7","395","C4620081 M1","baseline",0.00219854630050314,"395 baseline","7 baseline"
"7398","M1","C4620081","7","396","C4620081 M1","baseline",0.00175993987076218,"396 baseline","7 baseline"
"7399","M1","C4620081","7","397","C4620081 M1","baseline",0.00173340523236565,"397 baseline","7 baseline"
"7400","M1","C4620081","7","398","C4620081 M1","baseline",0.00165768834534466,"398 baseline","7 baseline"
"7401","M1","C4620081","7","399","C4620081 M1","baseline",0.000794326139109511,"399 baseline","7 baseline"
"7402","M1","C4620081","7","400","C4620081 M1","baseline",0.000271374359459182,"400 baseline","7 baseline"
"7403","M1","C4620081","7","401","C4620081 M1","baseline",6.10698388500995e-05,"401 baseline","7 baseline"
"7404","M1","C4620081","7","402","C4620081 M1","baseline",-1.69562852290495e-05,"402 baseline","7 baseline"
"7405","M1","C4620081","7","403","C4620081 M1","baseline",-0.000799201597987038,"403 baseline","7 baseline"
"7406","M1","C4620081","7","404","C4620081 M1","baseline",-0.00135986106522644,"404 baseline","7 baseline"
"7407","M1","C4620081","7","405","C4620081 M1","baseline",-0.00188730453228224,"405 baseline","7 baseline"
"7408","M1","C4620081","7","406","C4620081 M1","baseline",-0.0019297986765501,"406 baseline","7 baseline"
"7409","M1","C4620081","7","407","C4620081 M1","baseline",-0.00223159817710841,"407 baseline","7 baseline"
"7410","M1","C4620081","7","408","C4620081 M1","baseline",-0.00243182900462711,"408 baseline","7 baseline"
"7411","M1","C4620081","7","409","C4620081 M1","baseline",-0.00244598851990016,"409 baseline","7 baseline"
"7412","M1","C4620081","7","410","C4620081 M1","baseline",-0.00253309923582476,"410 baseline","7 baseline"
"7413","M1","C4620081","7","411","C4620081 M1","baseline",-0.00316477962160822,"411 baseline","7 baseline"
"7414","M1","C4620081","7","412","C4620081 M1","baseline",-0.00330157375589065,"412 baseline","7 baseline"
"7415","M1","C4620081","7","413","C4620081 M1","baseline",-0.00397960992998605,"413 baseline","7 baseline"
"7416","M1","C4620081","7","414","C4620081 M1","baseline",-0.00515300216770431,"414 baseline","7 baseline"
"7417","M1","C4620081","7","415","C4620081 M1","baseline",-0.00543257414365659,"415 baseline","7 baseline"
"7418","M1","C4620081","7","416","C4620081 M1","baseline",-0.0055622774987927,"416 baseline","7 baseline"
"7419","M1","C4620081","7","417","C4620081 M1","baseline",-0.00559654777884397,"417 baseline","7 baseline"
"7420","M1","C4620081","7","418","C4620081 M1","baseline",-0.00564307762518986,"418 baseline","7 baseline"
"7421","M1","C4620081","7","419","C4620081 M1","baseline",-0.00566968355292304,"419 baseline","7 baseline"
"7422","M1","C4620081","7","420","C4620081 M1","baseline",-0.00614737569896789,"420 baseline","7 baseline"
"7423","M1","C4620081","7","421","C4620081 M1","baseline",-0.00616410969680346,"421 baseline","7 baseline"
"7424","M1","C4620081","7","422","C4620081 M1","baseline",-0.00767490453027567,"422 baseline","7 baseline"
"7425","M1","C4620081","7","423","C4620081 M1","baseline",-0.00811273642785269,"423 baseline","7 baseline"
"7426","M1","C4620081","7","424","C4620081 M1","baseline",-0.00918179949348589,"424 baseline","7 baseline"
"7427","M1","C4620081","7","425","C4620081 M1","baseline",-0.00934269708221816,"425 baseline","7 baseline"
"7428","M1","C4620081","7","426","C4620081 M1","baseline",-0.00990987297516157,"426 baseline","7 baseline"
"7429","M1","C4620081","7","427","C4620081 M1","baseline",-0.0101566854200037,"427 baseline","7 baseline"
"7430","M1","C4620081","7","428","C4620081 M1","baseline",-0.010953266458427,"428 baseline","7 baseline"
"7431","M1","C4620081","7","429","C4620081 M1","baseline",-0.0114491626692224,"429 baseline","7 baseline"
"7432","M1","C4620081","7","430","C4620081 M1","baseline",-0.0126181902791897,"430 baseline","7 baseline"
"7433","M1","C4620081","7","431","C4620081 M1","baseline",-0.013226866576013,"431 baseline","7 baseline"
"7434","M1","C4620081","7","432","C4620081 M1","baseline",-0.013779324109601,"432 baseline","7 baseline"
"7435","M1","C4620081","7","433","C4620081 M1","baseline",-0.0147580330259977,"433 baseline","7 baseline"
"7436","M1","C4620081","7","434","C4620081 M1","baseline",-0.0172206969374483,"434 baseline","7 baseline"
"7437","M1","C4620081","7","435","C4620081 M1","baseline",-0.0195913682276583,"435 baseline","7 baseline"
"7438","M1","C4620081","7","436","C4620081 M1","baseline",-0.0212973916934307,"436 baseline","7 baseline"
"7439","M1","C4620081","7","437","C4620081 M1","baseline",-0.0234222136940597,"437 baseline","7 baseline"
"7440","M1","C4620081","7","438","C4620081 M1","baseline",-0.0303512499114056,"438 baseline","7 baseline"
"7441","M1","C4620083","7","0","C4620083 M1","baseline",0.252957536992288,"0 baseline","7 baseline"
"7442","M1","C4620083","7","1","C4620083 M1","baseline",0.246312037295679,"1 baseline","7 baseline"
"7443","M1","C4620083","7","2","C4620083 M1","baseline",0.232714864340031,"2 baseline","7 baseline"
"7444","M1","C4620083","7","3","C4620083 M1","baseline",0.230295630538922,"3 baseline","7 baseline"
"7445","M1","C4620083","7","4","C4620083 M1","baseline",0.227955898524327,"4 baseline","7 baseline"
"7446","M1","C4620083","7","5","C4620083 M1","baseline",0.227905366580358,"5 baseline","7 baseline"
"7447","M1","C4620083","7","6","C4620083 M1","baseline",0.226809153699576,"6 baseline","7 baseline"
"7448","M1","C4620083","7","7","C4620083 M1","baseline",0.21832553308956,"7 baseline","7 baseline"
"7449","M1","C4620083","7","8","C4620083 M1","baseline",0.21540103732325,"8 baseline","7 baseline"
"7450","M1","C4620083","7","9","C4620083 M1","baseline",0.212734083374748,"9 baseline","7 baseline"
"7451","M1","C4620083","7","10","C4620083 M1","baseline",0.208367398346211,"10 baseline","7 baseline"
"7452","M1","C4620083","7","11","C4620083 M1","baseline",0.205275740750361,"11 baseline","7 baseline"
"7453","M1","C4620083","7","12","C4620083 M1","baseline",0.204490030661701,"12 baseline","7 baseline"
"7454","M1","C4620083","7","13","C4620083 M1","baseline",0.203879017426239,"13 baseline","7 baseline"
"7455","M1","C4620083","7","14","C4620083 M1","baseline",0.201251032275397,"14 baseline","7 baseline"
"7456","M1","C4620083","7","15","C4620083 M1","baseline",0.199650228397844,"15 baseline","7 baseline"
"7457","M1","C4620083","7","16","C4620083 M1","baseline",0.197369283702574,"16 baseline","7 baseline"
"7458","M1","C4620083","7","17","C4620083 M1","baseline",0.196053835298798,"17 baseline","7 baseline"
"7459","M1","C4620083","7","18","C4620083 M1","baseline",0.195856414906113,"18 baseline","7 baseline"
"7460","M1","C4620083","7","19","C4620083 M1","baseline",0.194837659059912,"19 baseline","7 baseline"
"7461","M1","C4620083","7","20","C4620083 M1","baseline",0.19434315385475,"20 baseline","7 baseline"
"7462","M1","C4620083","7","21","C4620083 M1","baseline",0.192109941716153,"21 baseline","7 baseline"
"7463","M1","C4620083","7","22","C4620083 M1","baseline",0.189846868822269,"22 baseline","7 baseline"
"7464","M1","C4620083","7","23","C4620083 M1","baseline",0.188094616584678,"23 baseline","7 baseline"
"7465","M1","C4620083","7","24","C4620083 M1","baseline",0.184374033637232,"24 baseline","7 baseline"
"7466","M1","C4620083","7","25","C4620083 M1","baseline",0.183022279368921,"25 baseline","7 baseline"
"7467","M1","C4620083","7","26","C4620083 M1","baseline",0.18182978844836,"26 baseline","7 baseline"
"7468","M1","C4620083","7","27","C4620083 M1","baseline",0.181629029535672,"27 baseline","7 baseline"
"7469","M1","C4620083","7","28","C4620083 M1","baseline",0.181179762200329,"28 baseline","7 baseline"
"7470","M1","C4620083","7","29","C4620083 M1","baseline",0.180607687886466,"29 baseline","7 baseline"
"7471","M1","C4620083","7","30","C4620083 M1","baseline",0.180292281582859,"30 baseline","7 baseline"
"7472","M1","C4620083","7","31","C4620083 M1","baseline",0.179879325346096,"31 baseline","7 baseline"
"7473","M1","C4620083","7","32","C4620083 M1","baseline",0.179544372544209,"32 baseline","7 baseline"
"7474","M1","C4620083","7","33","C4620083 M1","baseline",0.177273051097932,"33 baseline","7 baseline"
"7475","M1","C4620083","7","34","C4620083 M1","baseline",0.176698264209018,"34 baseline","7 baseline"
"7476","M1","C4620083","7","35","C4620083 M1","baseline",0.176164757635652,"35 baseline","7 baseline"
"7477","M1","C4620083","7","36","C4620083 M1","baseline",0.175481227498594,"36 baseline","7 baseline"
"7478","M1","C4620083","7","37","C4620083 M1","baseline",0.173235179297755,"37 baseline","7 baseline"
"7479","M1","C4620083","7","38","C4620083 M1","baseline",0.172802501380787,"38 baseline","7 baseline"
"7480","M1","C4620083","7","39","C4620083 M1","baseline",0.172744535079067,"39 baseline","7 baseline"
"7481","M1","C4620083","7","40","C4620083 M1","baseline",0.172474828913433,"40 baseline","7 baseline"
"7482","M1","C4620083","7","41","C4620083 M1","baseline",0.172278653032925,"41 baseline","7 baseline"
"7483","M1","C4620083","7","42","C4620083 M1","baseline",0.171618351129937,"42 baseline","7 baseline"
"7484","M1","C4620083","7","43","C4620083 M1","baseline",0.170704404356768,"43 baseline","7 baseline"
"7485","M1","C4620083","7","44","C4620083 M1","baseline",0.170409265034772,"44 baseline","7 baseline"
"7486","M1","C4620083","7","45","C4620083 M1","baseline",0.170339297103333,"45 baseline","7 baseline"
"7487","M1","C4620083","7","46","C4620083 M1","baseline",0.169826036966982,"46 baseline","7 baseline"
"7488","M1","C4620083","7","47","C4620083 M1","baseline",0.169694989240012,"47 baseline","7 baseline"
"7489","M1","C4620083","7","48","C4620083 M1","baseline",0.169637311250166,"48 baseline","7 baseline"
"7490","M1","C4620083","7","49","C4620083 M1","baseline",0.16907563295498,"49 baseline","7 baseline"
"7491","M1","C4620083","7","50","C4620083 M1","baseline",0.16891264416535,"50 baseline","7 baseline"
"7492","M1","C4620083","7","51","C4620083 M1","baseline",0.16841040350813,"51 baseline","7 baseline"
"7493","M1","C4620083","7","52","C4620083 M1","baseline",0.167901004903777,"52 baseline","7 baseline"
"7494","M1","C4620083","7","53","C4620083 M1","baseline",0.16768881166584,"53 baseline","7 baseline"
"7495","M1","C4620083","7","54","C4620083 M1","baseline",0.167275130440371,"54 baseline","7 baseline"
"7496","M1","C4620083","7","55","C4620083 M1","baseline",0.166536784216254,"55 baseline","7 baseline"
"7497","M1","C4620083","7","56","C4620083 M1","baseline",0.166267537536244,"56 baseline","7 baseline"
"7498","M1","C4620083","7","57","C4620083 M1","baseline",0.166021908134464,"57 baseline","7 baseline"
"7499","M1","C4620083","7","58","C4620083 M1","baseline",0.165540770390483,"58 baseline","7 baseline"
"7500","M1","C4620083","7","59","C4620083 M1","baseline",0.165465332326675,"59 baseline","7 baseline"
"7501","M1","C4620083","7","60","C4620083 M1","baseline",0.165282034106639,"60 baseline","7 baseline"
"7502","M1","C4620083","7","61","C4620083 M1","baseline",0.164342397730208,"61 baseline","7 baseline"
"7503","M1","C4620083","7","62","C4620083 M1","baseline",0.164247352805264,"62 baseline","7 baseline"
"7504","M1","C4620083","7","63","C4620083 M1","baseline",0.164162371525552,"63 baseline","7 baseline"
"7505","M1","C4620083","7","64","C4620083 M1","baseline",0.163517290704013,"64 baseline","7 baseline"
"7506","M1","C4620083","7","65","C4620083 M1","baseline",0.163335730140127,"65 baseline","7 baseline"
"7507","M1","C4620083","7","66","C4620083 M1","baseline",0.163287000101547,"66 baseline","7 baseline"
"7508","M1","C4620083","7","67","C4620083 M1","baseline",0.163266577878478,"67 baseline","7 baseline"
"7509","M1","C4620083","7","68","C4620083 M1","baseline",0.162736345250236,"68 baseline","7 baseline"
"7510","M1","C4620083","7","69","C4620083 M1","baseline",0.162661298983196,"69 baseline","7 baseline"
"7511","M1","C4620083","7","70","C4620083 M1","baseline",0.16252289784976,"70 baseline","7 baseline"
"7512","M1","C4620083","7","71","C4620083 M1","baseline",0.162224512728138,"71 baseline","7 baseline"
"7513","M1","C4620083","7","72","C4620083 M1","baseline",0.161949437281706,"72 baseline","7 baseline"
"7514","M1","C4620083","7","73","C4620083 M1","baseline",0.161928852588593,"73 baseline","7 baseline"
"7515","M1","C4620083","7","74","C4620083 M1","baseline",0.161497648860543,"74 baseline","7 baseline"
"7516","M1","C4620083","7","75","C4620083 M1","baseline",0.15972167971064,"75 baseline","7 baseline"
"7517","M1","C4620083","7","76","C4620083 M1","baseline",0.159710732678432,"76 baseline","7 baseline"
"7518","M1","C4620083","7","77","C4620083 M1","baseline",0.159373012114999,"77 baseline","7 baseline"
"7519","M1","C4620083","7","78","C4620083 M1","baseline",0.159173935732459,"78 baseline","7 baseline"
"7520","M1","C4620083","7","79","C4620083 M1","baseline",0.158609260397508,"79 baseline","7 baseline"
"7521","M1","C4620083","7","80","C4620083 M1","baseline",0.158591668890368,"80 baseline","7 baseline"
"7522","M1","C4620083","7","81","C4620083 M1","baseline",0.157901306003276,"81 baseline","7 baseline"
"7523","M1","C4620083","7","82","C4620083 M1","baseline",0.157451594210512,"82 baseline","7 baseline"
"7524","M1","C4620083","7","83","C4620083 M1","baseline",0.157275695355832,"83 baseline","7 baseline"
"7525","M1","C4620083","7","84","C4620083 M1","baseline",0.156826440341456,"84 baseline","7 baseline"
"7526","M1","C4620083","7","85","C4620083 M1","baseline",0.156408804059999,"85 baseline","7 baseline"
"7527","M1","C4620083","7","86","C4620083 M1","baseline",0.156380794912294,"86 baseline","7 baseline"
"7528","M1","C4620083","7","87","C4620083 M1","baseline",0.156375418143705,"87 baseline","7 baseline"
"7529","M1","C4620083","7","88","C4620083 M1","baseline",0.155684396891132,"88 baseline","7 baseline"
"7530","M1","C4620083","7","89","C4620083 M1","baseline",0.154912242892169,"89 baseline","7 baseline"
"7531","M1","C4620083","7","90","C4620083 M1","baseline",0.154628135243296,"90 baseline","7 baseline"
"7532","M1","C4620083","7","91","C4620083 M1","baseline",0.154514451434515,"91 baseline","7 baseline"
"7533","M1","C4620083","7","92","C4620083 M1","baseline",0.154165170372849,"92 baseline","7 baseline"
"7534","M1","C4620083","7","93","C4620083 M1","baseline",0.154138674996712,"93 baseline","7 baseline"
"7535","M1","C4620083","7","94","C4620083 M1","baseline",0.153784147231706,"94 baseline","7 baseline"
"7536","M1","C4620083","7","95","C4620083 M1","baseline",0.153405387601287,"95 baseline","7 baseline"
"7537","M1","C4620083","7","96","C4620083 M1","baseline",0.153254449926188,"96 baseline","7 baseline"
"7538","M1","C4620083","7","97","C4620083 M1","baseline",0.152929753878548,"97 baseline","7 baseline"
"7539","M1","C4620083","7","98","C4620083 M1","baseline",0.152505807688215,"98 baseline","7 baseline"
"7540","M1","C4620083","7","99","C4620083 M1","baseline",0.152091023645375,"99 baseline","7 baseline"
"7541","M1","C4620083","7","100","C4620083 M1","baseline",0.151998380188949,"100 baseline","7 baseline"
"7542","M1","C4620083","7","101","C4620083 M1","baseline",0.151889420545086,"101 baseline","7 baseline"
"7543","M1","C4620083","7","102","C4620083 M1","baseline",0.151412253891615,"102 baseline","7 baseline"
"7544","M1","C4620083","7","103","C4620083 M1","baseline",0.151234867441209,"103 baseline","7 baseline"
"7545","M1","C4620083","7","104","C4620083 M1","baseline",0.150937424413003,"104 baseline","7 baseline"
"7546","M1","C4620083","7","105","C4620083 M1","baseline",0.150779489765582,"105 baseline","7 baseline"
"7547","M1","C4620083","7","106","C4620083 M1","baseline",0.150036514223362,"106 baseline","7 baseline"
"7548","M1","C4620083","7","107","C4620083 M1","baseline",0.149166332280107,"107 baseline","7 baseline"
"7549","M1","C4620083","7","108","C4620083 M1","baseline",0.148953006076319,"108 baseline","7 baseline"
"7550","M1","C4620083","7","109","C4620083 M1","baseline",0.147089427331634,"109 baseline","7 baseline"
"7551","M1","C4620083","7","110","C4620083 M1","baseline",0.147084437375641,"110 baseline","7 baseline"
"7552","M1","C4620083","7","111","C4620083 M1","baseline",0.14642334805388,"111 baseline","7 baseline"
"7553","M1","C4620083","7","112","C4620083 M1","baseline",0.14628452064188,"112 baseline","7 baseline"
"7554","M1","C4620083","7","113","C4620083 M1","baseline",0.145108905858939,"113 baseline","7 baseline"
"7555","M1","C4620083","7","114","C4620083 M1","baseline",0.144917646621466,"114 baseline","7 baseline"
"7556","M1","C4620083","7","115","C4620083 M1","baseline",0.144886655588584,"115 baseline","7 baseline"
"7557","M1","C4620083","7","116","C4620083 M1","baseline",0.144806401493558,"116 baseline","7 baseline"
"7558","M1","C4620083","7","117","C4620083 M1","baseline",0.144585460781483,"117 baseline","7 baseline"
"7559","M1","C4620083","7","118","C4620083 M1","baseline",0.144563500826572,"118 baseline","7 baseline"
"7560","M1","C4620083","7","119","C4620083 M1","baseline",0.144478190196479,"119 baseline","7 baseline"
"7561","M1","C4620083","7","120","C4620083 M1","baseline",0.144116846927537,"120 baseline","7 baseline"
"7562","M1","C4620083","7","121","C4620083 M1","baseline",0.142992827781566,"121 baseline","7 baseline"
"7563","M1","C4620083","7","122","C4620083 M1","baseline",0.142822936579237,"122 baseline","7 baseline"
"7564","M1","C4620083","7","123","C4620083 M1","baseline",0.142619390118197,"123 baseline","7 baseline"
"7565","M1","C4620083","7","124","C4620083 M1","baseline",0.141706317084394,"124 baseline","7 baseline"
"7566","M1","C4620083","7","125","C4620083 M1","baseline",0.141676542930665,"125 baseline","7 baseline"
"7567","M1","C4620083","7","126","C4620083 M1","baseline",0.141582125109782,"126 baseline","7 baseline"
"7568","M1","C4620083","7","127","C4620083 M1","baseline",0.141489024391672,"127 baseline","7 baseline"
"7569","M1","C4620083","7","128","C4620083 M1","baseline",0.141481482846601,"128 baseline","7 baseline"
"7570","M1","C4620083","7","129","C4620083 M1","baseline",0.140875285694486,"129 baseline","7 baseline"
"7571","M1","C4620083","7","130","C4620083 M1","baseline",0.14037207013382,"130 baseline","7 baseline"
"7572","M1","C4620083","7","131","C4620083 M1","baseline",0.140330973603359,"131 baseline","7 baseline"
"7573","M1","C4620083","7","132","C4620083 M1","baseline",0.140103409991129,"132 baseline","7 baseline"
"7574","M1","C4620083","7","133","C4620083 M1","baseline",0.13977215610454,"133 baseline","7 baseline"
"7575","M1","C4620083","7","134","C4620083 M1","baseline",0.139494926590452,"134 baseline","7 baseline"
"7576","M1","C4620083","7","135","C4620083 M1","baseline",0.139394191954382,"135 baseline","7 baseline"
"7577","M1","C4620083","7","136","C4620083 M1","baseline",0.138921687799322,"136 baseline","7 baseline"
"7578","M1","C4620083","7","137","C4620083 M1","baseline",0.138188127481447,"137 baseline","7 baseline"
"7579","M1","C4620083","7","138","C4620083 M1","baseline",0.138057715744659,"138 baseline","7 baseline"
"7580","M1","C4620083","7","139","C4620083 M1","baseline",0.137979047709999,"139 baseline","7 baseline"
"7581","M1","C4620083","7","140","C4620083 M1","baseline",0.137930873617018,"140 baseline","7 baseline"
"7582","M1","C4620083","7","141","C4620083 M1","baseline",0.137005794860226,"141 baseline","7 baseline"
"7583","M1","C4620083","7","142","C4620083 M1","baseline",0.136939630985824,"142 baseline","7 baseline"
"7584","M1","C4620083","7","143","C4620083 M1","baseline",0.136826133039551,"143 baseline","7 baseline"
"7585","M1","C4620083","7","144","C4620083 M1","baseline",0.136352416520999,"144 baseline","7 baseline"
"7586","M1","C4620083","7","145","C4620083 M1","baseline",0.136116530323007,"145 baseline","7 baseline"
"7587","M1","C4620083","7","146","C4620083 M1","baseline",0.13586673045149,"146 baseline","7 baseline"
"7588","M1","C4620083","7","147","C4620083 M1","baseline",0.135140177992861,"147 baseline","7 baseline"
"7589","M1","C4620083","7","148","C4620083 M1","baseline",0.13496129356464,"148 baseline","7 baseline"
"7590","M1","C4620083","7","149","C4620083 M1","baseline",0.134917287990772,"149 baseline","7 baseline"
"7591","M1","C4620083","7","150","C4620083 M1","baseline",0.134534224421321,"150 baseline","7 baseline"
"7592","M1","C4620083","7","151","C4620083 M1","baseline",0.134405180139787,"151 baseline","7 baseline"
"7593","M1","C4620083","7","152","C4620083 M1","baseline",0.134212031747729,"152 baseline","7 baseline"
"7594","M1","C4620083","7","153","C4620083 M1","baseline",0.133897300023203,"153 baseline","7 baseline"
"7595","M1","C4620083","7","154","C4620083 M1","baseline",0.13340641585668,"154 baseline","7 baseline"
"7596","M1","C4620083","7","155","C4620083 M1","baseline",0.133398316642316,"155 baseline","7 baseline"
"7597","M1","C4620083","7","156","C4620083 M1","baseline",0.1331559299817,"156 baseline","7 baseline"
"7598","M1","C4620083","7","157","C4620083 M1","baseline",0.132806621470926,"157 baseline","7 baseline"
"7599","M1","C4620083","7","158","C4620083 M1","baseline",0.13277321810655,"158 baseline","7 baseline"
"7600","M1","C4620083","7","159","C4620083 M1","baseline",0.132298390474345,"159 baseline","7 baseline"
"7601","M1","C4620083","7","160","C4620083 M1","baseline",0.132214219524381,"160 baseline","7 baseline"
"7602","M1","C4620083","7","161","C4620083 M1","baseline",0.132153188762468,"161 baseline","7 baseline"
"7603","M1","C4620083","7","162","C4620083 M1","baseline",0.131643100425363,"162 baseline","7 baseline"
"7604","M1","C4620083","7","163","C4620083 M1","baseline",0.13062219497348,"163 baseline","7 baseline"
"7605","M1","C4620083","7","164","C4620083 M1","baseline",0.130581223248575,"164 baseline","7 baseline"
"7606","M1","C4620083","7","165","C4620083 M1","baseline",0.130551347471425,"165 baseline","7 baseline"
"7607","M1","C4620083","7","166","C4620083 M1","baseline",0.130275524326557,"166 baseline","7 baseline"
"7608","M1","C4620083","7","167","C4620083 M1","baseline",0.129596614450629,"167 baseline","7 baseline"
"7609","M1","C4620083","7","168","C4620083 M1","baseline",0.129459548967541,"168 baseline","7 baseline"
"7610","M1","C4620083","7","169","C4620083 M1","baseline",0.129400546453742,"169 baseline","7 baseline"
"7611","M1","C4620083","7","170","C4620083 M1","baseline",0.129160900848016,"170 baseline","7 baseline"
"7612","M1","C4620083","7","171","C4620083 M1","baseline",0.1288660795511,"171 baseline","7 baseline"
"7613","M1","C4620083","7","172","C4620083 M1","baseline",0.128012520886047,"172 baseline","7 baseline"
"7614","M1","C4620083","7","173","C4620083 M1","baseline",0.127852863768793,"173 baseline","7 baseline"
"7615","M1","C4620083","7","174","C4620083 M1","baseline",0.127715595736961,"174 baseline","7 baseline"
"7616","M1","C4620083","7","175","C4620083 M1","baseline",0.127647202283681,"175 baseline","7 baseline"
"7617","M1","C4620083","7","176","C4620083 M1","baseline",0.127501307134793,"176 baseline","7 baseline"
"7618","M1","C4620083","7","177","C4620083 M1","baseline",0.127092535258412,"177 baseline","7 baseline"
"7619","M1","C4620083","7","178","C4620083 M1","baseline",0.127029471404264,"178 baseline","7 baseline"
"7620","M1","C4620083","7","179","C4620083 M1","baseline",0.126861216001723,"179 baseline","7 baseline"
"7621","M1","C4620083","7","180","C4620083 M1","baseline",0.126634912132293,"180 baseline","7 baseline"
"7622","M1","C4620083","7","181","C4620083 M1","baseline",0.126516210997894,"181 baseline","7 baseline"
"7623","M1","C4620083","7","182","C4620083 M1","baseline",0.126141970384048,"182 baseline","7 baseline"
"7624","M1","C4620083","7","183","C4620083 M1","baseline",0.125950154649141,"183 baseline","7 baseline"
"7625","M1","C4620083","7","184","C4620083 M1","baseline",0.125903345126829,"184 baseline","7 baseline"
"7626","M1","C4620083","7","185","C4620083 M1","baseline",0.125602650370222,"185 baseline","7 baseline"
"7627","M1","C4620083","7","186","C4620083 M1","baseline",0.125046345693229,"186 baseline","7 baseline"
"7628","M1","C4620083","7","187","C4620083 M1","baseline",0.124730785367741,"187 baseline","7 baseline"
"7629","M1","C4620083","7","188","C4620083 M1","baseline",0.124452069076646,"188 baseline","7 baseline"
"7630","M1","C4620083","7","189","C4620083 M1","baseline",0.123815753716177,"189 baseline","7 baseline"
"7631","M1","C4620083","7","190","C4620083 M1","baseline",0.123471213404339,"190 baseline","7 baseline"
"7632","M1","C4620083","7","191","C4620083 M1","baseline",0.123411256786186,"191 baseline","7 baseline"
"7633","M1","C4620083","7","192","C4620083 M1","baseline",0.122872298280872,"192 baseline","7 baseline"
"7634","M1","C4620083","7","193","C4620083 M1","baseline",0.122589301660132,"193 baseline","7 baseline"
"7635","M1","C4620083","7","194","C4620083 M1","baseline",0.121880118577247,"194 baseline","7 baseline"
"7636","M1","C4620083","7","195","C4620083 M1","baseline",0.121817155300208,"195 baseline","7 baseline"
"7637","M1","C4620083","7","196","C4620083 M1","baseline",0.121790013872124,"196 baseline","7 baseline"
"7638","M1","C4620083","7","197","C4620083 M1","baseline",0.121670726585334,"197 baseline","7 baseline"
"7639","M1","C4620083","7","198","C4620083 M1","baseline",0.121394843039382,"198 baseline","7 baseline"
"7640","M1","C4620083","7","199","C4620083 M1","baseline",0.120869237753736,"199 baseline","7 baseline"
"7641","M1","C4620083","7","200","C4620083 M1","baseline",0.120808619858679,"200 baseline","7 baseline"
"7642","M1","C4620083","7","201","C4620083 M1","baseline",0.12072372698923,"201 baseline","7 baseline"
"7643","M1","C4620083","7","202","C4620083 M1","baseline",0.120648278560049,"202 baseline","7 baseline"
"7644","M1","C4620083","7","203","C4620083 M1","baseline",0.120514106929585,"203 baseline","7 baseline"
"7645","M1","C4620083","7","204","C4620083 M1","baseline",0.120306941671179,"204 baseline","7 baseline"
"7646","M1","C4620083","7","205","C4620083 M1","baseline",0.119808937236575,"205 baseline","7 baseline"
"7647","M1","C4620083","7","206","C4620083 M1","baseline",0.1196335409644,"206 baseline","7 baseline"
"7648","M1","C4620083","7","207","C4620083 M1","baseline",0.119528982483639,"207 baseline","7 baseline"
"7649","M1","C4620083","7","208","C4620083 M1","baseline",0.119466442351724,"208 baseline","7 baseline"
"7650","M1","C4620083","7","209","C4620083 M1","baseline",0.119427607480402,"209 baseline","7 baseline"
"7651","M1","C4620083","7","210","C4620083 M1","baseline",0.119349576903543,"210 baseline","7 baseline"
"7652","M1","C4620083","7","211","C4620083 M1","baseline",0.119200934720441,"211 baseline","7 baseline"
"7653","M1","C4620083","7","212","C4620083 M1","baseline",0.118881676438424,"212 baseline","7 baseline"
"7654","M1","C4620083","7","213","C4620083 M1","baseline",0.118519169594022,"213 baseline","7 baseline"
"7655","M1","C4620083","7","214","C4620083 M1","baseline",0.117880201783852,"214 baseline","7 baseline"
"7656","M1","C4620083","7","215","C4620083 M1","baseline",0.117692844520863,"215 baseline","7 baseline"
"7657","M1","C4620083","7","216","C4620083 M1","baseline",0.117484164443916,"216 baseline","7 baseline"
"7658","M1","C4620083","7","217","C4620083 M1","baseline",0.116613667287179,"217 baseline","7 baseline"
"7659","M1","C4620083","7","218","C4620083 M1","baseline",0.115951171818082,"218 baseline","7 baseline"
"7660","M1","C4620083","7","219","C4620083 M1","baseline",0.11517509624116,"219 baseline","7 baseline"
"7661","M1","C4620083","7","220","C4620083 M1","baseline",0.114832332014955,"220 baseline","7 baseline"
"7662","M1","C4620083","7","221","C4620083 M1","baseline",0.114205876601861,"221 baseline","7 baseline"
"7663","M1","C4620083","7","222","C4620083 M1","baseline",0.113847858338422,"222 baseline","7 baseline"
"7664","M1","C4620083","7","223","C4620083 M1","baseline",0.113834218305284,"223 baseline","7 baseline"
"7665","M1","C4620083","7","224","C4620083 M1","baseline",0.113405283813778,"224 baseline","7 baseline"
"7666","M1","C4620083","7","225","C4620083 M1","baseline",0.113127421174592,"225 baseline","7 baseline"
"7667","M1","C4620083","7","226","C4620083 M1","baseline",0.113091703393437,"226 baseline","7 baseline"
"7668","M1","C4620083","7","227","C4620083 M1","baseline",0.113011425111403,"227 baseline","7 baseline"
"7669","M1","C4620083","7","228","C4620083 M1","baseline",0.112573562843746,"228 baseline","7 baseline"
"7670","M1","C4620083","7","229","C4620083 M1","baseline",0.112473980888019,"229 baseline","7 baseline"
"7671","M1","C4620083","7","230","C4620083 M1","baseline",0.112363098979653,"230 baseline","7 baseline"
"7672","M1","C4620083","7","231","C4620083 M1","baseline",0.112181060262463,"231 baseline","7 baseline"
"7673","M1","C4620083","7","232","C4620083 M1","baseline",0.111431251488985,"232 baseline","7 baseline"
"7674","M1","C4620083","7","233","C4620083 M1","baseline",0.111251912820949,"233 baseline","7 baseline"
"7675","M1","C4620083","7","234","C4620083 M1","baseline",0.111123363720064,"234 baseline","7 baseline"
"7676","M1","C4620083","7","235","C4620083 M1","baseline",0.110789452503429,"235 baseline","7 baseline"
"7677","M1","C4620083","7","236","C4620083 M1","baseline",0.11013113522203,"236 baseline","7 baseline"
"7678","M1","C4620083","7","237","C4620083 M1","baseline",0.110067863189269,"237 baseline","7 baseline"
"7679","M1","C4620083","7","238","C4620083 M1","baseline",0.109656334701868,"238 baseline","7 baseline"
"7680","M1","C4620083","7","239","C4620083 M1","baseline",0.109625978637667,"239 baseline","7 baseline"
"7681","M1","C4620083","7","240","C4620083 M1","baseline",0.109472864745909,"240 baseline","7 baseline"
"7682","M1","C4620083","7","241","C4620083 M1","baseline",0.109426090655707,"241 baseline","7 baseline"
"7683","M1","C4620083","7","242","C4620083 M1","baseline",0.109009154017517,"242 baseline","7 baseline"
"7684","M1","C4620083","7","243","C4620083 M1","baseline",0.108940963004942,"243 baseline","7 baseline"
"7685","M1","C4620083","7","244","C4620083 M1","baseline",0.108881495947522,"244 baseline","7 baseline"
"7686","M1","C4620083","7","245","C4620083 M1","baseline",0.108806136216384,"245 baseline","7 baseline"
"7687","M1","C4620083","7","246","C4620083 M1","baseline",0.108598948581357,"246 baseline","7 baseline"
"7688","M1","C4620083","7","247","C4620083 M1","baseline",0.108104499342302,"247 baseline","7 baseline"
"7689","M1","C4620083","7","248","C4620083 M1","baseline",0.107732475052348,"248 baseline","7 baseline"
"7690","M1","C4620083","7","249","C4620083 M1","baseline",0.107707014003005,"249 baseline","7 baseline"
"7691","M1","C4620083","7","250","C4620083 M1","baseline",0.107567981025289,"250 baseline","7 baseline"
"7692","M1","C4620083","7","251","C4620083 M1","baseline",0.107192687799559,"251 baseline","7 baseline"
"7693","M1","C4620083","7","252","C4620083 M1","baseline",0.107050543768264,"252 baseline","7 baseline"
"7694","M1","C4620083","7","253","C4620083 M1","baseline",0.106851516196051,"253 baseline","7 baseline"
"7695","M1","C4620083","7","254","C4620083 M1","baseline",0.10667833824401,"254 baseline","7 baseline"
"7696","M1","C4620083","7","255","C4620083 M1","baseline",0.106396313368499,"255 baseline","7 baseline"
"7697","M1","C4620083","7","256","C4620083 M1","baseline",0.106374112425015,"256 baseline","7 baseline"
"7698","M1","C4620083","7","257","C4620083 M1","baseline",0.10635364484023,"257 baseline","7 baseline"
"7699","M1","C4620083","7","258","C4620083 M1","baseline",0.106072358800504,"258 baseline","7 baseline"
"7700","M1","C4620083","7","259","C4620083 M1","baseline",0.1058738937425,"259 baseline","7 baseline"
"7701","M1","C4620083","7","260","C4620083 M1","baseline",0.105599401950831,"260 baseline","7 baseline"
"7702","M1","C4620083","7","261","C4620083 M1","baseline",0.104643235098146,"261 baseline","7 baseline"
"7703","M1","C4620083","7","262","C4620083 M1","baseline",0.10447655111418,"262 baseline","7 baseline"
"7704","M1","C4620083","7","263","C4620083 M1","baseline",0.104398337120231,"263 baseline","7 baseline"
"7705","M1","C4620083","7","264","C4620083 M1","baseline",0.103145222883738,"264 baseline","7 baseline"
"7706","M1","C4620083","7","265","C4620083 M1","baseline",0.103058335739578,"265 baseline","7 baseline"
"7707","M1","C4620083","7","266","C4620083 M1","baseline",0.102920780437724,"266 baseline","7 baseline"
"7708","M1","C4620083","7","267","C4620083 M1","baseline",0.102038036988228,"267 baseline","7 baseline"
"7709","M1","C4620083","7","268","C4620083 M1","baseline",0.101586055502388,"268 baseline","7 baseline"
"7710","M1","C4620083","7","269","C4620083 M1","baseline",0.101167315907061,"269 baseline","7 baseline"
"7711","M1","C4620083","7","270","C4620083 M1","baseline",0.101119915347359,"270 baseline","7 baseline"
"7712","M1","C4620083","7","271","C4620083 M1","baseline",0.100946780718716,"271 baseline","7 baseline"
"7713","M1","C4620083","7","272","C4620083 M1","baseline",0.100830276653332,"272 baseline","7 baseline"
"7714","M1","C4620083","7","273","C4620083 M1","baseline",0.100529127709287,"273 baseline","7 baseline"
"7715","M1","C4620083","7","274","C4620083 M1","baseline",0.100472293427261,"274 baseline","7 baseline"
"7716","M1","C4620083","7","275","C4620083 M1","baseline",0.100265884791055,"275 baseline","7 baseline"
"7717","M1","C4620083","7","276","C4620083 M1","baseline",0.100010241473436,"276 baseline","7 baseline"
"7718","M1","C4620083","7","277","C4620083 M1","baseline",0.0999058431747119,"277 baseline","7 baseline"
"7719","M1","C4620083","7","278","C4620083 M1","baseline",0.0997175528315162,"278 baseline","7 baseline"
"7720","M1","C4620083","7","279","C4620083 M1","baseline",0.0996636587034592,"279 baseline","7 baseline"
"7721","M1","C4620083","7","280","C4620083 M1","baseline",0.0992232147308666,"280 baseline","7 baseline"
"7722","M1","C4620083","7","281","C4620083 M1","baseline",0.0990532026009039,"281 baseline","7 baseline"
"7723","M1","C4620083","7","282","C4620083 M1","baseline",0.0988003767302489,"282 baseline","7 baseline"
"7724","M1","C4620083","7","283","C4620083 M1","baseline",0.0987745145277614,"283 baseline","7 baseline"
"7725","M1","C4620083","7","284","C4620083 M1","baseline",0.0987443833626639,"284 baseline","7 baseline"
"7726","M1","C4620083","7","285","C4620083 M1","baseline",0.098126772513166,"285 baseline","7 baseline"
"7727","M1","C4620083","7","286","C4620083 M1","baseline",0.0974349288547308,"286 baseline","7 baseline"
"7728","M1","C4620083","7","287","C4620083 M1","baseline",0.0969005948453095,"287 baseline","7 baseline"
"7729","M1","C4620083","7","288","C4620083 M1","baseline",0.0967710387391505,"288 baseline","7 baseline"
"7730","M1","C4620083","7","289","C4620083 M1","baseline",0.0965418219590416,"289 baseline","7 baseline"
"7731","M1","C4620083","7","290","C4620083 M1","baseline",0.0965318843020013,"290 baseline","7 baseline"
"7732","M1","C4620083","7","291","C4620083 M1","baseline",0.0965087321126387,"291 baseline","7 baseline"
"7733","M1","C4620083","7","292","C4620083 M1","baseline",0.0964684099269609,"292 baseline","7 baseline"
"7734","M1","C4620083","7","293","C4620083 M1","baseline",0.0962728081783382,"293 baseline","7 baseline"
"7735","M1","C4620083","7","294","C4620083 M1","baseline",0.0960499748460971,"294 baseline","7 baseline"
"7736","M1","C4620083","7","295","C4620083 M1","baseline",0.0955332371650359,"295 baseline","7 baseline"
"7737","M1","C4620083","7","296","C4620083 M1","baseline",0.0951748944581187,"296 baseline","7 baseline"
"7738","M1","C4620083","7","297","C4620083 M1","baseline",0.0951402690558537,"297 baseline","7 baseline"
"7739","M1","C4620083","7","298","C4620083 M1","baseline",0.0948975902998824,"298 baseline","7 baseline"
"7740","M1","C4620083","7","299","C4620083 M1","baseline",0.0945228278446092,"299 baseline","7 baseline"
"7741","M1","C4620083","7","300","C4620083 M1","baseline",0.0945166176834592,"300 baseline","7 baseline"
"7742","M1","C4620083","7","301","C4620083 M1","baseline",0.0941462183078727,"301 baseline","7 baseline"
"7743","M1","C4620083","7","302","C4620083 M1","baseline",0.0939888597851818,"302 baseline","7 baseline"
"7744","M1","C4620083","7","303","C4620083 M1","baseline",0.0939791931258412,"303 baseline","7 baseline"
"7745","M1","C4620083","7","304","C4620083 M1","baseline",0.0938630566440199,"304 baseline","7 baseline"
"7746","M1","C4620083","7","305","C4620083 M1","baseline",0.0937009788962751,"305 baseline","7 baseline"
"7747","M1","C4620083","7","306","C4620083 M1","baseline",0.0931246045105559,"306 baseline","7 baseline"
"7748","M1","C4620083","7","307","C4620083 M1","baseline",0.0929419062587287,"307 baseline","7 baseline"
"7749","M1","C4620083","7","308","C4620083 M1","baseline",0.0928790035477116,"308 baseline","7 baseline"
"7750","M1","C4620083","7","309","C4620083 M1","baseline",0.0927423954867769,"309 baseline","7 baseline"
"7751","M1","C4620083","7","310","C4620083 M1","baseline",0.0924766668376073,"310 baseline","7 baseline"
"7752","M1","C4620083","7","311","C4620083 M1","baseline",0.0918720885745788,"311 baseline","7 baseline"
"7753","M1","C4620083","7","312","C4620083 M1","baseline",0.0917664853920828,"312 baseline","7 baseline"
"7754","M1","C4620083","7","313","C4620083 M1","baseline",0.0911951204281193,"313 baseline","7 baseline"
"7755","M1","C4620083","7","314","C4620083 M1","baseline",0.0911037146337147,"314 baseline","7 baseline"
"7756","M1","C4620083","7","315","C4620083 M1","baseline",0.0910857932738121,"315 baseline","7 baseline"
"7757","M1","C4620083","7","316","C4620083 M1","baseline",0.0909521198894173,"316 baseline","7 baseline"
"7758","M1","C4620083","7","317","C4620083 M1","baseline",0.0909175633183324,"317 baseline","7 baseline"
"7759","M1","C4620083","7","318","C4620083 M1","baseline",0.0905336488648621,"318 baseline","7 baseline"
"7760","M1","C4620083","7","319","C4620083 M1","baseline",0.0901210217995597,"319 baseline","7 baseline"
"7761","M1","C4620083","7","320","C4620083 M1","baseline",0.0899401341686389,"320 baseline","7 baseline"
"7762","M1","C4620083","7","321","C4620083 M1","baseline",0.089835801533114,"321 baseline","7 baseline"
"7763","M1","C4620083","7","322","C4620083 M1","baseline",0.0897691539963513,"322 baseline","7 baseline"
"7764","M1","C4620083","7","323","C4620083 M1","baseline",0.0892479028099055,"323 baseline","7 baseline"
"7765","M1","C4620083","7","324","C4620083 M1","baseline",0.0889581225173917,"324 baseline","7 baseline"
"7766","M1","C4620083","7","325","C4620083 M1","baseline",0.0889228710748783,"325 baseline","7 baseline"
"7767","M1","C4620083","7","326","C4620083 M1","baseline",0.0887016669282277,"326 baseline","7 baseline"
"7768","M1","C4620083","7","327","C4620083 M1","baseline",0.0883737120273426,"327 baseline","7 baseline"
"7769","M1","C4620083","7","328","C4620083 M1","baseline",0.0875442548810939,"328 baseline","7 baseline"
"7770","M1","C4620083","7","329","C4620083 M1","baseline",0.0873961651609277,"329 baseline","7 baseline"
"7771","M1","C4620083","7","330","C4620083 M1","baseline",0.0873017460752728,"330 baseline","7 baseline"
"7772","M1","C4620083","7","331","C4620083 M1","baseline",0.0864589483972911,"331 baseline","7 baseline"
"7773","M1","C4620083","7","332","C4620083 M1","baseline",0.0864523662455096,"332 baseline","7 baseline"
"7774","M1","C4620083","7","333","C4620083 M1","baseline",0.0863772559180929,"333 baseline","7 baseline"
"7775","M1","C4620083","7","334","C4620083 M1","baseline",0.085248371407293,"334 baseline","7 baseline"
"7776","M1","C4620083","7","335","C4620083 M1","baseline",0.0842204275645785,"335 baseline","7 baseline"
"7777","M1","C4620083","7","336","C4620083 M1","baseline",0.0842179848170995,"336 baseline","7 baseline"
"7778","M1","C4620083","7","337","C4620083 M1","baseline",0.0841613710332948,"337 baseline","7 baseline"
"7779","M1","C4620083","7","338","C4620083 M1","baseline",0.0838884489561369,"338 baseline","7 baseline"
"7780","M1","C4620083","7","339","C4620083 M1","baseline",0.0836161484885413,"339 baseline","7 baseline"
"7781","M1","C4620083","7","340","C4620083 M1","baseline",0.0830485808446743,"340 baseline","7 baseline"
"7782","M1","C4620083","7","341","C4620083 M1","baseline",0.0825363105075346,"341 baseline","7 baseline"
"7783","M1","C4620083","7","342","C4620083 M1","baseline",0.082188138883286,"342 baseline","7 baseline"
"7784","M1","C4620083","7","343","C4620083 M1","baseline",0.0820609686449106,"343 baseline","7 baseline"
"7785","M1","C4620083","7","344","C4620083 M1","baseline",0.0820516015313038,"344 baseline","7 baseline"
"7786","M1","C4620083","7","345","C4620083 M1","baseline",0.081976848034923,"345 baseline","7 baseline"
"7787","M1","C4620083","7","346","C4620083 M1","baseline",0.0817768006346646,"346 baseline","7 baseline"
"7788","M1","C4620083","7","347","C4620083 M1","baseline",0.0816484992800848,"347 baseline","7 baseline"
"7789","M1","C4620083","7","348","C4620083 M1","baseline",0.0816152373772731,"348 baseline","7 baseline"
"7790","M1","C4620083","7","349","C4620083 M1","baseline",0.0815482567208121,"349 baseline","7 baseline"
"7791","M1","C4620083","7","350","C4620083 M1","baseline",0.0815139196691321,"350 baseline","7 baseline"
"7792","M1","C4620083","7","351","C4620083 M1","baseline",0.0813186067741598,"351 baseline","7 baseline"
"7793","M1","C4620083","7","352","C4620083 M1","baseline",0.0810641084762312,"352 baseline","7 baseline"
"7794","M1","C4620083","7","353","C4620083 M1","baseline",0.0803164664780516,"353 baseline","7 baseline"
"7795","M1","C4620083","7","354","C4620083 M1","baseline",0.0802860707447086,"354 baseline","7 baseline"
"7796","M1","C4620083","7","355","C4620083 M1","baseline",0.0801969211466671,"355 baseline","7 baseline"
"7797","M1","C4620083","7","356","C4620083 M1","baseline",0.0800931938582811,"356 baseline","7 baseline"
"7798","M1","C4620083","7","357","C4620083 M1","baseline",0.0798742497572698,"357 baseline","7 baseline"
"7799","M1","C4620083","7","358","C4620083 M1","baseline",0.0797978421633743,"358 baseline","7 baseline"
"7800","M1","C4620083","7","359","C4620083 M1","baseline",0.0796740600432007,"359 baseline","7 baseline"
"7801","M1","C4620083","7","360","C4620083 M1","baseline",0.079005117338054,"360 baseline","7 baseline"
"7802","M1","C4620083","7","361","C4620083 M1","baseline",0.0786654146146776,"361 baseline","7 baseline"
"7803","M1","C4620083","7","362","C4620083 M1","baseline",0.0783464247586102,"362 baseline","7 baseline"
"7804","M1","C4620083","7","363","C4620083 M1","baseline",0.0781757124772988,"363 baseline","7 baseline"
"7805","M1","C4620083","7","364","C4620083 M1","baseline",0.0780957927236005,"364 baseline","7 baseline"
"7806","M1","C4620083","7","365","C4620083 M1","baseline",0.0778545082158273,"365 baseline","7 baseline"
"7807","M1","C4620083","7","366","C4620083 M1","baseline",0.0777586236519726,"366 baseline","7 baseline"
"7808","M1","C4620083","7","367","C4620083 M1","baseline",0.0773799117310991,"367 baseline","7 baseline"
"7809","M1","C4620083","7","368","C4620083 M1","baseline",0.0773327244855981,"368 baseline","7 baseline"
"7810","M1","C4620083","7","369","C4620083 M1","baseline",0.0770050272781968,"369 baseline","7 baseline"
"7811","M1","C4620083","7","370","C4620083 M1","baseline",0.0764132307146039,"370 baseline","7 baseline"
"7812","M1","C4620083","7","371","C4620083 M1","baseline",0.0763086234313194,"371 baseline","7 baseline"
"7813","M1","C4620083","7","372","C4620083 M1","baseline",0.0761682854847583,"372 baseline","7 baseline"
"7814","M1","C4620083","7","373","C4620083 M1","baseline",0.0761270608487234,"373 baseline","7 baseline"
"7815","M1","C4620083","7","374","C4620083 M1","baseline",0.076111117588093,"374 baseline","7 baseline"
"7816","M1","C4620083","7","375","C4620083 M1","baseline",0.0758377598619115,"375 baseline","7 baseline"
"7817","M1","C4620083","7","376","C4620083 M1","baseline",0.0757707445763063,"376 baseline","7 baseline"
"7818","M1","C4620083","7","377","C4620083 M1","baseline",0.0757583265130121,"377 baseline","7 baseline"
"7819","M1","C4620083","7","378","C4620083 M1","baseline",0.0755202899521837,"378 baseline","7 baseline"
"7820","M1","C4620083","7","379","C4620083 M1","baseline",0.0754328984146152,"379 baseline","7 baseline"
"7821","M1","C4620083","7","380","C4620083 M1","baseline",0.0753634710747706,"380 baseline","7 baseline"
"7822","M1","C4620083","7","381","C4620083 M1","baseline",0.0749121896744927,"381 baseline","7 baseline"
"7823","M1","C4620083","7","382","C4620083 M1","baseline",0.0747991551374885,"382 baseline","7 baseline"
"7824","M1","C4620083","7","383","C4620083 M1","baseline",0.0743829458191329,"383 baseline","7 baseline"
"7825","M1","C4620083","7","384","C4620083 M1","baseline",0.0734196121422894,"384 baseline","7 baseline"
"7826","M1","C4620083","7","385","C4620083 M1","baseline",0.0726047804418521,"385 baseline","7 baseline"
"7827","M1","C4620083","7","386","C4620083 M1","baseline",0.0724425887994182,"386 baseline","7 baseline"
"7828","M1","C4620083","7","387","C4620083 M1","baseline",0.0724200516791381,"387 baseline","7 baseline"
"7829","M1","C4620083","7","388","C4620083 M1","baseline",0.0723209579409042,"388 baseline","7 baseline"
"7830","M1","C4620083","7","389","C4620083 M1","baseline",0.0721997731070455,"389 baseline","7 baseline"
"7831","M1","C4620083","7","390","C4620083 M1","baseline",0.0720471483242015,"390 baseline","7 baseline"
"7832","M1","C4620083","7","391","C4620083 M1","baseline",0.0719520011158834,"391 baseline","7 baseline"
"7833","M1","C4620083","7","392","C4620083 M1","baseline",0.0716781512909278,"392 baseline","7 baseline"
"7834","M1","C4620083","7","393","C4620083 M1","baseline",0.0716545399319742,"393 baseline","7 baseline"
"7835","M1","C4620083","7","394","C4620083 M1","baseline",0.0716167954449451,"394 baseline","7 baseline"
"7836","M1","C4620083","7","395","C4620083 M1","baseline",0.0712754235996906,"395 baseline","7 baseline"
"7837","M1","C4620083","7","396","C4620083 M1","baseline",0.0712300359252097,"396 baseline","7 baseline"
"7838","M1","C4620083","7","397","C4620083 M1","baseline",0.0696991323922962,"397 baseline","7 baseline"
"7839","M1","C4620083","7","398","C4620083 M1","baseline",0.069418169136355,"398 baseline","7 baseline"
"7840","M1","C4620083","7","399","C4620083 M1","baseline",0.069274329283579,"399 baseline","7 baseline"
"7841","M1","C4620083","7","400","C4620083 M1","baseline",0.0689937822003134,"400 baseline","7 baseline"
"7842","M1","C4620083","7","401","C4620083 M1","baseline",0.0688930897952812,"401 baseline","7 baseline"
"7843","M1","C4620083","7","402","C4620083 M1","baseline",0.0687089380510392,"402 baseline","7 baseline"
"7844","M1","C4620083","7","403","C4620083 M1","baseline",0.0685994530037263,"403 baseline","7 baseline"
"7845","M1","C4620083","7","404","C4620083 M1","baseline",0.0685584470211387,"404 baseline","7 baseline"
"7846","M1","C4620083","7","405","C4620083 M1","baseline",0.0685515996866585,"405 baseline","7 baseline"
"7847","M1","C4620083","7","406","C4620083 M1","baseline",0.0683274846861426,"406 baseline","7 baseline"
"7848","M1","C4620083","7","407","C4620083 M1","baseline",0.0674895547710072,"407 baseline","7 baseline"
"7849","M1","C4620083","7","408","C4620083 M1","baseline",0.0670281951675179,"408 baseline","7 baseline"
"7850","M1","C4620083","7","409","C4620083 M1","baseline",0.0667504347005763,"409 baseline","7 baseline"
"7851","M1","C4620083","7","410","C4620083 M1","baseline",0.0665360544975875,"410 baseline","7 baseline"
"7852","M1","C4620083","7","411","C4620083 M1","baseline",0.066277663607277,"411 baseline","7 baseline"
"7853","M1","C4620083","7","412","C4620083 M1","baseline",0.0662377315568806,"412 baseline","7 baseline"
"7854","M1","C4620083","7","413","C4620083 M1","baseline",0.0662023475587298,"413 baseline","7 baseline"
"7855","M1","C4620083","7","414","C4620083 M1","baseline",0.0658539829421935,"414 baseline","7 baseline"
"7856","M1","C4620083","7","415","C4620083 M1","baseline",0.0657594170471083,"415 baseline","7 baseline"
"7857","M1","C4620083","7","416","C4620083 M1","baseline",0.0656689870501609,"416 baseline","7 baseline"
"7858","M1","C4620083","7","417","C4620083 M1","baseline",0.0652538392113152,"417 baseline","7 baseline"
"7859","M1","C4620083","7","418","C4620083 M1","baseline",0.0649387772817645,"418 baseline","7 baseline"
"7860","M1","C4620083","7","419","C4620083 M1","baseline",0.06486097069591,"419 baseline","7 baseline"
"7861","M1","C4620083","7","420","C4620083 M1","baseline",0.0646624447806782,"420 baseline","7 baseline"
"7862","M1","C4620083","7","421","C4620083 M1","baseline",0.0646081603375639,"421 baseline","7 baseline"
"7863","M1","C4620083","7","422","C4620083 M1","baseline",0.0641429996194646,"422 baseline","7 baseline"
"7864","M1","C4620083","7","423","C4620083 M1","baseline",0.0619818392846569,"423 baseline","7 baseline"
"7865","M1","C4620083","7","424","C4620083 M1","baseline",0.0618117235185553,"424 baseline","7 baseline"
"7866","M1","C4620083","7","425","C4620083 M1","baseline",0.0610016149267098,"425 baseline","7 baseline"
"7867","M1","C4620083","7","426","C4620083 M1","baseline",0.0601194300864649,"426 baseline","7 baseline"
"7868","M1","C4620083","7","427","C4620083 M1","baseline",0.0599488263173219,"427 baseline","7 baseline"
"7869","M1","C4620083","7","428","C4620083 M1","baseline",0.05882291559481,"428 baseline","7 baseline"
"7870","M1","C4620083","7","429","C4620083 M1","baseline",0.058298770890173,"429 baseline","7 baseline"
"7871","M1","C4620083","7","430","C4620083 M1","baseline",0.0582571691899438,"430 baseline","7 baseline"
"7872","M1","C4620083","7","431","C4620083 M1","baseline",0.0581382100142567,"431 baseline","7 baseline"
"7873","M1","C4620083","7","432","C4620083 M1","baseline",0.0579609927199468,"432 baseline","7 baseline"
"7874","M1","C4620083","7","433","C4620083 M1","baseline",0.0577869699693329,"433 baseline","7 baseline"
"7875","M1","C4620083","7","434","C4620083 M1","baseline",0.0573445891204836,"434 baseline","7 baseline"
"7876","M1","C4620083","7","435","C4620083 M1","baseline",0.0572817791340154,"435 baseline","7 baseline"
"7877","M1","C4620083","7","436","C4620083 M1","baseline",0.0562174122767573,"436 baseline","7 baseline"
"7878","M1","C4620083","7","437","C4620083 M1","baseline",0.0560830293249036,"437 baseline","7 baseline"
"7879","M1","C4620083","7","438","C4620083 M1","baseline",0.0553371778935311,"438 baseline","7 baseline"
"7880","M1","C4620083","7","439","C4620083 M1","baseline",0.055031800425603,"439 baseline","7 baseline"
"7881","M1","C4620083","7","440","C4620083 M1","baseline",0.0549083634917221,"440 baseline","7 baseline"
"7882","M1","C4620083","7","441","C4620083 M1","baseline",0.0542232535667663,"441 baseline","7 baseline"
"7883","M1","C4620083","7","442","C4620083 M1","baseline",0.0540221551661189,"442 baseline","7 baseline"
"7884","M1","C4620083","7","443","C4620083 M1","baseline",0.0540040443324773,"443 baseline","7 baseline"
"7885","M1","C4620083","7","444","C4620083 M1","baseline",0.0535658941619599,"444 baseline","7 baseline"
"7886","M1","C4620083","7","445","C4620083 M1","baseline",0.0531153510127141,"445 baseline","7 baseline"
"7887","M1","C4620083","7","446","C4620083 M1","baseline",0.0526104610235464,"446 baseline","7 baseline"
"7888","M1","C4620083","7","447","C4620083 M1","baseline",0.052492007283051,"447 baseline","7 baseline"
"7889","M1","C4620083","7","448","C4620083 M1","baseline",0.0524444378605985,"448 baseline","7 baseline"
"7890","M1","C4620083","7","449","C4620083 M1","baseline",0.0523507304373265,"449 baseline","7 baseline"
"7891","M1","C4620083","7","450","C4620083 M1","baseline",0.0512314373549443,"450 baseline","7 baseline"
"7892","M1","C4620083","7","451","C4620083 M1","baseline",0.0511014801187996,"451 baseline","7 baseline"
"7893","M1","C4620083","7","452","C4620083 M1","baseline",0.0508655533854527,"452 baseline","7 baseline"
"7894","M1","C4620083","7","453","C4620083 M1","baseline",0.0505414648093263,"453 baseline","7 baseline"
"7895","M1","C4620083","7","454","C4620083 M1","baseline",0.0494948271326302,"454 baseline","7 baseline"
"7896","M1","C4620083","7","455","C4620083 M1","baseline",0.0490818395509373,"455 baseline","7 baseline"
"7897","M1","C4620083","7","456","C4620083 M1","baseline",0.0484999889681667,"456 baseline","7 baseline"
"7898","M1","C4620083","7","457","C4620083 M1","baseline",0.0484406950308505,"457 baseline","7 baseline"
"7899","M1","C4620083","7","458","C4620083 M1","baseline",0.0483071815665023,"458 baseline","7 baseline"
"7900","M1","C4620083","7","459","C4620083 M1","baseline",0.0479826137624979,"459 baseline","7 baseline"
"7901","M1","C4620083","7","460","C4620083 M1","baseline",0.0478564867059262,"460 baseline","7 baseline"
"7902","M1","C4620083","7","461","C4620083 M1","baseline",0.0478370441413725,"461 baseline","7 baseline"
"7903","M1","C4620083","7","462","C4620083 M1","baseline",0.0470124100825497,"462 baseline","7 baseline"
"7904","M1","C4620083","7","463","C4620083 M1","baseline",0.0465553413687787,"463 baseline","7 baseline"
"7905","M1","C4620083","7","464","C4620083 M1","baseline",0.0462451637347439,"464 baseline","7 baseline"
"7906","M1","C4620083","7","465","C4620083 M1","baseline",0.0460886188256499,"465 baseline","7 baseline"
"7907","M1","C4620083","7","466","C4620083 M1","baseline",0.0458305749758765,"466 baseline","7 baseline"
"7908","M1","C4620083","7","467","C4620083 M1","baseline",0.0452046879782876,"467 baseline","7 baseline"
"7909","M1","C4620083","7","468","C4620083 M1","baseline",0.044882472265331,"468 baseline","7 baseline"
"7910","M1","C4620083","7","469","C4620083 M1","baseline",0.0443498267186029,"469 baseline","7 baseline"
"7911","M1","C4620083","7","470","C4620083 M1","baseline",0.043794823974296,"470 baseline","7 baseline"
"7912","M1","C4620083","7","471","C4620083 M1","baseline",0.0431409427033494,"471 baseline","7 baseline"
"7913","M1","C4620083","7","472","C4620083 M1","baseline",0.0431106479270461,"472 baseline","7 baseline"
"7914","M1","C4620083","7","473","C4620083 M1","baseline",0.0423289933750875,"473 baseline","7 baseline"
"7915","M1","C4620083","7","474","C4620083 M1","baseline",0.0421365321259024,"474 baseline","7 baseline"
"7916","M1","C4620083","7","475","C4620083 M1","baseline",0.0410922290524205,"475 baseline","7 baseline"
"7917","M1","C4620083","7","476","C4620083 M1","baseline",0.040367095841193,"476 baseline","7 baseline"
"7918","M1","C4620083","7","477","C4620083 M1","baseline",0.0386261289880114,"477 baseline","7 baseline"
"7919","M1","C4620083","7","478","C4620083 M1","baseline",0.0382248604560206,"478 baseline","7 baseline"
"7920","M1","C4620083","7","479","C4620083 M1","baseline",0.0375900107536358,"479 baseline","7 baseline"
"7921","M1","C4620083","7","480","C4620083 M1","baseline",0.0367593940762494,"480 baseline","7 baseline"
"7922","M1","C4620083","7","481","C4620083 M1","baseline",0.0365671247140816,"481 baseline","7 baseline"
"7923","M1","C4620083","7","482","C4620083 M1","baseline",0.0361930669312128,"482 baseline","7 baseline"
"7924","M1","C4620083","7","483","C4620083 M1","baseline",0.036045118189573,"483 baseline","7 baseline"
"7925","M1","C4620083","7","484","C4620083 M1","baseline",0.0356855962105908,"484 baseline","7 baseline"
"7926","M1","C4620083","7","485","C4620083 M1","baseline",0.0354512016861692,"485 baseline","7 baseline"
"7927","M1","C4620083","7","486","C4620083 M1","baseline",0.0351046650905406,"486 baseline","7 baseline"
"7928","M1","C4620083","7","487","C4620083 M1","baseline",0.0350410169145287,"487 baseline","7 baseline"
"7929","M1","C4620083","7","488","C4620083 M1","baseline",0.034781876690252,"488 baseline","7 baseline"
"7930","M1","C4620083","7","489","C4620083 M1","baseline",0.0342680010523486,"489 baseline","7 baseline"
"7931","M1","C4620083","7","490","C4620083 M1","baseline",0.0341787430205412,"490 baseline","7 baseline"
"7932","M1","C4620083","7","491","C4620083 M1","baseline",0.0341408794959794,"491 baseline","7 baseline"
"7933","M1","C4620083","7","492","C4620083 M1","baseline",0.033479203815577,"492 baseline","7 baseline"
"7934","M1","C4620083","7","493","C4620083 M1","baseline",0.0331687559442767,"493 baseline","7 baseline"
"7935","M1","C4620083","7","494","C4620083 M1","baseline",0.0327845344959279,"494 baseline","7 baseline"
"7936","M1","C4620083","7","495","C4620083 M1","baseline",0.0310834634949673,"495 baseline","7 baseline"
"7937","M1","C4620083","7","496","C4620083 M1","baseline",0.0298469485260563,"496 baseline","7 baseline"
"7938","M1","C4620083","7","497","C4620083 M1","baseline",0.0298061558133621,"497 baseline","7 baseline"
"7939","M1","C4620083","7","498","C4620083 M1","baseline",0.0292449971659161,"498 baseline","7 baseline"
"7940","M1","C4620083","7","499","C4620083 M1","baseline",0.0292382449704885,"499 baseline","7 baseline"
"7941","M1","C4620083","7","500","C4620083 M1","baseline",0.0275101197320854,"500 baseline","7 baseline"
"7942","M1","C4620083","7","501","C4620083 M1","baseline",0.0267144699301351,"501 baseline","7 baseline"
"7943","M1","C4620083","7","502","C4620083 M1","baseline",0.0262749924867174,"502 baseline","7 baseline"
"7944","M1","C4620083","7","503","C4620083 M1","baseline",0.026217114353433,"503 baseline","7 baseline"
"7945","M1","C4620083","7","504","C4620083 M1","baseline",0.0259008779388991,"504 baseline","7 baseline"
"7946","M1","C4620083","7","505","C4620083 M1","baseline",0.023881332636139,"505 baseline","7 baseline"
"7947","M1","C4620083","7","506","C4620083 M1","baseline",0.0237956325220086,"506 baseline","7 baseline"
"7948","M1","C4620083","7","507","C4620083 M1","baseline",0.0235841929340394,"507 baseline","7 baseline"
"7949","M1","C4620083","7","508","C4620083 M1","baseline",0.0211925759481806,"508 baseline","7 baseline"
"7950","M1","C4620083","7","509","C4620083 M1","baseline",0.0208837205724075,"509 baseline","7 baseline"
"7951","M1","C4620083","7","510","C4620083 M1","baseline",0.019211141990099,"510 baseline","7 baseline"
"7952","M1","C4620083","7","511","C4620083 M1","baseline",0.0184435508716031,"511 baseline","7 baseline"
"7953","M1","C4620083","7","512","C4620083 M1","baseline",0.0172610373561588,"512 baseline","7 baseline"
"7954","M1","C4620083","7","513","C4620083 M1","baseline",0.0156802760689226,"513 baseline","7 baseline"
"7955","M1","C4620083","7","514","C4620083 M1","baseline",0.0120092929463377,"514 baseline","7 baseline"
"7956","M1","C4620083","7","515","C4620083 M1","baseline",0.0107450157028451,"515 baseline","7 baseline"
"7957","M1","C4620083","7","516","C4620083 M1","baseline",0.0103389449592522,"516 baseline","7 baseline"
"7958","M1","C4620083","7","517","C4620083 M1","baseline",0.00909497325701678,"517 baseline","7 baseline"
"7959","M1","C4620083","7","518","C4620083 M1","baseline",0.0090472555753333,"518 baseline","7 baseline"
"7960","M1","C4620083","7","519","C4620083 M1","baseline",0.00892336910152689,"519 baseline","7 baseline"
"7961","M1","C4620083","7","520","C4620083 M1","baseline",0.00875234499588797,"520 baseline","7 baseline"
"7962","M1","C4620083","7","521","C4620083 M1","baseline",0.00828434410587185,"521 baseline","7 baseline"
"7963","M1","C4620083","7","522","C4620083 M1","baseline",0.00764939289369156,"522 baseline","7 baseline"
"7964","M1","C4620083","7","523","C4620083 M1","baseline",0.00614489678169616,"523 baseline","7 baseline"
"7965","M1","C4620083","7","524","C4620083 M1","baseline",0.00524467581275414,"524 baseline","7 baseline"
"7966","M1","C4620083","7","525","C4620083 M1","baseline",0.00190327050907379,"525 baseline","7 baseline"
"7967","M1","C4620083","7","526","C4620083 M1","baseline",-2.83838080503306e-05,"526 baseline","7 baseline"
"7968","M1","C4620083","7","527","C4620083 M1","baseline",-0.00345052909788866,"527 baseline","7 baseline"
"7969","M1","C4620083","7","528","C4620083 M1","baseline",-0.005857337452459,"528 baseline","7 baseline"
"7970","M1","C4620083","7","529","C4620083 M1","baseline",-0.00756384401725581,"529 baseline","7 baseline"
"7971","M1","C4620083","7","530","C4620083 M1","baseline",-0.00884931283351936,"530 baseline","7 baseline"
"7972","M1","C4620083","7","531","C4620083 M1","baseline",-0.0092068685630188,"531 baseline","7 baseline"
"7973","M1","C4620083","7","532","C4620083 M1","baseline",-0.0122460909118082,"532 baseline","7 baseline"
"7974","M1","C4620083","7","533","C4620083 M1","baseline",-0.0129919076208624,"533 baseline","7 baseline"
"7975","M1","C4620083","7","534","C4620083 M1","baseline",-0.0152001331482814,"534 baseline","7 baseline"
"7976","M1","C4620083","7","535","C4620083 M1","baseline",-0.0157461061066356,"535 baseline","7 baseline"
"7977","M1","C4620083","7","536","C4620083 M1","baseline",-0.0187545644248619,"536 baseline","7 baseline"
"7978","M1","C4620083","7","537","C4620083 M1","baseline",-0.0306091568612746,"537 baseline","7 baseline"
"7979","M1","C4620083","7","538","C4620083 M1","baseline",-0.0352542714975846,"538 baseline","7 baseline"
"7980","M1","C4620083","7","539","C4620083 M1","baseline",-0.0437767303362258,"539 baseline","7 baseline"
"7981","M1","C4620083","7","540","C4620083 M1","baseline",-0.0482985540872609,"540 baseline","7 baseline"
"7982","M1","C4620083","7","541","C4620083 M1","baseline",-0.0712513868798622,"541 baseline","7 baseline"
"7983","M1","C4620083","7","542","C4620083 M1","baseline",-0.0744358043885676,"542 baseline","7 baseline"
"7984","M2","C4620083","7","0","C4620083 M2","baseline",0.144332017465715,"0 baseline","7 baseline"
"7985","M2","C4620083","7","1","C4620083 M2","baseline",0.135528002257268,"1 baseline","7 baseline"
"7986","M2","C4620083","7","2","C4620083 M2","baseline",0.135419401443486,"2 baseline","7 baseline"
"7987","M2","C4620083","7","3","C4620083 M2","baseline",0.134990268668521,"3 baseline","7 baseline"
"7988","M2","C4620083","7","4","C4620083 M2","baseline",0.134708785062217,"4 baseline","7 baseline"
"7989","M2","C4620083","7","5","C4620083 M2","baseline",0.131447624834966,"5 baseline","7 baseline"
"7990","M2","C4620083","7","6","C4620083 M2","baseline",0.130448171232066,"6 baseline","7 baseline"
"7991","M2","C4620083","7","7","C4620083 M2","baseline",0.128768045030136,"7 baseline","7 baseline"
"7992","M2","C4620083","7","8","C4620083 M2","baseline",0.126866944680833,"8 baseline","7 baseline"
"7993","M2","C4620083","7","9","C4620083 M2","baseline",0.123775005826266,"9 baseline","7 baseline"
"7994","M2","C4620083","7","10","C4620083 M2","baseline",0.122933902975762,"10 baseline","7 baseline"
"7995","M2","C4620083","7","11","C4620083 M2","baseline",0.122116747854191,"11 baseline","7 baseline"
"7996","M2","C4620083","7","12","C4620083 M2","baseline",0.12096982576253,"12 baseline","7 baseline"
"7997","M2","C4620083","7","13","C4620083 M2","baseline",0.120785626598151,"13 baseline","7 baseline"
"7998","M2","C4620083","7","14","C4620083 M2","baseline",0.119289486792322,"14 baseline","7 baseline"
"7999","M2","C4620083","7","15","C4620083 M2","baseline",0.118204062221891,"15 baseline","7 baseline"
"8000","M2","C4620083","7","16","C4620083 M2","baseline",0.113195889211088,"16 baseline","7 baseline"
"8001","M2","C4620083","7","17","C4620083 M2","baseline",0.112633318743784,"17 baseline","7 baseline"
"8002","M2","C4620083","7","18","C4620083 M2","baseline",0.112436303036736,"18 baseline","7 baseline"
"8003","M2","C4620083","7","19","C4620083 M2","baseline",0.110960414277426,"19 baseline","7 baseline"
"8004","M2","C4620083","7","20","C4620083 M2","baseline",0.110090663692285,"20 baseline","7 baseline"
"8005","M2","C4620083","7","21","C4620083 M2","baseline",0.110061815546395,"21 baseline","7 baseline"
"8006","M2","C4620083","7","22","C4620083 M2","baseline",0.109278176182718,"22 baseline","7 baseline"
"8007","M2","C4620083","7","23","C4620083 M2","baseline",0.108609097110601,"23 baseline","7 baseline"
"8008","M2","C4620083","7","24","C4620083 M2","baseline",0.10843201675664,"24 baseline","7 baseline"
"8009","M2","C4620083","7","25","C4620083 M2","baseline",0.106339553884362,"25 baseline","7 baseline"
"8010","M2","C4620083","7","26","C4620083 M2","baseline",0.105949657318339,"26 baseline","7 baseline"
"8011","M2","C4620083","7","27","C4620083 M2","baseline",0.105425163501609,"27 baseline","7 baseline"
"8012","M2","C4620083","7","28","C4620083 M2","baseline",0.105361703495172,"28 baseline","7 baseline"
"8013","M2","C4620083","7","29","C4620083 M2","baseline",0.105128650276149,"29 baseline","7 baseline"
"8014","M2","C4620083","7","30","C4620083 M2","baseline",0.10316210569474,"30 baseline","7 baseline"
"8015","M2","C4620083","7","31","C4620083 M2","baseline",0.100910665877477,"31 baseline","7 baseline"
"8016","M2","C4620083","7","32","C4620083 M2","baseline",0.100681309061789,"32 baseline","7 baseline"
"8017","M2","C4620083","7","33","C4620083 M2","baseline",0.100352341530507,"33 baseline","7 baseline"
"8018","M2","C4620083","7","34","C4620083 M2","baseline",0.100326022681768,"34 baseline","7 baseline"
"8019","M2","C4620083","7","35","C4620083 M2","baseline",0.0998411444624212,"35 baseline","7 baseline"
"8020","M2","C4620083","7","36","C4620083 M2","baseline",0.0984449868524246,"36 baseline","7 baseline"
"8021","M2","C4620083","7","37","C4620083 M2","baseline",0.0983558872624718,"37 baseline","7 baseline"
"8022","M2","C4620083","7","38","C4620083 M2","baseline",0.0967430454288141,"38 baseline","7 baseline"
"8023","M2","C4620083","7","39","C4620083 M2","baseline",0.0964853694806817,"39 baseline","7 baseline"
"8024","M2","C4620083","7","40","C4620083 M2","baseline",0.0963475571352638,"40 baseline","7 baseline"
"8025","M2","C4620083","7","41","C4620083 M2","baseline",0.0956941134719272,"41 baseline","7 baseline"
"8026","M2","C4620083","7","42","C4620083 M2","baseline",0.095631740738516,"42 baseline","7 baseline"
"8027","M2","C4620083","7","43","C4620083 M2","baseline",0.0943073915403415,"43 baseline","7 baseline"
"8028","M2","C4620083","7","44","C4620083 M2","baseline",0.0939828560346933,"44 baseline","7 baseline"
"8029","M2","C4620083","7","45","C4620083 M2","baseline",0.0933169536459077,"45 baseline","7 baseline"
"8030","M2","C4620083","7","46","C4620083 M2","baseline",0.0932521455301371,"46 baseline","7 baseline"
"8031","M2","C4620083","7","47","C4620083 M2","baseline",0.0923331941151259,"47 baseline","7 baseline"
"8032","M2","C4620083","7","48","C4620083 M2","baseline",0.0922472062504597,"48 baseline","7 baseline"
"8033","M2","C4620083","7","49","C4620083 M2","baseline",0.0921325265421241,"49 baseline","7 baseline"
"8034","M2","C4620083","7","50","C4620083 M2","baseline",0.0906894554570182,"50 baseline","7 baseline"
"8035","M2","C4620083","7","51","C4620083 M2","baseline",0.0906431066973727,"51 baseline","7 baseline"
"8036","M2","C4620083","7","52","C4620083 M2","baseline",0.0905087020962105,"52 baseline","7 baseline"
"8037","M2","C4620083","7","53","C4620083 M2","baseline",0.0903862215805425,"53 baseline","7 baseline"
"8038","M2","C4620083","7","54","C4620083 M2","baseline",0.0895505637232795,"54 baseline","7 baseline"
"8039","M2","C4620083","7","55","C4620083 M2","baseline",0.0889825525958108,"55 baseline","7 baseline"
"8040","M2","C4620083","7","56","C4620083 M2","baseline",0.0885152076614072,"56 baseline","7 baseline"
"8041","M2","C4620083","7","57","C4620083 M2","baseline",0.0883227381723906,"57 baseline","7 baseline"
"8042","M2","C4620083","7","58","C4620083 M2","baseline",0.0883226127798953,"58 baseline","7 baseline"
"8043","M2","C4620083","7","59","C4620083 M2","baseline",0.0879391799236098,"59 baseline","7 baseline"
"8044","M2","C4620083","7","60","C4620083 M2","baseline",0.0878676185125682,"60 baseline","7 baseline"
"8045","M2","C4620083","7","61","C4620083 M2","baseline",0.0878485804201663,"61 baseline","7 baseline"
"8046","M2","C4620083","7","62","C4620083 M2","baseline",0.0876694084389194,"62 baseline","7 baseline"
"8047","M2","C4620083","7","63","C4620083 M2","baseline",0.0876037506094778,"63 baseline","7 baseline"
"8048","M2","C4620083","7","64","C4620083 M2","baseline",0.0868678156005376,"64 baseline","7 baseline"
"8049","M2","C4620083","7","65","C4620083 M2","baseline",0.086691899949923,"65 baseline","7 baseline"
"8050","M2","C4620083","7","66","C4620083 M2","baseline",0.0866508106203941,"66 baseline","7 baseline"
"8051","M2","C4620083","7","67","C4620083 M2","baseline",0.0862541691834768,"67 baseline","7 baseline"
"8052","M2","C4620083","7","68","C4620083 M2","baseline",0.0862423540938693,"68 baseline","7 baseline"
"8053","M2","C4620083","7","69","C4620083 M2","baseline",0.0861491253131515,"69 baseline","7 baseline"
"8054","M2","C4620083","7","70","C4620083 M2","baseline",0.0856766120535592,"70 baseline","7 baseline"
"8055","M2","C4620083","7","71","C4620083 M2","baseline",0.0853735056865719,"71 baseline","7 baseline"
"8056","M2","C4620083","7","72","C4620083 M2","baseline",0.0853506475456251,"72 baseline","7 baseline"
"8057","M2","C4620083","7","73","C4620083 M2","baseline",0.0850638625373183,"73 baseline","7 baseline"
"8058","M2","C4620083","7","74","C4620083 M2","baseline",0.0850287425412102,"74 baseline","7 baseline"
"8059","M2","C4620083","7","75","C4620083 M2","baseline",0.0850038236112381,"75 baseline","7 baseline"
"8060","M2","C4620083","7","76","C4620083 M2","baseline",0.0849173002541874,"76 baseline","7 baseline"
"8061","M2","C4620083","7","77","C4620083 M2","baseline",0.0848176650097545,"77 baseline","7 baseline"
"8062","M2","C4620083","7","78","C4620083 M2","baseline",0.0842693153949157,"78 baseline","7 baseline"
"8063","M2","C4620083","7","79","C4620083 M2","baseline",0.0840209753091383,"79 baseline","7 baseline"
"8064","M2","C4620083","7","80","C4620083 M2","baseline",0.0836936006385403,"80 baseline","7 baseline"
"8065","M2","C4620083","7","81","C4620083 M2","baseline",0.0829662687023462,"81 baseline","7 baseline"
"8066","M2","C4620083","7","82","C4620083 M2","baseline",0.0829575473644454,"82 baseline","7 baseline"
"8067","M2","C4620083","7","83","C4620083 M2","baseline",0.0828856184317195,"83 baseline","7 baseline"
"8068","M2","C4620083","7","84","C4620083 M2","baseline",0.0825397318200733,"84 baseline","7 baseline"
"8069","M2","C4620083","7","85","C4620083 M2","baseline",0.0823070911001786,"85 baseline","7 baseline"
"8070","M2","C4620083","7","86","C4620083 M2","baseline",0.0815601977430999,"86 baseline","7 baseline"
"8071","M2","C4620083","7","87","C4620083 M2","baseline",0.0815515638879035,"87 baseline","7 baseline"
"8072","M2","C4620083","7","88","C4620083 M2","baseline",0.0812454251083572,"88 baseline","7 baseline"
"8073","M2","C4620083","7","89","C4620083 M2","baseline",0.0809393537439654,"89 baseline","7 baseline"
"8074","M2","C4620083","7","90","C4620083 M2","baseline",0.0804583885139519,"90 baseline","7 baseline"
"8075","M2","C4620083","7","91","C4620083 M2","baseline",0.080333394263015,"91 baseline","7 baseline"
"8076","M2","C4620083","7","92","C4620083 M2","baseline",0.0799878634737517,"92 baseline","7 baseline"
"8077","M2","C4620083","7","93","C4620083 M2","baseline",0.0797240017114889,"93 baseline","7 baseline"
"8078","M2","C4620083","7","94","C4620083 M2","baseline",0.0792634368198657,"94 baseline","7 baseline"
"8079","M2","C4620083","7","95","C4620083 M2","baseline",0.0791383229234511,"95 baseline","7 baseline"
"8080","M2","C4620083","7","96","C4620083 M2","baseline",0.0789678782471976,"96 baseline","7 baseline"
"8081","M2","C4620083","7","97","C4620083 M2","baseline",0.0786636965427324,"97 baseline","7 baseline"
"8082","M2","C4620083","7","98","C4620083 M2","baseline",0.0784228260721813,"98 baseline","7 baseline"
"8083","M2","C4620083","7","99","C4620083 M2","baseline",0.0783733977268948,"99 baseline","7 baseline"
"8084","M2","C4620083","7","100","C4620083 M2","baseline",0.0779458648246734,"100 baseline","7 baseline"
"8085","M2","C4620083","7","101","C4620083 M2","baseline",0.0778533761445561,"101 baseline","7 baseline"
"8086","M2","C4620083","7","102","C4620083 M2","baseline",0.0768666956679332,"102 baseline","7 baseline"
"8087","M2","C4620083","7","103","C4620083 M2","baseline",0.0767949290246735,"103 baseline","7 baseline"
"8088","M2","C4620083","7","104","C4620083 M2","baseline",0.0765840720626637,"104 baseline","7 baseline"
"8089","M2","C4620083","7","105","C4620083 M2","baseline",0.0764195308454943,"105 baseline","7 baseline"
"8090","M2","C4620083","7","106","C4620083 M2","baseline",0.0763408744783576,"106 baseline","7 baseline"
"8091","M2","C4620083","7","107","C4620083 M2","baseline",0.075950546196671,"107 baseline","7 baseline"
"8092","M2","C4620083","7","108","C4620083 M2","baseline",0.0756862349051203,"108 baseline","7 baseline"
"8093","M2","C4620083","7","109","C4620083 M2","baseline",0.0754203914661158,"109 baseline","7 baseline"
"8094","M2","C4620083","7","110","C4620083 M2","baseline",0.0753366757556675,"110 baseline","7 baseline"
"8095","M2","C4620083","7","111","C4620083 M2","baseline",0.0751604282366731,"111 baseline","7 baseline"
"8096","M2","C4620083","7","112","C4620083 M2","baseline",0.0750120454946332,"112 baseline","7 baseline"
"8097","M2","C4620083","7","113","C4620083 M2","baseline",0.0749883605959481,"113 baseline","7 baseline"
"8098","M2","C4620083","7","114","C4620083 M2","baseline",0.0746223207653519,"114 baseline","7 baseline"
"8099","M2","C4620083","7","115","C4620083 M2","baseline",0.0746044020842375,"115 baseline","7 baseline"
"8100","M2","C4620083","7","116","C4620083 M2","baseline",0.0736454555240575,"116 baseline","7 baseline"
"8101","M2","C4620083","7","117","C4620083 M2","baseline",0.0731405288033112,"117 baseline","7 baseline"
"8102","M2","C4620083","7","118","C4620083 M2","baseline",0.0727158585050025,"118 baseline","7 baseline"
"8103","M2","C4620083","7","119","C4620083 M2","baseline",0.0726761538801235,"119 baseline","7 baseline"
"8104","M2","C4620083","7","120","C4620083 M2","baseline",0.0721927554723148,"120 baseline","7 baseline"
"8105","M2","C4620083","7","121","C4620083 M2","baseline",0.071339791461047,"121 baseline","7 baseline"
"8106","M2","C4620083","7","122","C4620083 M2","baseline",0.0710435253430432,"122 baseline","7 baseline"
"8107","M2","C4620083","7","123","C4620083 M2","baseline",0.0709940552802858,"123 baseline","7 baseline"
"8108","M2","C4620083","7","124","C4620083 M2","baseline",0.0709871696327948,"124 baseline","7 baseline"
"8109","M2","C4620083","7","125","C4620083 M2","baseline",0.0708687143765175,"125 baseline","7 baseline"
"8110","M2","C4620083","7","126","C4620083 M2","baseline",0.0704714391812252,"126 baseline","7 baseline"
"8111","M2","C4620083","7","127","C4620083 M2","baseline",0.0703833690749894,"127 baseline","7 baseline"
"8112","M2","C4620083","7","128","C4620083 M2","baseline",0.0699249770761056,"128 baseline","7 baseline"
"8113","M2","C4620083","7","129","C4620083 M2","baseline",0.0697251819261055,"129 baseline","7 baseline"
"8114","M2","C4620083","7","130","C4620083 M2","baseline",0.0695646167849974,"130 baseline","7 baseline"
"8115","M2","C4620083","7","131","C4620083 M2","baseline",0.0695409114522453,"131 baseline","7 baseline"
"8116","M2","C4620083","7","132","C4620083 M2","baseline",0.0695340687527164,"132 baseline","7 baseline"
"8117","M2","C4620083","7","133","C4620083 M2","baseline",0.0694433349651715,"133 baseline","7 baseline"
"8118","M2","C4620083","7","134","C4620083 M2","baseline",0.0692028334740891,"134 baseline","7 baseline"
"8119","M2","C4620083","7","135","C4620083 M2","baseline",0.069112522072977,"135 baseline","7 baseline"
"8120","M2","C4620083","7","136","C4620083 M2","baseline",0.068913989480781,"136 baseline","7 baseline"
"8121","M2","C4620083","7","137","C4620083 M2","baseline",0.0686699739956548,"137 baseline","7 baseline"
"8122","M2","C4620083","7","138","C4620083 M2","baseline",0.0686404894038759,"138 baseline","7 baseline"
"8123","M2","C4620083","7","139","C4620083 M2","baseline",0.0683073708249198,"139 baseline","7 baseline"
"8124","M2","C4620083","7","140","C4620083 M2","baseline",0.0680128275206078,"140 baseline","7 baseline"
"8125","M2","C4620083","7","141","C4620083 M2","baseline",0.0679789279454222,"141 baseline","7 baseline"
"8126","M2","C4620083","7","142","C4620083 M2","baseline",0.0679402663856845,"142 baseline","7 baseline"
"8127","M2","C4620083","7","143","C4620083 M2","baseline",0.0678978189705301,"143 baseline","7 baseline"
"8128","M2","C4620083","7","144","C4620083 M2","baseline",0.067319470280095,"144 baseline","7 baseline"
"8129","M2","C4620083","7","145","C4620083 M2","baseline",0.0672442093408841,"145 baseline","7 baseline"
"8130","M2","C4620083","7","146","C4620083 M2","baseline",0.066718864474101,"146 baseline","7 baseline"
"8131","M2","C4620083","7","147","C4620083 M2","baseline",0.0665835215139095,"147 baseline","7 baseline"
"8132","M2","C4620083","7","148","C4620083 M2","baseline",0.0664761645983095,"148 baseline","7 baseline"
"8133","M2","C4620083","7","149","C4620083 M2","baseline",0.0664671244509532,"149 baseline","7 baseline"
"8134","M2","C4620083","7","150","C4620083 M2","baseline",0.0661770838105186,"150 baseline","7 baseline"
"8135","M2","C4620083","7","151","C4620083 M2","baseline",0.0659800040869674,"151 baseline","7 baseline"
"8136","M2","C4620083","7","152","C4620083 M2","baseline",0.0659543485420953,"152 baseline","7 baseline"
"8137","M2","C4620083","7","153","C4620083 M2","baseline",0.0659508873058943,"153 baseline","7 baseline"
"8138","M2","C4620083","7","154","C4620083 M2","baseline",0.0657486868777888,"154 baseline","7 baseline"
"8139","M2","C4620083","7","155","C4620083 M2","baseline",0.0657361026032779,"155 baseline","7 baseline"
"8140","M2","C4620083","7","156","C4620083 M2","baseline",0.0656331206179882,"156 baseline","7 baseline"
"8141","M2","C4620083","7","157","C4620083 M2","baseline",0.0653866778458985,"157 baseline","7 baseline"
"8142","M2","C4620083","7","158","C4620083 M2","baseline",0.0653293289294317,"158 baseline","7 baseline"
"8143","M2","C4620083","7","159","C4620083 M2","baseline",0.0653060154437298,"159 baseline","7 baseline"
"8144","M2","C4620083","7","160","C4620083 M2","baseline",0.0650609271709709,"160 baseline","7 baseline"
"8145","M2","C4620083","7","161","C4620083 M2","baseline",0.0646969302984559,"161 baseline","7 baseline"
"8146","M2","C4620083","7","162","C4620083 M2","baseline",0.0646225713040125,"162 baseline","7 baseline"
"8147","M2","C4620083","7","163","C4620083 M2","baseline",0.0643707323173382,"163 baseline","7 baseline"
"8148","M2","C4620083","7","164","C4620083 M2","baseline",0.0643531410059123,"164 baseline","7 baseline"
"8149","M2","C4620083","7","165","C4620083 M2","baseline",0.0642736503288082,"165 baseline","7 baseline"
"8150","M2","C4620083","7","166","C4620083 M2","baseline",0.0630558060633664,"166 baseline","7 baseline"
"8151","M2","C4620083","7","167","C4620083 M2","baseline",0.0629620089216395,"167 baseline","7 baseline"
"8152","M2","C4620083","7","168","C4620083 M2","baseline",0.0629355994603984,"168 baseline","7 baseline"
"8153","M2","C4620083","7","169","C4620083 M2","baseline",0.0627630558431628,"169 baseline","7 baseline"
"8154","M2","C4620083","7","170","C4620083 M2","baseline",0.0623446441167067,"170 baseline","7 baseline"
"8155","M2","C4620083","7","171","C4620083 M2","baseline",0.0621612647459447,"171 baseline","7 baseline"
"8156","M2","C4620083","7","172","C4620083 M2","baseline",0.0619417952226615,"172 baseline","7 baseline"
"8157","M2","C4620083","7","173","C4620083 M2","baseline",0.0616845220479949,"173 baseline","7 baseline"
"8158","M2","C4620083","7","174","C4620083 M2","baseline",0.061346638096976,"174 baseline","7 baseline"
"8159","M2","C4620083","7","175","C4620083 M2","baseline",0.061232998674659,"175 baseline","7 baseline"
"8160","M2","C4620083","7","176","C4620083 M2","baseline",0.0612000975971988,"176 baseline","7 baseline"
"8161","M2","C4620083","7","177","C4620083 M2","baseline",0.0611116835269484,"177 baseline","7 baseline"
"8162","M2","C4620083","7","178","C4620083 M2","baseline",0.0607364143536369,"178 baseline","7 baseline"
"8163","M2","C4620083","7","179","C4620083 M2","baseline",0.0607359359893279,"179 baseline","7 baseline"
"8164","M2","C4620083","7","180","C4620083 M2","baseline",0.0606109688390774,"180 baseline","7 baseline"
"8165","M2","C4620083","7","181","C4620083 M2","baseline",0.0605229479580959,"181 baseline","7 baseline"
"8166","M2","C4620083","7","182","C4620083 M2","baseline",0.0604909342273998,"182 baseline","7 baseline"
"8167","M2","C4620083","7","183","C4620083 M2","baseline",0.0603155839857828,"183 baseline","7 baseline"
"8168","M2","C4620083","7","184","C4620083 M2","baseline",0.0602172678691408,"184 baseline","7 baseline"
"8169","M2","C4620083","7","185","C4620083 M2","baseline",0.0601646465119182,"185 baseline","7 baseline"
"8170","M2","C4620083","7","186","C4620083 M2","baseline",0.059804554118138,"186 baseline","7 baseline"
"8171","M2","C4620083","7","187","C4620083 M2","baseline",0.0597864412538977,"187 baseline","7 baseline"
"8172","M2","C4620083","7","188","C4620083 M2","baseline",0.0595469804960268,"188 baseline","7 baseline"
"8173","M2","C4620083","7","189","C4620083 M2","baseline",0.0593379286342399,"189 baseline","7 baseline"
"8174","M2","C4620083","7","190","C4620083 M2","baseline",0.059178218897701,"190 baseline","7 baseline"
"8175","M2","C4620083","7","191","C4620083 M2","baseline",0.0588782496054483,"191 baseline","7 baseline"
"8176","M2","C4620083","7","192","C4620083 M2","baseline",0.0588761050117227,"192 baseline","7 baseline"
"8177","M2","C4620083","7","193","C4620083 M2","baseline",0.0588291779815246,"193 baseline","7 baseline"
"8178","M2","C4620083","7","194","C4620083 M2","baseline",0.0587855135023506,"194 baseline","7 baseline"
"8179","M2","C4620083","7","195","C4620083 M2","baseline",0.0587763840332659,"195 baseline","7 baseline"
"8180","M2","C4620083","7","196","C4620083 M2","baseline",0.0586559985225312,"196 baseline","7 baseline"
"8181","M2","C4620083","7","197","C4620083 M2","baseline",0.0585907541730824,"197 baseline","7 baseline"
"8182","M2","C4620083","7","198","C4620083 M2","baseline",0.0583766844721487,"198 baseline","7 baseline"
"8183","M2","C4620083","7","199","C4620083 M2","baseline",0.0582512263638388,"199 baseline","7 baseline"
"8184","M2","C4620083","7","200","C4620083 M2","baseline",0.0579718223290093,"200 baseline","7 baseline"
"8185","M2","C4620083","7","201","C4620083 M2","baseline",0.0578749330192322,"201 baseline","7 baseline"
"8186","M2","C4620083","7","202","C4620083 M2","baseline",0.0576869979895874,"202 baseline","7 baseline"
"8187","M2","C4620083","7","203","C4620083 M2","baseline",0.0575125296039319,"203 baseline","7 baseline"
"8188","M2","C4620083","7","204","C4620083 M2","baseline",0.0574971207895262,"204 baseline","7 baseline"
"8189","M2","C4620083","7","205","C4620083 M2","baseline",0.0574951334812295,"205 baseline","7 baseline"
"8190","M2","C4620083","7","206","C4620083 M2","baseline",0.0573974187596096,"206 baseline","7 baseline"
"8191","M2","C4620083","7","207","C4620083 M2","baseline",0.0573939428316258,"207 baseline","7 baseline"
"8192","M2","C4620083","7","208","C4620083 M2","baseline",0.057206998094961,"208 baseline","7 baseline"
"8193","M2","C4620083","7","209","C4620083 M2","baseline",0.0571257235369081,"209 baseline","7 baseline"
"8194","M2","C4620083","7","210","C4620083 M2","baseline",0.056910017066182,"210 baseline","7 baseline"
"8195","M2","C4620083","7","211","C4620083 M2","baseline",0.0562084436664088,"211 baseline","7 baseline"
"8196","M2","C4620083","7","212","C4620083 M2","baseline",0.0561496987677296,"212 baseline","7 baseline"
"8197","M2","C4620083","7","213","C4620083 M2","baseline",0.0558957638916698,"213 baseline","7 baseline"
"8198","M2","C4620083","7","214","C4620083 M2","baseline",0.055663063469127,"214 baseline","7 baseline"
"8199","M2","C4620083","7","215","C4620083 M2","baseline",0.055456063327087,"215 baseline","7 baseline"
"8200","M2","C4620083","7","216","C4620083 M2","baseline",0.0554090728989268,"216 baseline","7 baseline"
"8201","M2","C4620083","7","217","C4620083 M2","baseline",0.0551463805312621,"217 baseline","7 baseline"
"8202","M2","C4620083","7","218","C4620083 M2","baseline",0.0551128880021089,"218 baseline","7 baseline"
"8203","M2","C4620083","7","219","C4620083 M2","baseline",0.0549831238051435,"219 baseline","7 baseline"
"8204","M2","C4620083","7","220","C4620083 M2","baseline",0.0545710351333274,"220 baseline","7 baseline"
"8205","M2","C4620083","7","221","C4620083 M2","baseline",0.0541368686951953,"221 baseline","7 baseline"
"8206","M2","C4620083","7","222","C4620083 M2","baseline",0.0538812580486215,"222 baseline","7 baseline"
"8207","M2","C4620083","7","223","C4620083 M2","baseline",0.0535398688433415,"223 baseline","7 baseline"
"8208","M2","C4620083","7","224","C4620083 M2","baseline",0.0534754266669507,"224 baseline","7 baseline"
"8209","M2","C4620083","7","225","C4620083 M2","baseline",0.0534189258125115,"225 baseline","7 baseline"
"8210","M2","C4620083","7","226","C4620083 M2","baseline",0.0530578691583566,"226 baseline","7 baseline"
"8211","M2","C4620083","7","227","C4620083 M2","baseline",0.0530361909028352,"227 baseline","7 baseline"
"8212","M2","C4620083","7","228","C4620083 M2","baseline",0.0529971713506352,"228 baseline","7 baseline"
"8213","M2","C4620083","7","229","C4620083 M2","baseline",0.0528942705373302,"229 baseline","7 baseline"
"8214","M2","C4620083","7","230","C4620083 M2","baseline",0.0528334874038628,"230 baseline","7 baseline"
"8215","M2","C4620083","7","231","C4620083 M2","baseline",0.0526814063069104,"231 baseline","7 baseline"
"8216","M2","C4620083","7","232","C4620083 M2","baseline",0.0523349011700969,"232 baseline","7 baseline"
"8217","M2","C4620083","7","233","C4620083 M2","baseline",0.05214784857738,"233 baseline","7 baseline"
"8218","M2","C4620083","7","234","C4620083 M2","baseline",0.0519054623378565,"234 baseline","7 baseline"
"8219","M2","C4620083","7","235","C4620083 M2","baseline",0.0518933130519464,"235 baseline","7 baseline"
"8220","M2","C4620083","7","236","C4620083 M2","baseline",0.0518451328509582,"236 baseline","7 baseline"
"8221","M2","C4620083","7","237","C4620083 M2","baseline",0.0516101833325698,"237 baseline","7 baseline"
"8222","M2","C4620083","7","238","C4620083 M2","baseline",0.0516000885269791,"238 baseline","7 baseline"
"8223","M2","C4620083","7","239","C4620083 M2","baseline",0.0514934175806215,"239 baseline","7 baseline"
"8224","M2","C4620083","7","240","C4620083 M2","baseline",0.0510219479869921,"240 baseline","7 baseline"
"8225","M2","C4620083","7","241","C4620083 M2","baseline",0.050930893224261,"241 baseline","7 baseline"
"8226","M2","C4620083","7","242","C4620083 M2","baseline",0.050704608275369,"242 baseline","7 baseline"
"8227","M2","C4620083","7","243","C4620083 M2","baseline",0.0500467136554887,"243 baseline","7 baseline"
"8228","M2","C4620083","7","244","C4620083 M2","baseline",0.0497917370160962,"244 baseline","7 baseline"
"8229","M2","C4620083","7","245","C4620083 M2","baseline",0.0497151913716075,"245 baseline","7 baseline"
"8230","M2","C4620083","7","246","C4620083 M2","baseline",0.0496705737009475,"246 baseline","7 baseline"
"8231","M2","C4620083","7","247","C4620083 M2","baseline",0.0496549450180084,"247 baseline","7 baseline"
"8232","M2","C4620083","7","248","C4620083 M2","baseline",0.0493687555788946,"248 baseline","7 baseline"
"8233","M2","C4620083","7","249","C4620083 M2","baseline",0.0490037601171807,"249 baseline","7 baseline"
"8234","M2","C4620083","7","250","C4620083 M2","baseline",0.0489899962656451,"250 baseline","7 baseline"
"8235","M2","C4620083","7","251","C4620083 M2","baseline",0.0489206908596494,"251 baseline","7 baseline"
"8236","M2","C4620083","7","252","C4620083 M2","baseline",0.0488409384034448,"252 baseline","7 baseline"
"8237","M2","C4620083","7","253","C4620083 M2","baseline",0.0485865270091091,"253 baseline","7 baseline"
"8238","M2","C4620083","7","254","C4620083 M2","baseline",0.0484905612929108,"254 baseline","7 baseline"
"8239","M2","C4620083","7","255","C4620083 M2","baseline",0.0484080820317015,"255 baseline","7 baseline"
"8240","M2","C4620083","7","256","C4620083 M2","baseline",0.0483389021316723,"256 baseline","7 baseline"
"8241","M2","C4620083","7","257","C4620083 M2","baseline",0.0482234552231695,"257 baseline","7 baseline"
"8242","M2","C4620083","7","258","C4620083 M2","baseline",0.0480395844791116,"258 baseline","7 baseline"
"8243","M2","C4620083","7","259","C4620083 M2","baseline",0.0478911850461405,"259 baseline","7 baseline"
"8244","M2","C4620083","7","260","C4620083 M2","baseline",0.0477660344422077,"260 baseline","7 baseline"
"8245","M2","C4620083","7","261","C4620083 M2","baseline",0.0476747226945282,"261 baseline","7 baseline"
"8246","M2","C4620083","7","262","C4620083 M2","baseline",0.0475535134362654,"262 baseline","7 baseline"
"8247","M2","C4620083","7","263","C4620083 M2","baseline",0.0473697278139555,"263 baseline","7 baseline"
"8248","M2","C4620083","7","264","C4620083 M2","baseline",0.0473562798274777,"264 baseline","7 baseline"
"8249","M2","C4620083","7","265","C4620083 M2","baseline",0.0471417553086532,"265 baseline","7 baseline"
"8250","M2","C4620083","7","266","C4620083 M2","baseline",0.0470994654052367,"266 baseline","7 baseline"
"8251","M2","C4620083","7","267","C4620083 M2","baseline",0.0470656377954974,"267 baseline","7 baseline"
"8252","M2","C4620083","7","268","C4620083 M2","baseline",0.0469105766053552,"268 baseline","7 baseline"
"8253","M2","C4620083","7","269","C4620083 M2","baseline",0.0467676220027431,"269 baseline","7 baseline"
"8254","M2","C4620083","7","270","C4620083 M2","baseline",0.0465209227986603,"270 baseline","7 baseline"
"8255","M2","C4620083","7","271","C4620083 M2","baseline",0.0464626599058101,"271 baseline","7 baseline"
"8256","M2","C4620083","7","272","C4620083 M2","baseline",0.04633627749121,"272 baseline","7 baseline"
"8257","M2","C4620083","7","273","C4620083 M2","baseline",0.0462670213761848,"273 baseline","7 baseline"
"8258","M2","C4620083","7","274","C4620083 M2","baseline",0.0460917040904471,"274 baseline","7 baseline"
"8259","M2","C4620083","7","275","C4620083 M2","baseline",0.0457852120641293,"275 baseline","7 baseline"
"8260","M2","C4620083","7","276","C4620083 M2","baseline",0.0455837606986635,"276 baseline","7 baseline"
"8261","M2","C4620083","7","277","C4620083 M2","baseline",0.0455616325547897,"277 baseline","7 baseline"
"8262","M2","C4620083","7","278","C4620083 M2","baseline",0.0455554616338427,"278 baseline","7 baseline"
"8263","M2","C4620083","7","279","C4620083 M2","baseline",0.0455550002655951,"279 baseline","7 baseline"
"8264","M2","C4620083","7","280","C4620083 M2","baseline",0.0454351399920798,"280 baseline","7 baseline"
"8265","M2","C4620083","7","281","C4620083 M2","baseline",0.0453757946169221,"281 baseline","7 baseline"
"8266","M2","C4620083","7","282","C4620083 M2","baseline",0.0447532835765123,"282 baseline","7 baseline"
"8267","M2","C4620083","7","283","C4620083 M2","baseline",0.0447384321413492,"283 baseline","7 baseline"
"8268","M2","C4620083","7","284","C4620083 M2","baseline",0.0444143470146458,"284 baseline","7 baseline"
"8269","M2","C4620083","7","285","C4620083 M2","baseline",0.044182296895845,"285 baseline","7 baseline"
"8270","M2","C4620083","7","286","C4620083 M2","baseline",0.0441096122779324,"286 baseline","7 baseline"
"8271","M2","C4620083","7","287","C4620083 M2","baseline",0.044098533252305,"287 baseline","7 baseline"
"8272","M2","C4620083","7","288","C4620083 M2","baseline",0.0440740795761698,"288 baseline","7 baseline"
"8273","M2","C4620083","7","289","C4620083 M2","baseline",0.0439271452123279,"289 baseline","7 baseline"
"8274","M2","C4620083","7","290","C4620083 M2","baseline",0.0437888171337867,"290 baseline","7 baseline"
"8275","M2","C4620083","7","291","C4620083 M2","baseline",0.0436963100264948,"291 baseline","7 baseline"
"8276","M2","C4620083","7","292","C4620083 M2","baseline",0.0435836287818792,"292 baseline","7 baseline"
"8277","M2","C4620083","7","293","C4620083 M2","baseline",0.0434606743631129,"293 baseline","7 baseline"
"8278","M2","C4620083","7","294","C4620083 M2","baseline",0.0432709221345564,"294 baseline","7 baseline"
"8279","M2","C4620083","7","295","C4620083 M2","baseline",0.0432196316668992,"295 baseline","7 baseline"
"8280","M2","C4620083","7","296","C4620083 M2","baseline",0.0430573990550447,"296 baseline","7 baseline"
"8281","M2","C4620083","7","297","C4620083 M2","baseline",0.0427887539345973,"297 baseline","7 baseline"
"8282","M2","C4620083","7","298","C4620083 M2","baseline",0.0427418157804224,"298 baseline","7 baseline"
"8283","M2","C4620083","7","299","C4620083 M2","baseline",0.0426698107301519,"299 baseline","7 baseline"
"8284","M2","C4620083","7","300","C4620083 M2","baseline",0.0422185769760558,"300 baseline","7 baseline"
"8285","M2","C4620083","7","301","C4620083 M2","baseline",0.0422062622385114,"301 baseline","7 baseline"
"8286","M2","C4620083","7","302","C4620083 M2","baseline",0.0422045683770911,"302 baseline","7 baseline"
"8287","M2","C4620083","7","303","C4620083 M2","baseline",0.0418462342451644,"303 baseline","7 baseline"
"8288","M2","C4620083","7","304","C4620083 M2","baseline",0.0416148151306088,"304 baseline","7 baseline"
"8289","M2","C4620083","7","305","C4620083 M2","baseline",0.0415681915018287,"305 baseline","7 baseline"
"8290","M2","C4620083","7","306","C4620083 M2","baseline",0.0414146250132631,"306 baseline","7 baseline"
"8291","M2","C4620083","7","307","C4620083 M2","baseline",0.0411817076727473,"307 baseline","7 baseline"
"8292","M2","C4620083","7","308","C4620083 M2","baseline",0.0410739551913706,"308 baseline","7 baseline"
"8293","M2","C4620083","7","309","C4620083 M2","baseline",0.0408718851820212,"309 baseline","7 baseline"
"8294","M2","C4620083","7","310","C4620083 M2","baseline",0.0405702974644776,"310 baseline","7 baseline"
"8295","M2","C4620083","7","311","C4620083 M2","baseline",0.0402211977774157,"311 baseline","7 baseline"
"8296","M2","C4620083","7","312","C4620083 M2","baseline",0.0397622122811919,"312 baseline","7 baseline"
"8297","M2","C4620083","7","313","C4620083 M2","baseline",0.0397426536656104,"313 baseline","7 baseline"
"8298","M2","C4620083","7","314","C4620083 M2","baseline",0.0396324594603926,"314 baseline","7 baseline"
"8299","M2","C4620083","7","315","C4620083 M2","baseline",0.0395239784763858,"315 baseline","7 baseline"
"8300","M2","C4620083","7","316","C4620083 M2","baseline",0.0389282799022862,"316 baseline","7 baseline"
"8301","M2","C4620083","7","317","C4620083 M2","baseline",0.0382644528634281,"317 baseline","7 baseline"
"8302","M2","C4620083","7","318","C4620083 M2","baseline",0.0379532049942094,"318 baseline","7 baseline"
"8303","M2","C4620083","7","319","C4620083 M2","baseline",0.037809617647966,"319 baseline","7 baseline"
"8304","M2","C4620083","7","320","C4620083 M2","baseline",0.0376944511304467,"320 baseline","7 baseline"
"8305","M2","C4620083","7","321","C4620083 M2","baseline",0.0371722414797924,"321 baseline","7 baseline"
"8306","M2","C4620083","7","322","C4620083 M2","baseline",0.0370864833589464,"322 baseline","7 baseline"
"8307","M2","C4620083","7","323","C4620083 M2","baseline",0.0368885020962837,"323 baseline","7 baseline"
"8308","M2","C4620083","7","324","C4620083 M2","baseline",0.036852823273039,"324 baseline","7 baseline"
"8309","M2","C4620083","7","325","C4620083 M2","baseline",0.0367783693476095,"325 baseline","7 baseline"
"8310","M2","C4620083","7","326","C4620083 M2","baseline",0.0365602838661835,"326 baseline","7 baseline"
"8311","M2","C4620083","7","327","C4620083 M2","baseline",0.0364683084047191,"327 baseline","7 baseline"
"8312","M2","C4620083","7","328","C4620083 M2","baseline",0.0364358310637164,"328 baseline","7 baseline"
"8313","M2","C4620083","7","329","C4620083 M2","baseline",0.0364160467881238,"329 baseline","7 baseline"
"8314","M2","C4620083","7","330","C4620083 M2","baseline",0.0362504789434985,"330 baseline","7 baseline"
"8315","M2","C4620083","7","331","C4620083 M2","baseline",0.03577009701531,"331 baseline","7 baseline"
"8316","M2","C4620083","7","332","C4620083 M2","baseline",0.0356237996695408,"332 baseline","7 baseline"
"8317","M2","C4620083","7","333","C4620083 M2","baseline",0.0356110242985181,"333 baseline","7 baseline"
"8318","M2","C4620083","7","334","C4620083 M2","baseline",0.0355221667020384,"334 baseline","7 baseline"
"8319","M2","C4620083","7","335","C4620083 M2","baseline",0.0349307780849065,"335 baseline","7 baseline"
"8320","M2","C4620083","7","336","C4620083 M2","baseline",0.034653516972862,"336 baseline","7 baseline"
"8321","M2","C4620083","7","337","C4620083 M2","baseline",0.034630006441621,"337 baseline","7 baseline"
"8322","M2","C4620083","7","338","C4620083 M2","baseline",0.0346180196190768,"338 baseline","7 baseline"
"8323","M2","C4620083","7","339","C4620083 M2","baseline",0.0343591182578323,"339 baseline","7 baseline"
"8324","M2","C4620083","7","340","C4620083 M2","baseline",0.0343516408160792,"340 baseline","7 baseline"
"8325","M2","C4620083","7","341","C4620083 M2","baseline",0.0341141573883516,"341 baseline","7 baseline"
"8326","M2","C4620083","7","342","C4620083 M2","baseline",0.033747539920942,"342 baseline","7 baseline"
"8327","M2","C4620083","7","343","C4620083 M2","baseline",0.0326325845649521,"343 baseline","7 baseline"
"8328","M2","C4620083","7","344","C4620083 M2","baseline",0.0325415448766129,"344 baseline","7 baseline"
"8329","M2","C4620083","7","345","C4620083 M2","baseline",0.0325405749213967,"345 baseline","7 baseline"
"8330","M2","C4620083","7","346","C4620083 M2","baseline",0.0321559549676851,"346 baseline","7 baseline"
"8331","M2","C4620083","7","347","C4620083 M2","baseline",0.0321058220196277,"347 baseline","7 baseline"
"8332","M2","C4620083","7","348","C4620083 M2","baseline",0.0320186893979741,"348 baseline","7 baseline"
"8333","M2","C4620083","7","349","C4620083 M2","baseline",0.0319191846421195,"349 baseline","7 baseline"
"8334","M2","C4620083","7","350","C4620083 M2","baseline",0.0314657042709925,"350 baseline","7 baseline"
"8335","M2","C4620083","7","351","C4620083 M2","baseline",0.0309440377704029,"351 baseline","7 baseline"
"8336","M2","C4620083","7","352","C4620083 M2","baseline",0.0305528014210176,"352 baseline","7 baseline"
"8337","M2","C4620083","7","353","C4620083 M2","baseline",0.030342876826304,"353 baseline","7 baseline"
"8338","M2","C4620083","7","354","C4620083 M2","baseline",0.0298348432651281,"354 baseline","7 baseline"
"8339","M2","C4620083","7","355","C4620083 M2","baseline",0.0296106641946248,"355 baseline","7 baseline"
"8340","M2","C4620083","7","356","C4620083 M2","baseline",0.0291067045607769,"356 baseline","7 baseline"
"8341","M2","C4620083","7","357","C4620083 M2","baseline",0.028653323958373,"357 baseline","7 baseline"
"8342","M2","C4620083","7","358","C4620083 M2","baseline",0.0285886644045038,"358 baseline","7 baseline"
"8343","M2","C4620083","7","359","C4620083 M2","baseline",0.0284832600276368,"359 baseline","7 baseline"
"8344","M2","C4620083","7","360","C4620083 M2","baseline",0.0282772159875561,"360 baseline","7 baseline"
"8345","M2","C4620083","7","361","C4620083 M2","baseline",0.0279425300114549,"361 baseline","7 baseline"
"8346","M2","C4620083","7","362","C4620083 M2","baseline",0.0275409903373468,"362 baseline","7 baseline"
"8347","M2","C4620083","7","363","C4620083 M2","baseline",0.0273909148726496,"363 baseline","7 baseline"
"8348","M2","C4620083","7","364","C4620083 M2","baseline",0.0272037038346981,"364 baseline","7 baseline"
"8349","M2","C4620083","7","365","C4620083 M2","baseline",0.0270339448568659,"365 baseline","7 baseline"
"8350","M2","C4620083","7","366","C4620083 M2","baseline",0.0269808196961697,"366 baseline","7 baseline"
"8351","M2","C4620083","7","367","C4620083 M2","baseline",0.0266078998176783,"367 baseline","7 baseline"
"8352","M2","C4620083","7","368","C4620083 M2","baseline",0.0263496615485597,"368 baseline","7 baseline"
"8353","M2","C4620083","7","369","C4620083 M2","baseline",0.0258297929661499,"369 baseline","7 baseline"
"8354","M2","C4620083","7","370","C4620083 M2","baseline",0.0257890176806222,"370 baseline","7 baseline"
"8355","M2","C4620083","7","371","C4620083 M2","baseline",0.0257476419603437,"371 baseline","7 baseline"
"8356","M2","C4620083","7","372","C4620083 M2","baseline",0.0255451882500858,"372 baseline","7 baseline"
"8357","M2","C4620083","7","373","C4620083 M2","baseline",0.0254613994395868,"373 baseline","7 baseline"
"8358","M2","C4620083","7","374","C4620083 M2","baseline",0.0251294504996639,"374 baseline","7 baseline"
"8359","M2","C4620083","7","375","C4620083 M2","baseline",0.0248971497972829,"375 baseline","7 baseline"
"8360","M2","C4620083","7","376","C4620083 M2","baseline",0.0248962216055652,"376 baseline","7 baseline"
"8361","M2","C4620083","7","377","C4620083 M2","baseline",0.0238834756113068,"377 baseline","7 baseline"
"8362","M2","C4620083","7","378","C4620083 M2","baseline",0.0236646266460588,"378 baseline","7 baseline"
"8363","M2","C4620083","7","379","C4620083 M2","baseline",0.0234649246502332,"379 baseline","7 baseline"
"8364","M2","C4620083","7","380","C4620083 M2","baseline",0.0231083070990973,"380 baseline","7 baseline"
"8365","M2","C4620083","7","381","C4620083 M2","baseline",0.0229694358832425,"381 baseline","7 baseline"
"8366","M2","C4620083","7","382","C4620083 M2","baseline",0.0228248400082566,"382 baseline","7 baseline"
"8367","M2","C4620083","7","383","C4620083 M2","baseline",0.0225565945853719,"383 baseline","7 baseline"
"8368","M2","C4620083","7","384","C4620083 M2","baseline",0.0224028678791871,"384 baseline","7 baseline"
"8369","M2","C4620083","7","385","C4620083 M2","baseline",0.0222094331569053,"385 baseline","7 baseline"
"8370","M2","C4620083","7","386","C4620083 M2","baseline",0.0221550356773399,"386 baseline","7 baseline"
"8371","M2","C4620083","7","387","C4620083 M2","baseline",0.0215987150553823,"387 baseline","7 baseline"
"8372","M2","C4620083","7","388","C4620083 M2","baseline",0.0211947183183776,"388 baseline","7 baseline"
"8373","M2","C4620083","7","389","C4620083 M2","baseline",0.0208199732183245,"389 baseline","7 baseline"
"8374","M2","C4620083","7","390","C4620083 M2","baseline",0.0207198011691385,"390 baseline","7 baseline"
"8375","M2","C4620083","7","391","C4620083 M2","baseline",0.0205808962145631,"391 baseline","7 baseline"
"8376","M2","C4620083","7","392","C4620083 M2","baseline",0.0205696012526782,"392 baseline","7 baseline"
"8377","M2","C4620083","7","393","C4620083 M2","baseline",0.019749966690883,"393 baseline","7 baseline"
"8378","M2","C4620083","7","394","C4620083 M2","baseline",0.0196351649409799,"394 baseline","7 baseline"
"8379","M2","C4620083","7","395","C4620083 M2","baseline",0.0193937200753512,"395 baseline","7 baseline"
"8380","M2","C4620083","7","396","C4620083 M2","baseline",0.0192725332086385,"396 baseline","7 baseline"
"8381","M2","C4620083","7","397","C4620083 M2","baseline",0.0187760942269904,"397 baseline","7 baseline"
"8382","M2","C4620083","7","398","C4620083 M2","baseline",0.0185190819942385,"398 baseline","7 baseline"
"8383","M2","C4620083","7","399","C4620083 M2","baseline",0.0184555212545982,"399 baseline","7 baseline"
"8384","M2","C4620083","7","400","C4620083 M2","baseline",0.0182297554467611,"400 baseline","7 baseline"
"8385","M2","C4620083","7","401","C4620083 M2","baseline",0.0179824650563093,"401 baseline","7 baseline"
"8386","M2","C4620083","7","402","C4620083 M2","baseline",0.0179726349531684,"402 baseline","7 baseline"
"8387","M2","C4620083","7","403","C4620083 M2","baseline",0.0179131392659642,"403 baseline","7 baseline"
"8388","M2","C4620083","7","404","C4620083 M2","baseline",0.0176046579907395,"404 baseline","7 baseline"
"8389","M2","C4620083","7","405","C4620083 M2","baseline",0.0172124982161935,"405 baseline","7 baseline"
"8390","M2","C4620083","7","406","C4620083 M2","baseline",0.0171824616899699,"406 baseline","7 baseline"
"8391","M2","C4620083","7","407","C4620083 M2","baseline",0.0166869279495617,"407 baseline","7 baseline"
"8392","M2","C4620083","7","408","C4620083 M2","baseline",0.0166071123595636,"408 baseline","7 baseline"
"8393","M2","C4620083","7","409","C4620083 M2","baseline",0.0165306534810031,"409 baseline","7 baseline"
"8394","M2","C4620083","7","410","C4620083 M2","baseline",0.0164724773078174,"410 baseline","7 baseline"
"8395","M2","C4620083","7","411","C4620083 M2","baseline",0.0163941673071254,"411 baseline","7 baseline"
"8396","M2","C4620083","7","412","C4620083 M2","baseline",0.0155769972295107,"412 baseline","7 baseline"
"8397","M2","C4620083","7","413","C4620083 M2","baseline",0.0155612049608735,"413 baseline","7 baseline"
"8398","M2","C4620083","7","414","C4620083 M2","baseline",0.015118233401552,"414 baseline","7 baseline"
"8399","M2","C4620083","7","415","C4620083 M2","baseline",0.0150897538702778,"415 baseline","7 baseline"
"8400","M2","C4620083","7","416","C4620083 M2","baseline",0.0150453100643349,"416 baseline","7 baseline"
"8401","M2","C4620083","7","417","C4620083 M2","baseline",0.0149565597875255,"417 baseline","7 baseline"
"8402","M2","C4620083","7","418","C4620083 M2","baseline",0.0146585592188898,"418 baseline","7 baseline"
"8403","M2","C4620083","7","419","C4620083 M2","baseline",0.0144668105085409,"419 baseline","7 baseline"
"8404","M2","C4620083","7","420","C4620083 M2","baseline",0.0143952220140034,"420 baseline","7 baseline"
"8405","M2","C4620083","7","421","C4620083 M2","baseline",0.0142309858117251,"421 baseline","7 baseline"
"8406","M2","C4620083","7","422","C4620083 M2","baseline",0.0137180789911762,"422 baseline","7 baseline"
"8407","M2","C4620083","7","423","C4620083 M2","baseline",0.0136046612854706,"423 baseline","7 baseline"
"8408","M2","C4620083","7","424","C4620083 M2","baseline",0.013532152458447,"424 baseline","7 baseline"
"8409","M2","C4620083","7","425","C4620083 M2","baseline",0.0132313486027053,"425 baseline","7 baseline"
"8410","M2","C4620083","7","426","C4620083 M2","baseline",0.0131263074237258,"426 baseline","7 baseline"
"8411","M2","C4620083","7","427","C4620083 M2","baseline",0.0127228053435217,"427 baseline","7 baseline"
"8412","M2","C4620083","7","428","C4620083 M2","baseline",0.0124619320592049,"428 baseline","7 baseline"
"8413","M2","C4620083","7","429","C4620083 M2","baseline",0.0122389741424654,"429 baseline","7 baseline"
"8414","M2","C4620083","7","430","C4620083 M2","baseline",0.0120701223832915,"430 baseline","7 baseline"
"8415","M2","C4620083","7","431","C4620083 M2","baseline",0.0120301087847645,"431 baseline","7 baseline"
"8416","M2","C4620083","7","432","C4620083 M2","baseline",0.0115170288517625,"432 baseline","7 baseline"
"8417","M2","C4620083","7","433","C4620083 M2","baseline",0.0113755997094209,"433 baseline","7 baseline"
"8418","M2","C4620083","7","434","C4620083 M2","baseline",0.0112449825301248,"434 baseline","7 baseline"
"8419","M2","C4620083","7","435","C4620083 M2","baseline",0.0108636622804777,"435 baseline","7 baseline"
"8420","M2","C4620083","7","436","C4620083 M2","baseline",0.010845455959956,"436 baseline","7 baseline"
"8421","M2","C4620083","7","437","C4620083 M2","baseline",0.0106213733050456,"437 baseline","7 baseline"
"8422","M2","C4620083","7","438","C4620083 M2","baseline",0.0102316053303296,"438 baseline","7 baseline"
"8423","M2","C4620083","7","439","C4620083 M2","baseline",0.0101843797633779,"439 baseline","7 baseline"
"8424","M2","C4620083","7","440","C4620083 M2","baseline",0.00998887928456901,"440 baseline","7 baseline"
"8425","M2","C4620083","7","441","C4620083 M2","baseline",0.00989793409345555,"441 baseline","7 baseline"
"8426","M2","C4620083","7","442","C4620083 M2","baseline",0.00936469918327758,"442 baseline","7 baseline"
"8427","M2","C4620083","7","443","C4620083 M2","baseline",0.00830521813634738,"443 baseline","7 baseline"
"8428","M2","C4620083","7","444","C4620083 M2","baseline",0.00767114454950073,"444 baseline","7 baseline"
"8429","M2","C4620083","7","445","C4620083 M2","baseline",0.00719460931211121,"445 baseline","7 baseline"
"8430","M2","C4620083","7","446","C4620083 M2","baseline",0.00687935308908875,"446 baseline","7 baseline"
"8431","M2","C4620083","7","447","C4620083 M2","baseline",0.00683702276597845,"447 baseline","7 baseline"
"8432","M2","C4620083","7","448","C4620083 M2","baseline",0.00606276306390654,"448 baseline","7 baseline"
"8433","M2","C4620083","7","449","C4620083 M2","baseline",0.0057973536999212,"449 baseline","7 baseline"
"8434","M2","C4620083","7","450","C4620083 M2","baseline",0.00578876384768984,"450 baseline","7 baseline"
"8435","M2","C4620083","7","451","C4620083 M2","baseline",0.00508822600665996,"451 baseline","7 baseline"
"8436","M2","C4620083","7","452","C4620083 M2","baseline",0.00391946693512814,"452 baseline","7 baseline"
"8437","M2","C4620083","7","453","C4620083 M2","baseline",0.00372354787607344,"453 baseline","7 baseline"
"8438","M2","C4620083","7","454","C4620083 M2","baseline",0.00361969985204695,"454 baseline","7 baseline"
"8439","M2","C4620083","7","455","C4620083 M2","baseline",0.0035366260049844,"455 baseline","7 baseline"
"8440","M2","C4620083","7","456","C4620083 M2","baseline",0.00326645558352498,"456 baseline","7 baseline"
"8441","M2","C4620083","7","457","C4620083 M2","baseline",0.00315192906527884,"457 baseline","7 baseline"
"8442","M2","C4620083","7","458","C4620083 M2","baseline",0.00256480371388187,"458 baseline","7 baseline"
"8443","M2","C4620083","7","459","C4620083 M2","baseline",0.00242494807294744,"459 baseline","7 baseline"
"8444","M2","C4620083","7","460","C4620083 M2","baseline",0.00212950014140443,"460 baseline","7 baseline"
"8445","M2","C4620083","7","461","C4620083 M2","baseline",0.00181787144029879,"461 baseline","7 baseline"
"8446","M2","C4620083","7","462","C4620083 M2","baseline",0.00148309292518348,"462 baseline","7 baseline"
"8447","M2","C4620083","7","463","C4620083 M2","baseline",0.0013683074953915,"463 baseline","7 baseline"
"8448","M2","C4620083","7","464","C4620083 M2","baseline",0.000834999665160313,"464 baseline","7 baseline"
"8449","M2","C4620083","7","465","C4620083 M2","baseline",0.000766989426387373,"465 baseline","7 baseline"
"8450","M2","C4620083","7","466","C4620083 M2","baseline",0.000675244582024327,"466 baseline","7 baseline"
"8451","M2","C4620083","7","467","C4620083 M2","baseline",0.000236630223482331,"467 baseline","7 baseline"
"8452","M2","C4620083","7","468","C4620083 M2","baseline",0.000205579542779323,"468 baseline","7 baseline"
"8453","M2","C4620083","7","469","C4620083 M2","baseline",0.000194224372388682,"469 baseline","7 baseline"
"8454","M2","C4620083","7","470","C4620083 M2","baseline",0.000102847954226179,"470 baseline","7 baseline"
"8455","M2","C4620083","7","471","C4620083 M2","baseline",6.41139114119715e-05,"471 baseline","7 baseline"
"8456","M2","C4620083","7","472","C4620083 M2","baseline",-3.05193469325776e-05,"472 baseline","7 baseline"
"8457","M2","C4620083","7","473","C4620083 M2","baseline",-0.000859229557069484,"473 baseline","7 baseline"
"8458","M2","C4620083","7","474","C4620083 M2","baseline",-0.000902795360894751,"474 baseline","7 baseline"
"8459","M2","C4620083","7","475","C4620083 M2","baseline",-0.00105133251851519,"475 baseline","7 baseline"
"8460","M2","C4620083","7","476","C4620083 M2","baseline",-0.00137101813658865,"476 baseline","7 baseline"
"8461","M2","C4620083","7","477","C4620083 M2","baseline",-0.00276035319706265,"477 baseline","7 baseline"
"8462","M2","C4620083","7","478","C4620083 M2","baseline",-0.00303965171381738,"478 baseline","7 baseline"
"8463","M2","C4620083","7","479","C4620083 M2","baseline",-0.00349992940671666,"479 baseline","7 baseline"
"8464","M2","C4620083","7","480","C4620083 M2","baseline",-0.00503916751926244,"480 baseline","7 baseline"
"8465","M2","C4620083","7","481","C4620083 M2","baseline",-0.0054450221201128,"481 baseline","7 baseline"
"8466","M2","C4620083","7","482","C4620083 M2","baseline",-0.00599454744867252,"482 baseline","7 baseline"
"8467","M2","C4620083","7","483","C4620083 M2","baseline",-0.00603629238630007,"483 baseline","7 baseline"
"8468","M2","C4620083","7","484","C4620083 M2","baseline",-0.00621804799988399,"484 baseline","7 baseline"
"8469","M2","C4620083","7","485","C4620083 M2","baseline",-0.0062574727688015,"485 baseline","7 baseline"
"8470","M2","C4620083","7","486","C4620083 M2","baseline",-0.00645432674003734,"486 baseline","7 baseline"
"8471","M2","C4620083","7","487","C4620083 M2","baseline",-0.00663709824561033,"487 baseline","7 baseline"
"8472","M2","C4620083","7","488","C4620083 M2","baseline",-0.00677390316426873,"488 baseline","7 baseline"
"8473","M2","C4620083","7","489","C4620083 M2","baseline",-0.00683342409246704,"489 baseline","7 baseline"
"8474","M2","C4620083","7","490","C4620083 M2","baseline",-0.00975974975379756,"490 baseline","7 baseline"
"8475","M2","C4620083","7","491","C4620083 M2","baseline",-0.00988304899690321,"491 baseline","7 baseline"
"8476","M2","C4620083","7","492","C4620083 M2","baseline",-0.0109989067032722,"492 baseline","7 baseline"
"8477","M2","C4620083","7","493","C4620083 M2","baseline",-0.0111270275734669,"493 baseline","7 baseline"
"8478","M2","C4620083","7","494","C4620083 M2","baseline",-0.0117825435363505,"494 baseline","7 baseline"
"8479","M2","C4620083","7","495","C4620083 M2","baseline",-0.0119748194080557,"495 baseline","7 baseline"
"8480","M2","C4620083","7","496","C4620083 M2","baseline",-0.0124669116573789,"496 baseline","7 baseline"
"8481","M2","C4620083","7","497","C4620083 M2","baseline",-0.0125084730467381,"497 baseline","7 baseline"
"8482","M2","C4620083","7","498","C4620083 M2","baseline",-0.0151532215285161,"498 baseline","7 baseline"
"8483","M2","C4620083","7","499","C4620083 M2","baseline",-0.016763631973104,"499 baseline","7 baseline"
"8484","M2","C4620083","7","500","C4620083 M2","baseline",-0.0196168648718479,"500 baseline","7 baseline"
"8485","M2","C4620083","7","501","C4620083 M2","baseline",-0.020187582044491,"501 baseline","7 baseline"
"8486","M2","C4620083","7","502","C4620083 M2","baseline",-0.0204366987962165,"502 baseline","7 baseline"
"8487","M2","C4620083","7","503","C4620083 M2","baseline",-0.0209611559933774,"503 baseline","7 baseline"
"8488","M2","C4620083","7","504","C4620083 M2","baseline",-0.0237198240700623,"504 baseline","7 baseline"
"8489","M2","C4620083","7","505","C4620083 M2","baseline",-0.0249569266058358,"505 baseline","7 baseline"
"8490","M2","C4620083","7","506","C4620083 M2","baseline",-0.0265660955092162,"506 baseline","7 baseline"
"8491","M2","C4620083","7","507","C4620083 M2","baseline",-0.0289541645100276,"507 baseline","7 baseline"
"8492","M2","C4620083","7","508","C4620083 M2","baseline",-0.0299417296680206,"508 baseline","7 baseline"
"8493","M2","C4620083","7","509","C4620083 M2","baseline",-0.030960358010411,"509 baseline","7 baseline"
"8494","M2","C4620083","7","510","C4620083 M2","baseline",-0.0315980810982064,"510 baseline","7 baseline"
"8495","M3","C4620083","7","0","C4620083 M3","baseline",0.450215357281028,"0 baseline","7 baseline"
"8496","M3","C4620083","7","1","C4620083 M3","baseline",0.447116936103522,"1 baseline","7 baseline"
"8497","M3","C4620083","7","2","C4620083 M3","baseline",0.439621868643583,"2 baseline","7 baseline"
"8498","M3","C4620083","7","3","C4620083 M3","baseline",0.433646936392278,"3 baseline","7 baseline"
"8499","M3","C4620083","7","4","C4620083 M3","baseline",0.433286449677236,"4 baseline","7 baseline"
"8500","M3","C4620083","7","5","C4620083 M3","baseline",0.433269911825162,"5 baseline","7 baseline"
"8501","M3","C4620083","7","6","C4620083 M3","baseline",0.432443037521666,"6 baseline","7 baseline"
"8502","M3","C4620083","7","7","C4620083 M3","baseline",0.432388112685559,"7 baseline","7 baseline"
"8503","M3","C4620083","7","8","C4620083 M3","baseline",0.430425733888374,"8 baseline","7 baseline"
"8504","M3","C4620083","7","9","C4620083 M3","baseline",0.421416140089096,"9 baseline","7 baseline"
"8505","M3","C4620083","7","10","C4620083 M3","baseline",0.420874338319332,"10 baseline","7 baseline"
"8506","M3","C4620083","7","11","C4620083 M3","baseline",0.417671697573486,"11 baseline","7 baseline"
"8507","M3","C4620083","7","12","C4620083 M3","baseline",0.415580458412253,"12 baseline","7 baseline"
"8508","M3","C4620083","7","13","C4620083 M3","baseline",0.415240741895112,"13 baseline","7 baseline"
"8509","M3","C4620083","7","14","C4620083 M3","baseline",0.414191369888854,"14 baseline","7 baseline"
"8510","M3","C4620083","7","15","C4620083 M3","baseline",0.412196990413584,"15 baseline","7 baseline"
"8511","M3","C4620083","7","16","C4620083 M3","baseline",0.411733247132023,"16 baseline","7 baseline"
"8512","M3","C4620083","7","17","C4620083 M3","baseline",0.411587730168584,"17 baseline","7 baseline"
"8513","M3","C4620083","7","18","C4620083 M3","baseline",0.408252907765581,"18 baseline","7 baseline"
"8514","M3","C4620083","7","19","C4620083 M3","baseline",0.404277199749638,"19 baseline","7 baseline"
"8515","M3","C4620083","7","20","C4620083 M3","baseline",0.403872819349402,"20 baseline","7 baseline"
"8516","M3","C4620083","7","21","C4620083 M3","baseline",0.401406204799746,"21 baseline","7 baseline"
"8517","M3","C4620083","7","22","C4620083 M3","baseline",0.399904683610986,"22 baseline","7 baseline"
"8518","M3","C4620083","7","23","C4620083 M3","baseline",0.399268184610616,"23 baseline","7 baseline"
"8519","M3","C4620083","7","24","C4620083 M3","baseline",0.398132017634947,"24 baseline","7 baseline"
"8520","M3","C4620083","7","25","C4620083 M3","baseline",0.397875705991625,"25 baseline","7 baseline"
"8521","M3","C4620083","7","26","C4620083 M3","baseline",0.397605564496708,"26 baseline","7 baseline"
"8522","M3","C4620083","7","27","C4620083 M3","baseline",0.397057973318149,"27 baseline","7 baseline"
"8523","M3","C4620083","7","28","C4620083 M3","baseline",0.395688994627725,"28 baseline","7 baseline"
"8524","M3","C4620083","7","29","C4620083 M3","baseline",0.394607229705745,"29 baseline","7 baseline"
"8525","M3","C4620083","7","30","C4620083 M3","baseline",0.39270198079639,"30 baseline","7 baseline"
"8526","M3","C4620083","7","31","C4620083 M3","baseline",0.392119041859843,"31 baseline","7 baseline"
"8527","M3","C4620083","7","32","C4620083 M3","baseline",0.390273156350524,"32 baseline","7 baseline"
"8528","M3","C4620083","7","33","C4620083 M3","baseline",0.389750799186855,"33 baseline","7 baseline"
"8529","M3","C4620083","7","34","C4620083 M3","baseline",0.387855487189894,"34 baseline","7 baseline"
"8530","M3","C4620083","7","35","C4620083 M3","baseline",0.38587535392804,"35 baseline","7 baseline"
"8531","M3","C4620083","7","36","C4620083 M3","baseline",0.382668096458197,"36 baseline","7 baseline"
"8532","M3","C4620083","7","37","C4620083 M3","baseline",0.381592059304692,"37 baseline","7 baseline"
"8533","M3","C4620083","7","38","C4620083 M3","baseline",0.381354286997161,"38 baseline","7 baseline"
"8534","M3","C4620083","7","39","C4620083 M3","baseline",0.379923036993065,"39 baseline","7 baseline"
"8535","M3","C4620083","7","40","C4620083 M3","baseline",0.379053858310542,"40 baseline","7 baseline"
"8536","M3","C4620083","7","41","C4620083 M3","baseline",0.377761821296208,"41 baseline","7 baseline"
"8537","M3","C4620083","7","42","C4620083 M3","baseline",0.37763681080025,"42 baseline","7 baseline"
"8538","M3","C4620083","7","43","C4620083 M3","baseline",0.3767798764263,"43 baseline","7 baseline"
"8539","M3","C4620083","7","44","C4620083 M3","baseline",0.376112909122711,"44 baseline","7 baseline"
"8540","M3","C4620083","7","45","C4620083 M3","baseline",0.375355330175435,"45 baseline","7 baseline"
"8541","M3","C4620083","7","46","C4620083 M3","baseline",0.375036185244255,"46 baseline","7 baseline"
"8542","M3","C4620083","7","47","C4620083 M3","baseline",0.374597228324802,"47 baseline","7 baseline"
"8543","M3","C4620083","7","48","C4620083 M3","baseline",0.374437548877375,"48 baseline","7 baseline"
"8544","M3","C4620083","7","49","C4620083 M3","baseline",0.37436725652756,"49 baseline","7 baseline"
"8545","M3","C4620083","7","50","C4620083 M3","baseline",0.371523515365454,"50 baseline","7 baseline"
"8546","M3","C4620083","7","51","C4620083 M3","baseline",0.371445063599592,"51 baseline","7 baseline"
"8547","M3","C4620083","7","52","C4620083 M3","baseline",0.369474710826225,"52 baseline","7 baseline"
"8548","M3","C4620083","7","53","C4620083 M3","baseline",0.369354860868899,"53 baseline","7 baseline"
"8549","M3","C4620083","7","54","C4620083 M3","baseline",0.36830860991421,"54 baseline","7 baseline"
"8550","M3","C4620083","7","55","C4620083 M3","baseline",0.36786535835736,"55 baseline","7 baseline"
"8551","M3","C4620083","7","56","C4620083 M3","baseline",0.367648756688332,"56 baseline","7 baseline"
"8552","M3","C4620083","7","57","C4620083 M3","baseline",0.367645388722346,"57 baseline","7 baseline"
"8553","M3","C4620083","7","58","C4620083 M3","baseline",0.367356908749827,"58 baseline","7 baseline"
"8554","M3","C4620083","7","59","C4620083 M3","baseline",0.366586471499885,"59 baseline","7 baseline"
"8555","M3","C4620083","7","60","C4620083 M3","baseline",0.363948796080307,"60 baseline","7 baseline"
"8556","M3","C4620083","7","61","C4620083 M3","baseline",0.363281499969122,"61 baseline","7 baseline"
"8557","M3","C4620083","7","62","C4620083 M3","baseline",0.362380444665949,"62 baseline","7 baseline"
"8558","M3","C4620083","7","63","C4620083 M3","baseline",0.362008710315676,"63 baseline","7 baseline"
"8559","M3","C4620083","7","64","C4620083 M3","baseline",0.361461453454148,"64 baseline","7 baseline"
"8560","M3","C4620083","7","65","C4620083 M3","baseline",0.361236232156768,"65 baseline","7 baseline"
"8561","M3","C4620083","7","66","C4620083 M3","baseline",0.359198828382235,"66 baseline","7 baseline"
"8562","M3","C4620083","7","67","C4620083 M3","baseline",0.358004002362102,"67 baseline","7 baseline"
"8563","M3","C4620083","7","68","C4620083 M3","baseline",0.357593894196694,"68 baseline","7 baseline"
"8564","M3","C4620083","7","69","C4620083 M3","baseline",0.356728260565926,"69 baseline","7 baseline"
"8565","M3","C4620083","7","70","C4620083 M3","baseline",0.356560091769196,"70 baseline","7 baseline"
"8566","M3","C4620083","7","71","C4620083 M3","baseline",0.355920274580047,"71 baseline","7 baseline"
"8567","M3","C4620083","7","72","C4620083 M3","baseline",0.353694615891041,"72 baseline","7 baseline"
"8568","M3","C4620083","7","73","C4620083 M3","baseline",0.352740843010048,"73 baseline","7 baseline"
"8569","M3","C4620083","7","74","C4620083 M3","baseline",0.351463141952298,"74 baseline","7 baseline"
"8570","M3","C4620083","7","75","C4620083 M3","baseline",0.350959505083641,"75 baseline","7 baseline"
"8571","M3","C4620083","7","76","C4620083 M3","baseline",0.35043926595782,"76 baseline","7 baseline"
"8572","M3","C4620083","7","77","C4620083 M3","baseline",0.348892548527609,"77 baseline","7 baseline"
"8573","M3","C4620083","7","78","C4620083 M3","baseline",0.348479990964875,"78 baseline","7 baseline"
"8574","M3","C4620083","7","79","C4620083 M3","baseline",0.348252369533144,"79 baseline","7 baseline"
"8575","M3","C4620083","7","80","C4620083 M3","baseline",0.346824130246185,"80 baseline","7 baseline"
"8576","M3","C4620083","7","81","C4620083 M3","baseline",0.345763893518469,"81 baseline","7 baseline"
"8577","M3","C4620083","7","82","C4620083 M3","baseline",0.345696977762064,"82 baseline","7 baseline"
"8578","M3","C4620083","7","83","C4620083 M3","baseline",0.345125665290333,"83 baseline","7 baseline"
"8579","M3","C4620083","7","84","C4620083 M3","baseline",0.343881123646227,"84 baseline","7 baseline"
"8580","M3","C4620083","7","85","C4620083 M3","baseline",0.343818784117387,"85 baseline","7 baseline"
"8581","M3","C4620083","7","86","C4620083 M3","baseline",0.343243235984892,"86 baseline","7 baseline"
"8582","M3","C4620083","7","87","C4620083 M3","baseline",0.343195768631854,"87 baseline","7 baseline"
"8583","M3","C4620083","7","88","C4620083 M3","baseline",0.34285979677464,"88 baseline","7 baseline"
"8584","M3","C4620083","7","89","C4620083 M3","baseline",0.342742315443744,"89 baseline","7 baseline"
"8585","M3","C4620083","7","90","C4620083 M3","baseline",0.341390507342563,"90 baseline","7 baseline"
"8586","M3","C4620083","7","91","C4620083 M3","baseline",0.341035780306537,"91 baseline","7 baseline"
"8587","M3","C4620083","7","92","C4620083 M3","baseline",0.339845843491553,"92 baseline","7 baseline"
"8588","M3","C4620083","7","93","C4620083 M3","baseline",0.339096073128101,"93 baseline","7 baseline"
"8589","M3","C4620083","7","94","C4620083 M3","baseline",0.338659203525546,"94 baseline","7 baseline"
"8590","M3","C4620083","7","95","C4620083 M3","baseline",0.338574821061504,"95 baseline","7 baseline"
"8591","M3","C4620083","7","96","C4620083 M3","baseline",0.338409099292741,"96 baseline","7 baseline"
"8592","M3","C4620083","7","97","C4620083 M3","baseline",0.337193075904139,"97 baseline","7 baseline"
"8593","M3","C4620083","7","98","C4620083 M3","baseline",0.335258488018309,"98 baseline","7 baseline"
"8594","M3","C4620083","7","99","C4620083 M3","baseline",0.33493222420914,"99 baseline","7 baseline"
"8595","M3","C4620083","7","100","C4620083 M3","baseline",0.334698525916021,"100 baseline","7 baseline"
"8596","M3","C4620083","7","101","C4620083 M3","baseline",0.33383703151073,"101 baseline","7 baseline"
"8597","M3","C4620083","7","102","C4620083 M3","baseline",0.333361419306344,"102 baseline","7 baseline"
"8598","M3","C4620083","7","103","C4620083 M3","baseline",0.330895083825513,"103 baseline","7 baseline"
"8599","M3","C4620083","7","104","C4620083 M3","baseline",0.330449509146903,"104 baseline","7 baseline"
"8600","M3","C4620083","7","105","C4620083 M3","baseline",0.32983972628014,"105 baseline","7 baseline"
"8601","M3","C4620083","7","106","C4620083 M3","baseline",0.329484022449215,"106 baseline","7 baseline"
"8602","M3","C4620083","7","107","C4620083 M3","baseline",0.326424329598252,"107 baseline","7 baseline"
"8603","M3","C4620083","7","108","C4620083 M3","baseline",0.324705859703021,"108 baseline","7 baseline"
"8604","M3","C4620083","7","109","C4620083 M3","baseline",0.324647254253929,"109 baseline","7 baseline"
"8605","M3","C4620083","7","110","C4620083 M3","baseline",0.32313526527117,"110 baseline","7 baseline"
"8606","M3","C4620083","7","111","C4620083 M3","baseline",0.322559645435362,"111 baseline","7 baseline"
"8607","M3","C4620083","7","112","C4620083 M3","baseline",0.322412454741889,"112 baseline","7 baseline"
"8608","M3","C4620083","7","113","C4620083 M3","baseline",0.322343348388475,"113 baseline","7 baseline"
"8609","M3","C4620083","7","114","C4620083 M3","baseline",0.321198186471955,"114 baseline","7 baseline"
"8610","M3","C4620083","7","115","C4620083 M3","baseline",0.318917838784709,"115 baseline","7 baseline"
"8611","M3","C4620083","7","116","C4620083 M3","baseline",0.315655129705607,"116 baseline","7 baseline"
"8612","M3","C4620083","7","117","C4620083 M3","baseline",0.313512703736578,"117 baseline","7 baseline"
"8613","M3","C4620083","7","118","C4620083 M3","baseline",0.312612196804279,"118 baseline","7 baseline"
"8614","M3","C4620083","7","119","C4620083 M3","baseline",0.312524453137442,"119 baseline","7 baseline"
"8615","M3","C4620083","7","120","C4620083 M3","baseline",0.311945628981887,"120 baseline","7 baseline"
"8616","M3","C4620083","7","121","C4620083 M3","baseline",0.311687473020878,"121 baseline","7 baseline"
"8617","M3","C4620083","7","122","C4620083 M3","baseline",0.311141456807088,"122 baseline","7 baseline"
"8618","M3","C4620083","7","123","C4620083 M3","baseline",0.31003269029224,"123 baseline","7 baseline"
"8619","M3","C4620083","7","124","C4620083 M3","baseline",0.309690982906076,"124 baseline","7 baseline"
"8620","M3","C4620083","7","125","C4620083 M3","baseline",0.309316963480866,"125 baseline","7 baseline"
"8621","M3","C4620083","7","126","C4620083 M3","baseline",0.30907299122361,"126 baseline","7 baseline"
"8622","M3","C4620083","7","127","C4620083 M3","baseline",0.306587851243154,"127 baseline","7 baseline"
"8623","M3","C4620083","7","128","C4620083 M3","baseline",0.306448406520212,"128 baseline","7 baseline"
"8624","M3","C4620083","7","129","C4620083 M3","baseline",0.305865039033092,"129 baseline","7 baseline"
"8625","M3","C4620083","7","130","C4620083 M3","baseline",0.304294910952253,"130 baseline","7 baseline"
"8626","M3","C4620083","7","131","C4620083 M3","baseline",0.302048278128404,"131 baseline","7 baseline"
"8627","M3","C4620083","7","132","C4620083 M3","baseline",0.299456271074586,"132 baseline","7 baseline"
"8628","M3","C4620083","7","133","C4620083 M3","baseline",0.299403091791286,"133 baseline","7 baseline"
"8629","M3","C4620083","7","134","C4620083 M3","baseline",0.299319525724045,"134 baseline","7 baseline"
"8630","M3","C4620083","7","135","C4620083 M3","baseline",0.297001246728529,"135 baseline","7 baseline"
"8631","M3","C4620083","7","136","C4620083 M3","baseline",0.296677861923313,"136 baseline","7 baseline"
"8632","M3","C4620083","7","137","C4620083 M3","baseline",0.296141710270603,"137 baseline","7 baseline"
"8633","M3","C4620083","7","138","C4620083 M3","baseline",0.295808504357362,"138 baseline","7 baseline"
"8634","M3","C4620083","7","139","C4620083 M3","baseline",0.295279120492041,"139 baseline","7 baseline"
"8635","M3","C4620083","7","140","C4620083 M3","baseline",0.293539322511301,"140 baseline","7 baseline"
"8636","M3","C4620083","7","141","C4620083 M3","baseline",0.293095742280006,"141 baseline","7 baseline"
"8637","M3","C4620083","7","142","C4620083 M3","baseline",0.293050989228761,"142 baseline","7 baseline"
"8638","M3","C4620083","7","143","C4620083 M3","baseline",0.292693688706165,"143 baseline","7 baseline"
"8639","M3","C4620083","7","144","C4620083 M3","baseline",0.288922017285104,"144 baseline","7 baseline"
"8640","M3","C4620083","7","145","C4620083 M3","baseline",0.288658052974271,"145 baseline","7 baseline"
"8641","M3","C4620083","7","146","C4620083 M3","baseline",0.288629419981746,"146 baseline","7 baseline"
"8642","M3","C4620083","7","147","C4620083 M3","baseline",0.287883654747811,"147 baseline","7 baseline"
"8643","M3","C4620083","7","148","C4620083 M3","baseline",0.285957653143382,"148 baseline","7 baseline"
"8644","M3","C4620083","7","149","C4620083 M3","baseline",0.284674697739666,"149 baseline","7 baseline"
"8645","M3","C4620083","7","150","C4620083 M3","baseline",0.28286377858656,"150 baseline","7 baseline"
"8646","M3","C4620083","7","151","C4620083 M3","baseline",0.281218326237294,"151 baseline","7 baseline"
"8647","M3","C4620083","7","152","C4620083 M3","baseline",0.280952090746164,"152 baseline","7 baseline"
"8648","M3","C4620083","7","153","C4620083 M3","baseline",0.279185338505685,"153 baseline","7 baseline"
"8649","M3","C4620083","7","154","C4620083 M3","baseline",0.279060099866983,"154 baseline","7 baseline"
"8650","M3","C4620083","7","155","C4620083 M3","baseline",0.278244112205929,"155 baseline","7 baseline"
"8651","M3","C4620083","7","156","C4620083 M3","baseline",0.277230810100454,"156 baseline","7 baseline"
"8652","M3","C4620083","7","157","C4620083 M3","baseline",0.276563679200447,"157 baseline","7 baseline"
"8653","M3","C4620083","7","158","C4620083 M3","baseline",0.27614742373115,"158 baseline","7 baseline"
"8654","M3","C4620083","7","159","C4620083 M3","baseline",0.275877126271536,"159 baseline","7 baseline"
"8655","M3","C4620083","7","160","C4620083 M3","baseline",0.275455569513872,"160 baseline","7 baseline"
"8656","M3","C4620083","7","161","C4620083 M3","baseline",0.274696162390024,"161 baseline","7 baseline"
"8657","M3","C4620083","7","162","C4620083 M3","baseline",0.27313335275139,"162 baseline","7 baseline"
"8658","M3","C4620083","7","163","C4620083 M3","baseline",0.271846793333771,"163 baseline","7 baseline"
"8659","M3","C4620083","7","164","C4620083 M3","baseline",0.271213850128793,"164 baseline","7 baseline"
"8660","M3","C4620083","7","165","C4620083 M3","baseline",0.270445272948438,"165 baseline","7 baseline"
"8661","M3","C4620083","7","166","C4620083 M3","baseline",0.268999831238772,"166 baseline","7 baseline"
"8662","M3","C4620083","7","167","C4620083 M3","baseline",0.268924378007247,"167 baseline","7 baseline"
"8663","M3","C4620083","7","168","C4620083 M3","baseline",0.268821711057995,"168 baseline","7 baseline"
"8664","M3","C4620083","7","169","C4620083 M3","baseline",0.267747435572344,"169 baseline","7 baseline"
"8665","M3","C4620083","7","170","C4620083 M3","baseline",0.267601238829518,"170 baseline","7 baseline"
"8666","M3","C4620083","7","171","C4620083 M3","baseline",0.265896969627593,"171 baseline","7 baseline"
"8667","M3","C4620083","7","172","C4620083 M3","baseline",0.26558318686623,"172 baseline","7 baseline"
"8668","M3","C4620083","7","173","C4620083 M3","baseline",0.263547411107293,"173 baseline","7 baseline"
"8669","M3","C4620083","7","174","C4620083 M3","baseline",0.263347929566074,"174 baseline","7 baseline"
"8670","M3","C4620083","7","175","C4620083 M3","baseline",0.262979952195462,"175 baseline","7 baseline"
"8671","M3","C4620083","7","176","C4620083 M3","baseline",0.262320915751029,"176 baseline","7 baseline"
"8672","M3","C4620083","7","177","C4620083 M3","baseline",0.262115863083548,"177 baseline","7 baseline"
"8673","M3","C4620083","7","178","C4620083 M3","baseline",0.262039470953575,"178 baseline","7 baseline"
"8674","M3","C4620083","7","179","C4620083 M3","baseline",0.261066108653231,"179 baseline","7 baseline"
"8675","M3","C4620083","7","180","C4620083 M3","baseline",0.260773194951225,"180 baseline","7 baseline"
"8676","M3","C4620083","7","181","C4620083 M3","baseline",0.259143915730205,"181 baseline","7 baseline"
"8677","M3","C4620083","7","182","C4620083 M3","baseline",0.258510540705831,"182 baseline","7 baseline"
"8678","M3","C4620083","7","183","C4620083 M3","baseline",0.257972097873926,"183 baseline","7 baseline"
"8679","M3","C4620083","7","184","C4620083 M3","baseline",0.257708032202982,"184 baseline","7 baseline"
"8680","M3","C4620083","7","185","C4620083 M3","baseline",0.257074144676978,"185 baseline","7 baseline"
"8681","M3","C4620083","7","186","C4620083 M3","baseline",0.257010530384899,"186 baseline","7 baseline"
"8682","M3","C4620083","7","187","C4620083 M3","baseline",0.256633486590505,"187 baseline","7 baseline"
"8683","M3","C4620083","7","188","C4620083 M3","baseline",0.255059593750523,"188 baseline","7 baseline"
"8684","M3","C4620083","7","189","C4620083 M3","baseline",0.254061024612249,"189 baseline","7 baseline"
"8685","M3","C4620083","7","190","C4620083 M3","baseline",0.253356590607398,"190 baseline","7 baseline"
"8686","M3","C4620083","7","191","C4620083 M3","baseline",0.252171225460655,"191 baseline","7 baseline"
"8687","M3","C4620083","7","192","C4620083 M3","baseline",0.249507262675474,"192 baseline","7 baseline"
"8688","M3","C4620083","7","193","C4620083 M3","baseline",0.248274584514428,"193 baseline","7 baseline"
"8689","M3","C4620083","7","194","C4620083 M3","baseline",0.247857659108557,"194 baseline","7 baseline"
"8690","M3","C4620083","7","195","C4620083 M3","baseline",0.247611675525158,"195 baseline","7 baseline"
"8691","M3","C4620083","7","196","C4620083 M3","baseline",0.247513501502398,"196 baseline","7 baseline"
"8692","M3","C4620083","7","197","C4620083 M3","baseline",0.24643219667279,"197 baseline","7 baseline"
"8693","M3","C4620083","7","198","C4620083 M3","baseline",0.246094622834535,"198 baseline","7 baseline"
"8694","M3","C4620083","7","199","C4620083 M3","baseline",0.243997098969487,"199 baseline","7 baseline"
"8695","M3","C4620083","7","200","C4620083 M3","baseline",0.240656955040493,"200 baseline","7 baseline"
"8696","M3","C4620083","7","201","C4620083 M3","baseline",0.239598068544041,"201 baseline","7 baseline"
"8697","M3","C4620083","7","202","C4620083 M3","baseline",0.238868583185031,"202 baseline","7 baseline"
"8698","M3","C4620083","7","203","C4620083 M3","baseline",0.238822007038622,"203 baseline","7 baseline"
"8699","M3","C4620083","7","204","C4620083 M3","baseline",0.238387192525544,"204 baseline","7 baseline"
"8700","M3","C4620083","7","205","C4620083 M3","baseline",0.237853672344322,"205 baseline","7 baseline"
"8701","M3","C4620083","7","206","C4620083 M3","baseline",0.237849608770901,"206 baseline","7 baseline"
"8702","M3","C4620083","7","207","C4620083 M3","baseline",0.236831911927837,"207 baseline","7 baseline"
"8703","M3","C4620083","7","208","C4620083 M3","baseline",0.236458673368053,"208 baseline","7 baseline"
"8704","M3","C4620083","7","209","C4620083 M3","baseline",0.23321341615351,"209 baseline","7 baseline"
"8705","M3","C4620083","7","210","C4620083 M3","baseline",0.231610480563658,"210 baseline","7 baseline"
"8706","M3","C4620083","7","211","C4620083 M3","baseline",0.231142412187724,"211 baseline","7 baseline"
"8707","M3","C4620083","7","212","C4620083 M3","baseline",0.228172135353965,"212 baseline","7 baseline"
"8708","M3","C4620083","7","213","C4620083 M3","baseline",0.227920513626921,"213 baseline","7 baseline"
"8709","M3","C4620083","7","214","C4620083 M3","baseline",0.224462034181364,"214 baseline","7 baseline"
"8710","M3","C4620083","7","215","C4620083 M3","baseline",0.224142575472673,"215 baseline","7 baseline"
"8711","M3","C4620083","7","216","C4620083 M3","baseline",0.22369725363276,"216 baseline","7 baseline"
"8712","M3","C4620083","7","217","C4620083 M3","baseline",0.221704373605656,"217 baseline","7 baseline"
"8713","M3","C4620083","7","218","C4620083 M3","baseline",0.220969652314441,"218 baseline","7 baseline"
"8714","M3","C4620083","7","219","C4620083 M3","baseline",0.220883346149479,"219 baseline","7 baseline"
"8715","M3","C4620083","7","220","C4620083 M3","baseline",0.219385663913243,"220 baseline","7 baseline"
"8716","M3","C4620083","7","221","C4620083 M3","baseline",0.218972198949714,"221 baseline","7 baseline"
"8717","M3","C4620083","7","222","C4620083 M3","baseline",0.217722678129101,"222 baseline","7 baseline"
"8718","M3","C4620083","7","223","C4620083 M3","baseline",0.216270030801273,"223 baseline","7 baseline"
"8719","M3","C4620083","7","224","C4620083 M3","baseline",0.215217083100566,"224 baseline","7 baseline"
"8720","M3","C4620083","7","225","C4620083 M3","baseline",0.214342559076539,"225 baseline","7 baseline"
"8721","M3","C4620083","7","226","C4620083 M3","baseline",0.214202308382158,"226 baseline","7 baseline"
"8722","M3","C4620083","7","227","C4620083 M3","baseline",0.214172441639871,"227 baseline","7 baseline"
"8723","M3","C4620083","7","228","C4620083 M3","baseline",0.213348189978936,"228 baseline","7 baseline"
"8724","M3","C4620083","7","229","C4620083 M3","baseline",0.212323839383622,"229 baseline","7 baseline"
"8725","M3","C4620083","7","230","C4620083 M3","baseline",0.211294574108937,"230 baseline","7 baseline"
"8726","M3","C4620083","7","231","C4620083 M3","baseline",0.211134600999326,"231 baseline","7 baseline"
"8727","M3","C4620083","7","232","C4620083 M3","baseline",0.208062482944462,"232 baseline","7 baseline"
"8728","M3","C4620083","7","233","C4620083 M3","baseline",0.20740274759159,"233 baseline","7 baseline"
"8729","M3","C4620083","7","234","C4620083 M3","baseline",0.207149592930972,"234 baseline","7 baseline"
"8730","M3","C4620083","7","235","C4620083 M3","baseline",0.205293843707973,"235 baseline","7 baseline"
"8731","M3","C4620083","7","236","C4620083 M3","baseline",0.205120174603468,"236 baseline","7 baseline"
"8732","M3","C4620083","7","237","C4620083 M3","baseline",0.204785700441967,"237 baseline","7 baseline"
"8733","M3","C4620083","7","238","C4620083 M3","baseline",0.201198724932505,"238 baseline","7 baseline"
"8734","M3","C4620083","7","239","C4620083 M3","baseline",0.20093339804661,"239 baseline","7 baseline"
"8735","M3","C4620083","7","240","C4620083 M3","baseline",0.200707117321046,"240 baseline","7 baseline"
"8736","M3","C4620083","7","241","C4620083 M3","baseline",0.195041521574191,"241 baseline","7 baseline"
"8737","M3","C4620083","7","242","C4620083 M3","baseline",0.194335448046548,"242 baseline","7 baseline"
"8738","M3","C4620083","7","243","C4620083 M3","baseline",0.194021960701025,"243 baseline","7 baseline"
"8739","M3","C4620083","7","244","C4620083 M3","baseline",0.189408763147054,"244 baseline","7 baseline"
"8740","M3","C4620083","7","245","C4620083 M3","baseline",0.186797427311088,"245 baseline","7 baseline"
"8741","M3","C4620083","7","246","C4620083 M3","baseline",0.186134917717169,"246 baseline","7 baseline"
"8742","M3","C4620083","7","247","C4620083 M3","baseline",0.185403851942077,"247 baseline","7 baseline"
"8743","M3","C4620083","7","248","C4620083 M3","baseline",0.183560390932528,"248 baseline","7 baseline"
"8744","M3","C4620083","7","249","C4620083 M3","baseline",0.181272456564622,"249 baseline","7 baseline"
"8745","M3","C4620083","7","250","C4620083 M3","baseline",0.180752004886031,"250 baseline","7 baseline"
"8746","M3","C4620083","7","251","C4620083 M3","baseline",0.180026918141392,"251 baseline","7 baseline"
"8747","M3","C4620083","7","252","C4620083 M3","baseline",0.176760289445473,"252 baseline","7 baseline"
"8748","M3","C4620083","7","253","C4620083 M3","baseline",0.176622380735888,"253 baseline","7 baseline"
"8749","M3","C4620083","7","254","C4620083 M3","baseline",0.17454391634161,"254 baseline","7 baseline"
"8750","M3","C4620083","7","255","C4620083 M3","baseline",0.173863414987367,"255 baseline","7 baseline"
"8751","M3","C4620083","7","256","C4620083 M3","baseline",0.173142115747215,"256 baseline","7 baseline"
"8752","M3","C4620083","7","257","C4620083 M3","baseline",0.171460292291322,"257 baseline","7 baseline"
"8753","M3","C4620083","7","258","C4620083 M3","baseline",0.170160245384753,"258 baseline","7 baseline"
"8754","M3","C4620083","7","259","C4620083 M3","baseline",0.169497054488109,"259 baseline","7 baseline"
"8755","M3","C4620083","7","260","C4620083 M3","baseline",0.169414773635129,"260 baseline","7 baseline"
"8756","M3","C4620083","7","261","C4620083 M3","baseline",0.167549671431533,"261 baseline","7 baseline"
"8757","M3","C4620083","7","262","C4620083 M3","baseline",0.166359068147235,"262 baseline","7 baseline"
"8758","M3","C4620083","7","263","C4620083 M3","baseline",0.163151423027256,"263 baseline","7 baseline"
"8759","M3","C4620083","7","264","C4620083 M3","baseline",0.161792518286421,"264 baseline","7 baseline"
"8760","M3","C4620083","7","265","C4620083 M3","baseline",0.158207669541322,"265 baseline","7 baseline"
"8761","M3","C4620083","7","266","C4620083 M3","baseline",0.151767156399112,"266 baseline","7 baseline"
"8762","M3","C4620083","7","267","C4620083 M3","baseline",0.150745577189411,"267 baseline","7 baseline"
"8763","M3","C4620083","7","268","C4620083 M3","baseline",0.150205985737443,"268 baseline","7 baseline"
"8764","M3","C4620083","7","269","C4620083 M3","baseline",0.15007872603107,"269 baseline","7 baseline"
"8765","M3","C4620083","7","270","C4620083 M3","baseline",0.149182019863333,"270 baseline","7 baseline"
"8766","M3","C4620083","7","271","C4620083 M3","baseline",0.148264670248161,"271 baseline","7 baseline"
"8767","M3","C4620083","7","272","C4620083 M3","baseline",0.144767307288225,"272 baseline","7 baseline"
"8768","M3","C4620083","7","273","C4620083 M3","baseline",0.144194290334386,"273 baseline","7 baseline"
"8769","M3","C4620083","7","274","C4620083 M3","baseline",0.143916954912533,"274 baseline","7 baseline"
"8770","M3","C4620083","7","275","C4620083 M3","baseline",0.140816713285594,"275 baseline","7 baseline"
"8771","M3","C4620083","7","276","C4620083 M3","baseline",0.136524423490248,"276 baseline","7 baseline"
"8772","M3","C4620083","7","277","C4620083 M3","baseline",0.13457082823132,"277 baseline","7 baseline"
"8773","M3","C4620083","7","278","C4620083 M3","baseline",0.131719306824338,"278 baseline","7 baseline"
"8774","M3","C4620083","7","279","C4620083 M3","baseline",0.127596882572267,"279 baseline","7 baseline"
"8775","M3","C4620083","7","280","C4620083 M3","baseline",0.126425958232741,"280 baseline","7 baseline"
"8776","M3","C4620083","7","281","C4620083 M3","baseline",0.125989064191642,"281 baseline","7 baseline"
"8777","M3","C4620083","7","282","C4620083 M3","baseline",0.125280417676827,"282 baseline","7 baseline"
"8778","M3","C4620083","7","283","C4620083 M3","baseline",0.123431494258392,"283 baseline","7 baseline"
"8779","M3","C4620083","7","284","C4620083 M3","baseline",0.12116639222462,"284 baseline","7 baseline"
"8780","M3","C4620083","7","285","C4620083 M3","baseline",0.120217694359878,"285 baseline","7 baseline"
"8781","M3","C4620083","7","286","C4620083 M3","baseline",0.119347178350149,"286 baseline","7 baseline"
"8782","M3","C4620083","7","287","C4620083 M3","baseline",0.119073522436912,"287 baseline","7 baseline"
"8783","M3","C4620083","7","288","C4620083 M3","baseline",0.119007249757039,"288 baseline","7 baseline"
"8784","M3","C4620083","7","289","C4620083 M3","baseline",0.116068541111554,"289 baseline","7 baseline"
"8785","M3","C4620083","7","290","C4620083 M3","baseline",0.115484255619581,"290 baseline","7 baseline"
"8786","M3","C4620083","7","291","C4620083 M3","baseline",0.114131898327324,"291 baseline","7 baseline"
"8787","M3","C4620083","7","292","C4620083 M3","baseline",0.11394101756617,"292 baseline","7 baseline"
"8788","M3","C4620083","7","293","C4620083 M3","baseline",0.111619804498987,"293 baseline","7 baseline"
"8789","M3","C4620083","7","294","C4620083 M3","baseline",0.108628122440191,"294 baseline","7 baseline"
"8790","M3","C4620083","7","295","C4620083 M3","baseline",0.107507866288085,"295 baseline","7 baseline"
"8791","M3","C4620083","7","296","C4620083 M3","baseline",0.0995762086733665,"296 baseline","7 baseline"
"8792","M3","C4620083","7","297","C4620083 M3","baseline",0.0910044329278706,"297 baseline","7 baseline"
"8793","M3","C4620083","7","298","C4620083 M3","baseline",0.0875440499956827,"298 baseline","7 baseline"
"8794","M3","C4620083","7","299","C4620083 M3","baseline",0.0811575400643425,"299 baseline","7 baseline"
"8795","M3","C4620083","7","300","C4620083 M3","baseline",0.0795664594748464,"300 baseline","7 baseline"
"8796","M3","C4620083","7","301","C4620083 M3","baseline",0.073481133948949,"301 baseline","7 baseline"
"8797","M3","C4620083","7","302","C4620083 M3","baseline",0.0729669430447799,"302 baseline","7 baseline"
"8798","M3","C4620083","7","303","C4620083 M3","baseline",0.0674198784860986,"303 baseline","7 baseline"
"8799","M3","C4620083","7","304","C4620083 M3","baseline",0.066572005961249,"304 baseline","7 baseline"
"8800","M3","C4620083","7","305","C4620083 M3","baseline",0.0587371419964892,"305 baseline","7 baseline"
"8801","M3","C4620083","7","306","C4620083 M3","baseline",0.0565360632416118,"306 baseline","7 baseline"
"8802","M3","C4620083","7","307","C4620083 M3","baseline",0.0534557602929332,"307 baseline","7 baseline"
"8803","M3","C4620083","7","308","C4620083 M3","baseline",0.0466166139365478,"308 baseline","7 baseline"
"8804","M3","C4620083","7","309","C4620083 M3","baseline",0.0396328170734899,"309 baseline","7 baseline"
"8805","M3","C4620083","7","310","C4620083 M3","baseline",0.0324470625935846,"310 baseline","7 baseline"
"8806","M3","C4620083","7","311","C4620083 M3","baseline",0.030104279268089,"311 baseline","7 baseline"
"8807","M3","C4620083","7","312","C4620083 M3","baseline",0.02778185271934,"312 baseline","7 baseline"
"8808","M3","C4620083","7","313","C4620083 M3","baseline",0.0266562779780915,"313 baseline","7 baseline"
"8809","M3","C4620083","7","314","C4620083 M3","baseline",0.02041617293796,"314 baseline","7 baseline"
"8810","M3","C4620083","7","315","C4620083 M3","baseline",0.0199729255056999,"315 baseline","7 baseline"
"8811","M3","C4620083","7","316","C4620083 M3","baseline",0.0189599208556205,"316 baseline","7 baseline"
"8812","M3","C4620083","7","317","C4620083 M3","baseline",0.015052437578414,"317 baseline","7 baseline"
"8813","M3","C4620083","7","318","C4620083 M3","baseline",0.00782048889109057,"318 baseline","7 baseline"
"8814","M3","C4620083","7","319","C4620083 M3","baseline",0.00627613723724972,"319 baseline","7 baseline"
"8815","M3","C4620083","7","320","C4620083 M3","baseline",0.00413642336145866,"320 baseline","7 baseline"
"8816","M3","C4620083","7","321","C4620083 M3","baseline",0.00353404317428693,"321 baseline","7 baseline"
"8817","M3","C4620083","7","322","C4620083 M3","baseline",0.00203350590677174,"322 baseline","7 baseline"
"8818","M3","C4620083","7","323","C4620083 M3","baseline",-0.00168490859148353,"323 baseline","7 baseline"
"8819","M3","C4620083","7","324","C4620083 M3","baseline",-0.00733077893732907,"324 baseline","7 baseline"
"8820","M3","C4620083","7","325","C4620083 M3","baseline",-0.0152382115850032,"325 baseline","7 baseline"
"8821","M3","C4620083","7","326","C4620083 M3","baseline",-0.0219093662787075,"326 baseline","7 baseline"
"8822","M3","C4620083","7","327","C4620083 M3","baseline",-0.0628192331643434,"327 baseline","7 baseline"
"8823","M4","C4620083","7","0","C4620083 M4","baseline",0.0764460931428749,"0 baseline","7 baseline"
"8824","M4","C4620083","7","1","C4620083 M4","baseline",0.0741510180465083,"1 baseline","7 baseline"
"8825","M4","C4620083","7","2","C4620083 M4","baseline",0.0698159271496215,"2 baseline","7 baseline"
"8826","M4","C4620083","7","3","C4620083 M4","baseline",0.0668852101313068,"3 baseline","7 baseline"
"8827","M4","C4620083","7","4","C4620083 M4","baseline",0.0650484597057436,"4 baseline","7 baseline"
"8828","M4","C4620083","7","5","C4620083 M4","baseline",0.0635075968677762,"5 baseline","7 baseline"
"8829","M4","C4620083","7","6","C4620083 M4","baseline",0.0621977010290744,"6 baseline","7 baseline"
"8830","M4","C4620083","7","7","C4620083 M4","baseline",0.0619679487697021,"7 baseline","7 baseline"
"8831","M4","C4620083","7","8","C4620083 M4","baseline",0.0616025202995215,"8 baseline","7 baseline"
"8832","M4","C4620083","7","9","C4620083 M4","baseline",0.0608399771880929,"9 baseline","7 baseline"
"8833","M4","C4620083","7","10","C4620083 M4","baseline",0.0594988864976315,"10 baseline","7 baseline"
"8834","M4","C4620083","7","11","C4620083 M4","baseline",0.0591770557294048,"11 baseline","7 baseline"
"8835","M4","C4620083","7","12","C4620083 M4","baseline",0.0591751844255353,"12 baseline","7 baseline"
"8836","M4","C4620083","7","13","C4620083 M4","baseline",0.0586477015893847,"13 baseline","7 baseline"
"8837","M4","C4620083","7","14","C4620083 M4","baseline",0.0577741307448336,"14 baseline","7 baseline"
"8838","M4","C4620083","7","15","C4620083 M4","baseline",0.0576671363248773,"15 baseline","7 baseline"
"8839","M4","C4620083","7","16","C4620083 M4","baseline",0.0574513175406939,"16 baseline","7 baseline"
"8840","M4","C4620083","7","17","C4620083 M4","baseline",0.0570859857172655,"17 baseline","7 baseline"
"8841","M4","C4620083","7","18","C4620083 M4","baseline",0.0565079205849411,"18 baseline","7 baseline"
"8842","M4","C4620083","7","19","C4620083 M4","baseline",0.0557089856837605,"19 baseline","7 baseline"
"8843","M4","C4620083","7","20","C4620083 M4","baseline",0.0555352579417115,"20 baseline","7 baseline"
"8844","M4","C4620083","7","21","C4620083 M4","baseline",0.05509988017087,"21 baseline","7 baseline"
"8845","M4","C4620083","7","22","C4620083 M4","baseline",0.054754694817372,"22 baseline","7 baseline"
"8846","M4","C4620083","7","23","C4620083 M4","baseline",0.053745691026119,"23 baseline","7 baseline"
"8847","M4","C4620083","7","24","C4620083 M4","baseline",0.0533371717265311,"24 baseline","7 baseline"
"8848","M4","C4620083","7","25","C4620083 M4","baseline",0.0529889258533811,"25 baseline","7 baseline"
"8849","M4","C4620083","7","26","C4620083 M4","baseline",0.0527366381032162,"26 baseline","7 baseline"
"8850","M4","C4620083","7","27","C4620083 M4","baseline",0.0525526801960462,"27 baseline","7 baseline"
"8851","M4","C4620083","7","28","C4620083 M4","baseline",0.0519475823957511,"28 baseline","7 baseline"
"8852","M4","C4620083","7","29","C4620083 M4","baseline",0.0518031557372478,"29 baseline","7 baseline"
"8853","M4","C4620083","7","30","C4620083 M4","baseline",0.0512476313892631,"30 baseline","7 baseline"
"8854","M4","C4620083","7","31","C4620083 M4","baseline",0.051129894157983,"31 baseline","7 baseline"
"8855","M4","C4620083","7","32","C4620083 M4","baseline",0.0510206273903711,"32 baseline","7 baseline"
"8856","M4","C4620083","7","33","C4620083 M4","baseline",0.0509556005767904,"33 baseline","7 baseline"
"8857","M4","C4620083","7","34","C4620083 M4","baseline",0.0508078959358358,"34 baseline","7 baseline"
"8858","M4","C4620083","7","35","C4620083 M4","baseline",0.0507218113887093,"35 baseline","7 baseline"
"8859","M4","C4620083","7","36","C4620083 M4","baseline",0.0503446794815288,"36 baseline","7 baseline"
"8860","M4","C4620083","7","37","C4620083 M4","baseline",0.050102214546662,"37 baseline","7 baseline"
"8861","M4","C4620083","7","38","C4620083 M4","baseline",0.0499278980185018,"38 baseline","7 baseline"
"8862","M4","C4620083","7","39","C4620083 M4","baseline",0.0494124888647576,"39 baseline","7 baseline"
"8863","M4","C4620083","7","40","C4620083 M4","baseline",0.0487814762938149,"40 baseline","7 baseline"
"8864","M4","C4620083","7","41","C4620083 M4","baseline",0.0487047376277598,"41 baseline","7 baseline"
"8865","M4","C4620083","7","42","C4620083 M4","baseline",0.0482821230380371,"42 baseline","7 baseline"
"8866","M4","C4620083","7","43","C4620083 M4","baseline",0.0479153615380925,"43 baseline","7 baseline"
"8867","M4","C4620083","7","44","C4620083 M4","baseline",0.0476824328662353,"44 baseline","7 baseline"
"8868","M4","C4620083","7","45","C4620083 M4","baseline",0.0473129138535915,"45 baseline","7 baseline"
"8869","M4","C4620083","7","46","C4620083 M4","baseline",0.0469048757612534,"46 baseline","7 baseline"
"8870","M4","C4620083","7","47","C4620083 M4","baseline",0.0462784066351063,"47 baseline","7 baseline"
"8871","M4","C4620083","7","48","C4620083 M4","baseline",0.0462292934965745,"48 baseline","7 baseline"
"8872","M4","C4620083","7","49","C4620083 M4","baseline",0.046155794099102,"49 baseline","7 baseline"
"8873","M4","C4620083","7","50","C4620083 M4","baseline",0.0461450869086865,"50 baseline","7 baseline"
"8874","M4","C4620083","7","51","C4620083 M4","baseline",0.0457517329067875,"51 baseline","7 baseline"
"8875","M4","C4620083","7","52","C4620083 M4","baseline",0.0457056092954591,"52 baseline","7 baseline"
"8876","M4","C4620083","7","53","C4620083 M4","baseline",0.0450781647993563,"53 baseline","7 baseline"
"8877","M4","C4620083","7","54","C4620083 M4","baseline",0.0447644226333666,"54 baseline","7 baseline"
"8878","M4","C4620083","7","55","C4620083 M4","baseline",0.0445182607087809,"55 baseline","7 baseline"
"8879","M4","C4620083","7","56","C4620083 M4","baseline",0.0443069266203085,"56 baseline","7 baseline"
"8880","M4","C4620083","7","57","C4620083 M4","baseline",0.0442757906460022,"57 baseline","7 baseline"
"8881","M4","C4620083","7","58","C4620083 M4","baseline",0.0439552842475853,"58 baseline","7 baseline"
"8882","M4","C4620083","7","59","C4620083 M4","baseline",0.0438103520483649,"59 baseline","7 baseline"
"8883","M4","C4620083","7","60","C4620083 M4","baseline",0.0438059470005455,"60 baseline","7 baseline"
"8884","M4","C4620083","7","61","C4620083 M4","baseline",0.0434956116194613,"61 baseline","7 baseline"
"8885","M4","C4620083","7","62","C4620083 M4","baseline",0.0434367014435886,"62 baseline","7 baseline"
"8886","M4","C4620083","7","63","C4620083 M4","baseline",0.0433160205446309,"63 baseline","7 baseline"
"8887","M4","C4620083","7","64","C4620083 M4","baseline",0.0431391234566284,"64 baseline","7 baseline"
"8888","M4","C4620083","7","65","C4620083 M4","baseline",0.0429725623580728,"65 baseline","7 baseline"
"8889","M4","C4620083","7","66","C4620083 M4","baseline",0.0429601134283946,"66 baseline","7 baseline"
"8890","M4","C4620083","7","67","C4620083 M4","baseline",0.0429006426364256,"67 baseline","7 baseline"
"8891","M4","C4620083","7","68","C4620083 M4","baseline",0.042702314323993,"68 baseline","7 baseline"
"8892","M4","C4620083","7","69","C4620083 M4","baseline",0.0423003145417844,"69 baseline","7 baseline"
"8893","M4","C4620083","7","70","C4620083 M4","baseline",0.0422899153158947,"70 baseline","7 baseline"
"8894","M4","C4620083","7","71","C4620083 M4","baseline",0.0419357072890165,"71 baseline","7 baseline"
"8895","M4","C4620083","7","72","C4620083 M4","baseline",0.0419307874127594,"72 baseline","7 baseline"
"8896","M4","C4620083","7","73","C4620083 M4","baseline",0.0417669347222995,"73 baseline","7 baseline"
"8897","M4","C4620083","7","74","C4620083 M4","baseline",0.0417457726502043,"74 baseline","7 baseline"
"8898","M4","C4620083","7","75","C4620083 M4","baseline",0.0416393922505034,"75 baseline","7 baseline"
"8899","M4","C4620083","7","76","C4620083 M4","baseline",0.0416346182431614,"76 baseline","7 baseline"
"8900","M4","C4620083","7","77","C4620083 M4","baseline",0.041468396523687,"77 baseline","7 baseline"
"8901","M4","C4620083","7","78","C4620083 M4","baseline",0.0414601289054317,"78 baseline","7 baseline"
"8902","M4","C4620083","7","79","C4620083 M4","baseline",0.0411882607121642,"79 baseline","7 baseline"
"8903","M4","C4620083","7","80","C4620083 M4","baseline",0.0410122252673856,"80 baseline","7 baseline"
"8904","M4","C4620083","7","81","C4620083 M4","baseline",0.0406344896958154,"81 baseline","7 baseline"
"8905","M4","C4620083","7","82","C4620083 M4","baseline",0.0404471428301169,"82 baseline","7 baseline"
"8906","M4","C4620083","7","83","C4620083 M4","baseline",0.0403335949157824,"83 baseline","7 baseline"
"8907","M4","C4620083","7","84","C4620083 M4","baseline",0.0402864111406756,"84 baseline","7 baseline"
"8908","M4","C4620083","7","85","C4620083 M4","baseline",0.0402178029525826,"85 baseline","7 baseline"
"8909","M4","C4620083","7","86","C4620083 M4","baseline",0.0399871591452189,"86 baseline","7 baseline"
"8910","M4","C4620083","7","87","C4620083 M4","baseline",0.039671555864644,"87 baseline","7 baseline"
"8911","M4","C4620083","7","88","C4620083 M4","baseline",0.0395491004753599,"88 baseline","7 baseline"
"8912","M4","C4620083","7","89","C4620083 M4","baseline",0.0387401813161546,"89 baseline","7 baseline"
"8913","M4","C4620083","7","90","C4620083 M4","baseline",0.0386530209069023,"90 baseline","7 baseline"
"8914","M4","C4620083","7","91","C4620083 M4","baseline",0.0382899155293986,"91 baseline","7 baseline"
"8915","M4","C4620083","7","92","C4620083 M4","baseline",0.0381338042102361,"92 baseline","7 baseline"
"8916","M4","C4620083","7","93","C4620083 M4","baseline",0.0379868432374152,"93 baseline","7 baseline"
"8917","M4","C4620083","7","94","C4620083 M4","baseline",0.0375857002125844,"94 baseline","7 baseline"
"8918","M4","C4620083","7","95","C4620083 M4","baseline",0.0371675536267819,"95 baseline","7 baseline"
"8919","M4","C4620083","7","96","C4620083 M4","baseline",0.0370947238235216,"96 baseline","7 baseline"
"8920","M4","C4620083","7","97","C4620083 M4","baseline",0.0368629976812747,"97 baseline","7 baseline"
"8921","M4","C4620083","7","98","C4620083 M4","baseline",0.0366856398186445,"98 baseline","7 baseline"
"8922","M4","C4620083","7","99","C4620083 M4","baseline",0.0366292260174513,"99 baseline","7 baseline"
"8923","M4","C4620083","7","100","C4620083 M4","baseline",0.0366158760912505,"100 baseline","7 baseline"
"8924","M4","C4620083","7","101","C4620083 M4","baseline",0.0366115266492562,"101 baseline","7 baseline"
"8925","M4","C4620083","7","102","C4620083 M4","baseline",0.0365558209488481,"102 baseline","7 baseline"
"8926","M4","C4620083","7","103","C4620083 M4","baseline",0.0365321814492954,"103 baseline","7 baseline"
"8927","M4","C4620083","7","104","C4620083 M4","baseline",0.0363368505032694,"104 baseline","7 baseline"
"8928","M4","C4620083","7","105","C4620083 M4","baseline",0.0362331331880138,"105 baseline","7 baseline"
"8929","M4","C4620083","7","106","C4620083 M4","baseline",0.0361973183132174,"106 baseline","7 baseline"
"8930","M4","C4620083","7","107","C4620083 M4","baseline",0.0361913919275565,"107 baseline","7 baseline"
"8931","M4","C4620083","7","108","C4620083 M4","baseline",0.0359320678210596,"108 baseline","7 baseline"
"8932","M4","C4620083","7","109","C4620083 M4","baseline",0.0358296029425095,"109 baseline","7 baseline"
"8933","M4","C4620083","7","110","C4620083 M4","baseline",0.0357445313664781,"110 baseline","7 baseline"
"8934","M4","C4620083","7","111","C4620083 M4","baseline",0.0356551439935098,"111 baseline","7 baseline"
"8935","M4","C4620083","7","112","C4620083 M4","baseline",0.0356426730981705,"112 baseline","7 baseline"
"8936","M4","C4620083","7","113","C4620083 M4","baseline",0.0354886790505695,"113 baseline","7 baseline"
"8937","M4","C4620083","7","114","C4620083 M4","baseline",0.0352778201670563,"114 baseline","7 baseline"
"8938","M4","C4620083","7","115","C4620083 M4","baseline",0.034872327881393,"115 baseline","7 baseline"
"8939","M4","C4620083","7","116","C4620083 M4","baseline",0.0348287037592172,"116 baseline","7 baseline"
"8940","M4","C4620083","7","117","C4620083 M4","baseline",0.034819598285848,"117 baseline","7 baseline"
"8941","M4","C4620083","7","118","C4620083 M4","baseline",0.0348070674171636,"118 baseline","7 baseline"
"8942","M4","C4620083","7","119","C4620083 M4","baseline",0.0347905982523262,"119 baseline","7 baseline"
"8943","M4","C4620083","7","120","C4620083 M4","baseline",0.0347421072176818,"120 baseline","7 baseline"
"8944","M4","C4620083","7","121","C4620083 M4","baseline",0.0347365378920109,"121 baseline","7 baseline"
"8945","M4","C4620083","7","122","C4620083 M4","baseline",0.0346717489229148,"122 baseline","7 baseline"
"8946","M4","C4620083","7","123","C4620083 M4","baseline",0.0346521963097988,"123 baseline","7 baseline"
"8947","M4","C4620083","7","124","C4620083 M4","baseline",0.0345564411498406,"124 baseline","7 baseline"
"8948","M4","C4620083","7","125","C4620083 M4","baseline",0.034552631610273,"125 baseline","7 baseline"
"8949","M4","C4620083","7","126","C4620083 M4","baseline",0.0345354019166708,"126 baseline","7 baseline"
"8950","M4","C4620083","7","127","C4620083 M4","baseline",0.0345067785953494,"127 baseline","7 baseline"
"8951","M4","C4620083","7","128","C4620083 M4","baseline",0.0344522770002946,"128 baseline","7 baseline"
"8952","M4","C4620083","7","129","C4620083 M4","baseline",0.034362276702586,"129 baseline","7 baseline"
"8953","M4","C4620083","7","130","C4620083 M4","baseline",0.0343556735967102,"130 baseline","7 baseline"
"8954","M4","C4620083","7","131","C4620083 M4","baseline",0.0343106253379417,"131 baseline","7 baseline"
"8955","M4","C4620083","7","132","C4620083 M4","baseline",0.0342588783206835,"132 baseline","7 baseline"
"8956","M4","C4620083","7","133","C4620083 M4","baseline",0.0341886019670991,"133 baseline","7 baseline"
"8957","M4","C4620083","7","134","C4620083 M4","baseline",0.0341468899306431,"134 baseline","7 baseline"
"8958","M4","C4620083","7","135","C4620083 M4","baseline",0.0341442516118233,"135 baseline","7 baseline"
"8959","M4","C4620083","7","136","C4620083 M4","baseline",0.0341046170210169,"136 baseline","7 baseline"
"8960","M4","C4620083","7","137","C4620083 M4","baseline",0.034064695173899,"137 baseline","7 baseline"
"8961","M4","C4620083","7","138","C4620083 M4","baseline",0.0339683397331067,"138 baseline","7 baseline"
"8962","M4","C4620083","7","139","C4620083 M4","baseline",0.0338604873507883,"139 baseline","7 baseline"
"8963","M4","C4620083","7","140","C4620083 M4","baseline",0.0337038359273325,"140 baseline","7 baseline"
"8964","M4","C4620083","7","141","C4620083 M4","baseline",0.0336098275211132,"141 baseline","7 baseline"
"8965","M4","C4620083","7","142","C4620083 M4","baseline",0.0335319434856882,"142 baseline","7 baseline"
"8966","M4","C4620083","7","143","C4620083 M4","baseline",0.0334299666215638,"143 baseline","7 baseline"
"8967","M4","C4620083","7","144","C4620083 M4","baseline",0.0333971419329394,"144 baseline","7 baseline"
"8968","M4","C4620083","7","145","C4620083 M4","baseline",0.0333891801583575,"145 baseline","7 baseline"
"8969","M4","C4620083","7","146","C4620083 M4","baseline",0.0332186378805742,"146 baseline","7 baseline"
"8970","M4","C4620083","7","147","C4620083 M4","baseline",0.033173802069264,"147 baseline","7 baseline"
"8971","M4","C4620083","7","148","C4620083 M4","baseline",0.0330635695916648,"148 baseline","7 baseline"
"8972","M4","C4620083","7","149","C4620083 M4","baseline",0.0329965180811167,"149 baseline","7 baseline"
"8973","M4","C4620083","7","150","C4620083 M4","baseline",0.0328000674304067,"150 baseline","7 baseline"
"8974","M4","C4620083","7","151","C4620083 M4","baseline",0.0325833294494853,"151 baseline","7 baseline"
"8975","M4","C4620083","7","152","C4620083 M4","baseline",0.0325742900264649,"152 baseline","7 baseline"
"8976","M4","C4620083","7","153","C4620083 M4","baseline",0.0324390302755394,"153 baseline","7 baseline"
"8977","M4","C4620083","7","154","C4620083 M4","baseline",0.0324219537467733,"154 baseline","7 baseline"
"8978","M4","C4620083","7","155","C4620083 M4","baseline",0.0322895075114795,"155 baseline","7 baseline"
"8979","M4","C4620083","7","156","C4620083 M4","baseline",0.032277315462065,"156 baseline","7 baseline"
"8980","M4","C4620083","7","157","C4620083 M4","baseline",0.0322041898100018,"157 baseline","7 baseline"
"8981","M4","C4620083","7","158","C4620083 M4","baseline",0.0318872061512783,"158 baseline","7 baseline"
"8982","M4","C4620083","7","159","C4620083 M4","baseline",0.0318421042218531,"159 baseline","7 baseline"
"8983","M4","C4620083","7","160","C4620083 M4","baseline",0.0318403005569819,"160 baseline","7 baseline"
"8984","M4","C4620083","7","161","C4620083 M4","baseline",0.0318092603262948,"161 baseline","7 baseline"
"8985","M4","C4620083","7","162","C4620083 M4","baseline",0.0317806088471803,"162 baseline","7 baseline"
"8986","M4","C4620083","7","163","C4620083 M4","baseline",0.0315910117205001,"163 baseline","7 baseline"
"8987","M4","C4620083","7","164","C4620083 M4","baseline",0.03148966812317,"164 baseline","7 baseline"
"8988","M4","C4620083","7","165","C4620083 M4","baseline",0.031442503399004,"165 baseline","7 baseline"
"8989","M4","C4620083","7","166","C4620083 M4","baseline",0.0314398291920005,"166 baseline","7 baseline"
"8990","M4","C4620083","7","167","C4620083 M4","baseline",0.0313681185718981,"167 baseline","7 baseline"
"8991","M4","C4620083","7","168","C4620083 M4","baseline",0.0313444705366223,"168 baseline","7 baseline"
"8992","M4","C4620083","7","169","C4620083 M4","baseline",0.0312534409350039,"169 baseline","7 baseline"
"8993","M4","C4620083","7","170","C4620083 M4","baseline",0.0312450647403775,"170 baseline","7 baseline"
"8994","M4","C4620083","7","171","C4620083 M4","baseline",0.0311347050104579,"171 baseline","7 baseline"
"8995","M4","C4620083","7","172","C4620083 M4","baseline",0.0309589106571772,"172 baseline","7 baseline"
"8996","M4","C4620083","7","173","C4620083 M4","baseline",0.0309450332713303,"173 baseline","7 baseline"
"8997","M4","C4620083","7","174","C4620083 M4","baseline",0.0305422414689007,"174 baseline","7 baseline"
"8998","M4","C4620083","7","175","C4620083 M4","baseline",0.0304387592997033,"175 baseline","7 baseline"
"8999","M4","C4620083","7","176","C4620083 M4","baseline",0.0303923500794835,"176 baseline","7 baseline"
"9000","M4","C4620083","7","177","C4620083 M4","baseline",0.0303074339013865,"177 baseline","7 baseline"
"9001","M4","C4620083","7","178","C4620083 M4","baseline",0.0301326725008478,"178 baseline","7 baseline"
"9002","M4","C4620083","7","179","C4620083 M4","baseline",0.0299716926087721,"179 baseline","7 baseline"
"9003","M4","C4620083","7","180","C4620083 M4","baseline",0.0295499799409659,"180 baseline","7 baseline"
"9004","M4","C4620083","7","181","C4620083 M4","baseline",0.029410261681162,"181 baseline","7 baseline"
"9005","M4","C4620083","7","182","C4620083 M4","baseline",0.0292236325274662,"182 baseline","7 baseline"
"9006","M4","C4620083","7","183","C4620083 M4","baseline",0.0291651075812458,"183 baseline","7 baseline"
"9007","M4","C4620083","7","184","C4620083 M4","baseline",0.028855626667163,"184 baseline","7 baseline"
"9008","M4","C4620083","7","185","C4620083 M4","baseline",0.028815283528298,"185 baseline","7 baseline"
"9009","M4","C4620083","7","186","C4620083 M4","baseline",0.0287481970632904,"186 baseline","7 baseline"
"9010","M4","C4620083","7","187","C4620083 M4","baseline",0.0287357771538609,"187 baseline","7 baseline"
"9011","M4","C4620083","7","188","C4620083 M4","baseline",0.0286725908990622,"188 baseline","7 baseline"
"9012","M4","C4620083","7","189","C4620083 M4","baseline",0.028628785052637,"189 baseline","7 baseline"
"9013","M4","C4620083","7","190","C4620083 M4","baseline",0.0282605091199567,"190 baseline","7 baseline"
"9014","M4","C4620083","7","191","C4620083 M4","baseline",0.0281553128688208,"191 baseline","7 baseline"
"9015","M4","C4620083","7","192","C4620083 M4","baseline",0.0279851686753904,"192 baseline","7 baseline"
"9016","M4","C4620083","7","193","C4620083 M4","baseline",0.027888215387143,"193 baseline","7 baseline"
"9017","M4","C4620083","7","194","C4620083 M4","baseline",0.0277926122592132,"194 baseline","7 baseline"
"9018","M4","C4620083","7","195","C4620083 M4","baseline",0.0277274148074058,"195 baseline","7 baseline"
"9019","M4","C4620083","7","196","C4620083 M4","baseline",0.0277146646298969,"196 baseline","7 baseline"
"9020","M4","C4620083","7","197","C4620083 M4","baseline",0.0276111205098868,"197 baseline","7 baseline"
"9021","M4","C4620083","7","198","C4620083 M4","baseline",0.0275823013236955,"198 baseline","7 baseline"
"9022","M4","C4620083","7","199","C4620083 M4","baseline",0.0275568970411828,"199 baseline","7 baseline"
"9023","M4","C4620083","7","200","C4620083 M4","baseline",0.0274068328916139,"200 baseline","7 baseline"
"9024","M4","C4620083","7","201","C4620083 M4","baseline",0.0272699247913666,"201 baseline","7 baseline"
"9025","M4","C4620083","7","202","C4620083 M4","baseline",0.0272482916490709,"202 baseline","7 baseline"
"9026","M4","C4620083","7","203","C4620083 M4","baseline",0.0270016476493621,"203 baseline","7 baseline"
"9027","M4","C4620083","7","204","C4620083 M4","baseline",0.0269811634571164,"204 baseline","7 baseline"
"9028","M4","C4620083","7","205","C4620083 M4","baseline",0.0269745395541265,"205 baseline","7 baseline"
"9029","M4","C4620083","7","206","C4620083 M4","baseline",0.0269053352820789,"206 baseline","7 baseline"
"9030","M4","C4620083","7","207","C4620083 M4","baseline",0.026898115869181,"207 baseline","7 baseline"
"9031","M4","C4620083","7","208","C4620083 M4","baseline",0.0267971175082184,"208 baseline","7 baseline"
"9032","M4","C4620083","7","209","C4620083 M4","baseline",0.0263635949827497,"209 baseline","7 baseline"
"9033","M4","C4620083","7","210","C4620083 M4","baseline",0.0263378807517902,"210 baseline","7 baseline"
"9034","M4","C4620083","7","211","C4620083 M4","baseline",0.0263257957444836,"211 baseline","7 baseline"
"9035","M4","C4620083","7","212","C4620083 M4","baseline",0.0261713216117678,"212 baseline","7 baseline"
"9036","M4","C4620083","7","213","C4620083 M4","baseline",0.0260997309184276,"213 baseline","7 baseline"
"9037","M4","C4620083","7","214","C4620083 M4","baseline",0.0260905456923481,"214 baseline","7 baseline"
"9038","M4","C4620083","7","215","C4620083 M4","baseline",0.0259460426807171,"215 baseline","7 baseline"
"9039","M4","C4620083","7","216","C4620083 M4","baseline",0.0259075003271866,"216 baseline","7 baseline"
"9040","M4","C4620083","7","217","C4620083 M4","baseline",0.0258933560349045,"217 baseline","7 baseline"
"9041","M4","C4620083","7","218","C4620083 M4","baseline",0.0256250524039199,"218 baseline","7 baseline"
"9042","M4","C4620083","7","219","C4620083 M4","baseline",0.0256223596661849,"219 baseline","7 baseline"
"9043","M4","C4620083","7","220","C4620083 M4","baseline",0.0255174069944212,"220 baseline","7 baseline"
"9044","M4","C4620083","7","221","C4620083 M4","baseline",0.0252178065165412,"221 baseline","7 baseline"
"9045","M4","C4620083","7","222","C4620083 M4","baseline",0.0251994103180028,"222 baseline","7 baseline"
"9046","M4","C4620083","7","223","C4620083 M4","baseline",0.0249380255275082,"223 baseline","7 baseline"
"9047","M4","C4620083","7","224","C4620083 M4","baseline",0.0248065919230144,"224 baseline","7 baseline"
"9048","M4","C4620083","7","225","C4620083 M4","baseline",0.0247971358596549,"225 baseline","7 baseline"
"9049","M4","C4620083","7","226","C4620083 M4","baseline",0.0247600303323036,"226 baseline","7 baseline"
"9050","M4","C4620083","7","227","C4620083 M4","baseline",0.0247110979194261,"227 baseline","7 baseline"
"9051","M4","C4620083","7","228","C4620083 M4","baseline",0.0246994034917503,"228 baseline","7 baseline"
"9052","M4","C4620083","7","229","C4620083 M4","baseline",0.0245887678079803,"229 baseline","7 baseline"
"9053","M4","C4620083","7","230","C4620083 M4","baseline",0.0245039694842587,"230 baseline","7 baseline"
"9054","M4","C4620083","7","231","C4620083 M4","baseline",0.0244767930479706,"231 baseline","7 baseline"
"9055","M4","C4620083","7","232","C4620083 M4","baseline",0.0243158886491984,"232 baseline","7 baseline"
"9056","M4","C4620083","7","233","C4620083 M4","baseline",0.0242419401328104,"233 baseline","7 baseline"
"9057","M4","C4620083","7","234","C4620083 M4","baseline",0.0242210184365067,"234 baseline","7 baseline"
"9058","M4","C4620083","7","235","C4620083 M4","baseline",0.0240959804636472,"235 baseline","7 baseline"
"9059","M4","C4620083","7","236","C4620083 M4","baseline",0.0239934608790115,"236 baseline","7 baseline"
"9060","M4","C4620083","7","237","C4620083 M4","baseline",0.0239260667977374,"237 baseline","7 baseline"
"9061","M4","C4620083","7","238","C4620083 M4","baseline",0.0238862611090541,"238 baseline","7 baseline"
"9062","M4","C4620083","7","239","C4620083 M4","baseline",0.0237990325654099,"239 baseline","7 baseline"
"9063","M4","C4620083","7","240","C4620083 M4","baseline",0.0237783059967476,"240 baseline","7 baseline"
"9064","M4","C4620083","7","241","C4620083 M4","baseline",0.0237612684586163,"241 baseline","7 baseline"
"9065","M4","C4620083","7","242","C4620083 M4","baseline",0.0237440896752485,"242 baseline","7 baseline"
"9066","M4","C4620083","7","243","C4620083 M4","baseline",0.0234630087239775,"243 baseline","7 baseline"
"9067","M4","C4620083","7","244","C4620083 M4","baseline",0.023349339665932,"244 baseline","7 baseline"
"9068","M4","C4620083","7","245","C4620083 M4","baseline",0.0231801308417382,"245 baseline","7 baseline"
"9069","M4","C4620083","7","246","C4620083 M4","baseline",0.0231491745946287,"246 baseline","7 baseline"
"9070","M4","C4620083","7","247","C4620083 M4","baseline",0.0230585003000653,"247 baseline","7 baseline"
"9071","M4","C4620083","7","248","C4620083 M4","baseline",0.0230499211563389,"248 baseline","7 baseline"
"9072","M4","C4620083","7","249","C4620083 M4","baseline",0.0230039217528832,"249 baseline","7 baseline"
"9073","M4","C4620083","7","250","C4620083 M4","baseline",0.0229658223190205,"250 baseline","7 baseline"
"9074","M4","C4620083","7","251","C4620083 M4","baseline",0.0226739584173939,"251 baseline","7 baseline"
"9075","M4","C4620083","7","252","C4620083 M4","baseline",0.0225440882654265,"252 baseline","7 baseline"
"9076","M4","C4620083","7","253","C4620083 M4","baseline",0.0224849690318846,"253 baseline","7 baseline"
"9077","M4","C4620083","7","254","C4620083 M4","baseline",0.0223218552714368,"254 baseline","7 baseline"
"9078","M4","C4620083","7","255","C4620083 M4","baseline",0.0222875643035031,"255 baseline","7 baseline"
"9079","M4","C4620083","7","256","C4620083 M4","baseline",0.022229327667338,"256 baseline","7 baseline"
"9080","M4","C4620083","7","257","C4620083 M4","baseline",0.0221441583733397,"257 baseline","7 baseline"
"9081","M4","C4620083","7","258","C4620083 M4","baseline",0.0220934888605166,"258 baseline","7 baseline"
"9082","M4","C4620083","7","259","C4620083 M4","baseline",0.0219191043107687,"259 baseline","7 baseline"
"9083","M4","C4620083","7","260","C4620083 M4","baseline",0.0217751306316495,"260 baseline","7 baseline"
"9084","M4","C4620083","7","261","C4620083 M4","baseline",0.0217544192091594,"261 baseline","7 baseline"
"9085","M4","C4620083","7","262","C4620083 M4","baseline",0.0216260145880993,"262 baseline","7 baseline"
"9086","M4","C4620083","7","263","C4620083 M4","baseline",0.0214241735660951,"263 baseline","7 baseline"
"9087","M4","C4620083","7","264","C4620083 M4","baseline",0.0213930097118428,"264 baseline","7 baseline"
"9088","M4","C4620083","7","265","C4620083 M4","baseline",0.0213593308563967,"265 baseline","7 baseline"
"9089","M4","C4620083","7","266","C4620083 M4","baseline",0.0213243621292106,"266 baseline","7 baseline"
"9090","M4","C4620083","7","267","C4620083 M4","baseline",0.0213221879581274,"267 baseline","7 baseline"
"9091","M4","C4620083","7","268","C4620083 M4","baseline",0.0212882169343729,"268 baseline","7 baseline"
"9092","M4","C4620083","7","269","C4620083 M4","baseline",0.021265331838932,"269 baseline","7 baseline"
"9093","M4","C4620083","7","270","C4620083 M4","baseline",0.0211128043998351,"270 baseline","7 baseline"
"9094","M4","C4620083","7","271","C4620083 M4","baseline",0.0210982182457997,"271 baseline","7 baseline"
"9095","M4","C4620083","7","272","C4620083 M4","baseline",0.0210938869609722,"272 baseline","7 baseline"
"9096","M4","C4620083","7","273","C4620083 M4","baseline",0.020931677820627,"273 baseline","7 baseline"
"9097","M4","C4620083","7","274","C4620083 M4","baseline",0.0206296618990977,"274 baseline","7 baseline"
"9098","M4","C4620083","7","275","C4620083 M4","baseline",0.0202374839689525,"275 baseline","7 baseline"
"9099","M4","C4620083","7","276","C4620083 M4","baseline",0.0202295581378055,"276 baseline","7 baseline"
"9100","M4","C4620083","7","277","C4620083 M4","baseline",0.0201734401794164,"277 baseline","7 baseline"
"9101","M4","C4620083","7","278","C4620083 M4","baseline",0.0201042363485701,"278 baseline","7 baseline"
"9102","M4","C4620083","7","279","C4620083 M4","baseline",0.0200746621541344,"279 baseline","7 baseline"
"9103","M4","C4620083","7","280","C4620083 M4","baseline",0.020073829949113,"280 baseline","7 baseline"
"9104","M4","C4620083","7","281","C4620083 M4","baseline",0.0199407046586594,"281 baseline","7 baseline"
"9105","M4","C4620083","7","282","C4620083 M4","baseline",0.0197742620246532,"282 baseline","7 baseline"
"9106","M4","C4620083","7","283","C4620083 M4","baseline",0.0196408196512419,"283 baseline","7 baseline"
"9107","M4","C4620083","7","284","C4620083 M4","baseline",0.0196351099234114,"284 baseline","7 baseline"
"9108","M4","C4620083","7","285","C4620083 M4","baseline",0.0191368563455359,"285 baseline","7 baseline"
"9109","M4","C4620083","7","286","C4620083 M4","baseline",0.0190670234591445,"286 baseline","7 baseline"
"9110","M4","C4620083","7","287","C4620083 M4","baseline",0.0187774911610415,"287 baseline","7 baseline"
"9111","M4","C4620083","7","288","C4620083 M4","baseline",0.0187695750508021,"288 baseline","7 baseline"
"9112","M4","C4620083","7","289","C4620083 M4","baseline",0.0184236555318179,"289 baseline","7 baseline"
"9113","M4","C4620083","7","290","C4620083 M4","baseline",0.0183098155188211,"290 baseline","7 baseline"
"9114","M4","C4620083","7","291","C4620083 M4","baseline",0.0180874784004016,"291 baseline","7 baseline"
"9115","M4","C4620083","7","292","C4620083 M4","baseline",0.0180763431480026,"292 baseline","7 baseline"
"9116","M4","C4620083","7","293","C4620083 M4","baseline",0.0180582145442877,"293 baseline","7 baseline"
"9117","M4","C4620083","7","294","C4620083 M4","baseline",0.0179194497335188,"294 baseline","7 baseline"
"9118","M4","C4620083","7","295","C4620083 M4","baseline",0.017871365709745,"295 baseline","7 baseline"
"9119","M4","C4620083","7","296","C4620083 M4","baseline",0.0178479092108704,"296 baseline","7 baseline"
"9120","M4","C4620083","7","297","C4620083 M4","baseline",0.0178158719218287,"297 baseline","7 baseline"
"9121","M4","C4620083","7","298","C4620083 M4","baseline",0.0177598648488133,"298 baseline","7 baseline"
"9122","M4","C4620083","7","299","C4620083 M4","baseline",0.0174543118757517,"299 baseline","7 baseline"
"9123","M4","C4620083","7","300","C4620083 M4","baseline",0.017400890682016,"300 baseline","7 baseline"
"9124","M4","C4620083","7","301","C4620083 M4","baseline",0.0173540570220603,"301 baseline","7 baseline"
"9125","M4","C4620083","7","302","C4620083 M4","baseline",0.0172924395408611,"302 baseline","7 baseline"
"9126","M4","C4620083","7","303","C4620083 M4","baseline",0.0171861287658211,"303 baseline","7 baseline"
"9127","M4","C4620083","7","304","C4620083 M4","baseline",0.0171339018990889,"304 baseline","7 baseline"
"9128","M4","C4620083","7","305","C4620083 M4","baseline",0.017049626626831,"305 baseline","7 baseline"
"9129","M4","C4620083","7","306","C4620083 M4","baseline",0.0170000478349791,"306 baseline","7 baseline"
"9130","M4","C4620083","7","307","C4620083 M4","baseline",0.0168770912566578,"307 baseline","7 baseline"
"9131","M4","C4620083","7","308","C4620083 M4","baseline",0.0167056711254064,"308 baseline","7 baseline"
"9132","M4","C4620083","7","309","C4620083 M4","baseline",0.0165122096140858,"309 baseline","7 baseline"
"9133","M4","C4620083","7","310","C4620083 M4","baseline",0.0163644296731057,"310 baseline","7 baseline"
"9134","M4","C4620083","7","311","C4620083 M4","baseline",0.0161466052286653,"311 baseline","7 baseline"
"9135","M4","C4620083","7","312","C4620083 M4","baseline",0.0160813264317075,"312 baseline","7 baseline"
"9136","M4","C4620083","7","313","C4620083 M4","baseline",0.0158931214349986,"313 baseline","7 baseline"
"9137","M4","C4620083","7","314","C4620083 M4","baseline",0.0154433780191589,"314 baseline","7 baseline"
"9138","M4","C4620083","7","315","C4620083 M4","baseline",0.0154306897369475,"315 baseline","7 baseline"
"9139","M4","C4620083","7","316","C4620083 M4","baseline",0.0152403306045229,"316 baseline","7 baseline"
"9140","M4","C4620083","7","317","C4620083 M4","baseline",0.0149876192287443,"317 baseline","7 baseline"
"9141","M4","C4620083","7","318","C4620083 M4","baseline",0.0147695452657046,"318 baseline","7 baseline"
"9142","M4","C4620083","7","319","C4620083 M4","baseline",0.0145285073312037,"319 baseline","7 baseline"
"9143","M4","C4620083","7","320","C4620083 M4","baseline",0.0145215054587018,"320 baseline","7 baseline"
"9144","M4","C4620083","7","321","C4620083 M4","baseline",0.0138462023193146,"321 baseline","7 baseline"
"9145","M4","C4620083","7","322","C4620083 M4","baseline",0.0137080601441054,"322 baseline","7 baseline"
"9146","M4","C4620083","7","323","C4620083 M4","baseline",0.0135170719224067,"323 baseline","7 baseline"
"9147","M4","C4620083","7","324","C4620083 M4","baseline",0.0135160266832053,"324 baseline","7 baseline"
"9148","M4","C4620083","7","325","C4620083 M4","baseline",0.0133608099678688,"325 baseline","7 baseline"
"9149","M4","C4620083","7","326","C4620083 M4","baseline",0.012451826077558,"326 baseline","7 baseline"
"9150","M4","C4620083","7","327","C4620083 M4","baseline",0.0123366810801997,"327 baseline","7 baseline"
"9151","M4","C4620083","7","328","C4620083 M4","baseline",0.0123050230385976,"328 baseline","7 baseline"
"9152","M4","C4620083","7","329","C4620083 M4","baseline",0.0121365431885114,"329 baseline","7 baseline"
"9153","M4","C4620083","7","330","C4620083 M4","baseline",0.0119771412182873,"330 baseline","7 baseline"
"9154","M4","C4620083","7","331","C4620083 M4","baseline",0.0119661841876945,"331 baseline","7 baseline"
"9155","M4","C4620083","7","332","C4620083 M4","baseline",0.0118862354458215,"332 baseline","7 baseline"
"9156","M4","C4620083","7","333","C4620083 M4","baseline",0.0118356917059619,"333 baseline","7 baseline"
"9157","M4","C4620083","7","334","C4620083 M4","baseline",0.0117812129238257,"334 baseline","7 baseline"
"9158","M4","C4620083","7","335","C4620083 M4","baseline",0.011675873636309,"335 baseline","7 baseline"
"9159","M4","C4620083","7","336","C4620083 M4","baseline",0.0116278543105665,"336 baseline","7 baseline"
"9160","M4","C4620083","7","337","C4620083 M4","baseline",0.0116128145024219,"337 baseline","7 baseline"
"9161","M4","C4620083","7","338","C4620083 M4","baseline",0.0115710348202523,"338 baseline","7 baseline"
"9162","M4","C4620083","7","339","C4620083 M4","baseline",0.0115375516701481,"339 baseline","7 baseline"
"9163","M4","C4620083","7","340","C4620083 M4","baseline",0.0114130103948533,"340 baseline","7 baseline"
"9164","M4","C4620083","7","341","C4620083 M4","baseline",0.011280625903279,"341 baseline","7 baseline"
"9165","M4","C4620083","7","342","C4620083 M4","baseline",0.0111178888975268,"342 baseline","7 baseline"
"9166","M4","C4620083","7","343","C4620083 M4","baseline",0.0109139947723289,"343 baseline","7 baseline"
"9167","M4","C4620083","7","344","C4620083 M4","baseline",0.0108782362283137,"344 baseline","7 baseline"
"9168","M4","C4620083","7","345","C4620083 M4","baseline",0.0108414661524977,"345 baseline","7 baseline"
"9169","M4","C4620083","7","346","C4620083 M4","baseline",0.0108411473971351,"346 baseline","7 baseline"
"9170","M4","C4620083","7","347","C4620083 M4","baseline",0.01081576196492,"347 baseline","7 baseline"
"9171","M4","C4620083","7","348","C4620083 M4","baseline",0.0107843392879971,"348 baseline","7 baseline"
"9172","M4","C4620083","7","349","C4620083 M4","baseline",0.0106436958913731,"349 baseline","7 baseline"
"9173","M4","C4620083","7","350","C4620083 M4","baseline",0.0105869096511581,"350 baseline","7 baseline"
"9174","M4","C4620083","7","351","C4620083 M4","baseline",0.0105250497763745,"351 baseline","7 baseline"
"9175","M4","C4620083","7","352","C4620083 M4","baseline",0.0102448052357981,"352 baseline","7 baseline"
"9176","M4","C4620083","7","353","C4620083 M4","baseline",0.00999952804387768,"353 baseline","7 baseline"
"9177","M4","C4620083","7","354","C4620083 M4","baseline",0.00912924255799223,"354 baseline","7 baseline"
"9178","M4","C4620083","7","355","C4620083 M4","baseline",0.00904205499160594,"355 baseline","7 baseline"
"9179","M4","C4620083","7","356","C4620083 M4","baseline",0.00884632488275099,"356 baseline","7 baseline"
"9180","M4","C4620083","7","357","C4620083 M4","baseline",0.00855727942651458,"357 baseline","7 baseline"
"9181","M4","C4620083","7","358","C4620083 M4","baseline",0.00853884522656113,"358 baseline","7 baseline"
"9182","M4","C4620083","7","359","C4620083 M4","baseline",0.00791855491403894,"359 baseline","7 baseline"
"9183","M4","C4620083","7","360","C4620083 M4","baseline",0.00784780426005807,"360 baseline","7 baseline"
"9184","M4","C4620083","7","361","C4620083 M4","baseline",0.0074226475668758,"361 baseline","7 baseline"
"9185","M4","C4620083","7","362","C4620083 M4","baseline",0.00692643677638998,"362 baseline","7 baseline"
"9186","M4","C4620083","7","363","C4620083 M4","baseline",0.0068396859382925,"363 baseline","7 baseline"
"9187","M4","C4620083","7","364","C4620083 M4","baseline",0.0065861843660226,"364 baseline","7 baseline"
"9188","M4","C4620083","7","365","C4620083 M4","baseline",0.00650210190219165,"365 baseline","7 baseline"
"9189","M4","C4620083","7","366","C4620083 M4","baseline",0.00634776977914818,"366 baseline","7 baseline"
"9190","M4","C4620083","7","367","C4620083 M4","baseline",0.00615947260625805,"367 baseline","7 baseline"
"9191","M4","C4620083","7","368","C4620083 M4","baseline",0.00593396125386715,"368 baseline","7 baseline"
"9192","M4","C4620083","7","369","C4620083 M4","baseline",0.00580511948721268,"369 baseline","7 baseline"
"9193","M4","C4620083","7","370","C4620083 M4","baseline",0.0057650564922877,"370 baseline","7 baseline"
"9194","M4","C4620083","7","371","C4620083 M4","baseline",0.00532288012797462,"371 baseline","7 baseline"
"9195","M4","C4620083","7","372","C4620083 M4","baseline",0.00517209925798369,"372 baseline","7 baseline"
"9196","M4","C4620083","7","373","C4620083 M4","baseline",0.00499683558004725,"373 baseline","7 baseline"
"9197","M4","C4620083","7","374","C4620083 M4","baseline",0.00436636766816562,"374 baseline","7 baseline"
"9198","M4","C4620083","7","375","C4620083 M4","baseline",0.00419553334413398,"375 baseline","7 baseline"
"9199","M4","C4620083","7","376","C4620083 M4","baseline",0.00361377689749545,"376 baseline","7 baseline"
"9200","M4","C4620083","7","377","C4620083 M4","baseline",0.00340365800028626,"377 baseline","7 baseline"
"9201","M4","C4620083","7","378","C4620083 M4","baseline",0.00331442490600815,"378 baseline","7 baseline"
"9202","M4","C4620083","7","379","C4620083 M4","baseline",0.00320776547661759,"379 baseline","7 baseline"
"9203","M4","C4620083","7","380","C4620083 M4","baseline",0.00311560580582045,"380 baseline","7 baseline"
"9204","M4","C4620083","7","381","C4620083 M4","baseline",0.00307970205660515,"381 baseline","7 baseline"
"9205","M4","C4620083","7","382","C4620083 M4","baseline",0.0029795304607353,"382 baseline","7 baseline"
"9206","M4","C4620083","7","383","C4620083 M4","baseline",0.00293740951830737,"383 baseline","7 baseline"
"9207","M4","C4620083","7","384","C4620083 M4","baseline",0.00181304400865191,"384 baseline","7 baseline"
"9208","M4","C4620083","7","385","C4620083 M4","baseline",0.00163247493116233,"385 baseline","7 baseline"
"9209","M4","C4620083","7","386","C4620083 M4","baseline",0.00151153727526236,"386 baseline","7 baseline"
"9210","M4","C4620083","7","387","C4620083 M4","baseline",0.00138615812654613,"387 baseline","7 baseline"
"9211","M4","C4620083","7","388","C4620083 M4","baseline",0.0013840276115246,"388 baseline","7 baseline"
"9212","M4","C4620083","7","389","C4620083 M4","baseline",0.00125605880335879,"389 baseline","7 baseline"
"9213","M4","C4620083","7","390","C4620083 M4","baseline",0.00108278872039985,"390 baseline","7 baseline"
"9214","M4","C4620083","7","391","C4620083 M4","baseline",0.000590209407926809,"391 baseline","7 baseline"
"9215","M4","C4620083","7","392","C4620083 M4","baseline",0.000490151638175209,"392 baseline","7 baseline"
"9216","M4","C4620083","7","393","C4620083 M4","baseline",0.000192330080064854,"393 baseline","7 baseline"
"9217","M4","C4620083","7","394","C4620083 M4","baseline",-0.000805585779990547,"394 baseline","7 baseline"
"9218","M4","C4620083","7","395","C4620083 M4","baseline",-0.0012542124223942,"395 baseline","7 baseline"
"9219","M4","C4620083","7","396","C4620083 M4","baseline",-0.00127088177647462,"396 baseline","7 baseline"
"9220","M4","C4620083","7","397","C4620083 M4","baseline",-0.00153378597670456,"397 baseline","7 baseline"
"9221","M4","C4620083","7","398","C4620083 M4","baseline",-0.00189211402878646,"398 baseline","7 baseline"
"9222","M4","C4620083","7","399","C4620083 M4","baseline",-0.0022872819546431,"399 baseline","7 baseline"
"9223","M4","C4620083","7","400","C4620083 M4","baseline",-0.00230497711418748,"400 baseline","7 baseline"
"9224","M4","C4620083","7","401","C4620083 M4","baseline",-0.00257363657518525,"401 baseline","7 baseline"
"9225","M4","C4620083","7","402","C4620083 M4","baseline",-0.00274946726719151,"402 baseline","7 baseline"
"9226","M4","C4620083","7","403","C4620083 M4","baseline",-0.00420781538780552,"403 baseline","7 baseline"
"9227","M4","C4620083","7","404","C4620083 M4","baseline",-0.00943033450706211,"404 baseline","7 baseline"
"9228","M4","C4620083","7","405","C4620083 M4","baseline",-0.0112622953750524,"405 baseline","7 baseline"
"9229","M4","C4620083","7","406","C4620083 M4","baseline",-0.0118812457883631,"406 baseline","7 baseline"
"9230","M4","C4620083","7","407","C4620083 M4","baseline",-0.0177298138333175,"407 baseline","7 baseline"
"9231","M2","C4620081","7","0","C4620081 M2","baseline",0.166686865000737,"0 baseline","7 baseline"
"9232","M2","C4620081","7","1","C4620081 M2","baseline",0.146664098103738,"1 baseline","7 baseline"
"9233","M2","C4620081","7","2","C4620081 M2","baseline",0.141449131882242,"2 baseline","7 baseline"
"9234","M2","C4620081","7","3","C4620081 M2","baseline",0.126523202416814,"3 baseline","7 baseline"
"9235","M2","C4620081","7","4","C4620081 M2","baseline",0.122505051017737,"4 baseline","7 baseline"
"9236","M2","C4620081","7","5","C4620081 M2","baseline",0.120483955149103,"5 baseline","7 baseline"
"9237","M2","C4620081","7","6","C4620081 M2","baseline",0.119402645305985,"6 baseline","7 baseline"
"9238","M2","C4620081","7","7","C4620081 M2","baseline",0.117848081047389,"7 baseline","7 baseline"
"9239","M2","C4620081","7","8","C4620081 M2","baseline",0.117394164242447,"8 baseline","7 baseline"
"9240","M2","C4620081","7","9","C4620081 M2","baseline",0.117349878820958,"9 baseline","7 baseline"
"9241","M2","C4620081","7","10","C4620081 M2","baseline",0.117064206528189,"10 baseline","7 baseline"
"9242","M2","C4620081","7","11","C4620081 M2","baseline",0.116728342999779,"11 baseline","7 baseline"
"9243","M2","C4620081","7","12","C4620081 M2","baseline",0.116568791132684,"12 baseline","7 baseline"
"9244","M2","C4620081","7","13","C4620081 M2","baseline",0.114595615536683,"13 baseline","7 baseline"
"9245","M2","C4620081","7","14","C4620081 M2","baseline",0.11278079662775,"14 baseline","7 baseline"
"9246","M2","C4620081","7","15","C4620081 M2","baseline",0.110917435089454,"15 baseline","7 baseline"
"9247","M2","C4620081","7","16","C4620081 M2","baseline",0.110474101531102,"16 baseline","7 baseline"
"9248","M2","C4620081","7","17","C4620081 M2","baseline",0.108973666737714,"17 baseline","7 baseline"
"9249","M2","C4620081","7","18","C4620081 M2","baseline",0.105542950442652,"18 baseline","7 baseline"
"9250","M2","C4620081","7","19","C4620081 M2","baseline",0.101905098029068,"19 baseline","7 baseline"
"9251","M2","C4620081","7","20","C4620081 M2","baseline",0.101615760100291,"20 baseline","7 baseline"
"9252","M2","C4620081","7","21","C4620081 M2","baseline",0.101400936793613,"21 baseline","7 baseline"
"9253","M2","C4620081","7","22","C4620081 M2","baseline",0.101173810326115,"22 baseline","7 baseline"
"9254","M2","C4620081","7","23","C4620081 M2","baseline",0.100942891229568,"23 baseline","7 baseline"
"9255","M2","C4620081","7","24","C4620081 M2","baseline",0.100579516931763,"24 baseline","7 baseline"
"9256","M2","C4620081","7","25","C4620081 M2","baseline",0.099660523323263,"25 baseline","7 baseline"
"9257","M2","C4620081","7","26","C4620081 M2","baseline",0.0975692823558969,"26 baseline","7 baseline"
"9258","M2","C4620081","7","27","C4620081 M2","baseline",0.0969988854064278,"27 baseline","7 baseline"
"9259","M2","C4620081","7","28","C4620081 M2","baseline",0.0932260779720735,"28 baseline","7 baseline"
"9260","M2","C4620081","7","29","C4620081 M2","baseline",0.0913624910056591,"29 baseline","7 baseline"
"9261","M2","C4620081","7","30","C4620081 M2","baseline",0.0912015343077718,"30 baseline","7 baseline"
"9262","M2","C4620081","7","31","C4620081 M2","baseline",0.0907222667390924,"31 baseline","7 baseline"
"9263","M2","C4620081","7","32","C4620081 M2","baseline",0.0903830645679071,"32 baseline","7 baseline"
"9264","M2","C4620081","7","33","C4620081 M2","baseline",0.0902603064900607,"33 baseline","7 baseline"
"9265","M2","C4620081","7","34","C4620081 M2","baseline",0.0894048812553365,"34 baseline","7 baseline"
"9266","M2","C4620081","7","35","C4620081 M2","baseline",0.0892471325935037,"35 baseline","7 baseline"
"9267","M2","C4620081","7","36","C4620081 M2","baseline",0.0889341520516764,"36 baseline","7 baseline"
"9268","M2","C4620081","7","37","C4620081 M2","baseline",0.0873264186837523,"37 baseline","7 baseline"
"9269","M2","C4620081","7","38","C4620081 M2","baseline",0.0859323515771739,"38 baseline","7 baseline"
"9270","M2","C4620081","7","39","C4620081 M2","baseline",0.0852508851317752,"39 baseline","7 baseline"
"9271","M2","C4620081","7","40","C4620081 M2","baseline",0.0848020326604984,"40 baseline","7 baseline"
"9272","M2","C4620081","7","41","C4620081 M2","baseline",0.0837573840245242,"41 baseline","7 baseline"
"9273","M2","C4620081","7","42","C4620081 M2","baseline",0.0832162716930097,"42 baseline","7 baseline"
"9274","M2","C4620081","7","43","C4620081 M2","baseline",0.0830968002382625,"43 baseline","7 baseline"
"9275","M2","C4620081","7","44","C4620081 M2","baseline",0.0804576801640727,"44 baseline","7 baseline"
"9276","M2","C4620081","7","45","C4620081 M2","baseline",0.0804072037106949,"45 baseline","7 baseline"
"9277","M2","C4620081","7","46","C4620081 M2","baseline",0.079294178899404,"46 baseline","7 baseline"
"9278","M2","C4620081","7","47","C4620081 M2","baseline",0.0785590007680286,"47 baseline","7 baseline"
"9279","M2","C4620081","7","48","C4620081 M2","baseline",0.0769024545297913,"48 baseline","7 baseline"
"9280","M2","C4620081","7","49","C4620081 M2","baseline",0.0761371849353419,"49 baseline","7 baseline"
"9281","M2","C4620081","7","50","C4620081 M2","baseline",0.0753284520070401,"50 baseline","7 baseline"
"9282","M2","C4620081","7","51","C4620081 M2","baseline",0.0748914137849691,"51 baseline","7 baseline"
"9283","M2","C4620081","7","52","C4620081 M2","baseline",0.0745021533125405,"52 baseline","7 baseline"
"9284","M2","C4620081","7","53","C4620081 M2","baseline",0.0739650814399872,"53 baseline","7 baseline"
"9285","M2","C4620081","7","54","C4620081 M2","baseline",0.0731711644360382,"54 baseline","7 baseline"
"9286","M2","C4620081","7","55","C4620081 M2","baseline",0.0731492555918579,"55 baseline","7 baseline"
"9287","M2","C4620081","7","56","C4620081 M2","baseline",0.0724035108158059,"56 baseline","7 baseline"
"9288","M2","C4620081","7","57","C4620081 M2","baseline",0.072199011423127,"57 baseline","7 baseline"
"9289","M2","C4620081","7","58","C4620081 M2","baseline",0.0716585300171117,"58 baseline","7 baseline"
"9290","M2","C4620081","7","59","C4620081 M2","baseline",0.0699258027433794,"59 baseline","7 baseline"
"9291","M2","C4620081","7","60","C4620081 M2","baseline",0.0667277628565805,"60 baseline","7 baseline"
"9292","M2","C4620081","7","61","C4620081 M2","baseline",0.0666609359515859,"61 baseline","7 baseline"
"9293","M2","C4620081","7","62","C4620081 M2","baseline",0.0663856237359773,"62 baseline","7 baseline"
"9294","M2","C4620081","7","63","C4620081 M2","baseline",0.0662065197831136,"63 baseline","7 baseline"
"9295","M2","C4620081","7","64","C4620081 M2","baseline",0.0658409522221574,"64 baseline","7 baseline"
"9296","M2","C4620081","7","65","C4620081 M2","baseline",0.0653239188571287,"65 baseline","7 baseline"
"9297","M2","C4620081","7","66","C4620081 M2","baseline",0.0644557903997029,"66 baseline","7 baseline"
"9298","M2","C4620081","7","67","C4620081 M2","baseline",0.0633593715096393,"67 baseline","7 baseline"
"9299","M2","C4620081","7","68","C4620081 M2","baseline",0.0633318730215395,"68 baseline","7 baseline"
"9300","M2","C4620081","7","69","C4620081 M2","baseline",0.0630857476529211,"69 baseline","7 baseline"
"9301","M2","C4620081","7","70","C4620081 M2","baseline",0.0625117714259023,"70 baseline","7 baseline"
"9302","M2","C4620081","7","71","C4620081 M2","baseline",0.0614412546694846,"71 baseline","7 baseline"
"9303","M2","C4620081","7","72","C4620081 M2","baseline",0.059126309877681,"72 baseline","7 baseline"
"9304","M2","C4620081","7","73","C4620081 M2","baseline",0.0560436821244623,"73 baseline","7 baseline"
"9305","M2","C4620081","7","74","C4620081 M2","baseline",0.0559028636615646,"74 baseline","7 baseline"
"9306","M2","C4620081","7","75","C4620081 M2","baseline",0.0536646951196175,"75 baseline","7 baseline"
"9307","M2","C4620081","7","76","C4620081 M2","baseline",0.0532438430669557,"76 baseline","7 baseline"
"9308","M2","C4620081","7","77","C4620081 M2","baseline",0.0523920069528867,"77 baseline","7 baseline"
"9309","M2","C4620081","7","78","C4620081 M2","baseline",0.0523831004595186,"78 baseline","7 baseline"
"9310","M2","C4620081","7","79","C4620081 M2","baseline",0.0517970678157889,"79 baseline","7 baseline"
"9311","M2","C4620081","7","80","C4620081 M2","baseline",0.0516469002918812,"80 baseline","7 baseline"
"9312","M2","C4620081","7","81","C4620081 M2","baseline",0.0505929080408376,"81 baseline","7 baseline"
"9313","M2","C4620081","7","82","C4620081 M2","baseline",0.0497781754709104,"82 baseline","7 baseline"
"9314","M2","C4620081","7","83","C4620081 M2","baseline",0.0497103143293341,"83 baseline","7 baseline"
"9315","M2","C4620081","7","84","C4620081 M2","baseline",0.0497065264250716,"84 baseline","7 baseline"
"9316","M2","C4620081","7","85","C4620081 M2","baseline",0.0492439838614093,"85 baseline","7 baseline"
"9317","M2","C4620081","7","86","C4620081 M2","baseline",0.0490650092552111,"86 baseline","7 baseline"
"9318","M2","C4620081","7","87","C4620081 M2","baseline",0.0484817135756018,"87 baseline","7 baseline"
"9319","M2","C4620081","7","88","C4620081 M2","baseline",0.0467151662202909,"88 baseline","7 baseline"
"9320","M2","C4620081","7","89","C4620081 M2","baseline",0.0465608171028112,"89 baseline","7 baseline"
"9321","M2","C4620081","7","90","C4620081 M2","baseline",0.0461951891625812,"90 baseline","7 baseline"
"9322","M2","C4620081","7","91","C4620081 M2","baseline",0.0457769381213752,"91 baseline","7 baseline"
"9323","M2","C4620081","7","92","C4620081 M2","baseline",0.0444721404106588,"92 baseline","7 baseline"
"9324","M2","C4620081","7","93","C4620081 M2","baseline",0.043790575546432,"93 baseline","7 baseline"
"9325","M2","C4620081","7","94","C4620081 M2","baseline",0.0434557458740112,"94 baseline","7 baseline"
"9326","M2","C4620081","7","95","C4620081 M2","baseline",0.0410649704389211,"95 baseline","7 baseline"
"9327","M2","C4620081","7","96","C4620081 M2","baseline",0.0405416711583766,"96 baseline","7 baseline"
"9328","M2","C4620081","7","97","C4620081 M2","baseline",0.039983947177801,"97 baseline","7 baseline"
"9329","M2","C4620081","7","98","C4620081 M2","baseline",0.0393272941285208,"98 baseline","7 baseline"
"9330","M2","C4620081","7","99","C4620081 M2","baseline",0.0385185814979155,"99 baseline","7 baseline"
"9331","M2","C4620081","7","100","C4620081 M2","baseline",0.0382797704635838,"100 baseline","7 baseline"
"9332","M2","C4620081","7","101","C4620081 M2","baseline",0.0378416456645957,"101 baseline","7 baseline"
"9333","M2","C4620081","7","102","C4620081 M2","baseline",0.0374633298380843,"102 baseline","7 baseline"
"9334","M2","C4620081","7","103","C4620081 M2","baseline",0.0372453186862643,"103 baseline","7 baseline"
"9335","M2","C4620081","7","104","C4620081 M2","baseline",0.0364033096090223,"104 baseline","7 baseline"
"9336","M2","C4620081","7","105","C4620081 M2","baseline",0.0354821412368766,"105 baseline","7 baseline"
"9337","M2","C4620081","7","106","C4620081 M2","baseline",0.0343679898505532,"106 baseline","7 baseline"
"9338","M2","C4620081","7","107","C4620081 M2","baseline",0.033674059853729,"107 baseline","7 baseline"
"9339","M2","C4620081","7","108","C4620081 M2","baseline",0.0331083181508313,"108 baseline","7 baseline"
"9340","M2","C4620081","7","109","C4620081 M2","baseline",0.0309450672925203,"109 baseline","7 baseline"
"9341","M2","C4620081","7","110","C4620081 M2","baseline",0.030572588327088,"110 baseline","7 baseline"
"9342","M2","C4620081","7","111","C4620081 M2","baseline",0.0304831402547899,"111 baseline","7 baseline"
"9343","M2","C4620081","7","112","C4620081 M2","baseline",0.0292047167365172,"112 baseline","7 baseline"
"9344","M2","C4620081","7","113","C4620081 M2","baseline",0.0260689368925446,"113 baseline","7 baseline"
"9345","M2","C4620081","7","114","C4620081 M2","baseline",0.0257859363437935,"114 baseline","7 baseline"
"9346","M2","C4620081","7","115","C4620081 M2","baseline",0.0257303043603058,"115 baseline","7 baseline"
"9347","M2","C4620081","7","116","C4620081 M2","baseline",0.0254296703430122,"116 baseline","7 baseline"
"9348","M2","C4620081","7","117","C4620081 M2","baseline",0.0249340920807129,"117 baseline","7 baseline"
"9349","M2","C4620081","7","118","C4620081 M2","baseline",0.0230765995191954,"118 baseline","7 baseline"
"9350","M2","C4620081","7","119","C4620081 M2","baseline",0.0229765648078165,"119 baseline","7 baseline"
"9351","M2","C4620081","7","120","C4620081 M2","baseline",0.0219818215616092,"120 baseline","7 baseline"
"9352","M2","C4620081","7","121","C4620081 M2","baseline",0.0219580201016121,"121 baseline","7 baseline"
"9353","M2","C4620081","7","122","C4620081 M2","baseline",0.0194729095744258,"122 baseline","7 baseline"
"9354","M2","C4620081","7","123","C4620081 M2","baseline",0.0191586948932446,"123 baseline","7 baseline"
"9355","M2","C4620081","7","124","C4620081 M2","baseline",0.018742319851755,"124 baseline","7 baseline"
"9356","M2","C4620081","7","125","C4620081 M2","baseline",0.0147444425214268,"125 baseline","7 baseline"
"9357","M2","C4620081","7","126","C4620081 M2","baseline",0.0144428097303623,"126 baseline","7 baseline"
"9358","M2","C4620081","7","127","C4620081 M2","baseline",0.0138641658804155,"127 baseline","7 baseline"
"9359","M2","C4620081","7","128","C4620081 M2","baseline",0.0112667463437752,"128 baseline","7 baseline"
"9360","M2","C4620081","7","129","C4620081 M2","baseline",0.0106612855050353,"129 baseline","7 baseline"
"9361","M2","C4620081","7","130","C4620081 M2","baseline",0.00999841662279274,"130 baseline","7 baseline"
"9362","M2","C4620081","7","131","C4620081 M2","baseline",0.00840081305440077,"131 baseline","7 baseline"
"9363","M2","C4620081","7","132","C4620081 M2","baseline",0.00724778647807453,"132 baseline","7 baseline"
"9364","M2","C4620081","7","133","C4620081 M2","baseline",0.00712452959076268,"133 baseline","7 baseline"
"9365","M2","C4620081","7","134","C4620081 M2","baseline",0.00569271448202365,"134 baseline","7 baseline"
"9366","M2","C4620081","7","135","C4620081 M2","baseline",0.00425217887465067,"135 baseline","7 baseline"
"9367","M2","C4620081","7","136","C4620081 M2","baseline",0.00404552413068326,"136 baseline","7 baseline"
"9368","M2","C4620081","7","137","C4620081 M2","baseline",0.00240269150066905,"137 baseline","7 baseline"
"9369","M2","C4620081","7","138","C4620081 M2","baseline",-0.000338039035402873,"138 baseline","7 baseline"
"9370","M2","C4620081","7","139","C4620081 M2","baseline",-0.00179211624425513,"139 baseline","7 baseline"
"9371","M2","C4620081","7","140","C4620081 M2","baseline",-0.00238543414385662,"140 baseline","7 baseline"
"9372","M2","C4620081","7","141","C4620081 M2","baseline",-0.00244661560705819,"141 baseline","7 baseline"
"9373","M2","C4620081","7","142","C4620081 M2","baseline",-0.00568903443027733,"142 baseline","7 baseline"
"9374","M2","C4620081","7","143","C4620081 M2","baseline",-0.00591857995596915,"143 baseline","7 baseline"
"9375","M2","C4620081","7","144","C4620081 M2","baseline",-0.00867406251470332,"144 baseline","7 baseline"
"9376","M2","C4620081","7","145","C4620081 M2","baseline",-0.0114000033155329,"145 baseline","7 baseline"
"9377","M2","C4620081","7","146","C4620081 M2","baseline",-0.0128195273444387,"146 baseline","7 baseline"
"9378","M2","C4620081","7","147","C4620081 M2","baseline",-0.0145543901170377,"147 baseline","7 baseline"
"9379","M2","C4620081","7","148","C4620081 M2","baseline",-0.0184028854571363,"148 baseline","7 baseline"
"9380","M2","C4620081","7","149","C4620081 M2","baseline",-0.0218563625526916,"149 baseline","7 baseline"
"9381","M2","C4620081","7","150","C4620081 M2","baseline",-0.0253966918323484,"150 baseline","7 baseline"
"9382","M2","C4620081","7","151","C4620081 M2","baseline",-0.0274637553726457,"151 baseline","7 baseline"
"9383","M2","C4620081","7","152","C4620081 M2","baseline",-0.0298947870254218,"152 baseline","7 baseline"
"9384","M3","C4620081","7","0","C4620081 M3","baseline",0.140004157322338,"0 baseline","7 baseline"
"9385","M3","C4620081","7","1","C4620081 M3","baseline",0.133500513577347,"1 baseline","7 baseline"
"9386","M3","C4620081","7","2","C4620081 M3","baseline",0.120930122012131,"2 baseline","7 baseline"
"9387","M3","C4620081","7","3","C4620081 M3","baseline",0.115254812084892,"3 baseline","7 baseline"
"9388","M3","C4620081","7","4","C4620081 M3","baseline",0.11422713379787,"4 baseline","7 baseline"
"9389","M3","C4620081","7","5","C4620081 M3","baseline",0.113660867275087,"5 baseline","7 baseline"
"9390","M3","C4620081","7","6","C4620081 M3","baseline",0.111648551426643,"6 baseline","7 baseline"
"9391","M3","C4620081","7","7","C4620081 M3","baseline",0.110573172159725,"7 baseline","7 baseline"
"9392","M3","C4620081","7","8","C4620081 M3","baseline",0.109830141768038,"8 baseline","7 baseline"
"9393","M3","C4620081","7","9","C4620081 M3","baseline",0.109651408251861,"9 baseline","7 baseline"
"9394","M3","C4620081","7","10","C4620081 M3","baseline",0.108716483728119,"10 baseline","7 baseline"
"9395","M3","C4620081","7","11","C4620081 M3","baseline",0.107222906438445,"11 baseline","7 baseline"
"9396","M3","C4620081","7","12","C4620081 M3","baseline",0.107188572549598,"12 baseline","7 baseline"
"9397","M3","C4620081","7","13","C4620081 M3","baseline",0.107183332729955,"13 baseline","7 baseline"
"9398","M3","C4620081","7","14","C4620081 M3","baseline",0.105134165306679,"14 baseline","7 baseline"
"9399","M3","C4620081","7","15","C4620081 M3","baseline",0.104281486312462,"15 baseline","7 baseline"
"9400","M3","C4620081","7","16","C4620081 M3","baseline",0.103249032447205,"16 baseline","7 baseline"
"9401","M3","C4620081","7","17","C4620081 M3","baseline",0.101770846850237,"17 baseline","7 baseline"
"9402","M3","C4620081","7","18","C4620081 M3","baseline",0.100565096377015,"18 baseline","7 baseline"
"9403","M3","C4620081","7","19","C4620081 M3","baseline",0.10015259717586,"19 baseline","7 baseline"
"9404","M3","C4620081","7","20","C4620081 M3","baseline",0.0996536124081747,"20 baseline","7 baseline"
"9405","M3","C4620081","7","21","C4620081 M3","baseline",0.0991232769966974,"21 baseline","7 baseline"
"9406","M3","C4620081","7","22","C4620081 M3","baseline",0.0987548509308055,"22 baseline","7 baseline"
"9407","M3","C4620081","7","23","C4620081 M3","baseline",0.0975258405117066,"23 baseline","7 baseline"
"9408","M3","C4620081","7","24","C4620081 M3","baseline",0.0973894645671346,"24 baseline","7 baseline"
"9409","M3","C4620081","7","25","C4620081 M3","baseline",0.0969541603620626,"25 baseline","7 baseline"
"9410","M3","C4620081","7","26","C4620081 M3","baseline",0.0966543756715509,"26 baseline","7 baseline"
"9411","M3","C4620081","7","27","C4620081 M3","baseline",0.0962571554197625,"27 baseline","7 baseline"
"9412","M3","C4620081","7","28","C4620081 M3","baseline",0.0941515019482768,"28 baseline","7 baseline"
"9413","M3","C4620081","7","29","C4620081 M3","baseline",0.0916430468408725,"29 baseline","7 baseline"
"9414","M3","C4620081","7","30","C4620081 M3","baseline",0.0913071256044284,"30 baseline","7 baseline"
"9415","M3","C4620081","7","31","C4620081 M3","baseline",0.090258000340467,"31 baseline","7 baseline"
"9416","M3","C4620081","7","32","C4620081 M3","baseline",0.0901942252611273,"32 baseline","7 baseline"
"9417","M3","C4620081","7","33","C4620081 M3","baseline",0.0899377755321664,"33 baseline","7 baseline"
"9418","M3","C4620081","7","34","C4620081 M3","baseline",0.0891157541474909,"34 baseline","7 baseline"
"9419","M3","C4620081","7","35","C4620081 M3","baseline",0.089039552706766,"35 baseline","7 baseline"
"9420","M3","C4620081","7","36","C4620081 M3","baseline",0.0875704380859933,"36 baseline","7 baseline"
"9421","M3","C4620081","7","37","C4620081 M3","baseline",0.0874371711782219,"37 baseline","7 baseline"
"9422","M3","C4620081","7","38","C4620081 M3","baseline",0.0866050288210145,"38 baseline","7 baseline"
"9423","M3","C4620081","7","39","C4620081 M3","baseline",0.0864014502411656,"39 baseline","7 baseline"
"9424","M3","C4620081","7","40","C4620081 M3","baseline",0.0858016231980852,"40 baseline","7 baseline"
"9425","M3","C4620081","7","41","C4620081 M3","baseline",0.0854406979630815,"41 baseline","7 baseline"
"9426","M3","C4620081","7","42","C4620081 M3","baseline",0.0847659466149109,"42 baseline","7 baseline"
"9427","M3","C4620081","7","43","C4620081 M3","baseline",0.0847289039253945,"43 baseline","7 baseline"
"9428","M3","C4620081","7","44","C4620081 M3","baseline",0.0837229425226129,"44 baseline","7 baseline"
"9429","M3","C4620081","7","45","C4620081 M3","baseline",0.0833365407403709,"45 baseline","7 baseline"
"9430","M3","C4620081","7","46","C4620081 M3","baseline",0.0825171082345594,"46 baseline","7 baseline"
"9431","M3","C4620081","7","47","C4620081 M3","baseline",0.0823978683579195,"47 baseline","7 baseline"
"9432","M3","C4620081","7","48","C4620081 M3","baseline",0.0823847300068215,"48 baseline","7 baseline"
"9433","M3","C4620081","7","49","C4620081 M3","baseline",0.0821790128576276,"49 baseline","7 baseline"
"9434","M3","C4620081","7","50","C4620081 M3","baseline",0.0817143123740937,"50 baseline","7 baseline"
"9435","M3","C4620081","7","51","C4620081 M3","baseline",0.0815343676344109,"51 baseline","7 baseline"
"9436","M3","C4620081","7","52","C4620081 M3","baseline",0.0814736857005329,"52 baseline","7 baseline"
"9437","M3","C4620081","7","53","C4620081 M3","baseline",0.0814362221314161,"53 baseline","7 baseline"
"9438","M3","C4620081","7","54","C4620081 M3","baseline",0.0811466875833248,"54 baseline","7 baseline"
"9439","M3","C4620081","7","55","C4620081 M3","baseline",0.0810676920972244,"55 baseline","7 baseline"
"9440","M3","C4620081","7","56","C4620081 M3","baseline",0.0804576725067864,"56 baseline","7 baseline"
"9441","M3","C4620081","7","57","C4620081 M3","baseline",0.0803773190197346,"57 baseline","7 baseline"
"9442","M3","C4620081","7","58","C4620081 M3","baseline",0.0802420719155204,"58 baseline","7 baseline"
"9443","M3","C4620081","7","59","C4620081 M3","baseline",0.0793513663705358,"59 baseline","7 baseline"
"9444","M3","C4620081","7","60","C4620081 M3","baseline",0.0785550114873724,"60 baseline","7 baseline"
"9445","M3","C4620081","7","61","C4620081 M3","baseline",0.0782470707451997,"61 baseline","7 baseline"
"9446","M3","C4620081","7","62","C4620081 M3","baseline",0.0781860660006369,"62 baseline","7 baseline"
"9447","M3","C4620081","7","63","C4620081 M3","baseline",0.0777699481346478,"63 baseline","7 baseline"
"9448","M3","C4620081","7","64","C4620081 M3","baseline",0.0775922419552985,"64 baseline","7 baseline"
"9449","M3","C4620081","7","65","C4620081 M3","baseline",0.0772665185016187,"65 baseline","7 baseline"
"9450","M3","C4620081","7","66","C4620081 M3","baseline",0.0767808025308996,"66 baseline","7 baseline"
"9451","M3","C4620081","7","67","C4620081 M3","baseline",0.0764432396587217,"67 baseline","7 baseline"
"9452","M3","C4620081","7","68","C4620081 M3","baseline",0.0762254590849475,"68 baseline","7 baseline"
"9453","M3","C4620081","7","69","C4620081 M3","baseline",0.0756457724669658,"69 baseline","7 baseline"
"9454","M3","C4620081","7","70","C4620081 M3","baseline",0.075328053554812,"70 baseline","7 baseline"
"9455","M3","C4620081","7","71","C4620081 M3","baseline",0.0748571107679262,"71 baseline","7 baseline"
"9456","M3","C4620081","7","72","C4620081 M3","baseline",0.0747910585357452,"72 baseline","7 baseline"
"9457","M3","C4620081","7","73","C4620081 M3","baseline",0.0746784531428634,"73 baseline","7 baseline"
"9458","M3","C4620081","7","74","C4620081 M3","baseline",0.0742638874729908,"74 baseline","7 baseline"
"9459","M3","C4620081","7","75","C4620081 M3","baseline",0.0740578179546152,"75 baseline","7 baseline"
"9460","M3","C4620081","7","76","C4620081 M3","baseline",0.0734999060453626,"76 baseline","7 baseline"
"9461","M3","C4620081","7","77","C4620081 M3","baseline",0.0717490469190958,"77 baseline","7 baseline"
"9462","M3","C4620081","7","78","C4620081 M3","baseline",0.0712767761259043,"78 baseline","7 baseline"
"9463","M3","C4620081","7","79","C4620081 M3","baseline",0.0707812718534755,"79 baseline","7 baseline"
"9464","M3","C4620081","7","80","C4620081 M3","baseline",0.0700831151457482,"80 baseline","7 baseline"
"9465","M3","C4620081","7","81","C4620081 M3","baseline",0.0696100038330052,"81 baseline","7 baseline"
"9466","M3","C4620081","7","82","C4620081 M3","baseline",0.0690680762818475,"82 baseline","7 baseline"
"9467","M3","C4620081","7","83","C4620081 M3","baseline",0.0685422282391035,"83 baseline","7 baseline"
"9468","M3","C4620081","7","84","C4620081 M3","baseline",0.0685136620957359,"84 baseline","7 baseline"
"9469","M3","C4620081","7","85","C4620081 M3","baseline",0.0683718792285092,"85 baseline","7 baseline"
"9470","M3","C4620081","7","86","C4620081 M3","baseline",0.0666681487758254,"86 baseline","7 baseline"
"9471","M3","C4620081","7","87","C4620081 M3","baseline",0.0664541853060182,"87 baseline","7 baseline"
"9472","M3","C4620081","7","88","C4620081 M3","baseline",0.0659076483981476,"88 baseline","7 baseline"
"9473","M3","C4620081","7","89","C4620081 M3","baseline",0.0651145362589647,"89 baseline","7 baseline"
"9474","M3","C4620081","7","90","C4620081 M3","baseline",0.0650600609359846,"90 baseline","7 baseline"
"9475","M3","C4620081","7","91","C4620081 M3","baseline",0.0644663010417707,"91 baseline","7 baseline"
"9476","M3","C4620081","7","92","C4620081 M3","baseline",0.0642346029595831,"92 baseline","7 baseline"
"9477","M3","C4620081","7","93","C4620081 M3","baseline",0.0635172447700199,"93 baseline","7 baseline"
"9478","M3","C4620081","7","94","C4620081 M3","baseline",0.063399418641138,"94 baseline","7 baseline"
"9479","M3","C4620081","7","95","C4620081 M3","baseline",0.0631449568592328,"95 baseline","7 baseline"
"9480","M3","C4620081","7","96","C4620081 M3","baseline",0.0630440002655879,"96 baseline","7 baseline"
"9481","M3","C4620081","7","97","C4620081 M3","baseline",0.0627019231429591,"97 baseline","7 baseline"
"9482","M3","C4620081","7","98","C4620081 M3","baseline",0.0620191834727065,"98 baseline","7 baseline"
"9483","M3","C4620081","7","99","C4620081 M3","baseline",0.061488550364297,"99 baseline","7 baseline"
"9484","M3","C4620081","7","100","C4620081 M3","baseline",0.0608174570961765,"100 baseline","7 baseline"
"9485","M3","C4620081","7","101","C4620081 M3","baseline",0.0605656334401715,"101 baseline","7 baseline"
"9486","M3","C4620081","7","102","C4620081 M3","baseline",0.0603333815863451,"102 baseline","7 baseline"
"9487","M3","C4620081","7","103","C4620081 M3","baseline",0.0602493991243148,"103 baseline","7 baseline"
"9488","M3","C4620081","7","104","C4620081 M3","baseline",0.0602023264401765,"104 baseline","7 baseline"
"9489","M3","C4620081","7","105","C4620081 M3","baseline",0.0600086573721691,"105 baseline","7 baseline"
"9490","M3","C4620081","7","106","C4620081 M3","baseline",0.05992304227186,"106 baseline","7 baseline"
"9491","M3","C4620081","7","107","C4620081 M3","baseline",0.0598027340770712,"107 baseline","7 baseline"
"9492","M3","C4620081","7","108","C4620081 M3","baseline",0.0597557181553902,"108 baseline","7 baseline"
"9493","M3","C4620081","7","109","C4620081 M3","baseline",0.0597426116176809,"109 baseline","7 baseline"
"9494","M3","C4620081","7","110","C4620081 M3","baseline",0.0595276898855343,"110 baseline","7 baseline"
"9495","M3","C4620081","7","111","C4620081 M3","baseline",0.0594697164814991,"111 baseline","7 baseline"
"9496","M3","C4620081","7","112","C4620081 M3","baseline",0.0593741494675732,"112 baseline","7 baseline"
"9497","M3","C4620081","7","113","C4620081 M3","baseline",0.0591895505472745,"113 baseline","7 baseline"
"9498","M3","C4620081","7","114","C4620081 M3","baseline",0.0591265666520406,"114 baseline","7 baseline"
"9499","M3","C4620081","7","115","C4620081 M3","baseline",0.0589974091346148,"115 baseline","7 baseline"
"9500","M3","C4620081","7","116","C4620081 M3","baseline",0.0589754400619281,"116 baseline","7 baseline"
"9501","M3","C4620081","7","117","C4620081 M3","baseline",0.0586659109584253,"117 baseline","7 baseline"
"9502","M3","C4620081","7","118","C4620081 M3","baseline",0.0583464472164286,"118 baseline","7 baseline"
"9503","M3","C4620081","7","119","C4620081 M3","baseline",0.0582468042106152,"119 baseline","7 baseline"
"9504","M3","C4620081","7","120","C4620081 M3","baseline",0.0578423067661732,"120 baseline","7 baseline"
"9505","M3","C4620081","7","121","C4620081 M3","baseline",0.0577052359733679,"121 baseline","7 baseline"
"9506","M3","C4620081","7","122","C4620081 M3","baseline",0.0576292549787561,"122 baseline","7 baseline"
"9507","M3","C4620081","7","123","C4620081 M3","baseline",0.0574478109900133,"123 baseline","7 baseline"
"9508","M3","C4620081","7","124","C4620081 M3","baseline",0.0571627017372654,"124 baseline","7 baseline"
"9509","M3","C4620081","7","125","C4620081 M3","baseline",0.0570040152419842,"125 baseline","7 baseline"
"9510","M3","C4620081","7","126","C4620081 M3","baseline",0.0569378801357534,"126 baseline","7 baseline"
"9511","M3","C4620081","7","127","C4620081 M3","baseline",0.0563889223471674,"127 baseline","7 baseline"
"9512","M3","C4620081","7","128","C4620081 M3","baseline",0.0559639143443043,"128 baseline","7 baseline"
"9513","M3","C4620081","7","129","C4620081 M3","baseline",0.0553989291906343,"129 baseline","7 baseline"
"9514","M3","C4620081","7","130","C4620081 M3","baseline",0.0553904277388395,"130 baseline","7 baseline"
"9515","M3","C4620081","7","131","C4620081 M3","baseline",0.0546829389389374,"131 baseline","7 baseline"
"9516","M3","C4620081","7","132","C4620081 M3","baseline",0.0546527465405403,"132 baseline","7 baseline"
"9517","M3","C4620081","7","133","C4620081 M3","baseline",0.0543227768387483,"133 baseline","7 baseline"
"9518","M3","C4620081","7","134","C4620081 M3","baseline",0.0543179140680879,"134 baseline","7 baseline"
"9519","M3","C4620081","7","135","C4620081 M3","baseline",0.054203093986352,"135 baseline","7 baseline"
"9520","M3","C4620081","7","136","C4620081 M3","baseline",0.0534996009516298,"136 baseline","7 baseline"
"9521","M3","C4620081","7","137","C4620081 M3","baseline",0.0533021275479889,"137 baseline","7 baseline"
"9522","M3","C4620081","7","138","C4620081 M3","baseline",0.0531204178992143,"138 baseline","7 baseline"
"9523","M3","C4620081","7","139","C4620081 M3","baseline",0.0530241692160728,"139 baseline","7 baseline"
"9524","M3","C4620081","7","140","C4620081 M3","baseline",0.0529474014474351,"140 baseline","7 baseline"
"9525","M3","C4620081","7","141","C4620081 M3","baseline",0.0528667992694809,"141 baseline","7 baseline"
"9526","M3","C4620081","7","142","C4620081 M3","baseline",0.0526881052486092,"142 baseline","7 baseline"
"9527","M3","C4620081","7","143","C4620081 M3","baseline",0.0521308134726999,"143 baseline","7 baseline"
"9528","M3","C4620081","7","144","C4620081 M3","baseline",0.0521148895256437,"144 baseline","7 baseline"
"9529","M3","C4620081","7","145","C4620081 M3","baseline",0.0516666426800934,"145 baseline","7 baseline"
"9530","M3","C4620081","7","146","C4620081 M3","baseline",0.0513027551757171,"146 baseline","7 baseline"
"9531","M3","C4620081","7","147","C4620081 M3","baseline",0.0511407739329097,"147 baseline","7 baseline"
"9532","M3","C4620081","7","148","C4620081 M3","baseline",0.0509789519764605,"148 baseline","7 baseline"
"9533","M3","C4620081","7","149","C4620081 M3","baseline",0.0504986620183577,"149 baseline","7 baseline"
"9534","M3","C4620081","7","150","C4620081 M3","baseline",0.0503293491544915,"150 baseline","7 baseline"
"9535","M3","C4620081","7","151","C4620081 M3","baseline",0.0500539583404091,"151 baseline","7 baseline"
"9536","M3","C4620081","7","152","C4620081 M3","baseline",0.0500408220584806,"152 baseline","7 baseline"
"9537","M3","C4620081","7","153","C4620081 M3","baseline",0.0499522032462597,"153 baseline","7 baseline"
"9538","M3","C4620081","7","154","C4620081 M3","baseline",0.0498564591233901,"154 baseline","7 baseline"
"9539","M3","C4620081","7","155","C4620081 M3","baseline",0.0498463993265563,"155 baseline","7 baseline"
"9540","M3","C4620081","7","156","C4620081 M3","baseline",0.0497907364726589,"156 baseline","7 baseline"
"9541","M3","C4620081","7","157","C4620081 M3","baseline",0.0494346830369412,"157 baseline","7 baseline"
"9542","M3","C4620081","7","158","C4620081 M3","baseline",0.0493790956064629,"158 baseline","7 baseline"
"9543","M3","C4620081","7","159","C4620081 M3","baseline",0.0490865335258293,"159 baseline","7 baseline"
"9544","M3","C4620081","7","160","C4620081 M3","baseline",0.0486740266063634,"160 baseline","7 baseline"
"9545","M3","C4620081","7","161","C4620081 M3","baseline",0.0485021010445072,"161 baseline","7 baseline"
"9546","M3","C4620081","7","162","C4620081 M3","baseline",0.047605320603546,"162 baseline","7 baseline"
"9547","M3","C4620081","7","163","C4620081 M3","baseline",0.0471475374658085,"163 baseline","7 baseline"
"9548","M3","C4620081","7","164","C4620081 M3","baseline",0.0463683891069693,"164 baseline","7 baseline"
"9549","M3","C4620081","7","165","C4620081 M3","baseline",0.0459781635214123,"165 baseline","7 baseline"
"9550","M3","C4620081","7","166","C4620081 M3","baseline",0.0458556842933697,"166 baseline","7 baseline"
"9551","M3","C4620081","7","167","C4620081 M3","baseline",0.0458108544049806,"167 baseline","7 baseline"
"9552","M3","C4620081","7","168","C4620081 M3","baseline",0.0457520299247598,"168 baseline","7 baseline"
"9553","M3","C4620081","7","169","C4620081 M3","baseline",0.0453411793195436,"169 baseline","7 baseline"
"9554","M3","C4620081","7","170","C4620081 M3","baseline",0.045284535943117,"170 baseline","7 baseline"
"9555","M3","C4620081","7","171","C4620081 M3","baseline",0.0451642364910479,"171 baseline","7 baseline"
"9556","M3","C4620081","7","172","C4620081 M3","baseline",0.045131011005698,"172 baseline","7 baseline"
"9557","M3","C4620081","7","173","C4620081 M3","baseline",0.0449602444612252,"173 baseline","7 baseline"
"9558","M3","C4620081","7","174","C4620081 M3","baseline",0.0440837895376444,"174 baseline","7 baseline"
"9559","M3","C4620081","7","175","C4620081 M3","baseline",0.0440208879661029,"175 baseline","7 baseline"
"9560","M3","C4620081","7","176","C4620081 M3","baseline",0.0427083337125595,"176 baseline","7 baseline"
"9561","M3","C4620081","7","177","C4620081 M3","baseline",0.0426584131587515,"177 baseline","7 baseline"
"9562","M3","C4620081","7","178","C4620081 M3","baseline",0.0426496223292153,"178 baseline","7 baseline"
"9563","M3","C4620081","7","179","C4620081 M3","baseline",0.0425044396990925,"179 baseline","7 baseline"
"9564","M3","C4620081","7","180","C4620081 M3","baseline",0.0420610064088044,"180 baseline","7 baseline"
"9565","M3","C4620081","7","181","C4620081 M3","baseline",0.0416278345414131,"181 baseline","7 baseline"
"9566","M3","C4620081","7","182","C4620081 M3","baseline",0.0413199297294977,"182 baseline","7 baseline"
"9567","M3","C4620081","7","183","C4620081 M3","baseline",0.0410698720057991,"183 baseline","7 baseline"
"9568","M3","C4620081","7","184","C4620081 M3","baseline",0.0408630087159774,"184 baseline","7 baseline"
"9569","M3","C4620081","7","185","C4620081 M3","baseline",0.0407191187860499,"185 baseline","7 baseline"
"9570","M3","C4620081","7","186","C4620081 M3","baseline",0.0405290371208964,"186 baseline","7 baseline"
"9571","M3","C4620081","7","187","C4620081 M3","baseline",0.0397897093471819,"187 baseline","7 baseline"
"9572","M3","C4620081","7","188","C4620081 M3","baseline",0.0394003062470519,"188 baseline","7 baseline"
"9573","M3","C4620081","7","189","C4620081 M3","baseline",0.0391222126197086,"189 baseline","7 baseline"
"9574","M3","C4620081","7","190","C4620081 M3","baseline",0.0390764936040283,"190 baseline","7 baseline"
"9575","M3","C4620081","7","191","C4620081 M3","baseline",0.0389774469527619,"191 baseline","7 baseline"
"9576","M3","C4620081","7","192","C4620081 M3","baseline",0.0389030693146128,"192 baseline","7 baseline"
"9577","M3","C4620081","7","193","C4620081 M3","baseline",0.0385214928956097,"193 baseline","7 baseline"
"9578","M3","C4620081","7","194","C4620081 M3","baseline",0.0384189485208012,"194 baseline","7 baseline"
"9579","M3","C4620081","7","195","C4620081 M3","baseline",0.0383927108349966,"195 baseline","7 baseline"
"9580","M3","C4620081","7","196","C4620081 M3","baseline",0.0380261362418365,"196 baseline","7 baseline"
"9581","M3","C4620081","7","197","C4620081 M3","baseline",0.0380244677334422,"197 baseline","7 baseline"
"9582","M3","C4620081","7","198","C4620081 M3","baseline",0.0380029000182075,"198 baseline","7 baseline"
"9583","M3","C4620081","7","199","C4620081 M3","baseline",0.0371201892764894,"199 baseline","7 baseline"
"9584","M3","C4620081","7","200","C4620081 M3","baseline",0.0371158023806388,"200 baseline","7 baseline"
"9585","M3","C4620081","7","201","C4620081 M3","baseline",0.0367728752172165,"201 baseline","7 baseline"
"9586","M3","C4620081","7","202","C4620081 M3","baseline",0.0367237501085999,"202 baseline","7 baseline"
"9587","M3","C4620081","7","203","C4620081 M3","baseline",0.0366581854255047,"203 baseline","7 baseline"
"9588","M3","C4620081","7","204","C4620081 M3","baseline",0.0362734022725263,"204 baseline","7 baseline"
"9589","M3","C4620081","7","205","C4620081 M3","baseline",0.0362054053668911,"205 baseline","7 baseline"
"9590","M3","C4620081","7","206","C4620081 M3","baseline",0.0357442262190998,"206 baseline","7 baseline"
"9591","M3","C4620081","7","207","C4620081 M3","baseline",0.0356515178759692,"207 baseline","7 baseline"
"9592","M3","C4620081","7","208","C4620081 M3","baseline",0.0356513373926875,"208 baseline","7 baseline"
"9593","M3","C4620081","7","209","C4620081 M3","baseline",0.0356086905692981,"209 baseline","7 baseline"
"9594","M3","C4620081","7","210","C4620081 M3","baseline",0.0351174525450064,"210 baseline","7 baseline"
"9595","M3","C4620081","7","211","C4620081 M3","baseline",0.0349550666811028,"211 baseline","7 baseline"
"9596","M3","C4620081","7","212","C4620081 M3","baseline",0.0346536406788568,"212 baseline","7 baseline"
"9597","M3","C4620081","7","213","C4620081 M3","baseline",0.0342811437096438,"213 baseline","7 baseline"
"9598","M3","C4620081","7","214","C4620081 M3","baseline",0.0342616692451446,"214 baseline","7 baseline"
"9599","M3","C4620081","7","215","C4620081 M3","baseline",0.0339667157423873,"215 baseline","7 baseline"
"9600","M3","C4620081","7","216","C4620081 M3","baseline",0.0337305655808198,"216 baseline","7 baseline"
"9601","M3","C4620081","7","217","C4620081 M3","baseline",0.0334174906431833,"217 baseline","7 baseline"
"9602","M3","C4620081","7","218","C4620081 M3","baseline",0.0328660661145917,"218 baseline","7 baseline"
"9603","M3","C4620081","7","219","C4620081 M3","baseline",0.0325461447349585,"219 baseline","7 baseline"
"9604","M3","C4620081","7","220","C4620081 M3","baseline",0.0323668953850118,"220 baseline","7 baseline"
"9605","M3","C4620081","7","221","C4620081 M3","baseline",0.0322830258742547,"221 baseline","7 baseline"
"9606","M3","C4620081","7","222","C4620081 M3","baseline",0.0319053624757995,"222 baseline","7 baseline"
"9607","M3","C4620081","7","223","C4620081 M3","baseline",0.0316545893424622,"223 baseline","7 baseline"
"9608","M3","C4620081","7","224","C4620081 M3","baseline",0.0315567824991645,"224 baseline","7 baseline"
"9609","M3","C4620081","7","225","C4620081 M3","baseline",0.0315433720451642,"225 baseline","7 baseline"
"9610","M3","C4620081","7","226","C4620081 M3","baseline",0.0311399105609089,"226 baseline","7 baseline"
"9611","M3","C4620081","7","227","C4620081 M3","baseline",0.0303148836775761,"227 baseline","7 baseline"
"9612","M3","C4620081","7","228","C4620081 M3","baseline",0.0295873300184164,"228 baseline","7 baseline"
"9613","M3","C4620081","7","229","C4620081 M3","baseline",0.0294289541741098,"229 baseline","7 baseline"
"9614","M3","C4620081","7","230","C4620081 M3","baseline",0.0290467770201244,"230 baseline","7 baseline"
"9615","M3","C4620081","7","231","C4620081 M3","baseline",0.0288658172269216,"231 baseline","7 baseline"
"9616","M3","C4620081","7","232","C4620081 M3","baseline",0.0288422275399669,"232 baseline","7 baseline"
"9617","M3","C4620081","7","233","C4620081 M3","baseline",0.0288261973654321,"233 baseline","7 baseline"
"9618","M3","C4620081","7","234","C4620081 M3","baseline",0.0283593312074622,"234 baseline","7 baseline"
"9619","M3","C4620081","7","235","C4620081 M3","baseline",0.0278409681858157,"235 baseline","7 baseline"
"9620","M3","C4620081","7","236","C4620081 M3","baseline",0.0278140481890988,"236 baseline","7 baseline"
"9621","M3","C4620081","7","237","C4620081 M3","baseline",0.0275456239694665,"237 baseline","7 baseline"
"9622","M3","C4620081","7","238","C4620081 M3","baseline",0.0273197725876111,"238 baseline","7 baseline"
"9623","M3","C4620081","7","239","C4620081 M3","baseline",0.0273026112386301,"239 baseline","7 baseline"
"9624","M3","C4620081","7","240","C4620081 M3","baseline",0.0271216916583555,"240 baseline","7 baseline"
"9625","M3","C4620081","7","241","C4620081 M3","baseline",0.0270202325478045,"241 baseline","7 baseline"
"9626","M3","C4620081","7","242","C4620081 M3","baseline",0.0269885057567855,"242 baseline","7 baseline"
"9627","M3","C4620081","7","243","C4620081 M3","baseline",0.0264779551400588,"243 baseline","7 baseline"
"9628","M3","C4620081","7","244","C4620081 M3","baseline",0.0263684725447459,"244 baseline","7 baseline"
"9629","M3","C4620081","7","245","C4620081 M3","baseline",0.0260125608753314,"245 baseline","7 baseline"
"9630","M3","C4620081","7","246","C4620081 M3","baseline",0.0252169650596607,"246 baseline","7 baseline"
"9631","M3","C4620081","7","247","C4620081 M3","baseline",0.0246907882942636,"247 baseline","7 baseline"
"9632","M3","C4620081","7","248","C4620081 M3","baseline",0.0230848599468443,"248 baseline","7 baseline"
"9633","M3","C4620081","7","249","C4620081 M3","baseline",0.0228478269663953,"249 baseline","7 baseline"
"9634","M3","C4620081","7","250","C4620081 M3","baseline",0.0223999927660579,"250 baseline","7 baseline"
"9635","M3","C4620081","7","251","C4620081 M3","baseline",0.0212493703041565,"251 baseline","7 baseline"
"9636","M3","C4620081","7","252","C4620081 M3","baseline",0.0210749092251438,"252 baseline","7 baseline"
"9637","M3","C4620081","7","253","C4620081 M3","baseline",0.0209094582401691,"253 baseline","7 baseline"
"9638","M3","C4620081","7","254","C4620081 M3","baseline",0.0201621221885825,"254 baseline","7 baseline"
"9639","M3","C4620081","7","255","C4620081 M3","baseline",0.0201570556058421,"255 baseline","7 baseline"
"9640","M3","C4620081","7","256","C4620081 M3","baseline",0.0200893300248629,"256 baseline","7 baseline"
"9641","M3","C4620081","7","257","C4620081 M3","baseline",0.0199074947110107,"257 baseline","7 baseline"
"9642","M3","C4620081","7","258","C4620081 M3","baseline",0.0198266100146222,"258 baseline","7 baseline"
"9643","M3","C4620081","7","259","C4620081 M3","baseline",0.0194984490264834,"259 baseline","7 baseline"
"9644","M3","C4620081","7","260","C4620081 M3","baseline",0.0184016889143053,"260 baseline","7 baseline"
"9645","M3","C4620081","7","261","C4620081 M3","baseline",0.018331177661227,"261 baseline","7 baseline"
"9646","M3","C4620081","7","262","C4620081 M3","baseline",0.0172071570839661,"262 baseline","7 baseline"
"9647","M3","C4620081","7","263","C4620081 M3","baseline",0.0161473292824348,"263 baseline","7 baseline"
"9648","M3","C4620081","7","264","C4620081 M3","baseline",0.0154677360360021,"264 baseline","7 baseline"
"9649","M3","C4620081","7","265","C4620081 M3","baseline",0.0154238046586075,"265 baseline","7 baseline"
"9650","M3","C4620081","7","266","C4620081 M3","baseline",0.0146199694896888,"266 baseline","7 baseline"
"9651","M3","C4620081","7","267","C4620081 M3","baseline",0.0144316232715176,"267 baseline","7 baseline"
"9652","M3","C4620081","7","268","C4620081 M3","baseline",0.0140525538533573,"268 baseline","7 baseline"
"9653","M3","C4620081","7","269","C4620081 M3","baseline",0.013907745824177,"269 baseline","7 baseline"
"9654","M3","C4620081","7","270","C4620081 M3","baseline",0.0137904835717496,"270 baseline","7 baseline"
"9655","M3","C4620081","7","271","C4620081 M3","baseline",0.0125624388082037,"271 baseline","7 baseline"
"9656","M3","C4620081","7","272","C4620081 M3","baseline",0.0110840184962646,"272 baseline","7 baseline"
"9657","M3","C4620081","7","273","C4620081 M3","baseline",0.0109005967750507,"273 baseline","7 baseline"
"9658","M3","C4620081","7","274","C4620081 M3","baseline",0.0107018574336436,"274 baseline","7 baseline"
"9659","M3","C4620081","7","275","C4620081 M3","baseline",0.0105806548008691,"275 baseline","7 baseline"
"9660","M3","C4620081","7","276","C4620081 M3","baseline",0.0077629980531617,"276 baseline","7 baseline"
"9661","M3","C4620081","7","277","C4620081 M3","baseline",0.00759784391803323,"277 baseline","7 baseline"
"9662","M3","C4620081","7","278","C4620081 M3","baseline",0.00735438690931445,"278 baseline","7 baseline"
"9663","M3","C4620081","7","279","C4620081 M3","baseline",0.00723236115840386,"279 baseline","7 baseline"
"9664","M3","C4620081","7","280","C4620081 M3","baseline",0.00700119265508104,"280 baseline","7 baseline"
"9665","M3","C4620081","7","281","C4620081 M3","baseline",0.00692304392177358,"281 baseline","7 baseline"
"9666","M3","C4620081","7","282","C4620081 M3","baseline",0.00577056583294954,"282 baseline","7 baseline"
"9667","M3","C4620081","7","283","C4620081 M3","baseline",0.00530331079444525,"283 baseline","7 baseline"
"9668","M3","C4620081","7","284","C4620081 M3","baseline",0.00500905333458452,"284 baseline","7 baseline"
"9669","M3","C4620081","7","285","C4620081 M3","baseline",0.00480803214648591,"285 baseline","7 baseline"
"9670","M3","C4620081","7","286","C4620081 M3","baseline",0.00424739644190106,"286 baseline","7 baseline"
"9671","M3","C4620081","7","287","C4620081 M3","baseline",0.00242049429168763,"287 baseline","7 baseline"
"9672","M3","C4620081","7","288","C4620081 M3","baseline",0.00195989620398355,"288 baseline","7 baseline"
"9673","M3","C4620081","7","289","C4620081 M3","baseline",0.00130082836063954,"289 baseline","7 baseline"
"9674","M3","C4620081","7","290","C4620081 M3","baseline",0.000837292709267789,"290 baseline","7 baseline"
"9675","M3","C4620081","7","291","C4620081 M3","baseline",0.000619027615632364,"291 baseline","7 baseline"
"9676","M3","C4620081","7","292","C4620081 M3","baseline",0.000471820294303724,"292 baseline","7 baseline"
"9677","M3","C4620081","7","293","C4620081 M3","baseline",-0.000326024949277323,"293 baseline","7 baseline"
"9678","M3","C4620081","7","294","C4620081 M3","baseline",-0.00101484637230459,"294 baseline","7 baseline"
"9679","M3","C4620081","7","295","C4620081 M3","baseline",-0.00112708455210281,"295 baseline","7 baseline"
"9680","M3","C4620081","7","296","C4620081 M3","baseline",-0.00162299513354506,"296 baseline","7 baseline"
"9681","M3","C4620081","7","297","C4620081 M3","baseline",-0.00214611844088825,"297 baseline","7 baseline"
"9682","M3","C4620081","7","298","C4620081 M3","baseline",-0.00302375628635584,"298 baseline","7 baseline"
"9683","M3","C4620081","7","299","C4620081 M3","baseline",-0.00381875309482429,"299 baseline","7 baseline"
"9684","M3","C4620081","7","300","C4620081 M3","baseline",-0.00422003144791258,"300 baseline","7 baseline"
"9685","M3","C4620081","7","301","C4620081 M3","baseline",-0.0042425984765566,"301 baseline","7 baseline"
"9686","M3","C4620081","7","302","C4620081 M3","baseline",-0.00594156358260822,"302 baseline","7 baseline"
"9687","M3","C4620081","7","303","C4620081 M3","baseline",-0.0060867981461174,"303 baseline","7 baseline"
"9688","M3","C4620081","7","304","C4620081 M3","baseline",-0.00708651852640216,"304 baseline","7 baseline"
"9689","M3","C4620081","7","305","C4620081 M3","baseline",-0.00901519394195266,"305 baseline","7 baseline"
"9690","M3","C4620081","7","306","C4620081 M3","baseline",-0.0108024082163342,"306 baseline","7 baseline"
"9691","M3","C4620081","7","307","C4620081 M3","baseline",-0.0143758469159216,"307 baseline","7 baseline"
"9692","M3","C4620081","7","308","C4620081 M3","baseline",-0.0166605625435863,"308 baseline","7 baseline"
"9693","M3","C4620081","7","309","C4620081 M3","baseline",-0.0168874595945893,"309 baseline","7 baseline"
"9694","M3","C4620081","7","310","C4620081 M3","baseline",-0.0198009268888079,"310 baseline","7 baseline"
"9695","M3","C4620081","7","311","C4620081 M3","baseline",-0.0266905145926095,"311 baseline","7 baseline"
"9696","M3","C4620081","7","312","C4620081 M3","baseline",-0.0445869285457305,"312 baseline","7 baseline"
"9697","M4","C4620081","7","0","C4620081 M4","baseline",0.2436162078589,"0 baseline","7 baseline"
"9698","M4","C4620081","7","1","C4620081 M4","baseline",0.232012542815838,"1 baseline","7 baseline"
"9699","M4","C4620081","7","2","C4620081 M4","baseline",0.229636523379217,"2 baseline","7 baseline"
"9700","M4","C4620081","7","3","C4620081 M4","baseline",0.226675204827906,"3 baseline","7 baseline"
"9701","M4","C4620081","7","4","C4620081 M4","baseline",0.218824406707536,"4 baseline","7 baseline"
"9702","M4","C4620081","7","5","C4620081 M4","baseline",0.211763812857459,"5 baseline","7 baseline"
"9703","M4","C4620081","7","6","C4620081 M4","baseline",0.211626429398386,"6 baseline","7 baseline"
"9704","M4","C4620081","7","7","C4620081 M4","baseline",0.21088534919841,"7 baseline","7 baseline"
"9705","M4","C4620081","7","8","C4620081 M4","baseline",0.207216655760043,"8 baseline","7 baseline"
"9706","M4","C4620081","7","9","C4620081 M4","baseline",0.206528929816465,"9 baseline","7 baseline"
"9707","M4","C4620081","7","10","C4620081 M4","baseline",0.205344931740915,"10 baseline","7 baseline"
"9708","M4","C4620081","7","11","C4620081 M4","baseline",0.204112698229691,"11 baseline","7 baseline"
"9709","M4","C4620081","7","12","C4620081 M4","baseline",0.201317505719431,"12 baseline","7 baseline"
"9710","M4","C4620081","7","13","C4620081 M4","baseline",0.196118896476806,"13 baseline","7 baseline"
"9711","M4","C4620081","7","14","C4620081 M4","baseline",0.193642299478387,"14 baseline","7 baseline"
"9712","M4","C4620081","7","15","C4620081 M4","baseline",0.192371723172832,"15 baseline","7 baseline"
"9713","M4","C4620081","7","16","C4620081 M4","baseline",0.191768934445963,"16 baseline","7 baseline"
"9714","M4","C4620081","7","17","C4620081 M4","baseline",0.19088690591478,"17 baseline","7 baseline"
"9715","M4","C4620081","7","18","C4620081 M4","baseline",0.189321115037005,"18 baseline","7 baseline"
"9716","M4","C4620081","7","19","C4620081 M4","baseline",0.188624751322832,"19 baseline","7 baseline"
"9717","M4","C4620081","7","20","C4620081 M4","baseline",0.18813018946955,"20 baseline","7 baseline"
"9718","M4","C4620081","7","21","C4620081 M4","baseline",0.187467158891129,"21 baseline","7 baseline"
"9719","M4","C4620081","7","22","C4620081 M4","baseline",0.184188239712114,"22 baseline","7 baseline"
"9720","M4","C4620081","7","23","C4620081 M4","baseline",0.183427960830758,"23 baseline","7 baseline"
"9721","M4","C4620081","7","24","C4620081 M4","baseline",0.182994213539458,"24 baseline","7 baseline"
"9722","M4","C4620081","7","25","C4620081 M4","baseline",0.182242369468869,"25 baseline","7 baseline"
"9723","M4","C4620081","7","26","C4620081 M4","baseline",0.181093509299194,"26 baseline","7 baseline"
"9724","M4","C4620081","7","27","C4620081 M4","baseline",0.180410986960911,"27 baseline","7 baseline"
"9725","M4","C4620081","7","28","C4620081 M4","baseline",0.180294312355309,"28 baseline","7 baseline"
"9726","M4","C4620081","7","29","C4620081 M4","baseline",0.178800370399986,"29 baseline","7 baseline"
"9727","M4","C4620081","7","30","C4620081 M4","baseline",0.177132914047326,"30 baseline","7 baseline"
"9728","M4","C4620081","7","31","C4620081 M4","baseline",0.175647531971633,"31 baseline","7 baseline"
"9729","M4","C4620081","7","32","C4620081 M4","baseline",0.174998266893314,"32 baseline","7 baseline"
"9730","M4","C4620081","7","33","C4620081 M4","baseline",0.174638983139526,"33 baseline","7 baseline"
"9731","M4","C4620081","7","34","C4620081 M4","baseline",0.174317519800051,"34 baseline","7 baseline"
"9732","M4","C4620081","7","35","C4620081 M4","baseline",0.173371861898777,"35 baseline","7 baseline"
"9733","M4","C4620081","7","36","C4620081 M4","baseline",0.172214136747223,"36 baseline","7 baseline"
"9734","M4","C4620081","7","37","C4620081 M4","baseline",0.172121140764257,"37 baseline","7 baseline"
"9735","M4","C4620081","7","38","C4620081 M4","baseline",0.169813740216519,"38 baseline","7 baseline"
"9736","M4","C4620081","7","39","C4620081 M4","baseline",0.168299980244358,"39 baseline","7 baseline"
"9737","M4","C4620081","7","40","C4620081 M4","baseline",0.166890829514133,"40 baseline","7 baseline"
"9738","M4","C4620081","7","41","C4620081 M4","baseline",0.166314456184074,"41 baseline","7 baseline"
"9739","M4","C4620081","7","42","C4620081 M4","baseline",0.164220318999204,"42 baseline","7 baseline"
"9740","M4","C4620081","7","43","C4620081 M4","baseline",0.162972386310961,"43 baseline","7 baseline"
"9741","M4","C4620081","7","44","C4620081 M4","baseline",0.161555207715022,"44 baseline","7 baseline"
"9742","M4","C4620081","7","45","C4620081 M4","baseline",0.160510027561647,"45 baseline","7 baseline"
"9743","M4","C4620081","7","46","C4620081 M4","baseline",0.16026803763215,"46 baseline","7 baseline"
"9744","M4","C4620081","7","47","C4620081 M4","baseline",0.158442788603175,"47 baseline","7 baseline"
"9745","M4","C4620081","7","48","C4620081 M4","baseline",0.157905219950009,"48 baseline","7 baseline"
"9746","M4","C4620081","7","49","C4620081 M4","baseline",0.157078314362914,"49 baseline","7 baseline"
"9747","M4","C4620081","7","50","C4620081 M4","baseline",0.156185225990061,"50 baseline","7 baseline"
"9748","M4","C4620081","7","51","C4620081 M4","baseline",0.156098852278247,"51 baseline","7 baseline"
"9749","M4","C4620081","7","52","C4620081 M4","baseline",0.154474761598902,"52 baseline","7 baseline"
"9750","M4","C4620081","7","53","C4620081 M4","baseline",0.153643046115925,"53 baseline","7 baseline"
"9751","M4","C4620081","7","54","C4620081 M4","baseline",0.153619213922073,"54 baseline","7 baseline"
"9752","M4","C4620081","7","55","C4620081 M4","baseline",0.152997918711172,"55 baseline","7 baseline"
"9753","M4","C4620081","7","56","C4620081 M4","baseline",0.151759356424788,"56 baseline","7 baseline"
"9754","M4","C4620081","7","57","C4620081 M4","baseline",0.151625039257746,"57 baseline","7 baseline"
"9755","M4","C4620081","7","58","C4620081 M4","baseline",0.150480101013517,"58 baseline","7 baseline"
"9756","M4","C4620081","7","59","C4620081 M4","baseline",0.150152597785847,"59 baseline","7 baseline"
"9757","M4","C4620081","7","60","C4620081 M4","baseline",0.149772094132697,"60 baseline","7 baseline"
"9758","M4","C4620081","7","61","C4620081 M4","baseline",0.149655304962938,"61 baseline","7 baseline"
"9759","M4","C4620081","7","62","C4620081 M4","baseline",0.149446817520482,"62 baseline","7 baseline"
"9760","M4","C4620081","7","63","C4620081 M4","baseline",0.148848290218731,"63 baseline","7 baseline"
"9761","M4","C4620081","7","64","C4620081 M4","baseline",0.148193710419884,"64 baseline","7 baseline"
"9762","M4","C4620081","7","65","C4620081 M4","baseline",0.147869835840003,"65 baseline","7 baseline"
"9763","M4","C4620081","7","66","C4620081 M4","baseline",0.147368360974758,"66 baseline","7 baseline"
"9764","M4","C4620081","7","67","C4620081 M4","baseline",0.147312075851779,"67 baseline","7 baseline"
"9765","M4","C4620081","7","68","C4620081 M4","baseline",0.146963638109928,"68 baseline","7 baseline"
"9766","M4","C4620081","7","69","C4620081 M4","baseline",0.146930197072494,"69 baseline","7 baseline"
"9767","M4","C4620081","7","70","C4620081 M4","baseline",0.146802969154658,"70 baseline","7 baseline"
"9768","M4","C4620081","7","71","C4620081 M4","baseline",0.1467617536743,"71 baseline","7 baseline"
"9769","M4","C4620081","7","72","C4620081 M4","baseline",0.146423216025837,"72 baseline","7 baseline"
"9770","M4","C4620081","7","73","C4620081 M4","baseline",0.145421649516405,"73 baseline","7 baseline"
"9771","M4","C4620081","7","74","C4620081 M4","baseline",0.144895239222207,"74 baseline","7 baseline"
"9772","M4","C4620081","7","75","C4620081 M4","baseline",0.14482870398926,"75 baseline","7 baseline"
"9773","M4","C4620081","7","76","C4620081 M4","baseline",0.144149623070366,"76 baseline","7 baseline"
"9774","M4","C4620081","7","77","C4620081 M4","baseline",0.142898523897785,"77 baseline","7 baseline"
"9775","M4","C4620081","7","78","C4620081 M4","baseline",0.142124520563327,"78 baseline","7 baseline"
"9776","M4","C4620081","7","79","C4620081 M4","baseline",0.142121204713503,"79 baseline","7 baseline"
"9777","M4","C4620081","7","80","C4620081 M4","baseline",0.140321467677189,"80 baseline","7 baseline"
"9778","M4","C4620081","7","81","C4620081 M4","baseline",0.139799934494532,"81 baseline","7 baseline"
"9779","M4","C4620081","7","82","C4620081 M4","baseline",0.139548495038909,"82 baseline","7 baseline"
"9780","M4","C4620081","7","83","C4620081 M4","baseline",0.137302302916346,"83 baseline","7 baseline"
"9781","M4","C4620081","7","84","C4620081 M4","baseline",0.137045511983688,"84 baseline","7 baseline"
"9782","M4","C4620081","7","85","C4620081 M4","baseline",0.137027542375482,"85 baseline","7 baseline"
"9783","M4","C4620081","7","86","C4620081 M4","baseline",0.136982099633131,"86 baseline","7 baseline"
"9784","M4","C4620081","7","87","C4620081 M4","baseline",0.136824349297978,"87 baseline","7 baseline"
"9785","M4","C4620081","7","88","C4620081 M4","baseline",0.136089498992448,"88 baseline","7 baseline"
"9786","M4","C4620081","7","89","C4620081 M4","baseline",0.136034903426315,"89 baseline","7 baseline"
"9787","M4","C4620081","7","90","C4620081 M4","baseline",0.135598817882951,"90 baseline","7 baseline"
"9788","M4","C4620081","7","91","C4620081 M4","baseline",0.135513542202934,"91 baseline","7 baseline"
"9789","M4","C4620081","7","92","C4620081 M4","baseline",0.133967532189396,"92 baseline","7 baseline"
"9790","M4","C4620081","7","93","C4620081 M4","baseline",0.133392570286862,"93 baseline","7 baseline"
"9791","M4","C4620081","7","94","C4620081 M4","baseline",0.133251680473668,"94 baseline","7 baseline"
"9792","M4","C4620081","7","95","C4620081 M4","baseline",0.132976901007215,"95 baseline","7 baseline"
"9793","M4","C4620081","7","96","C4620081 M4","baseline",0.132051478748997,"96 baseline","7 baseline"
"9794","M4","C4620081","7","97","C4620081 M4","baseline",0.131861587826341,"97 baseline","7 baseline"
"9795","M4","C4620081","7","98","C4620081 M4","baseline",0.13177501075178,"98 baseline","7 baseline"
"9796","M4","C4620081","7","99","C4620081 M4","baseline",0.131349089891793,"99 baseline","7 baseline"
"9797","M4","C4620081","7","100","C4620081 M4","baseline",0.130663801965229,"100 baseline","7 baseline"
"9798","M4","C4620081","7","101","C4620081 M4","baseline",0.13045732419542,"101 baseline","7 baseline"
"9799","M4","C4620081","7","102","C4620081 M4","baseline",0.130073544092764,"102 baseline","7 baseline"
"9800","M4","C4620081","7","103","C4620081 M4","baseline",0.129830994980879,"103 baseline","7 baseline"
"9801","M4","C4620081","7","104","C4620081 M4","baseline",0.129485307608197,"104 baseline","7 baseline"
"9802","M4","C4620081","7","105","C4620081 M4","baseline",0.129064616408125,"105 baseline","7 baseline"
"9803","M4","C4620081","7","106","C4620081 M4","baseline",0.128952614188902,"106 baseline","7 baseline"
"9804","M4","C4620081","7","107","C4620081 M4","baseline",0.128730019885091,"107 baseline","7 baseline"
"9805","M4","C4620081","7","108","C4620081 M4","baseline",0.128683175193148,"108 baseline","7 baseline"
"9806","M4","C4620081","7","109","C4620081 M4","baseline",0.128542705351478,"109 baseline","7 baseline"
"9807","M4","C4620081","7","110","C4620081 M4","baseline",0.128258327909088,"110 baseline","7 baseline"
"9808","M4","C4620081","7","111","C4620081 M4","baseline",0.128161128900898,"111 baseline","7 baseline"
"9809","M4","C4620081","7","112","C4620081 M4","baseline",0.127660397910777,"112 baseline","7 baseline"
"9810","M4","C4620081","7","113","C4620081 M4","baseline",0.127404337777588,"113 baseline","7 baseline"
"9811","M4","C4620081","7","114","C4620081 M4","baseline",0.126501952163707,"114 baseline","7 baseline"
"9812","M4","C4620081","7","115","C4620081 M4","baseline",0.125354890615754,"115 baseline","7 baseline"
"9813","M4","C4620081","7","116","C4620081 M4","baseline",0.123727345751649,"116 baseline","7 baseline"
"9814","M4","C4620081","7","117","C4620081 M4","baseline",0.123583006628072,"117 baseline","7 baseline"
"9815","M4","C4620081","7","118","C4620081 M4","baseline",0.123363563289379,"118 baseline","7 baseline"
"9816","M4","C4620081","7","119","C4620081 M4","baseline",0.12314656659299,"119 baseline","7 baseline"
"9817","M4","C4620081","7","120","C4620081 M4","baseline",0.121611484866621,"120 baseline","7 baseline"
"9818","M4","C4620081","7","121","C4620081 M4","baseline",0.120414643649889,"121 baseline","7 baseline"
"9819","M4","C4620081","7","122","C4620081 M4","baseline",0.120366536798559,"122 baseline","7 baseline"
"9820","M4","C4620081","7","123","C4620081 M4","baseline",0.120119225562959,"123 baseline","7 baseline"
"9821","M4","C4620081","7","124","C4620081 M4","baseline",0.119437962404054,"124 baseline","7 baseline"
"9822","M4","C4620081","7","125","C4620081 M4","baseline",0.118764030903461,"125 baseline","7 baseline"
"9823","M4","C4620081","7","126","C4620081 M4","baseline",0.118220837798496,"126 baseline","7 baseline"
"9824","M4","C4620081","7","127","C4620081 M4","baseline",0.118046162483777,"127 baseline","7 baseline"
"9825","M4","C4620081","7","128","C4620081 M4","baseline",0.117571810207214,"128 baseline","7 baseline"
"9826","M4","C4620081","7","129","C4620081 M4","baseline",0.116420005668627,"129 baseline","7 baseline"
"9827","M4","C4620081","7","130","C4620081 M4","baseline",0.116401672980789,"130 baseline","7 baseline"
"9828","M4","C4620081","7","131","C4620081 M4","baseline",0.116271701475155,"131 baseline","7 baseline"
"9829","M4","C4620081","7","132","C4620081 M4","baseline",0.116045935235045,"132 baseline","7 baseline"
"9830","M4","C4620081","7","133","C4620081 M4","baseline",0.114998922770622,"133 baseline","7 baseline"
"9831","M4","C4620081","7","134","C4620081 M4","baseline",0.114866476150751,"134 baseline","7 baseline"
"9832","M4","C4620081","7","135","C4620081 M4","baseline",0.114452884697598,"135 baseline","7 baseline"
"9833","M4","C4620081","7","136","C4620081 M4","baseline",0.11426738939484,"136 baseline","7 baseline"
"9834","M4","C4620081","7","137","C4620081 M4","baseline",0.114092008626239,"137 baseline","7 baseline"
"9835","M4","C4620081","7","138","C4620081 M4","baseline",0.112792240329718,"138 baseline","7 baseline"
"9836","M4","C4620081","7","139","C4620081 M4","baseline",0.112205061720237,"139 baseline","7 baseline"
"9837","M4","C4620081","7","140","C4620081 M4","baseline",0.112087209140063,"140 baseline","7 baseline"
"9838","M4","C4620081","7","141","C4620081 M4","baseline",0.111460467433447,"141 baseline","7 baseline"
"9839","M4","C4620081","7","142","C4620081 M4","baseline",0.111156822466068,"142 baseline","7 baseline"
"9840","M4","C4620081","7","143","C4620081 M4","baseline",0.111003954631402,"143 baseline","7 baseline"
"9841","M4","C4620081","7","144","C4620081 M4","baseline",0.110162924486243,"144 baseline","7 baseline"
"9842","M4","C4620081","7","145","C4620081 M4","baseline",0.110107380064392,"145 baseline","7 baseline"
"9843","M4","C4620081","7","146","C4620081 M4","baseline",0.110062420359824,"146 baseline","7 baseline"
"9844","M4","C4620081","7","147","C4620081 M4","baseline",0.10768972481082,"147 baseline","7 baseline"
"9845","M4","C4620081","7","148","C4620081 M4","baseline",0.106967333494617,"148 baseline","7 baseline"
"9846","M4","C4620081","7","149","C4620081 M4","baseline",0.106776878070927,"149 baseline","7 baseline"
"9847","M4","C4620081","7","150","C4620081 M4","baseline",0.106654247673811,"150 baseline","7 baseline"
"9848","M4","C4620081","7","151","C4620081 M4","baseline",0.106153437208126,"151 baseline","7 baseline"
"9849","M4","C4620081","7","152","C4620081 M4","baseline",0.106036241888217,"152 baseline","7 baseline"
"9850","M4","C4620081","7","153","C4620081 M4","baseline",0.105992296940172,"153 baseline","7 baseline"
"9851","M4","C4620081","7","154","C4620081 M4","baseline",0.105804699046208,"154 baseline","7 baseline"
"9852","M4","C4620081","7","155","C4620081 M4","baseline",0.105536744966971,"155 baseline","7 baseline"
"9853","M4","C4620081","7","156","C4620081 M4","baseline",0.105221510785818,"156 baseline","7 baseline"
"9854","M4","C4620081","7","157","C4620081 M4","baseline",0.104392183649212,"157 baseline","7 baseline"
"9855","M4","C4620081","7","158","C4620081 M4","baseline",0.104179720893083,"158 baseline","7 baseline"
"9856","M4","C4620081","7","159","C4620081 M4","baseline",0.10406383208016,"159 baseline","7 baseline"
"9857","M4","C4620081","7","160","C4620081 M4","baseline",0.103203744093484,"160 baseline","7 baseline"
"9858","M4","C4620081","7","161","C4620081 M4","baseline",0.102934508840193,"161 baseline","7 baseline"
"9859","M4","C4620081","7","162","C4620081 M4","baseline",0.102747191538302,"162 baseline","7 baseline"
"9860","M4","C4620081","7","163","C4620081 M4","baseline",0.102712993718978,"163 baseline","7 baseline"
"9861","M4","C4620081","7","164","C4620081 M4","baseline",0.102696183552196,"164 baseline","7 baseline"
"9862","M4","C4620081","7","165","C4620081 M4","baseline",0.102420622002648,"165 baseline","7 baseline"
"9863","M4","C4620081","7","166","C4620081 M4","baseline",0.101561542104444,"166 baseline","7 baseline"
"9864","M4","C4620081","7","167","C4620081 M4","baseline",0.100991385381014,"167 baseline","7 baseline"
"9865","M4","C4620081","7","168","C4620081 M4","baseline",0.100803351223827,"168 baseline","7 baseline"
"9866","M4","C4620081","7","169","C4620081 M4","baseline",0.10052461940745,"169 baseline","7 baseline"
"9867","M4","C4620081","7","170","C4620081 M4","baseline",0.100366265881666,"170 baseline","7 baseline"
"9868","M4","C4620081","7","171","C4620081 M4","baseline",0.0999579226457424,"171 baseline","7 baseline"
"9869","M4","C4620081","7","172","C4620081 M4","baseline",0.0999382854208533,"172 baseline","7 baseline"
"9870","M4","C4620081","7","173","C4620081 M4","baseline",0.0997666661726,"173 baseline","7 baseline"
"9871","M4","C4620081","7","174","C4620081 M4","baseline",0.0993882208188264,"174 baseline","7 baseline"
"9872","M4","C4620081","7","175","C4620081 M4","baseline",0.0985415264741268,"175 baseline","7 baseline"
"9873","M4","C4620081","7","176","C4620081 M4","baseline",0.0984919625110291,"176 baseline","7 baseline"
"9874","M4","C4620081","7","177","C4620081 M4","baseline",0.0984799162661865,"177 baseline","7 baseline"
"9875","M4","C4620081","7","178","C4620081 M4","baseline",0.0981791052449365,"178 baseline","7 baseline"
"9876","M4","C4620081","7","179","C4620081 M4","baseline",0.0977477260550292,"179 baseline","7 baseline"
"9877","M4","C4620081","7","180","C4620081 M4","baseline",0.0973861741290757,"180 baseline","7 baseline"
"9878","M4","C4620081","7","181","C4620081 M4","baseline",0.0971024073098166,"181 baseline","7 baseline"
"9879","M4","C4620081","7","182","C4620081 M4","baseline",0.0962272739191711,"182 baseline","7 baseline"
"9880","M4","C4620081","7","183","C4620081 M4","baseline",0.096105867016952,"183 baseline","7 baseline"
"9881","M4","C4620081","7","184","C4620081 M4","baseline",0.0957871265104911,"184 baseline","7 baseline"
"9882","M4","C4620081","7","185","C4620081 M4","baseline",0.0957118969001216,"185 baseline","7 baseline"
"9883","M4","C4620081","7","186","C4620081 M4","baseline",0.0946181960013923,"186 baseline","7 baseline"
"9884","M4","C4620081","7","187","C4620081 M4","baseline",0.0942049583249353,"187 baseline","7 baseline"
"9885","M4","C4620081","7","188","C4620081 M4","baseline",0.0938940773914971,"188 baseline","7 baseline"
"9886","M4","C4620081","7","189","C4620081 M4","baseline",0.0936994915413458,"189 baseline","7 baseline"
"9887","M4","C4620081","7","190","C4620081 M4","baseline",0.0936952792202285,"190 baseline","7 baseline"
"9888","M4","C4620081","7","191","C4620081 M4","baseline",0.0936459734721878,"191 baseline","7 baseline"
"9889","M4","C4620081","7","192","C4620081 M4","baseline",0.0931633298569039,"192 baseline","7 baseline"
"9890","M4","C4620081","7","193","C4620081 M4","baseline",0.0925359892125835,"193 baseline","7 baseline"
"9891","M4","C4620081","7","194","C4620081 M4","baseline",0.0916985835652234,"194 baseline","7 baseline"
"9892","M4","C4620081","7","195","C4620081 M4","baseline",0.0905162886673013,"195 baseline","7 baseline"
"9893","M4","C4620081","7","196","C4620081 M4","baseline",0.0904728472607424,"196 baseline","7 baseline"
"9894","M4","C4620081","7","197","C4620081 M4","baseline",0.0896296856934906,"197 baseline","7 baseline"
"9895","M4","C4620081","7","198","C4620081 M4","baseline",0.0893537091645136,"198 baseline","7 baseline"
"9896","M4","C4620081","7","199","C4620081 M4","baseline",0.0885843913156635,"199 baseline","7 baseline"
"9897","M4","C4620081","7","200","C4620081 M4","baseline",0.0880135081095487,"200 baseline","7 baseline"
"9898","M4","C4620081","7","201","C4620081 M4","baseline",0.0878231114239498,"201 baseline","7 baseline"
"9899","M4","C4620081","7","202","C4620081 M4","baseline",0.0877557405032996,"202 baseline","7 baseline"
"9900","M4","C4620081","7","203","C4620081 M4","baseline",0.0871811730036005,"203 baseline","7 baseline"
"9901","M4","C4620081","7","204","C4620081 M4","baseline",0.0867714054643657,"204 baseline","7 baseline"
"9902","M4","C4620081","7","205","C4620081 M4","baseline",0.0863173321801952,"205 baseline","7 baseline"
"9903","M4","C4620081","7","206","C4620081 M4","baseline",0.0857319251357213,"206 baseline","7 baseline"
"9904","M4","C4620081","7","207","C4620081 M4","baseline",0.0855981626729392,"207 baseline","7 baseline"
"9905","M4","C4620081","7","208","C4620081 M4","baseline",0.0855642169842354,"208 baseline","7 baseline"
"9906","M4","C4620081","7","209","C4620081 M4","baseline",0.0852611146440217,"209 baseline","7 baseline"
"9907","M4","C4620081","7","210","C4620081 M4","baseline",0.0851890967790561,"210 baseline","7 baseline"
"9908","M4","C4620081","7","211","C4620081 M4","baseline",0.0848243072238896,"211 baseline","7 baseline"
"9909","M4","C4620081","7","212","C4620081 M4","baseline",0.084778422864808,"212 baseline","7 baseline"
"9910","M4","C4620081","7","213","C4620081 M4","baseline",0.0847384773387358,"213 baseline","7 baseline"
"9911","M4","C4620081","7","214","C4620081 M4","baseline",0.0842511631434252,"214 baseline","7 baseline"
"9912","M4","C4620081","7","215","C4620081 M4","baseline",0.0842464626427296,"215 baseline","7 baseline"
"9913","M4","C4620081","7","216","C4620081 M4","baseline",0.0841462743155941,"216 baseline","7 baseline"
"9914","M4","C4620081","7","217","C4620081 M4","baseline",0.0837453230712045,"217 baseline","7 baseline"
"9915","M4","C4620081","7","218","C4620081 M4","baseline",0.0835483354275288,"218 baseline","7 baseline"
"9916","M4","C4620081","7","219","C4620081 M4","baseline",0.0834657800784903,"219 baseline","7 baseline"
"9917","M4","C4620081","7","220","C4620081 M4","baseline",0.0831265574164599,"220 baseline","7 baseline"
"9918","M4","C4620081","7","221","C4620081 M4","baseline",0.0825863321912537,"221 baseline","7 baseline"
"9919","M4","C4620081","7","222","C4620081 M4","baseline",0.0821578745522116,"222 baseline","7 baseline"
"9920","M4","C4620081","7","223","C4620081 M4","baseline",0.0820619214502158,"223 baseline","7 baseline"
"9921","M4","C4620081","7","224","C4620081 M4","baseline",0.0819617595953357,"224 baseline","7 baseline"
"9922","M4","C4620081","7","225","C4620081 M4","baseline",0.0819018397541705,"225 baseline","7 baseline"
"9923","M4","C4620081","7","226","C4620081 M4","baseline",0.0810915359713455,"226 baseline","7 baseline"
"9924","M4","C4620081","7","227","C4620081 M4","baseline",0.080874619603366,"227 baseline","7 baseline"
"9925","M4","C4620081","7","228","C4620081 M4","baseline",0.0806854107155914,"228 baseline","7 baseline"
"9926","M4","C4620081","7","229","C4620081 M4","baseline",0.0801632805820457,"229 baseline","7 baseline"
"9927","M4","C4620081","7","230","C4620081 M4","baseline",0.0798433650528203,"230 baseline","7 baseline"
"9928","M4","C4620081","7","231","C4620081 M4","baseline",0.0788142121310895,"231 baseline","7 baseline"
"9929","M4","C4620081","7","232","C4620081 M4","baseline",0.0786838471584696,"232 baseline","7 baseline"
"9930","M4","C4620081","7","233","C4620081 M4","baseline",0.0749200261753418,"233 baseline","7 baseline"
"9931","M4","C4620081","7","234","C4620081 M4","baseline",0.0748301541595722,"234 baseline","7 baseline"
"9932","M4","C4620081","7","235","C4620081 M4","baseline",0.0747596513036178,"235 baseline","7 baseline"
"9933","M4","C4620081","7","236","C4620081 M4","baseline",0.074240013069657,"236 baseline","7 baseline"
"9934","M4","C4620081","7","237","C4620081 M4","baseline",0.0740500504042514,"237 baseline","7 baseline"
"9935","M4","C4620081","7","238","C4620081 M4","baseline",0.0737051187386281,"238 baseline","7 baseline"
"9936","M4","C4620081","7","239","C4620081 M4","baseline",0.0726772448358816,"239 baseline","7 baseline"
"9937","M4","C4620081","7","240","C4620081 M4","baseline",0.0723722901157808,"240 baseline","7 baseline"
"9938","M4","C4620081","7","241","C4620081 M4","baseline",0.0718277440028856,"241 baseline","7 baseline"
"9939","M4","C4620081","7","242","C4620081 M4","baseline",0.0715795361383831,"242 baseline","7 baseline"
"9940","M4","C4620081","7","243","C4620081 M4","baseline",0.0712306682673583,"243 baseline","7 baseline"
"9941","M4","C4620081","7","244","C4620081 M4","baseline",0.0709685396765374,"244 baseline","7 baseline"
"9942","M4","C4620081","7","245","C4620081 M4","baseline",0.0709282287214787,"245 baseline","7 baseline"
"9943","M4","C4620081","7","246","C4620081 M4","baseline",0.070926639993097,"246 baseline","7 baseline"
"9944","M4","C4620081","7","247","C4620081 M4","baseline",0.0697898981272432,"247 baseline","7 baseline"
"9945","M4","C4620081","7","248","C4620081 M4","baseline",0.0693568579443486,"248 baseline","7 baseline"
"9946","M4","C4620081","7","249","C4620081 M4","baseline",0.069306090075012,"249 baseline","7 baseline"
"9947","M4","C4620081","7","250","C4620081 M4","baseline",0.0693011826449295,"250 baseline","7 baseline"
"9948","M4","C4620081","7","251","C4620081 M4","baseline",0.0692443327275336,"251 baseline","7 baseline"
"9949","M4","C4620081","7","252","C4620081 M4","baseline",0.0689569121864995,"252 baseline","7 baseline"
"9950","M4","C4620081","7","253","C4620081 M4","baseline",0.0688611173357678,"253 baseline","7 baseline"
"9951","M4","C4620081","7","254","C4620081 M4","baseline",0.0685711224896435,"254 baseline","7 baseline"
"9952","M4","C4620081","7","255","C4620081 M4","baseline",0.068288714572774,"255 baseline","7 baseline"
"9953","M4","C4620081","7","256","C4620081 M4","baseline",0.0678421606524363,"256 baseline","7 baseline"
"9954","M4","C4620081","7","257","C4620081 M4","baseline",0.0676604022410843,"257 baseline","7 baseline"
"9955","M4","C4620081","7","258","C4620081 M4","baseline",0.0657245973822808,"258 baseline","7 baseline"
"9956","M4","C4620081","7","259","C4620081 M4","baseline",0.0651854801946381,"259 baseline","7 baseline"
"9957","M4","C4620081","7","260","C4620081 M4","baseline",0.0650729423962768,"260 baseline","7 baseline"
"9958","M4","C4620081","7","261","C4620081 M4","baseline",0.0641687693432048,"261 baseline","7 baseline"
"9959","M4","C4620081","7","262","C4620081 M4","baseline",0.0631631037299895,"262 baseline","7 baseline"
"9960","M4","C4620081","7","263","C4620081 M4","baseline",0.0630463798106323,"263 baseline","7 baseline"
"9961","M4","C4620081","7","264","C4620081 M4","baseline",0.0628360747902214,"264 baseline","7 baseline"
"9962","M4","C4620081","7","265","C4620081 M4","baseline",0.0628033782575413,"265 baseline","7 baseline"
"9963","M4","C4620081","7","266","C4620081 M4","baseline",0.0627761695460832,"266 baseline","7 baseline"
"9964","M4","C4620081","7","267","C4620081 M4","baseline",0.0625694301070892,"267 baseline","7 baseline"
"9965","M4","C4620081","7","268","C4620081 M4","baseline",0.0623643203910684,"268 baseline","7 baseline"
"9966","M4","C4620081","7","269","C4620081 M4","baseline",0.0620630838699943,"269 baseline","7 baseline"
"9967","M4","C4620081","7","270","C4620081 M4","baseline",0.0617355901413668,"270 baseline","7 baseline"
"9968","M4","C4620081","7","271","C4620081 M4","baseline",0.0617258767986787,"271 baseline","7 baseline"
"9969","M4","C4620081","7","272","C4620081 M4","baseline",0.0615233443886276,"272 baseline","7 baseline"
"9970","M4","C4620081","7","273","C4620081 M4","baseline",0.0613079140041603,"273 baseline","7 baseline"
"9971","M4","C4620081","7","274","C4620081 M4","baseline",0.0605396793770688,"274 baseline","7 baseline"
"9972","M4","C4620081","7","275","C4620081 M4","baseline",0.0605157961721138,"275 baseline","7 baseline"
"9973","M4","C4620081","7","276","C4620081 M4","baseline",0.0604514954077097,"276 baseline","7 baseline"
"9974","M4","C4620081","7","277","C4620081 M4","baseline",0.0599388412395647,"277 baseline","7 baseline"
"9975","M4","C4620081","7","278","C4620081 M4","baseline",0.0594199417188002,"278 baseline","7 baseline"
"9976","M4","C4620081","7","279","C4620081 M4","baseline",0.0588567474932755,"279 baseline","7 baseline"
"9977","M4","C4620081","7","280","C4620081 M4","baseline",0.0588448000764156,"280 baseline","7 baseline"
"9978","M4","C4620081","7","281","C4620081 M4","baseline",0.058829836846834,"281 baseline","7 baseline"
"9979","M4","C4620081","7","282","C4620081 M4","baseline",0.0587716277944807,"282 baseline","7 baseline"
"9980","M4","C4620081","7","283","C4620081 M4","baseline",0.0587381419037084,"283 baseline","7 baseline"
"9981","M4","C4620081","7","284","C4620081 M4","baseline",0.0583990597458538,"284 baseline","7 baseline"
"9982","M4","C4620081","7","285","C4620081 M4","baseline",0.0583377218847632,"285 baseline","7 baseline"
"9983","M4","C4620081","7","286","C4620081 M4","baseline",0.0583215802753058,"286 baseline","7 baseline"
"9984","M4","C4620081","7","287","C4620081 M4","baseline",0.0579645548899991,"287 baseline","7 baseline"
"9985","M4","C4620081","7","288","C4620081 M4","baseline",0.0568896811028946,"288 baseline","7 baseline"
"9986","M4","C4620081","7","289","C4620081 M4","baseline",0.056607230502118,"289 baseline","7 baseline"
"9987","M4","C4620081","7","290","C4620081 M4","baseline",0.0562855795367789,"290 baseline","7 baseline"
"9988","M4","C4620081","7","291","C4620081 M4","baseline",0.0561117107591862,"291 baseline","7 baseline"
"9989","M4","C4620081","7","292","C4620081 M4","baseline",0.0551256886277841,"292 baseline","7 baseline"
"9990","M4","C4620081","7","293","C4620081 M4","baseline",0.0546749562485946,"293 baseline","7 baseline"
"9991","M4","C4620081","7","294","C4620081 M4","baseline",0.0546485911086813,"294 baseline","7 baseline"
"9992","M4","C4620081","7","295","C4620081 M4","baseline",0.0543286496105502,"295 baseline","7 baseline"
"9993","M4","C4620081","7","296","C4620081 M4","baseline",0.0535907976830006,"296 baseline","7 baseline"
"9994","M4","C4620081","7","297","C4620081 M4","baseline",0.053388667953556,"297 baseline","7 baseline"
"9995","M4","C4620081","7","298","C4620081 M4","baseline",0.0531298811796756,"298 baseline","7 baseline"
"9996","M4","C4620081","7","299","C4620081 M4","baseline",0.051955682667661,"299 baseline","7 baseline"
"9997","M4","C4620081","7","300","C4620081 M4","baseline",0.0516298400403899,"300 baseline","7 baseline"
"9998","M4","C4620081","7","301","C4620081 M4","baseline",0.0510029580252289,"301 baseline","7 baseline"
"9999","M4","C4620081","7","302","C4620081 M4","baseline",0.0507564472618308,"302 baseline","7 baseline"
"10000","M4","C4620081","7","303","C4620081 M4","baseline",0.0506661140607216,"303 baseline","7 baseline"
"10001","M4","C4620081","7","304","C4620081 M4","baseline",0.0504475677199706,"304 baseline","7 baseline"
"10002","M4","C4620081","7","305","C4620081 M4","baseline",0.0503549397993524,"305 baseline","7 baseline"
"10003","M4","C4620081","7","306","C4620081 M4","baseline",0.0500036866876581,"306 baseline","7 baseline"
"10004","M4","C4620081","7","307","C4620081 M4","baseline",0.0497611060253497,"307 baseline","7 baseline"
"10005","M4","C4620081","7","308","C4620081 M4","baseline",0.0479153582179192,"308 baseline","7 baseline"
"10006","M4","C4620081","7","309","C4620081 M4","baseline",0.0468135187648091,"309 baseline","7 baseline"
"10007","M4","C4620081","7","310","C4620081 M4","baseline",0.0466990086516037,"310 baseline","7 baseline"
"10008","M4","C4620081","7","311","C4620081 M4","baseline",0.0465060697381062,"311 baseline","7 baseline"
"10009","M4","C4620081","7","312","C4620081 M4","baseline",0.0464949192681416,"312 baseline","7 baseline"
"10010","M4","C4620081","7","313","C4620081 M4","baseline",0.0462382718927311,"313 baseline","7 baseline"
"10011","M4","C4620081","7","314","C4620081 M4","baseline",0.0459748947101161,"314 baseline","7 baseline"
"10012","M4","C4620081","7","315","C4620081 M4","baseline",0.0457789431599249,"315 baseline","7 baseline"
"10013","M4","C4620081","7","316","C4620081 M4","baseline",0.0457092919788906,"316 baseline","7 baseline"
"10014","M4","C4620081","7","317","C4620081 M4","baseline",0.0454946992958953,"317 baseline","7 baseline"
"10015","M4","C4620081","7","318","C4620081 M4","baseline",0.0454101839054013,"318 baseline","7 baseline"
"10016","M4","C4620081","7","319","C4620081 M4","baseline",0.0445923727943711,"319 baseline","7 baseline"
"10017","M4","C4620081","7","320","C4620081 M4","baseline",0.0441962823185973,"320 baseline","7 baseline"
"10018","M4","C4620081","7","321","C4620081 M4","baseline",0.0438768573436798,"321 baseline","7 baseline"
"10019","M4","C4620081","7","322","C4620081 M4","baseline",0.0438767319680486,"322 baseline","7 baseline"
"10020","M4","C4620081","7","323","C4620081 M4","baseline",0.0437649613990551,"323 baseline","7 baseline"
"10021","M4","C4620081","7","324","C4620081 M4","baseline",0.0433401861508961,"324 baseline","7 baseline"
"10022","M4","C4620081","7","325","C4620081 M4","baseline",0.0426979588389304,"325 baseline","7 baseline"
"10023","M4","C4620081","7","326","C4620081 M4","baseline",0.0425175279732037,"326 baseline","7 baseline"
"10024","M4","C4620081","7","327","C4620081 M4","baseline",0.042164814393977,"327 baseline","7 baseline"
"10025","M4","C4620081","7","328","C4620081 M4","baseline",0.0418994100703344,"328 baseline","7 baseline"
"10026","M4","C4620081","7","329","C4620081 M4","baseline",0.0415851220482537,"329 baseline","7 baseline"
"10027","M4","C4620081","7","330","C4620081 M4","baseline",0.0415405164882868,"330 baseline","7 baseline"
"10028","M4","C4620081","7","331","C4620081 M4","baseline",0.0413215825523207,"331 baseline","7 baseline"
"10029","M4","C4620081","7","332","C4620081 M4","baseline",0.041271013365289,"332 baseline","7 baseline"
"10030","M4","C4620081","7","333","C4620081 M4","baseline",0.0412062024805379,"333 baseline","7 baseline"
"10031","M4","C4620081","7","334","C4620081 M4","baseline",0.0410089580013437,"334 baseline","7 baseline"
"10032","M4","C4620081","7","335","C4620081 M4","baseline",0.0404240068450265,"335 baseline","7 baseline"
"10033","M4","C4620081","7","336","C4620081 M4","baseline",0.0403042638046994,"336 baseline","7 baseline"
"10034","M4","C4620081","7","337","C4620081 M4","baseline",0.0402495580882564,"337 baseline","7 baseline"
"10035","M4","C4620081","7","338","C4620081 M4","baseline",0.0386433040683892,"338 baseline","7 baseline"
"10036","M4","C4620081","7","339","C4620081 M4","baseline",0.0384828708533979,"339 baseline","7 baseline"
"10037","M4","C4620081","7","340","C4620081 M4","baseline",0.0382523730066301,"340 baseline","7 baseline"
"10038","M4","C4620081","7","341","C4620081 M4","baseline",0.0382134293065496,"341 baseline","7 baseline"
"10039","M4","C4620081","7","342","C4620081 M4","baseline",0.0381302730188773,"342 baseline","7 baseline"
"10040","M4","C4620081","7","343","C4620081 M4","baseline",0.0379090287924093,"343 baseline","7 baseline"
"10041","M4","C4620081","7","344","C4620081 M4","baseline",0.0375553001365317,"344 baseline","7 baseline"
"10042","M4","C4620081","7","345","C4620081 M4","baseline",0.0375209911427801,"345 baseline","7 baseline"
"10043","M4","C4620081","7","346","C4620081 M4","baseline",0.0370382523669773,"346 baseline","7 baseline"
"10044","M4","C4620081","7","347","C4620081 M4","baseline",0.0364462127678215,"347 baseline","7 baseline"
"10045","M4","C4620081","7","348","C4620081 M4","baseline",0.0361992903278786,"348 baseline","7 baseline"
"10046","M4","C4620081","7","349","C4620081 M4","baseline",0.0358142508707237,"349 baseline","7 baseline"
"10047","M4","C4620081","7","350","C4620081 M4","baseline",0.0354660896528498,"350 baseline","7 baseline"
"10048","M4","C4620081","7","351","C4620081 M4","baseline",0.0345496070339456,"351 baseline","7 baseline"
"10049","M4","C4620081","7","352","C4620081 M4","baseline",0.0343823054231729,"352 baseline","7 baseline"
"10050","M4","C4620081","7","353","C4620081 M4","baseline",0.0342962486468089,"353 baseline","7 baseline"
"10051","M4","C4620081","7","354","C4620081 M4","baseline",0.0340512202603774,"354 baseline","7 baseline"
"10052","M4","C4620081","7","355","C4620081 M4","baseline",0.0337547034872699,"355 baseline","7 baseline"
"10053","M4","C4620081","7","356","C4620081 M4","baseline",0.0333499712125178,"356 baseline","7 baseline"
"10054","M4","C4620081","7","357","C4620081 M4","baseline",0.0332513482510976,"357 baseline","7 baseline"
"10055","M4","C4620081","7","358","C4620081 M4","baseline",0.0331863087014048,"358 baseline","7 baseline"
"10056","M4","C4620081","7","359","C4620081 M4","baseline",0.0330440708901007,"359 baseline","7 baseline"
"10057","M4","C4620081","7","360","C4620081 M4","baseline",0.0326989019475622,"360 baseline","7 baseline"
"10058","M4","C4620081","7","361","C4620081 M4","baseline",0.0326887182488704,"361 baseline","7 baseline"
"10059","M4","C4620081","7","362","C4620081 M4","baseline",0.032183142179715,"362 baseline","7 baseline"
"10060","M4","C4620081","7","363","C4620081 M4","baseline",0.0320150978614594,"363 baseline","7 baseline"
"10061","M4","C4620081","7","364","C4620081 M4","baseline",0.0317614854439756,"364 baseline","7 baseline"
"10062","M4","C4620081","7","365","C4620081 M4","baseline",0.031599739796941,"365 baseline","7 baseline"
"10063","M4","C4620081","7","366","C4620081 M4","baseline",0.0313346934732267,"366 baseline","7 baseline"
"10064","M4","C4620081","7","367","C4620081 M4","baseline",0.031124229944019,"367 baseline","7 baseline"
"10065","M4","C4620081","7","368","C4620081 M4","baseline",0.0302422086009966,"368 baseline","7 baseline"
"10066","M4","C4620081","7","369","C4620081 M4","baseline",0.0302185410558313,"369 baseline","7 baseline"
"10067","M4","C4620081","7","370","C4620081 M4","baseline",0.0301337528107939,"370 baseline","7 baseline"
"10068","M4","C4620081","7","371","C4620081 M4","baseline",0.0295258447259935,"371 baseline","7 baseline"
"10069","M4","C4620081","7","372","C4620081 M4","baseline",0.0295224526088714,"372 baseline","7 baseline"
"10070","M4","C4620081","7","373","C4620081 M4","baseline",0.0291920852595698,"373 baseline","7 baseline"
"10071","M4","C4620081","7","374","C4620081 M4","baseline",0.0287584854407502,"374 baseline","7 baseline"
"10072","M4","C4620081","7","375","C4620081 M4","baseline",0.0286868869009653,"375 baseline","7 baseline"
"10073","M4","C4620081","7","376","C4620081 M4","baseline",0.0283180529631671,"376 baseline","7 baseline"
"10074","M4","C4620081","7","377","C4620081 M4","baseline",0.0282457698436183,"377 baseline","7 baseline"
"10075","M4","C4620081","7","378","C4620081 M4","baseline",0.0277842476096425,"378 baseline","7 baseline"
"10076","M4","C4620081","7","379","C4620081 M4","baseline",0.0267432024300219,"379 baseline","7 baseline"
"10077","M4","C4620081","7","380","C4620081 M4","baseline",0.0262525285526988,"380 baseline","7 baseline"
"10078","M4","C4620081","7","381","C4620081 M4","baseline",0.0261290806929454,"381 baseline","7 baseline"
"10079","M4","C4620081","7","382","C4620081 M4","baseline",0.0257394653693664,"382 baseline","7 baseline"
"10080","M4","C4620081","7","383","C4620081 M4","baseline",0.0256049368473369,"383 baseline","7 baseline"
"10081","M4","C4620081","7","384","C4620081 M4","baseline",0.0251241142328544,"384 baseline","7 baseline"
"10082","M4","C4620081","7","385","C4620081 M4","baseline",0.024554296985959,"385 baseline","7 baseline"
"10083","M4","C4620081","7","386","C4620081 M4","baseline",0.0239639366908939,"386 baseline","7 baseline"
"10084","M4","C4620081","7","387","C4620081 M4","baseline",0.0236488998988403,"387 baseline","7 baseline"
"10085","M4","C4620081","7","388","C4620081 M4","baseline",0.0235513027540578,"388 baseline","7 baseline"
"10086","M4","C4620081","7","389","C4620081 M4","baseline",0.023480265633937,"389 baseline","7 baseline"
"10087","M4","C4620081","7","390","C4620081 M4","baseline",0.0234567549135075,"390 baseline","7 baseline"
"10088","M4","C4620081","7","391","C4620081 M4","baseline",0.0230486300326766,"391 baseline","7 baseline"
"10089","M4","C4620081","7","392","C4620081 M4","baseline",0.02253953441561,"392 baseline","7 baseline"
"10090","M4","C4620081","7","393","C4620081 M4","baseline",0.0224701968172999,"393 baseline","7 baseline"
"10091","M4","C4620081","7","394","C4620081 M4","baseline",0.0222913161653358,"394 baseline","7 baseline"
"10092","M4","C4620081","7","395","C4620081 M4","baseline",0.0206242317639447,"395 baseline","7 baseline"
"10093","M4","C4620081","7","396","C4620081 M4","baseline",0.0201719474163611,"396 baseline","7 baseline"
"10094","M4","C4620081","7","397","C4620081 M4","baseline",0.019935490684586,"397 baseline","7 baseline"
"10095","M4","C4620081","7","398","C4620081 M4","baseline",0.019292416108201,"398 baseline","7 baseline"
"10096","M4","C4620081","7","399","C4620081 M4","baseline",0.0192726257646908,"399 baseline","7 baseline"
"10097","M4","C4620081","7","400","C4620081 M4","baseline",0.0188796744024585,"400 baseline","7 baseline"
"10098","M4","C4620081","7","401","C4620081 M4","baseline",0.0186317271852322,"401 baseline","7 baseline"
"10099","M4","C4620081","7","402","C4620081 M4","baseline",0.0167533592149846,"402 baseline","7 baseline"
"10100","M4","C4620081","7","403","C4620081 M4","baseline",0.0161507089623433,"403 baseline","7 baseline"
"10101","M4","C4620081","7","404","C4620081 M4","baseline",0.0154874716597454,"404 baseline","7 baseline"
"10102","M4","C4620081","7","405","C4620081 M4","baseline",0.0154516488939867,"405 baseline","7 baseline"
"10103","M4","C4620081","7","406","C4620081 M4","baseline",0.0147936196234157,"406 baseline","7 baseline"
"10104","M4","C4620081","7","407","C4620081 M4","baseline",0.0129092885729383,"407 baseline","7 baseline"
"10105","M4","C4620081","7","408","C4620081 M4","baseline",0.0128126222557046,"408 baseline","7 baseline"
"10106","M4","C4620081","7","409","C4620081 M4","baseline",0.0117028882376562,"409 baseline","7 baseline"
"10107","M4","C4620081","7","410","C4620081 M4","baseline",0.0115951928683199,"410 baseline","7 baseline"
"10108","M4","C4620081","7","411","C4620081 M4","baseline",0.0107973841530788,"411 baseline","7 baseline"
"10109","M4","C4620081","7","412","C4620081 M4","baseline",0.010398072650739,"412 baseline","7 baseline"
"10110","M4","C4620081","7","413","C4620081 M4","baseline",0.00989806032832888,"413 baseline","7 baseline"
"10111","M4","C4620081","7","414","C4620081 M4","baseline",0.00965734388079258,"414 baseline","7 baseline"
"10112","M4","C4620081","7","415","C4620081 M4","baseline",0.0084168893530375,"415 baseline","7 baseline"
"10113","M4","C4620081","7","416","C4620081 M4","baseline",0.00781596452302108,"416 baseline","7 baseline"
"10114","M4","C4620081","7","417","C4620081 M4","baseline",0.00757392136287794,"417 baseline","7 baseline"
"10115","M4","C4620081","7","418","C4620081 M4","baseline",0.00734207478224385,"418 baseline","7 baseline"
"10116","M4","C4620081","7","419","C4620081 M4","baseline",0.00310648544011849,"419 baseline","7 baseline"
"10117","M4","C4620081","7","420","C4620081 M4","baseline",0.0030144411977118,"420 baseline","7 baseline"
"10118","M4","C4620081","7","421","C4620081 M4","baseline",0.000683753703741344,"421 baseline","7 baseline"
"10119","M4","C4620081","7","422","C4620081 M4","baseline",0.000675399678543439,"422 baseline","7 baseline"
"10120","M4","C4620081","7","423","C4620081 M4","baseline",0.000128478435549122,"423 baseline","7 baseline"
"10121","M4","C4620081","7","424","C4620081 M4","baseline",-0.000303846799317608,"424 baseline","7 baseline"
"10122","M4","C4620081","7","425","C4620081 M4","baseline",-0.00103269488879647,"425 baseline","7 baseline"
"10123","M4","C4620081","7","426","C4620081 M4","baseline",-0.00104538736011679,"426 baseline","7 baseline"
"10124","M4","C4620081","7","427","C4620081 M4","baseline",-0.00186552516948851,"427 baseline","7 baseline"
"10125","M4","C4620081","7","428","C4620081 M4","baseline",-0.00283114159967918,"428 baseline","7 baseline"
"10126","M4","C4620081","7","429","C4620081 M4","baseline",-0.00305596961918428,"429 baseline","7 baseline"
"10127","M4","C4620081","7","430","C4620081 M4","baseline",-0.00403414563278783,"430 baseline","7 baseline"
"10128","M4","C4620081","7","431","C4620081 M4","baseline",-0.00439977810682039,"431 baseline","7 baseline"
"10129","M4","C4620081","7","432","C4620081 M4","baseline",-0.00678583087084871,"432 baseline","7 baseline"
"10130","M4","C4620081","7","433","C4620081 M4","baseline",-0.00784683178649352,"433 baseline","7 baseline"
"10131","M4","C4620081","7","434","C4620081 M4","baseline",-0.00851398241821766,"434 baseline","7 baseline"
"10132","M4","C4620081","7","435","C4620081 M4","baseline",-0.0126964531938683,"435 baseline","7 baseline"
"10133","M4","C4620081","7","436","C4620081 M4","baseline",-0.013220362954095,"436 baseline","7 baseline"
"10134","M4","C4620081","7","437","C4620081 M4","baseline",-0.0141911891731577,"437 baseline","7 baseline"
"10135","M4","C4620081","7","438","C4620081 M4","baseline",-0.0145326692008876,"438 baseline","7 baseline"
"10136","M4","C4620081","7","439","C4620081 M4","baseline",-0.0194981583206961,"439 baseline","7 baseline"
"10137","M4","C4620081","7","440","C4620081 M4","baseline",-0.0197261929228013,"440 baseline","7 baseline"
"10138","M4","C4620081","7","441","C4620081 M4","baseline",-0.0212828565015933,"441 baseline","7 baseline"
"10139","M4","C4620081","7","442","C4620081 M4","baseline",-0.0221515225768476,"442 baseline","7 baseline"
"10140","M4","C4620081","7","443","C4620081 M4","baseline",-0.0230814019934337,"443 baseline","7 baseline"
"10141","M4","C4620081","7","444","C4620081 M4","baseline",-0.0241840612704939,"444 baseline","7 baseline"
"10142","M4","C4620081","7","445","C4620081 M4","baseline",-0.0285000992394795,"445 baseline","7 baseline"
"10143","M4","C4620081","7","446","C4620081 M4","baseline",-0.0287752622758669,"446 baseline","7 baseline"
"10144","M4","C4620081","7","447","C4620081 M4","baseline",-0.0323889860298982,"447 baseline","7 baseline"
"10145","M4","C4620081","7","448","C4620081 M4","baseline",-0.0446906041921156,"448 baseline","7 baseline"
"10146","M4","C4620081","7","449","C4620081 M4","baseline",-0.0451500879023355,"449 baseline","7 baseline"
"10147","M4","C4620081","7","450","C4620081 M4","baseline",-0.0483406244115824,"450 baseline","7 baseline"
"10148","M1","C4620081","1","0","C4620081 M1","reward",NA,"0 reward","1 reward"
"10149","M1","C4620081","1","1","C4620081 M1","reward",NA,"1 reward","1 reward"
"10150","M1","C4620081","1","2","C4620081 M1","reward",NA,"2 reward","1 reward"
"10151","M1","C4620081","1","3","C4620081 M1","reward",NA,"3 reward","1 reward"
"10152","M1","C4620081","1","4","C4620081 M1","reward",NA,"4 reward","1 reward"
"10153","M1","C4620081","1","5","C4620081 M1","reward",NA,"5 reward","1 reward"
"10154","M1","C4620081","1","6","C4620081 M1","reward",NA,"6 reward","1 reward"
"10155","M1","C4620081","1","7","C4620081 M1","reward",NA,"7 reward","1 reward"
"10156","M1","C4620081","1","8","C4620081 M1","reward",NA,"8 reward","1 reward"
"10157","M1","C4620081","1","9","C4620081 M1","reward",NA,"9 reward","1 reward"
"10158","M1","C4620081","1","10","C4620081 M1","reward",NA,"10 reward","1 reward"
"10159","M1","C4620081","1","11","C4620081 M1","reward",NA,"11 reward","1 reward"
"10160","M1","C4620081","1","12","C4620081 M1","reward",NA,"12 reward","1 reward"
"10161","M1","C4620081","1","13","C4620081 M1","reward",NA,"13 reward","1 reward"
"10162","M1","C4620081","1","14","C4620081 M1","reward",NA,"14 reward","1 reward"
"10163","M1","C4620081","1","15","C4620081 M1","reward",NA,"15 reward","1 reward"
"10164","M1","C4620081","1","16","C4620081 M1","reward",NA,"16 reward","1 reward"
"10165","M1","C4620081","1","17","C4620081 M1","reward",NA,"17 reward","1 reward"
"10166","M1","C4620081","1","18","C4620081 M1","reward",NA,"18 reward","1 reward"
"10167","M1","C4620081","1","19","C4620081 M1","reward",NA,"19 reward","1 reward"
"10168","M1","C4620081","1","20","C4620081 M1","reward",NA,"20 reward","1 reward"
"10169","M1","C4620081","1","21","C4620081 M1","reward",NA,"21 reward","1 reward"
"10170","M1","C4620081","1","22","C4620081 M1","reward",NA,"22 reward","1 reward"
"10171","M1","C4620081","1","23","C4620081 M1","reward",NA,"23 reward","1 reward"
"10172","M1","C4620081","1","24","C4620081 M1","reward",NA,"24 reward","1 reward"
"10173","M1","C4620081","1","25","C4620081 M1","reward",NA,"25 reward","1 reward"
"10174","M1","C4620081","1","26","C4620081 M1","reward",NA,"26 reward","1 reward"
"10175","M1","C4620081","1","27","C4620081 M1","reward",NA,"27 reward","1 reward"
"10176","M1","C4620081","1","28","C4620081 M1","reward",NA,"28 reward","1 reward"
"10177","M1","C4620081","1","29","C4620081 M1","reward",NA,"29 reward","1 reward"
"10178","M1","C4620081","1","30","C4620081 M1","reward",NA,"30 reward","1 reward"
"10179","M1","C4620081","1","31","C4620081 M1","reward",NA,"31 reward","1 reward"
"10180","M1","C4620081","1","32","C4620081 M1","reward",NA,"32 reward","1 reward"
"10181","M1","C4620081","1","33","C4620081 M1","reward",NA,"33 reward","1 reward"
"10182","M1","C4620081","1","34","C4620081 M1","reward",NA,"34 reward","1 reward"
"10183","M1","C4620081","1","35","C4620081 M1","reward",NA,"35 reward","1 reward"
"10184","M1","C4620081","1","36","C4620081 M1","reward",NA,"36 reward","1 reward"
"10185","M1","C4620081","1","37","C4620081 M1","reward",NA,"37 reward","1 reward"
"10186","M1","C4620081","1","38","C4620081 M1","reward",NA,"38 reward","1 reward"
"10187","M1","C4620081","1","39","C4620081 M1","reward",NA,"39 reward","1 reward"
"10188","M1","C4620081","1","40","C4620081 M1","reward",NA,"40 reward","1 reward"
"10189","M1","C4620081","1","41","C4620081 M1","reward",NA,"41 reward","1 reward"
"10190","M1","C4620081","1","42","C4620081 M1","reward",NA,"42 reward","1 reward"
"10191","M1","C4620081","1","43","C4620081 M1","reward",NA,"43 reward","1 reward"
"10192","M1","C4620081","1","44","C4620081 M1","reward",NA,"44 reward","1 reward"
"10193","M1","C4620081","1","45","C4620081 M1","reward",NA,"45 reward","1 reward"
"10194","M1","C4620081","1","46","C4620081 M1","reward",NA,"46 reward","1 reward"
"10195","M1","C4620081","1","47","C4620081 M1","reward",NA,"47 reward","1 reward"
"10196","M1","C4620081","1","48","C4620081 M1","reward",NA,"48 reward","1 reward"
"10197","M1","C4620081","1","49","C4620081 M1","reward",NA,"49 reward","1 reward"
"10198","M1","C4620081","1","50","C4620081 M1","reward",NA,"50 reward","1 reward"
"10199","M1","C4620081","1","51","C4620081 M1","reward",NA,"51 reward","1 reward"
"10200","M1","C4620081","1","52","C4620081 M1","reward",NA,"52 reward","1 reward"
"10201","M1","C4620081","1","53","C4620081 M1","reward",NA,"53 reward","1 reward"
"10202","M1","C4620081","1","54","C4620081 M1","reward",NA,"54 reward","1 reward"
"10203","M1","C4620081","1","55","C4620081 M1","reward",NA,"55 reward","1 reward"
"10204","M1","C4620081","1","56","C4620081 M1","reward",NA,"56 reward","1 reward"
"10205","M1","C4620081","1","57","C4620081 M1","reward",NA,"57 reward","1 reward"
"10206","M1","C4620081","1","58","C4620081 M1","reward",NA,"58 reward","1 reward"
"10207","M1","C4620081","1","59","C4620081 M1","reward",NA,"59 reward","1 reward"
"10208","M1","C4620081","1","60","C4620081 M1","reward",NA,"60 reward","1 reward"
"10209","M1","C4620081","1","61","C4620081 M1","reward",NA,"61 reward","1 reward"
"10210","M1","C4620081","1","62","C4620081 M1","reward",NA,"62 reward","1 reward"
"10211","M1","C4620081","1","63","C4620081 M1","reward",NA,"63 reward","1 reward"
"10212","M1","C4620081","1","64","C4620081 M1","reward",NA,"64 reward","1 reward"
"10213","M1","C4620081","1","65","C4620081 M1","reward",NA,"65 reward","1 reward"
"10214","M1","C4620081","1","66","C4620081 M1","reward",NA,"66 reward","1 reward"
"10215","M1","C4620081","1","67","C4620081 M1","reward",NA,"67 reward","1 reward"
"10216","M1","C4620081","1","68","C4620081 M1","reward",NA,"68 reward","1 reward"
"10217","M1","C4620081","1","69","C4620081 M1","reward",NA,"69 reward","1 reward"
"10218","M1","C4620081","1","70","C4620081 M1","reward",NA,"70 reward","1 reward"
"10219","M1","C4620081","1","71","C4620081 M1","reward",NA,"71 reward","1 reward"
"10220","M1","C4620081","1","72","C4620081 M1","reward",NA,"72 reward","1 reward"
"10221","M1","C4620081","1","73","C4620081 M1","reward",NA,"73 reward","1 reward"
"10222","M1","C4620081","1","74","C4620081 M1","reward",NA,"74 reward","1 reward"
"10223","M1","C4620081","1","75","C4620081 M1","reward",NA,"75 reward","1 reward"
"10224","M1","C4620081","1","76","C4620081 M1","reward",NA,"76 reward","1 reward"
"10225","M1","C4620081","1","77","C4620081 M1","reward",NA,"77 reward","1 reward"
"10226","M1","C4620081","1","78","C4620081 M1","reward",NA,"78 reward","1 reward"
"10227","M1","C4620081","1","79","C4620081 M1","reward",NA,"79 reward","1 reward"
"10228","M1","C4620081","1","80","C4620081 M1","reward",NA,"80 reward","1 reward"
"10229","M1","C4620081","1","81","C4620081 M1","reward",NA,"81 reward","1 reward"
"10230","M1","C4620081","1","82","C4620081 M1","reward",NA,"82 reward","1 reward"
"10231","M1","C4620081","1","83","C4620081 M1","reward",NA,"83 reward","1 reward"
"10232","M1","C4620081","1","84","C4620081 M1","reward",NA,"84 reward","1 reward"
"10233","M1","C4620081","1","85","C4620081 M1","reward",NA,"85 reward","1 reward"
"10234","M1","C4620081","1","86","C4620081 M1","reward",NA,"86 reward","1 reward"
"10235","M1","C4620081","1","87","C4620081 M1","reward",NA,"87 reward","1 reward"
"10236","M1","C4620081","1","88","C4620081 M1","reward",NA,"88 reward","1 reward"
"10237","M1","C4620081","1","89","C4620081 M1","reward",NA,"89 reward","1 reward"
"10238","M1","C4620081","1","90","C4620081 M1","reward",NA,"90 reward","1 reward"
"10239","M1","C4620081","1","91","C4620081 M1","reward",NA,"91 reward","1 reward"
"10240","M1","C4620081","1","92","C4620081 M1","reward",NA,"92 reward","1 reward"
"10241","M1","C4620081","1","93","C4620081 M1","reward",NA,"93 reward","1 reward"
"10242","M1","C4620081","1","94","C4620081 M1","reward",NA,"94 reward","1 reward"
"10243","M1","C4620081","1","95","C4620081 M1","reward",NA,"95 reward","1 reward"
"10244","M1","C4620081","1","96","C4620081 M1","reward",NA,"96 reward","1 reward"
"10245","M1","C4620081","1","97","C4620081 M1","reward",NA,"97 reward","1 reward"
"10246","M1","C4620081","1","98","C4620081 M1","reward",NA,"98 reward","1 reward"
"10247","M1","C4620081","1","99","C4620081 M1","reward",NA,"99 reward","1 reward"
"10248","M1","C4620081","1","100","C4620081 M1","reward",NA,"100 reward","1 reward"
"10249","M1","C4620081","1","101","C4620081 M1","reward",NA,"101 reward","1 reward"
"10250","M1","C4620081","1","102","C4620081 M1","reward",NA,"102 reward","1 reward"
"10251","M1","C4620081","1","103","C4620081 M1","reward",NA,"103 reward","1 reward"
"10252","M1","C4620081","1","104","C4620081 M1","reward",NA,"104 reward","1 reward"
"10253","M1","C4620081","1","105","C4620081 M1","reward",NA,"105 reward","1 reward"
"10254","M1","C4620081","1","106","C4620081 M1","reward",NA,"106 reward","1 reward"
"10255","M1","C4620081","1","107","C4620081 M1","reward",NA,"107 reward","1 reward"
"10256","M1","C4620081","1","108","C4620081 M1","reward",NA,"108 reward","1 reward"
"10257","M1","C4620081","1","109","C4620081 M1","reward",NA,"109 reward","1 reward"
"10258","M1","C4620081","1","110","C4620081 M1","reward",NA,"110 reward","1 reward"
"10259","M1","C4620081","1","111","C4620081 M1","reward",NA,"111 reward","1 reward"
"10260","M1","C4620081","1","112","C4620081 M1","reward",NA,"112 reward","1 reward"
"10261","M1","C4620081","1","113","C4620081 M1","reward",NA,"113 reward","1 reward"
"10262","M1","C4620081","1","114","C4620081 M1","reward",NA,"114 reward","1 reward"
"10263","M1","C4620081","1","115","C4620081 M1","reward",NA,"115 reward","1 reward"
"10264","M1","C4620081","1","116","C4620081 M1","reward",NA,"116 reward","1 reward"
"10265","M1","C4620081","1","117","C4620081 M1","reward",NA,"117 reward","1 reward"
"10266","M1","C4620081","1","118","C4620081 M1","reward",NA,"118 reward","1 reward"
"10267","M1","C4620081","1","119","C4620081 M1","reward",NA,"119 reward","1 reward"
"10268","M1","C4620081","1","120","C4620081 M1","reward",NA,"120 reward","1 reward"
"10269","M1","C4620081","1","121","C4620081 M1","reward",NA,"121 reward","1 reward"
"10270","M1","C4620081","1","122","C4620081 M1","reward",NA,"122 reward","1 reward"
"10271","M1","C4620081","1","123","C4620081 M1","reward",NA,"123 reward","1 reward"
"10272","M1","C4620081","1","124","C4620081 M1","reward",NA,"124 reward","1 reward"
"10273","M1","C4620081","1","125","C4620081 M1","reward",NA,"125 reward","1 reward"
"10274","M1","C4620081","1","126","C4620081 M1","reward",NA,"126 reward","1 reward"
"10275","M1","C4620081","1","127","C4620081 M1","reward",NA,"127 reward","1 reward"
"10276","M1","C4620081","1","128","C4620081 M1","reward",NA,"128 reward","1 reward"
"10277","M1","C4620081","1","129","C4620081 M1","reward",NA,"129 reward","1 reward"
"10278","M1","C4620081","1","130","C4620081 M1","reward",NA,"130 reward","1 reward"
"10279","M1","C4620081","1","131","C4620081 M1","reward",NA,"131 reward","1 reward"
"10280","M1","C4620081","1","132","C4620081 M1","reward",NA,"132 reward","1 reward"
"10281","M1","C4620081","1","133","C4620081 M1","reward",NA,"133 reward","1 reward"
"10282","M1","C4620081","1","134","C4620081 M1","reward",NA,"134 reward","1 reward"
"10283","M1","C4620081","1","135","C4620081 M1","reward",NA,"135 reward","1 reward"
"10284","M1","C4620081","1","136","C4620081 M1","reward",NA,"136 reward","1 reward"
"10285","M1","C4620081","1","137","C4620081 M1","reward",NA,"137 reward","1 reward"
"10286","M1","C4620081","1","138","C4620081 M1","reward",NA,"138 reward","1 reward"
"10287","M1","C4620081","1","139","C4620081 M1","reward",NA,"139 reward","1 reward"
"10288","M1","C4620081","1","140","C4620081 M1","reward",NA,"140 reward","1 reward"
"10289","M1","C4620081","1","141","C4620081 M1","reward",NA,"141 reward","1 reward"
"10290","M1","C4620081","1","142","C4620081 M1","reward",NA,"142 reward","1 reward"
"10291","M1","C4620081","1","143","C4620081 M1","reward",NA,"143 reward","1 reward"
"10292","M1","C4620081","1","144","C4620081 M1","reward",NA,"144 reward","1 reward"
"10293","M1","C4620081","1","145","C4620081 M1","reward",NA,"145 reward","1 reward"
"10294","M1","C4620081","1","146","C4620081 M1","reward",NA,"146 reward","1 reward"
"10295","M1","C4620081","1","147","C4620081 M1","reward",NA,"147 reward","1 reward"
"10296","M1","C4620081","1","148","C4620081 M1","reward",NA,"148 reward","1 reward"
"10297","M1","C4620081","1","149","C4620081 M1","reward",NA,"149 reward","1 reward"
"10298","M1","C4620081","1","150","C4620081 M1","reward",NA,"150 reward","1 reward"
"10299","M1","C4620081","1","151","C4620081 M1","reward",NA,"151 reward","1 reward"
"10300","M1","C4620081","1","152","C4620081 M1","reward",NA,"152 reward","1 reward"
"10301","M1","C4620081","1","153","C4620081 M1","reward",NA,"153 reward","1 reward"
"10302","M1","C4620081","1","154","C4620081 M1","reward",NA,"154 reward","1 reward"
"10303","M1","C4620081","1","155","C4620081 M1","reward",NA,"155 reward","1 reward"
"10304","M1","C4620081","1","156","C4620081 M1","reward",NA,"156 reward","1 reward"
"10305","M1","C4620081","1","157","C4620081 M1","reward",NA,"157 reward","1 reward"
"10306","M1","C4620081","1","158","C4620081 M1","reward",NA,"158 reward","1 reward"
"10307","M1","C4620081","1","159","C4620081 M1","reward",NA,"159 reward","1 reward"
"10308","M1","C4620081","1","160","C4620081 M1","reward",NA,"160 reward","1 reward"
"10309","M1","C4620081","1","161","C4620081 M1","reward",NA,"161 reward","1 reward"
"10310","M1","C4620081","1","162","C4620081 M1","reward",NA,"162 reward","1 reward"
"10311","M1","C4620081","1","163","C4620081 M1","reward",NA,"163 reward","1 reward"
"10312","M1","C4620081","1","164","C4620081 M1","reward",NA,"164 reward","1 reward"
"10313","M1","C4620081","1","165","C4620081 M1","reward",NA,"165 reward","1 reward"
"10314","M1","C4620081","1","166","C4620081 M1","reward",NA,"166 reward","1 reward"
"10315","M1","C4620081","1","167","C4620081 M1","reward",NA,"167 reward","1 reward"
"10316","M1","C4620081","1","168","C4620081 M1","reward",NA,"168 reward","1 reward"
"10317","M1","C4620081","1","169","C4620081 M1","reward",NA,"169 reward","1 reward"
"10318","M1","C4620081","1","170","C4620081 M1","reward",NA,"170 reward","1 reward"
"10319","M1","C4620081","1","171","C4620081 M1","reward",NA,"171 reward","1 reward"
"10320","M1","C4620081","1","172","C4620081 M1","reward",NA,"172 reward","1 reward"
"10321","M1","C4620081","1","173","C4620081 M1","reward",NA,"173 reward","1 reward"
"10322","M1","C4620081","1","174","C4620081 M1","reward",NA,"174 reward","1 reward"
"10323","M1","C4620081","1","175","C4620081 M1","reward",NA,"175 reward","1 reward"
"10324","M1","C4620081","1","176","C4620081 M1","reward",NA,"176 reward","1 reward"
"10325","M1","C4620081","1","177","C4620081 M1","reward",NA,"177 reward","1 reward"
"10326","M1","C4620081","1","178","C4620081 M1","reward",NA,"178 reward","1 reward"
"10327","M1","C4620081","1","179","C4620081 M1","reward",NA,"179 reward","1 reward"
"10328","M1","C4620081","1","180","C4620081 M1","reward",NA,"180 reward","1 reward"
"10329","M1","C4620081","1","181","C4620081 M1","reward",NA,"181 reward","1 reward"
"10330","M1","C4620081","1","182","C4620081 M1","reward",NA,"182 reward","1 reward"
"10331","M1","C4620081","1","183","C4620081 M1","reward",NA,"183 reward","1 reward"
"10332","M1","C4620081","1","184","C4620081 M1","reward",NA,"184 reward","1 reward"
"10333","M1","C4620081","1","185","C4620081 M1","reward",NA,"185 reward","1 reward"
"10334","M1","C4620081","1","186","C4620081 M1","reward",NA,"186 reward","1 reward"
"10335","M1","C4620081","1","187","C4620081 M1","reward",NA,"187 reward","1 reward"
"10336","M1","C4620081","1","188","C4620081 M1","reward",NA,"188 reward","1 reward"
"10337","M1","C4620081","1","189","C4620081 M1","reward",NA,"189 reward","1 reward"
"10338","M1","C4620081","1","190","C4620081 M1","reward",NA,"190 reward","1 reward"
"10339","M1","C4620081","1","191","C4620081 M1","reward",NA,"191 reward","1 reward"
"10340","M1","C4620081","1","192","C4620081 M1","reward",NA,"192 reward","1 reward"
"10341","M1","C4620081","1","193","C4620081 M1","reward",NA,"193 reward","1 reward"
"10342","M1","C4620081","1","194","C4620081 M1","reward",NA,"194 reward","1 reward"
"10343","M1","C4620081","1","195","C4620081 M1","reward",NA,"195 reward","1 reward"
"10344","M1","C4620081","1","196","C4620081 M1","reward",NA,"196 reward","1 reward"
"10345","M1","C4620081","1","197","C4620081 M1","reward",NA,"197 reward","1 reward"
"10346","M1","C4620081","1","198","C4620081 M1","reward",NA,"198 reward","1 reward"
"10347","M1","C4620081","1","199","C4620081 M1","reward",NA,"199 reward","1 reward"
"10348","M1","C4620081","1","200","C4620081 M1","reward",NA,"200 reward","1 reward"
"10349","M1","C4620081","1","201","C4620081 M1","reward",NA,"201 reward","1 reward"
"10350","M1","C4620081","1","202","C4620081 M1","reward",NA,"202 reward","1 reward"
"10351","M1","C4620081","1","203","C4620081 M1","reward",NA,"203 reward","1 reward"
"10352","M1","C4620081","1","204","C4620081 M1","reward",NA,"204 reward","1 reward"
"10353","M1","C4620081","1","205","C4620081 M1","reward",NA,"205 reward","1 reward"
"10354","M1","C4620081","1","206","C4620081 M1","reward",NA,"206 reward","1 reward"
"10355","M1","C4620081","1","207","C4620081 M1","reward",NA,"207 reward","1 reward"
"10356","M1","C4620081","1","208","C4620081 M1","reward",NA,"208 reward","1 reward"
"10357","M1","C4620081","1","209","C4620081 M1","reward",NA,"209 reward","1 reward"
"10358","M1","C4620081","1","210","C4620081 M1","reward",NA,"210 reward","1 reward"
"10359","M1","C4620081","1","211","C4620081 M1","reward",NA,"211 reward","1 reward"
"10360","M1","C4620081","1","212","C4620081 M1","reward",NA,"212 reward","1 reward"
"10361","M1","C4620081","1","213","C4620081 M1","reward",NA,"213 reward","1 reward"
"10362","M1","C4620081","1","214","C4620081 M1","reward",NA,"214 reward","1 reward"
"10363","M1","C4620081","1","215","C4620081 M1","reward",NA,"215 reward","1 reward"
"10364","M1","C4620081","1","216","C4620081 M1","reward",NA,"216 reward","1 reward"
"10365","M1","C4620081","1","217","C4620081 M1","reward",NA,"217 reward","1 reward"
"10366","M1","C4620081","1","218","C4620081 M1","reward",NA,"218 reward","1 reward"
"10367","M1","C4620081","1","219","C4620081 M1","reward",NA,"219 reward","1 reward"
"10368","M1","C4620081","1","220","C4620081 M1","reward",NA,"220 reward","1 reward"
"10369","M1","C4620081","1","221","C4620081 M1","reward",NA,"221 reward","1 reward"
"10370","M1","C4620081","1","222","C4620081 M1","reward",NA,"222 reward","1 reward"
"10371","M1","C4620081","1","223","C4620081 M1","reward",NA,"223 reward","1 reward"
"10372","M1","C4620081","1","224","C4620081 M1","reward",NA,"224 reward","1 reward"
"10373","M1","C4620081","1","225","C4620081 M1","reward",NA,"225 reward","1 reward"
"10374","M1","C4620081","1","226","C4620081 M1","reward",NA,"226 reward","1 reward"
"10375","M1","C4620081","1","227","C4620081 M1","reward",NA,"227 reward","1 reward"
"10376","M1","C4620081","1","228","C4620081 M1","reward",NA,"228 reward","1 reward"
"10377","M1","C4620081","1","229","C4620081 M1","reward",NA,"229 reward","1 reward"
"10378","M1","C4620081","1","230","C4620081 M1","reward",NA,"230 reward","1 reward"
"10379","M1","C4620081","1","231","C4620081 M1","reward",NA,"231 reward","1 reward"
"10380","M1","C4620081","1","232","C4620081 M1","reward",NA,"232 reward","1 reward"
"10381","M1","C4620081","1","233","C4620081 M1","reward",NA,"233 reward","1 reward"
"10382","M1","C4620081","1","234","C4620081 M1","reward",NA,"234 reward","1 reward"
"10383","M1","C4620081","1","235","C4620081 M1","reward",NA,"235 reward","1 reward"
"10384","M1","C4620081","1","236","C4620081 M1","reward",NA,"236 reward","1 reward"
"10385","M1","C4620081","1","237","C4620081 M1","reward",NA,"237 reward","1 reward"
"10386","M1","C4620081","1","238","C4620081 M1","reward",NA,"238 reward","1 reward"
"10387","M1","C4620081","1","239","C4620081 M1","reward",NA,"239 reward","1 reward"
"10388","M1","C4620081","1","240","C4620081 M1","reward",NA,"240 reward","1 reward"
"10389","M1","C4620081","1","241","C4620081 M1","reward",NA,"241 reward","1 reward"
"10390","M1","C4620081","1","242","C4620081 M1","reward",NA,"242 reward","1 reward"
"10391","M1","C4620081","1","243","C4620081 M1","reward",NA,"243 reward","1 reward"
"10392","M1","C4620081","1","244","C4620081 M1","reward",NA,"244 reward","1 reward"
"10393","M1","C4620081","1","245","C4620081 M1","reward",NA,"245 reward","1 reward"
"10394","M1","C4620081","1","246","C4620081 M1","reward",NA,"246 reward","1 reward"
"10395","M1","C4620081","1","247","C4620081 M1","reward",NA,"247 reward","1 reward"
"10396","M1","C4620081","1","248","C4620081 M1","reward",NA,"248 reward","1 reward"
"10397","M1","C4620081","1","249","C4620081 M1","reward",NA,"249 reward","1 reward"
"10398","M1","C4620081","1","250","C4620081 M1","reward",NA,"250 reward","1 reward"
"10399","M1","C4620081","1","251","C4620081 M1","reward",NA,"251 reward","1 reward"
"10400","M1","C4620081","1","252","C4620081 M1","reward",NA,"252 reward","1 reward"
"10401","M1","C4620081","1","253","C4620081 M1","reward",NA,"253 reward","1 reward"
"10402","M1","C4620081","1","254","C4620081 M1","reward",NA,"254 reward","1 reward"
"10403","M1","C4620081","1","255","C4620081 M1","reward",NA,"255 reward","1 reward"
"10404","M1","C4620081","1","256","C4620081 M1","reward",NA,"256 reward","1 reward"
"10405","M1","C4620081","1","257","C4620081 M1","reward",NA,"257 reward","1 reward"
"10406","M1","C4620081","1","258","C4620081 M1","reward",NA,"258 reward","1 reward"
"10407","M1","C4620081","1","259","C4620081 M1","reward",NA,"259 reward","1 reward"
"10408","M1","C4620081","1","260","C4620081 M1","reward",NA,"260 reward","1 reward"
"10409","M1","C4620081","1","261","C4620081 M1","reward",NA,"261 reward","1 reward"
"10410","M1","C4620081","1","262","C4620081 M1","reward",NA,"262 reward","1 reward"
"10411","M1","C4620081","1","263","C4620081 M1","reward",NA,"263 reward","1 reward"
"10412","M1","C4620081","1","264","C4620081 M1","reward",NA,"264 reward","1 reward"
"10413","M1","C4620081","1","265","C4620081 M1","reward",NA,"265 reward","1 reward"
"10414","M1","C4620081","1","266","C4620081 M1","reward",NA,"266 reward","1 reward"
"10415","M1","C4620081","1","267","C4620081 M1","reward",NA,"267 reward","1 reward"
"10416","M1","C4620081","1","268","C4620081 M1","reward",NA,"268 reward","1 reward"
"10417","M1","C4620081","1","269","C4620081 M1","reward",NA,"269 reward","1 reward"
"10418","M1","C4620081","1","270","C4620081 M1","reward",NA,"270 reward","1 reward"
"10419","M1","C4620081","1","271","C4620081 M1","reward",NA,"271 reward","1 reward"
"10420","M1","C4620081","1","272","C4620081 M1","reward",NA,"272 reward","1 reward"
"10421","M1","C4620081","1","273","C4620081 M1","reward",NA,"273 reward","1 reward"
"10422","M1","C4620081","1","274","C4620081 M1","reward",NA,"274 reward","1 reward"
"10423","M1","C4620081","1","275","C4620081 M1","reward",NA,"275 reward","1 reward"
"10424","M1","C4620081","1","276","C4620081 M1","reward",NA,"276 reward","1 reward"
"10425","M1","C4620081","1","277","C4620081 M1","reward",NA,"277 reward","1 reward"
"10426","M1","C4620081","1","278","C4620081 M1","reward",NA,"278 reward","1 reward"
"10427","M1","C4620081","1","279","C4620081 M1","reward",NA,"279 reward","1 reward"
"10428","M1","C4620081","1","280","C4620081 M1","reward",NA,"280 reward","1 reward"
"10429","M1","C4620081","1","281","C4620081 M1","reward",NA,"281 reward","1 reward"
"10430","M1","C4620081","1","282","C4620081 M1","reward",NA,"282 reward","1 reward"
"10431","M1","C4620081","1","283","C4620081 M1","reward",NA,"283 reward","1 reward"
"10432","M1","C4620081","1","284","C4620081 M1","reward",NA,"284 reward","1 reward"
"10433","M1","C4620081","1","285","C4620081 M1","reward",NA,"285 reward","1 reward"
"10434","M1","C4620081","1","286","C4620081 M1","reward",NA,"286 reward","1 reward"
"10435","M1","C4620081","1","287","C4620081 M1","reward",NA,"287 reward","1 reward"
"10436","M1","C4620081","1","288","C4620081 M1","reward",NA,"288 reward","1 reward"
"10437","M1","C4620081","1","289","C4620081 M1","reward",NA,"289 reward","1 reward"
"10438","M1","C4620081","1","290","C4620081 M1","reward",NA,"290 reward","1 reward"
"10439","M1","C4620081","1","291","C4620081 M1","reward",NA,"291 reward","1 reward"
"10440","M1","C4620081","1","292","C4620081 M1","reward",NA,"292 reward","1 reward"
"10441","M1","C4620081","1","293","C4620081 M1","reward",NA,"293 reward","1 reward"
"10442","M1","C4620081","1","294","C4620081 M1","reward",NA,"294 reward","1 reward"
"10443","M1","C4620081","1","295","C4620081 M1","reward",NA,"295 reward","1 reward"
"10444","M1","C4620081","1","296","C4620081 M1","reward",NA,"296 reward","1 reward"
"10445","M1","C4620081","1","297","C4620081 M1","reward",NA,"297 reward","1 reward"
"10446","M1","C4620081","1","298","C4620081 M1","reward",NA,"298 reward","1 reward"
"10447","M1","C4620081","1","299","C4620081 M1","reward",NA,"299 reward","1 reward"
"10448","M1","C4620081","1","300","C4620081 M1","reward",NA,"300 reward","1 reward"
"10449","M1","C4620081","1","301","C4620081 M1","reward",NA,"301 reward","1 reward"
"10450","M1","C4620081","1","302","C4620081 M1","reward",NA,"302 reward","1 reward"
"10451","M1","C4620081","1","303","C4620081 M1","reward",NA,"303 reward","1 reward"
"10452","M1","C4620081","1","304","C4620081 M1","reward",NA,"304 reward","1 reward"
"10453","M1","C4620081","1","305","C4620081 M1","reward",NA,"305 reward","1 reward"
"10454","M1","C4620081","1","306","C4620081 M1","reward",NA,"306 reward","1 reward"
"10455","M1","C4620081","1","307","C4620081 M1","reward",NA,"307 reward","1 reward"
"10456","M1","C4620081","1","308","C4620081 M1","reward",NA,"308 reward","1 reward"
"10457","M1","C4620081","1","309","C4620081 M1","reward",NA,"309 reward","1 reward"
"10458","M1","C4620081","1","310","C4620081 M1","reward",NA,"310 reward","1 reward"
"10459","M1","C4620081","1","311","C4620081 M1","reward",NA,"311 reward","1 reward"
"10460","M1","C4620081","1","312","C4620081 M1","reward",NA,"312 reward","1 reward"
"10461","M1","C4620081","1","313","C4620081 M1","reward",NA,"313 reward","1 reward"
"10462","M1","C4620081","1","314","C4620081 M1","reward",NA,"314 reward","1 reward"
"10463","M1","C4620081","1","315","C4620081 M1","reward",NA,"315 reward","1 reward"
"10464","M1","C4620081","1","316","C4620081 M1","reward",NA,"316 reward","1 reward"
"10465","M1","C4620081","1","317","C4620081 M1","reward",NA,"317 reward","1 reward"
"10466","M1","C4620081","1","318","C4620081 M1","reward",NA,"318 reward","1 reward"
"10467","M1","C4620081","1","319","C4620081 M1","reward",NA,"319 reward","1 reward"
"10468","M1","C4620081","1","320","C4620081 M1","reward",NA,"320 reward","1 reward"
"10469","M1","C4620081","1","321","C4620081 M1","reward",NA,"321 reward","1 reward"
"10470","M1","C4620081","1","322","C4620081 M1","reward",NA,"322 reward","1 reward"
"10471","M1","C4620081","1","323","C4620081 M1","reward",NA,"323 reward","1 reward"
"10472","M1","C4620081","1","324","C4620081 M1","reward",NA,"324 reward","1 reward"
"10473","M1","C4620081","1","325","C4620081 M1","reward",NA,"325 reward","1 reward"
"10474","M1","C4620081","1","326","C4620081 M1","reward",NA,"326 reward","1 reward"
"10475","M1","C4620081","1","327","C4620081 M1","reward",NA,"327 reward","1 reward"
"10476","M1","C4620081","1","328","C4620081 M1","reward",NA,"328 reward","1 reward"
"10477","M1","C4620081","1","329","C4620081 M1","reward",NA,"329 reward","1 reward"
"10478","M1","C4620081","1","330","C4620081 M1","reward",NA,"330 reward","1 reward"
"10479","M1","C4620081","1","331","C4620081 M1","reward",NA,"331 reward","1 reward"
"10480","M1","C4620081","1","332","C4620081 M1","reward",NA,"332 reward","1 reward"
"10481","M1","C4620081","1","333","C4620081 M1","reward",NA,"333 reward","1 reward"
"10482","M1","C4620081","1","334","C4620081 M1","reward",NA,"334 reward","1 reward"
"10483","M1","C4620081","1","335","C4620081 M1","reward",NA,"335 reward","1 reward"
"10484","M1","C4620081","1","336","C4620081 M1","reward",NA,"336 reward","1 reward"
"10485","M1","C4620081","1","337","C4620081 M1","reward",NA,"337 reward","1 reward"
"10486","M1","C4620081","1","338","C4620081 M1","reward",NA,"338 reward","1 reward"
"10487","M1","C4620081","1","339","C4620081 M1","reward",NA,"339 reward","1 reward"
"10488","M1","C4620081","1","340","C4620081 M1","reward",NA,"340 reward","1 reward"
"10489","M1","C4620081","1","341","C4620081 M1","reward",NA,"341 reward","1 reward"
"10490","M1","C4620081","1","342","C4620081 M1","reward",NA,"342 reward","1 reward"
"10491","M1","C4620081","1","343","C4620081 M1","reward",NA,"343 reward","1 reward"
"10492","M1","C4620081","1","344","C4620081 M1","reward",NA,"344 reward","1 reward"
"10493","M1","C4620081","1","345","C4620081 M1","reward",NA,"345 reward","1 reward"
"10494","M1","C4620081","1","346","C4620081 M1","reward",NA,"346 reward","1 reward"
"10495","M1","C4620081","1","347","C4620081 M1","reward",NA,"347 reward","1 reward"
"10496","M1","C4620081","1","348","C4620081 M1","reward",NA,"348 reward","1 reward"
"10497","M1","C4620081","1","349","C4620081 M1","reward",NA,"349 reward","1 reward"
"10498","M1","C4620081","1","350","C4620081 M1","reward",NA,"350 reward","1 reward"
"10499","M1","C4620081","1","351","C4620081 M1","reward",NA,"351 reward","1 reward"
"10500","M1","C4620081","1","352","C4620081 M1","reward",NA,"352 reward","1 reward"
"10501","M1","C4620081","1","353","C4620081 M1","reward",NA,"353 reward","1 reward"
"10502","M1","C4620081","1","354","C4620081 M1","reward",NA,"354 reward","1 reward"
"10503","M1","C4620081","1","355","C4620081 M1","reward",NA,"355 reward","1 reward"
"10504","M1","C4620081","1","356","C4620081 M1","reward",NA,"356 reward","1 reward"
"10505","M1","C4620081","1","357","C4620081 M1","reward",NA,"357 reward","1 reward"
"10506","M1","C4620081","1","358","C4620081 M1","reward",NA,"358 reward","1 reward"
"10507","M1","C4620081","1","359","C4620081 M1","reward",NA,"359 reward","1 reward"
"10508","M1","C4620081","1","360","C4620081 M1","reward",NA,"360 reward","1 reward"
"10509","M1","C4620081","1","361","C4620081 M1","reward",NA,"361 reward","1 reward"
"10510","M1","C4620081","1","362","C4620081 M1","reward",NA,"362 reward","1 reward"
"10511","M1","C4620081","1","363","C4620081 M1","reward",NA,"363 reward","1 reward"
"10512","M1","C4620081","1","364","C4620081 M1","reward",NA,"364 reward","1 reward"
"10513","M1","C4620081","1","365","C4620081 M1","reward",NA,"365 reward","1 reward"
"10514","M1","C4620081","1","366","C4620081 M1","reward",NA,"366 reward","1 reward"
"10515","M1","C4620081","1","367","C4620081 M1","reward",NA,"367 reward","1 reward"
"10516","M1","C4620081","1","368","C4620081 M1","reward",NA,"368 reward","1 reward"
"10517","M1","C4620081","1","369","C4620081 M1","reward",NA,"369 reward","1 reward"
"10518","M1","C4620081","1","370","C4620081 M1","reward",NA,"370 reward","1 reward"
"10519","M1","C4620081","1","371","C4620081 M1","reward",NA,"371 reward","1 reward"
"10520","M1","C4620081","1","372","C4620081 M1","reward",NA,"372 reward","1 reward"
"10521","M1","C4620081","1","373","C4620081 M1","reward",NA,"373 reward","1 reward"
"10522","M1","C4620081","1","374","C4620081 M1","reward",NA,"374 reward","1 reward"
"10523","M1","C4620081","1","375","C4620081 M1","reward",NA,"375 reward","1 reward"
"10524","M1","C4620081","1","376","C4620081 M1","reward",NA,"376 reward","1 reward"
"10525","M1","C4620081","1","377","C4620081 M1","reward",NA,"377 reward","1 reward"
"10526","M1","C4620081","1","378","C4620081 M1","reward",NA,"378 reward","1 reward"
"10527","M1","C4620081","1","379","C4620081 M1","reward",NA,"379 reward","1 reward"
"10528","M1","C4620081","1","380","C4620081 M1","reward",NA,"380 reward","1 reward"
"10529","M1","C4620081","1","381","C4620081 M1","reward",NA,"381 reward","1 reward"
"10530","M1","C4620081","1","382","C4620081 M1","reward",NA,"382 reward","1 reward"
"10531","M1","C4620081","1","383","C4620081 M1","reward",NA,"383 reward","1 reward"
"10532","M1","C4620081","1","384","C4620081 M1","reward",NA,"384 reward","1 reward"
"10533","M1","C4620081","1","385","C4620081 M1","reward",NA,"385 reward","1 reward"
"10534","M1","C4620081","1","386","C4620081 M1","reward",NA,"386 reward","1 reward"
"10535","M1","C4620081","1","387","C4620081 M1","reward",NA,"387 reward","1 reward"
"10536","M1","C4620081","1","388","C4620081 M1","reward",NA,"388 reward","1 reward"
"10537","M1","C4620081","1","389","C4620081 M1","reward",NA,"389 reward","1 reward"
"10538","M1","C4620081","1","390","C4620081 M1","reward",NA,"390 reward","1 reward"
"10539","M1","C4620081","1","391","C4620081 M1","reward",NA,"391 reward","1 reward"
"10540","M1","C4620081","1","392","C4620081 M1","reward",NA,"392 reward","1 reward"
"10541","M1","C4620081","1","393","C4620081 M1","reward",NA,"393 reward","1 reward"
"10542","M1","C4620081","1","394","C4620081 M1","reward",NA,"394 reward","1 reward"
"10543","M1","C4620081","1","395","C4620081 M1","reward",NA,"395 reward","1 reward"
"10544","M1","C4620081","1","396","C4620081 M1","reward",NA,"396 reward","1 reward"
"10545","M1","C4620081","1","397","C4620081 M1","reward",NA,"397 reward","1 reward"
"10546","M1","C4620081","1","398","C4620081 M1","reward",NA,"398 reward","1 reward"
"10547","M1","C4620081","1","399","C4620081 M1","reward",NA,"399 reward","1 reward"
"10548","M1","C4620081","1","400","C4620081 M1","reward",NA,"400 reward","1 reward"
"10549","M1","C4620081","1","401","C4620081 M1","reward",NA,"401 reward","1 reward"
"10550","M1","C4620081","1","402","C4620081 M1","reward",NA,"402 reward","1 reward"
"10551","M1","C4620081","1","403","C4620081 M1","reward",NA,"403 reward","1 reward"
"10552","M1","C4620081","1","404","C4620081 M1","reward",NA,"404 reward","1 reward"
"10553","M1","C4620081","1","405","C4620081 M1","reward",NA,"405 reward","1 reward"
"10554","M1","C4620081","1","406","C4620081 M1","reward",NA,"406 reward","1 reward"
"10555","M1","C4620081","1","407","C4620081 M1","reward",NA,"407 reward","1 reward"
"10556","M1","C4620081","1","408","C4620081 M1","reward",NA,"408 reward","1 reward"
"10557","M1","C4620081","1","409","C4620081 M1","reward",NA,"409 reward","1 reward"
"10558","M1","C4620081","1","410","C4620081 M1","reward",NA,"410 reward","1 reward"
"10559","M1","C4620081","1","411","C4620081 M1","reward",NA,"411 reward","1 reward"
"10560","M1","C4620081","1","412","C4620081 M1","reward",NA,"412 reward","1 reward"
"10561","M1","C4620081","1","413","C4620081 M1","reward",NA,"413 reward","1 reward"
"10562","M1","C4620081","1","414","C4620081 M1","reward",NA,"414 reward","1 reward"
"10563","M1","C4620081","1","415","C4620081 M1","reward",NA,"415 reward","1 reward"
"10564","M1","C4620081","1","416","C4620081 M1","reward",NA,"416 reward","1 reward"
"10565","M1","C4620081","1","417","C4620081 M1","reward",NA,"417 reward","1 reward"
"10566","M1","C4620081","1","418","C4620081 M1","reward",NA,"418 reward","1 reward"
"10567","M1","C4620081","1","419","C4620081 M1","reward",NA,"419 reward","1 reward"
"10568","M1","C4620081","1","420","C4620081 M1","reward",NA,"420 reward","1 reward"
"10569","M1","C4620081","1","421","C4620081 M1","reward",NA,"421 reward","1 reward"
"10570","M1","C4620081","1","422","C4620081 M1","reward",NA,"422 reward","1 reward"
"10571","M1","C4620081","1","423","C4620081 M1","reward",NA,"423 reward","1 reward"
"10572","M1","C4620081","1","424","C4620081 M1","reward",NA,"424 reward","1 reward"
"10573","M1","C4620081","1","425","C4620081 M1","reward",NA,"425 reward","1 reward"
"10574","M1","C4620081","1","426","C4620081 M1","reward",NA,"426 reward","1 reward"
"10575","M1","C4620081","1","427","C4620081 M1","reward",NA,"427 reward","1 reward"
"10576","M1","C4620081","1","428","C4620081 M1","reward",NA,"428 reward","1 reward"
"10577","M1","C4620081","1","429","C4620081 M1","reward",NA,"429 reward","1 reward"
"10578","M1","C4620081","1","430","C4620081 M1","reward",NA,"430 reward","1 reward"
"10579","M1","C4620081","1","431","C4620081 M1","reward",NA,"431 reward","1 reward"
"10580","M1","C4620081","1","432","C4620081 M1","reward",NA,"432 reward","1 reward"
"10581","M1","C4620081","1","433","C4620081 M1","reward",NA,"433 reward","1 reward"
"10582","M1","C4620081","1","434","C4620081 M1","reward",NA,"434 reward","1 reward"
"10583","M1","C4620081","1","435","C4620081 M1","reward",NA,"435 reward","1 reward"
"10584","M1","C4620081","1","436","C4620081 M1","reward",NA,"436 reward","1 reward"
"10585","M1","C4620081","1","437","C4620081 M1","reward",NA,"437 reward","1 reward"
"10586","M1","C4620081","1","438","C4620081 M1","reward",NA,"438 reward","1 reward"
"10587","M1","C4620081","1","439","C4620081 M1","reward",NA,"439 reward","1 reward"
"10588","M1","C4620081","1","440","C4620081 M1","reward",NA,"440 reward","1 reward"
"10589","M1","C4620081","1","441","C4620081 M1","reward",NA,"441 reward","1 reward"
"10590","M1","C4620081","1","442","C4620081 M1","reward",NA,"442 reward","1 reward"
"10591","M1","C4620081","1","443","C4620081 M1","reward",NA,"443 reward","1 reward"
"10592","M1","C4620081","1","444","C4620081 M1","reward",NA,"444 reward","1 reward"
"10593","M1","C4620081","1","445","C4620081 M1","reward",NA,"445 reward","1 reward"
"10594","M1","C4620081","1","446","C4620081 M1","reward",NA,"446 reward","1 reward"
"10595","M1","C4620081","1","447","C4620081 M1","reward",NA,"447 reward","1 reward"
"10596","M1","C4620081","1","448","C4620081 M1","reward",NA,"448 reward","1 reward"
"10597","M1","C4620081","1","449","C4620081 M1","reward",NA,"449 reward","1 reward"
"10598","M1","C4620081","1","450","C4620081 M1","reward",NA,"450 reward","1 reward"
"10599","M1","C4620081","1","451","C4620081 M1","reward",NA,"451 reward","1 reward"
"10600","M1","C4620081","1","452","C4620081 M1","reward",NA,"452 reward","1 reward"
"10601","M1","C4620081","1","453","C4620081 M1","reward",NA,"453 reward","1 reward"
"10602","M1","C4620081","1","454","C4620081 M1","reward",NA,"454 reward","1 reward"
"10603","M1","C4620081","1","455","C4620081 M1","reward",NA,"455 reward","1 reward"
"10604","M1","C4620081","1","456","C4620081 M1","reward",NA,"456 reward","1 reward"
"10605","M1","C4620081","1","457","C4620081 M1","reward",NA,"457 reward","1 reward"
"10606","M1","C4620081","1","458","C4620081 M1","reward",NA,"458 reward","1 reward"
"10607","M1","C4620081","1","459","C4620081 M1","reward",NA,"459 reward","1 reward"
"10608","M1","C4620081","1","460","C4620081 M1","reward",NA,"460 reward","1 reward"
"10609","M1","C4620081","1","461","C4620081 M1","reward",NA,"461 reward","1 reward"
"10610","M1","C4620081","1","462","C4620081 M1","reward",NA,"462 reward","1 reward"
"10611","M1","C4620081","1","463","C4620081 M1","reward",NA,"463 reward","1 reward"
"10612","M1","C4620081","1","464","C4620081 M1","reward",NA,"464 reward","1 reward"
"10613","M1","C4620081","1","465","C4620081 M1","reward",NA,"465 reward","1 reward"
"10614","M1","C4620081","1","466","C4620081 M1","reward",NA,"466 reward","1 reward"
"10615","M1","C4620081","1","467","C4620081 M1","reward",NA,"467 reward","1 reward"
"10616","M1","C4620081","1","468","C4620081 M1","reward",NA,"468 reward","1 reward"
"10617","M1","C4620081","1","469","C4620081 M1","reward",NA,"469 reward","1 reward"
"10618","M1","C4620081","1","470","C4620081 M1","reward",NA,"470 reward","1 reward"
"10619","M1","C4620081","1","471","C4620081 M1","reward",NA,"471 reward","1 reward"
"10620","M1","C4620081","1","472","C4620081 M1","reward",NA,"472 reward","1 reward"
"10621","M1","C4620081","1","473","C4620081 M1","reward",NA,"473 reward","1 reward"
"10622","M1","C4620081","1","474","C4620081 M1","reward",NA,"474 reward","1 reward"
"10623","M1","C4620081","1","475","C4620081 M1","reward",NA,"475 reward","1 reward"
"10624","M1","C4620081","1","476","C4620081 M1","reward",NA,"476 reward","1 reward"
"10625","M1","C4620081","1","477","C4620081 M1","reward",NA,"477 reward","1 reward"
"10626","M1","C4620081","1","478","C4620081 M1","reward",NA,"478 reward","1 reward"
"10627","M1","C4620081","1","479","C4620081 M1","reward",NA,"479 reward","1 reward"
"10628","M1","C4620081","1","480","C4620081 M1","reward",NA,"480 reward","1 reward"
"10629","M1","C4620081","1","481","C4620081 M1","reward",NA,"481 reward","1 reward"
"10630","M1","C4620081","1","482","C4620081 M1","reward",NA,"482 reward","1 reward"
"10631","M1","C4620081","1","483","C4620081 M1","reward",NA,"483 reward","1 reward"
"10632","M1","C4620081","1","484","C4620081 M1","reward",NA,"484 reward","1 reward"
"10633","M1","C4620081","1","485","C4620081 M1","reward",NA,"485 reward","1 reward"
"10634","M1","C4620081","1","486","C4620081 M1","reward",NA,"486 reward","1 reward"
"10635","M1","C4620081","1","487","C4620081 M1","reward",NA,"487 reward","1 reward"
"10636","M1","C4620081","1","488","C4620081 M1","reward",NA,"488 reward","1 reward"
"10637","M1","C4620081","1","489","C4620081 M1","reward",NA,"489 reward","1 reward"
"10638","M1","C4620081","1","490","C4620081 M1","reward",NA,"490 reward","1 reward"
"10639","M1","C4620081","1","491","C4620081 M1","reward",NA,"491 reward","1 reward"
"10640","M1","C4620081","1","492","C4620081 M1","reward",NA,"492 reward","1 reward"
"10641","M1","C4620081","1","493","C4620081 M1","reward",NA,"493 reward","1 reward"
"10642","M1","C4620081","1","494","C4620081 M1","reward",NA,"494 reward","1 reward"
"10643","M1","C4620081","1","495","C4620081 M1","reward",NA,"495 reward","1 reward"
"10644","M1","C4620081","1","496","C4620081 M1","reward",NA,"496 reward","1 reward"
"10645","M1","C4620081","1","497","C4620081 M1","reward",NA,"497 reward","1 reward"
"10646","M1","C4620081","1","498","C4620081 M1","reward",NA,"498 reward","1 reward"
"10647","M1","C4620081","1","499","C4620081 M1","reward",NA,"499 reward","1 reward"
"10648","M1","C4620081","1","500","C4620081 M1","reward",NA,"500 reward","1 reward"
"10649","M1","C4620081","1","501","C4620081 M1","reward",NA,"501 reward","1 reward"
"10650","M1","C4620081","1","502","C4620081 M1","reward",NA,"502 reward","1 reward"
"10651","M1","C4620081","1","503","C4620081 M1","reward",NA,"503 reward","1 reward"
"10652","M1","C4620081","1","504","C4620081 M1","reward",NA,"504 reward","1 reward"
"10653","M1","C4620081","1","505","C4620081 M1","reward",NA,"505 reward","1 reward"
"10654","M1","C4620081","1","506","C4620081 M1","reward",NA,"506 reward","1 reward"
"10655","M1","C4620081","1","507","C4620081 M1","reward",NA,"507 reward","1 reward"
"10656","M1","C4620081","1","508","C4620081 M1","reward",NA,"508 reward","1 reward"
"10657","M1","C4620081","1","509","C4620081 M1","reward",NA,"509 reward","1 reward"
"10658","M1","C4620081","1","510","C4620081 M1","reward",NA,"510 reward","1 reward"
"10659","M1","C4620081","1","511","C4620081 M1","reward",NA,"511 reward","1 reward"
"10660","M1","C4620081","1","512","C4620081 M1","reward",NA,"512 reward","1 reward"
"10661","M1","C4620081","1","513","C4620081 M1","reward",NA,"513 reward","1 reward"
"10662","M1","C4620081","1","514","C4620081 M1","reward",NA,"514 reward","1 reward"
"10663","M1","C4620081","1","515","C4620081 M1","reward",NA,"515 reward","1 reward"
"10664","M1","C4620081","1","516","C4620081 M1","reward",NA,"516 reward","1 reward"
"10665","M1","C4620081","1","517","C4620081 M1","reward",NA,"517 reward","1 reward"
"10666","M1","C4620081","1","518","C4620081 M1","reward",NA,"518 reward","1 reward"
"10667","M1","C4620081","1","519","C4620081 M1","reward",NA,"519 reward","1 reward"
"10668","M1","C4620081","1","520","C4620081 M1","reward",NA,"520 reward","1 reward"
"10669","M1","C4620081","1","521","C4620081 M1","reward",NA,"521 reward","1 reward"
"10670","M1","C4620081","1","522","C4620081 M1","reward",NA,"522 reward","1 reward"
"10671","M1","C4620081","1","523","C4620081 M1","reward",NA,"523 reward","1 reward"
"10672","M1","C4620081","1","524","C4620081 M1","reward",NA,"524 reward","1 reward"
"10673","M1","C4620081","1","525","C4620081 M1","reward",NA,"525 reward","1 reward"
"10674","M1","C4620081","1","526","C4620081 M1","reward",NA,"526 reward","1 reward"
"10675","M1","C4620081","1","527","C4620081 M1","reward",NA,"527 reward","1 reward"
"10676","M1","C4620081","1","528","C4620081 M1","reward",NA,"528 reward","1 reward"
"10677","M1","C4620081","1","529","C4620081 M1","reward",NA,"529 reward","1 reward"
"10678","M1","C4620081","1","530","C4620081 M1","reward",NA,"530 reward","1 reward"
"10679","M1","C4620081","1","531","C4620081 M1","reward",NA,"531 reward","1 reward"
"10680","M1","C4620081","1","532","C4620081 M1","reward",NA,"532 reward","1 reward"
"10681","M1","C4620081","1","533","C4620081 M1","reward",NA,"533 reward","1 reward"
"10682","M1","C4620081","1","534","C4620081 M1","reward",NA,"534 reward","1 reward"
"10683","M1","C4620081","1","535","C4620081 M1","reward",NA,"535 reward","1 reward"
"10684","M1","C4620081","1","536","C4620081 M1","reward",NA,"536 reward","1 reward"
"10685","M1","C4620081","1","537","C4620081 M1","reward",NA,"537 reward","1 reward"
"10686","M1","C4620081","1","538","C4620081 M1","reward",NA,"538 reward","1 reward"
"10687","M1","C4620081","1","539","C4620081 M1","reward",NA,"539 reward","1 reward"
"10688","M1","C4620081","1","540","C4620081 M1","reward",NA,"540 reward","1 reward"
"10689","M1","C4620081","1","541","C4620081 M1","reward",NA,"541 reward","1 reward"
"10690","M1","C4620081","1","542","C4620081 M1","reward",NA,"542 reward","1 reward"
"10691","M1","C4620081","1","543","C4620081 M1","reward",NA,"543 reward","1 reward"
"10692","M1","C4620081","1","544","C4620081 M1","reward",NA,"544 reward","1 reward"
"10693","M1","C4620081","1","545","C4620081 M1","reward",NA,"545 reward","1 reward"
"10694","M1","C4620081","1","546","C4620081 M1","reward",NA,"546 reward","1 reward"
"10695","M1","C4620081","1","547","C4620081 M1","reward",NA,"547 reward","1 reward"
"10696","M1","C4620081","1","548","C4620081 M1","reward",NA,"548 reward","1 reward"
"10697","M1","C4620081","1","549","C4620081 M1","reward",NA,"549 reward","1 reward"
"10698","M1","C4620081","1","550","C4620081 M1","reward",NA,"550 reward","1 reward"
"10699","M1","C4620081","1","551","C4620081 M1","reward",NA,"551 reward","1 reward"
"10700","M1","C4620081","1","552","C4620081 M1","reward",NA,"552 reward","1 reward"
"10701","M1","C4620081","1","553","C4620081 M1","reward",NA,"553 reward","1 reward"
"10702","M1","C4620081","1","554","C4620081 M1","reward",NA,"554 reward","1 reward"
"10703","M1","C4620081","1","555","C4620081 M1","reward",NA,"555 reward","1 reward"
"10704","M1","C4620081","1","556","C4620081 M1","reward",NA,"556 reward","1 reward"
"10705","M1","C4620081","1","557","C4620081 M1","reward",NA,"557 reward","1 reward"
"10706","M1","C4620081","1","558","C4620081 M1","reward",NA,"558 reward","1 reward"
"10707","M1","C4620081","1","559","C4620081 M1","reward",NA,"559 reward","1 reward"
"10708","M1","C4620081","1","560","C4620081 M1","reward",NA,"560 reward","1 reward"
"10709","M1","C4620081","1","561","C4620081 M1","reward",NA,"561 reward","1 reward"
"10710","M1","C4620081","1","562","C4620081 M1","reward",NA,"562 reward","1 reward"
"10711","M1","C4620081","1","563","C4620081 M1","reward",NA,"563 reward","1 reward"
"10712","M1","C4620081","1","564","C4620081 M1","reward",NA,"564 reward","1 reward"
"10713","M1","C4620081","1","565","C4620081 M1","reward",NA,"565 reward","1 reward"
"10714","M1","C4620081","1","566","C4620081 M1","reward",NA,"566 reward","1 reward"
"10715","M1","C4620081","1","567","C4620081 M1","reward",NA,"567 reward","1 reward"
"10716","M1","C4620081","1","568","C4620081 M1","reward",NA,"568 reward","1 reward"
"10717","M1","C4620081","1","569","C4620081 M1","reward",NA,"569 reward","1 reward"
"10718","M1","C4620081","1","570","C4620081 M1","reward",NA,"570 reward","1 reward"
"10719","M1","C4620081","1","571","C4620081 M1","reward",NA,"571 reward","1 reward"
"10720","M1","C4620081","1","572","C4620081 M1","reward",NA,"572 reward","1 reward"
"10721","M1","C4620081","1","573","C4620081 M1","reward",NA,"573 reward","1 reward"
"10722","M1","C4620081","1","574","C4620081 M1","reward",NA,"574 reward","1 reward"
"10723","M1","C4620081","1","575","C4620081 M1","reward",NA,"575 reward","1 reward"
"10724","M1","C4620081","1","576","C4620081 M1","reward",NA,"576 reward","1 reward"
"10725","M1","C4620081","1","577","C4620081 M1","reward",NA,"577 reward","1 reward"
"10726","M1","C4620081","1","578","C4620081 M1","reward",NA,"578 reward","1 reward"
"10727","M1","C4620081","1","579","C4620081 M1","reward",NA,"579 reward","1 reward"
"10728","M1","C4620081","1","580","C4620081 M1","reward",NA,"580 reward","1 reward"
"10729","M1","C4620081","1","581","C4620081 M1","reward",NA,"581 reward","1 reward"
"10730","M1","C4620081","1","582","C4620081 M1","reward",NA,"582 reward","1 reward"
"10731","M1","C4620081","1","583","C4620081 M1","reward",NA,"583 reward","1 reward"
"10732","M1","C4620081","1","584","C4620081 M1","reward",NA,"584 reward","1 reward"
"10733","M1","C4620081","1","585","C4620081 M1","reward",NA,"585 reward","1 reward"
"10734","M1","C4620081","1","586","C4620081 M1","reward",NA,"586 reward","1 reward"
"10735","M1","C4620081","1","587","C4620081 M1","reward",NA,"587 reward","1 reward"
"10736","M1","C4620081","1","588","C4620081 M1","reward",NA,"588 reward","1 reward"
"10737","M1","C4620081","1","589","C4620081 M1","reward",NA,"589 reward","1 reward"
"10738","M1","C4620081","1","590","C4620081 M1","reward",NA,"590 reward","1 reward"
"10739","M1","C4620081","1","591","C4620081 M1","reward",NA,"591 reward","1 reward"
"10740","M1","C4620081","1","592","C4620081 M1","reward",NA,"592 reward","1 reward"
"10741","M1","C4620081","1","593","C4620081 M1","reward",NA,"593 reward","1 reward"
"10742","M1","C4620081","1","594","C4620081 M1","reward",NA,"594 reward","1 reward"
"10743","M1","C4620081","1","595","C4620081 M1","reward",NA,"595 reward","1 reward"
"10744","M1","C4620081","1","596","C4620081 M1","reward",NA,"596 reward","1 reward"
"10745","M1","C4620081","1","597","C4620081 M1","reward",NA,"597 reward","1 reward"
"10746","M1","C4620081","1","598","C4620081 M1","reward",NA,"598 reward","1 reward"
"10747","M1","C4620081","1","599","C4620081 M1","reward",NA,"599 reward","1 reward"
"10748","M1","C4620081","1","600","C4620081 M1","reward",NA,"600 reward","1 reward"
"10749","M1","C4620081","1","601","C4620081 M1","reward",NA,"601 reward","1 reward"
"10750","M1","C4620081","1","602","C4620081 M1","reward",NA,"602 reward","1 reward"
"10751","M1","C4620081","1","603","C4620081 M1","reward",NA,"603 reward","1 reward"
"10752","M1","C4620081","1","604","C4620081 M1","reward",NA,"604 reward","1 reward"
"10753","M1","C4620081","1","605","C4620081 M1","reward",NA,"605 reward","1 reward"
"10754","M1","C4620081","1","606","C4620081 M1","reward",NA,"606 reward","1 reward"
"10755","M1","C4620081","1","607","C4620081 M1","reward",NA,"607 reward","1 reward"
"10756","M1","C4620081","1","608","C4620081 M1","reward",NA,"608 reward","1 reward"
"10757","M1","C4620081","1","609","C4620081 M1","reward",NA,"609 reward","1 reward"
"10758","M1","C4620081","1","610","C4620081 M1","reward",NA,"610 reward","1 reward"
"10759","M1","C4620081","1","611","C4620081 M1","reward",NA,"611 reward","1 reward"
"10760","M1","C4620081","1","612","C4620081 M1","reward",NA,"612 reward","1 reward"
"10761","M1","C4620081","1","613","C4620081 M1","reward",NA,"613 reward","1 reward"
"10762","M1","C4620081","1","614","C4620081 M1","reward",NA,"614 reward","1 reward"
"10763","M1","C4620081","1","615","C4620081 M1","reward",NA,"615 reward","1 reward"
"10764","M1","C4620081","1","616","C4620081 M1","reward",NA,"616 reward","1 reward"
"10765","M1","C4620081","1","617","C4620081 M1","reward",NA,"617 reward","1 reward"
"10766","M1","C4620081","1","618","C4620081 M1","reward",NA,"618 reward","1 reward"
"10767","M1","C4620081","1","619","C4620081 M1","reward",NA,"619 reward","1 reward"
"10768","M1","C4620081","1","620","C4620081 M1","reward",NA,"620 reward","1 reward"
"10769","M1","C4620081","1","621","C4620081 M1","reward",NA,"621 reward","1 reward"
"10770","M1","C4620081","1","622","C4620081 M1","reward",NA,"622 reward","1 reward"
"10771","M1","C4620081","1","623","C4620081 M1","reward",NA,"623 reward","1 reward"
"10772","M1","C4620081","1","624","C4620081 M1","reward",NA,"624 reward","1 reward"
"10773","M1","C4620081","1","625","C4620081 M1","reward",NA,"625 reward","1 reward"
"10774","M1","C4620081","1","626","C4620081 M1","reward",NA,"626 reward","1 reward"
"10775","M1","C4620081","1","627","C4620081 M1","reward",NA,"627 reward","1 reward"
"10776","M1","C4620081","1","628","C4620081 M1","reward",NA,"628 reward","1 reward"
"10777","M1","C4620081","1","629","C4620081 M1","reward",NA,"629 reward","1 reward"
"10778","M1","C4620081","1","630","C4620081 M1","reward",NA,"630 reward","1 reward"
"10779","M1","C4620081","1","631","C4620081 M1","reward",NA,"631 reward","1 reward"
"10780","M1","C4620081","1","632","C4620081 M1","reward",NA,"632 reward","1 reward"
"10781","M1","C4620081","1","633","C4620081 M1","reward",NA,"633 reward","1 reward"
"10782","M1","C4620081","1","634","C4620081 M1","reward",NA,"634 reward","1 reward"
"10783","M1","C4620081","1","635","C4620081 M1","reward",NA,"635 reward","1 reward"
"10784","M1","C4620081","1","636","C4620081 M1","reward",NA,"636 reward","1 reward"
"10785","M1","C4620081","1","637","C4620081 M1","reward",NA,"637 reward","1 reward"
"10786","M1","C4620081","1","638","C4620081 M1","reward",NA,"638 reward","1 reward"
"10787","M1","C4620081","1","639","C4620081 M1","reward",NA,"639 reward","1 reward"
"10788","M1","C4620081","1","640","C4620081 M1","reward",NA,"640 reward","1 reward"
"10789","M1","C4620081","1","641","C4620081 M1","reward",NA,"641 reward","1 reward"
"10790","M1","C4620081","1","642","C4620081 M1","reward",NA,"642 reward","1 reward"
"10791","M1","C4620081","1","643","C4620081 M1","reward",NA,"643 reward","1 reward"
"10792","M1","C4620081","1","644","C4620081 M1","reward",NA,"644 reward","1 reward"
"10793","M1","C4620081","1","645","C4620081 M1","reward",NA,"645 reward","1 reward"
"10794","M1","C4620081","1","646","C4620081 M1","reward",NA,"646 reward","1 reward"
"10795","M1","C4620081","1","647","C4620081 M1","reward",NA,"647 reward","1 reward"
"10796","M1","C4620081","1","648","C4620081 M1","reward",NA,"648 reward","1 reward"
"10797","M1","C4620081","1","649","C4620081 M1","reward",NA,"649 reward","1 reward"
"10798","M1","C4620081","1","650","C4620081 M1","reward",NA,"650 reward","1 reward"
"10799","M1","C4620081","1","651","C4620081 M1","reward",NA,"651 reward","1 reward"
"10800","M1","C4620081","1","652","C4620081 M1","reward",NA,"652 reward","1 reward"
"10801","M1","C4620081","1","653","C4620081 M1","reward",NA,"653 reward","1 reward"
"10802","M1","C4620081","1","654","C4620081 M1","reward",NA,"654 reward","1 reward"
"10803","M1","C4620081","1","655","C4620081 M1","reward",NA,"655 reward","1 reward"
"10804","M1","C4620081","1","656","C4620081 M1","reward",NA,"656 reward","1 reward"
"10805","M1","C4620081","1","657","C4620081 M1","reward",NA,"657 reward","1 reward"
"10806","M1","C4620081","1","658","C4620081 M1","reward",NA,"658 reward","1 reward"
"10807","M1","C4620081","1","659","C4620081 M1","reward",NA,"659 reward","1 reward"
"10808","M1","C4620081","1","660","C4620081 M1","reward",NA,"660 reward","1 reward"
"10809","M1","C4620081","1","661","C4620081 M1","reward",NA,"661 reward","1 reward"
"10810","M1","C4620081","1","662","C4620081 M1","reward",NA,"662 reward","1 reward"
"10811","M1","C4620081","1","663","C4620081 M1","reward",NA,"663 reward","1 reward"
"10812","M1","C4620081","1","664","C4620081 M1","reward",NA,"664 reward","1 reward"
"10813","M1","C4620081","1","665","C4620081 M1","reward",NA,"665 reward","1 reward"
"10814","M1","C4620081","1","666","C4620081 M1","reward",NA,"666 reward","1 reward"
"10815","M1","C4620081","1","667","C4620081 M1","reward",NA,"667 reward","1 reward"
"10816","M1","C4620081","1","668","C4620081 M1","reward",NA,"668 reward","1 reward"
"10817","M1","C4620081","1","669","C4620081 M1","reward",NA,"669 reward","1 reward"
"10818","M1","C4620081","1","670","C4620081 M1","reward",NA,"670 reward","1 reward"
"10819","M1","C4620081","1","671","C4620081 M1","reward",NA,"671 reward","1 reward"
"10820","M1","C4620081","1","672","C4620081 M1","reward",NA,"672 reward","1 reward"
"10821","M1","C4620081","1","673","C4620081 M1","reward",NA,"673 reward","1 reward"
"10822","M1","C4620081","1","674","C4620081 M1","reward",NA,"674 reward","1 reward"
"10823","M1","C4620081","1","675","C4620081 M1","reward",NA,"675 reward","1 reward"
"10824","M1","C4620081","1","676","C4620081 M1","reward",NA,"676 reward","1 reward"
"10825","M1","C4620081","1","677","C4620081 M1","reward",NA,"677 reward","1 reward"
"10826","M1","C4620081","1","678","C4620081 M1","reward",NA,"678 reward","1 reward"
"10827","M1","C4620081","1","679","C4620081 M1","reward",NA,"679 reward","1 reward"
"10828","M1","C4620081","1","680","C4620081 M1","reward",NA,"680 reward","1 reward"
"10829","M1","C4620081","1","681","C4620081 M1","reward",NA,"681 reward","1 reward"
"10830","M1","C4620081","1","682","C4620081 M1","reward",NA,"682 reward","1 reward"
"10831","M1","C4620081","1","683","C4620081 M1","reward",NA,"683 reward","1 reward"
"10832","M1","C4620081","1","684","C4620081 M1","reward",NA,"684 reward","1 reward"
"10833","M1","C4620081","1","685","C4620081 M1","reward",NA,"685 reward","1 reward"
"10834","M1","C4620081","1","686","C4620081 M1","reward",NA,"686 reward","1 reward"
"10835","M1","C4620081","1","687","C4620081 M1","reward",NA,"687 reward","1 reward"
"10836","M1","C4620081","1","688","C4620081 M1","reward",NA,"688 reward","1 reward"
"10837","M1","C4620081","1","689","C4620081 M1","reward",NA,"689 reward","1 reward"
"10838","M1","C4620081","1","690","C4620081 M1","reward",NA,"690 reward","1 reward"
"10839","M1","C4620081","1","691","C4620081 M1","reward",NA,"691 reward","1 reward"
"10840","M1","C4620081","1","692","C4620081 M1","reward",NA,"692 reward","1 reward"
"10841","M1","C4620081","1","693","C4620081 M1","reward",NA,"693 reward","1 reward"
"10842","M1","C4620081","1","694","C4620081 M1","reward",NA,"694 reward","1 reward"
"10843","M1","C4620081","1","695","C4620081 M1","reward",NA,"695 reward","1 reward"
"10844","M1","C4620081","1","696","C4620081 M1","reward",NA,"696 reward","1 reward"
"10845","M1","C4620081","1","697","C4620081 M1","reward",NA,"697 reward","1 reward"
"10846","M1","C4620081","1","698","C4620081 M1","reward",NA,"698 reward","1 reward"
"10847","M1","C4620081","1","699","C4620081 M1","reward",NA,"699 reward","1 reward"
"10848","M1","C4620081","1","700","C4620081 M1","reward",NA,"700 reward","1 reward"
"10849","M1","C4620081","1","701","C4620081 M1","reward",NA,"701 reward","1 reward"
"10850","M1","C4620081","1","702","C4620081 M1","reward",NA,"702 reward","1 reward"
"10851","M1","C4620081","1","703","C4620081 M1","reward",NA,"703 reward","1 reward"
"10852","M1","C4620081","1","704","C4620081 M1","reward",NA,"704 reward","1 reward"
"10853","M1","C4620081","1","705","C4620081 M1","reward",NA,"705 reward","1 reward"
"10854","M1","C4620081","1","706","C4620081 M1","reward",NA,"706 reward","1 reward"
"10855","M1","C4620081","1","707","C4620081 M1","reward",NA,"707 reward","1 reward"
"10856","M1","C4620081","1","708","C4620081 M1","reward",NA,"708 reward","1 reward"
"10857","M1","C4620081","1","709","C4620081 M1","reward",NA,"709 reward","1 reward"
"10858","M1","C4620081","1","710","C4620081 M1","reward",NA,"710 reward","1 reward"
"10859","M1","C4620081","1","711","C4620081 M1","reward",NA,"711 reward","1 reward"
"10860","M1","C4620081","1","712","C4620081 M1","reward",NA,"712 reward","1 reward"
"10861","M1","C4620081","1","713","C4620081 M1","reward",NA,"713 reward","1 reward"
"10862","M1","C4620081","1","714","C4620081 M1","reward",NA,"714 reward","1 reward"
"10863","M1","C4620083","1","0","C4620083 M1","reward",0.292405672267213,"0 reward","1 reward"
"10864","M1","C4620083","1","1","C4620083 M1","reward",0.292195217051609,"1 reward","1 reward"
"10865","M1","C4620083","1","2","C4620083 M1","reward",0.283369367158291,"2 reward","1 reward"
"10866","M1","C4620083","1","3","C4620083 M1","reward",0.2831146759664,"3 reward","1 reward"
"10867","M1","C4620083","1","4","C4620083 M1","reward",0.281070127970348,"4 reward","1 reward"
"10868","M1","C4620083","1","5","C4620083 M1","reward",0.280711394630831,"5 reward","1 reward"
"10869","M1","C4620083","1","6","C4620083 M1","reward",0.280640285328373,"6 reward","1 reward"
"10870","M1","C4620083","1","7","C4620083 M1","reward",0.280111681140318,"7 reward","1 reward"
"10871","M1","C4620083","1","8","C4620083 M1","reward",0.279640220667718,"8 reward","1 reward"
"10872","M1","C4620083","1","9","C4620083 M1","reward",0.27948815484662,"9 reward","1 reward"
"10873","M1","C4620083","1","10","C4620083 M1","reward",0.277534221226828,"10 reward","1 reward"
"10874","M1","C4620083","1","11","C4620083 M1","reward",0.2752962458728,"11 reward","1 reward"
"10875","M1","C4620083","1","12","C4620083 M1","reward",0.273172150424421,"12 reward","1 reward"
"10876","M1","C4620083","1","13","C4620083 M1","reward",0.272894880661726,"13 reward","1 reward"
"10877","M1","C4620083","1","14","C4620083 M1","reward",0.269981811136593,"14 reward","1 reward"
"10878","M1","C4620083","1","15","C4620083 M1","reward",0.265328817327994,"15 reward","1 reward"
"10879","M1","C4620083","1","16","C4620083 M1","reward",0.263700178011347,"16 reward","1 reward"
"10880","M1","C4620083","1","17","C4620083 M1","reward",0.261364747110991,"17 reward","1 reward"
"10881","M1","C4620083","1","18","C4620083 M1","reward",0.258552052008165,"18 reward","1 reward"
"10882","M1","C4620083","1","19","C4620083 M1","reward",0.25854507165477,"19 reward","1 reward"
"10883","M1","C4620083","1","20","C4620083 M1","reward",0.258309105413216,"20 reward","1 reward"
"10884","M1","C4620083","1","21","C4620083 M1","reward",0.256318074134079,"21 reward","1 reward"
"10885","M1","C4620083","1","22","C4620083 M1","reward",0.256300775314107,"22 reward","1 reward"
"10886","M1","C4620083","1","23","C4620083 M1","reward",0.255612122597751,"23 reward","1 reward"
"10887","M1","C4620083","1","24","C4620083 M1","reward",0.255040180866584,"24 reward","1 reward"
"10888","M1","C4620083","1","25","C4620083 M1","reward",0.252455312838406,"25 reward","1 reward"
"10889","M1","C4620083","1","26","C4620083 M1","reward",0.252055767426288,"26 reward","1 reward"
"10890","M1","C4620083","1","27","C4620083 M1","reward",0.249885379368223,"27 reward","1 reward"
"10891","M1","C4620083","1","28","C4620083 M1","reward",0.249836289874432,"28 reward","1 reward"
"10892","M1","C4620083","1","29","C4620083 M1","reward",0.249460381912586,"29 reward","1 reward"
"10893","M1","C4620083","1","30","C4620083 M1","reward",0.249442513981008,"30 reward","1 reward"
"10894","M1","C4620083","1","31","C4620083 M1","reward",0.248519398660737,"31 reward","1 reward"
"10895","M1","C4620083","1","32","C4620083 M1","reward",0.248248988666339,"32 reward","1 reward"
"10896","M1","C4620083","1","33","C4620083 M1","reward",0.247801068573265,"33 reward","1 reward"
"10897","M1","C4620083","1","34","C4620083 M1","reward",0.246949238977913,"34 reward","1 reward"
"10898","M1","C4620083","1","35","C4620083 M1","reward",0.245498950396105,"35 reward","1 reward"
"10899","M1","C4620083","1","36","C4620083 M1","reward",0.244424698923072,"36 reward","1 reward"
"10900","M1","C4620083","1","37","C4620083 M1","reward",0.243722486314903,"37 reward","1 reward"
"10901","M1","C4620083","1","38","C4620083 M1","reward",0.243240164779973,"38 reward","1 reward"
"10902","M1","C4620083","1","39","C4620083 M1","reward",0.242705067180814,"39 reward","1 reward"
"10903","M1","C4620083","1","40","C4620083 M1","reward",0.241081995521341,"40 reward","1 reward"
"10904","M1","C4620083","1","41","C4620083 M1","reward",0.24076304005987,"41 reward","1 reward"
"10905","M1","C4620083","1","42","C4620083 M1","reward",0.240645670837799,"42 reward","1 reward"
"10906","M1","C4620083","1","43","C4620083 M1","reward",0.240022645823982,"43 reward","1 reward"
"10907","M1","C4620083","1","44","C4620083 M1","reward",0.239175244364267,"44 reward","1 reward"
"10908","M1","C4620083","1","45","C4620083 M1","reward",0.238910701922206,"45 reward","1 reward"
"10909","M1","C4620083","1","46","C4620083 M1","reward",0.2380965476096,"46 reward","1 reward"
"10910","M1","C4620083","1","47","C4620083 M1","reward",0.237862728884885,"47 reward","1 reward"
"10911","M1","C4620083","1","48","C4620083 M1","reward",0.237614028731439,"48 reward","1 reward"
"10912","M1","C4620083","1","49","C4620083 M1","reward",0.237510124695575,"49 reward","1 reward"
"10913","M1","C4620083","1","50","C4620083 M1","reward",0.237024556727436,"50 reward","1 reward"
"10914","M1","C4620083","1","51","C4620083 M1","reward",0.236211725928547,"51 reward","1 reward"
"10915","M1","C4620083","1","52","C4620083 M1","reward",0.236119052772106,"52 reward","1 reward"
"10916","M1","C4620083","1","53","C4620083 M1","reward",0.23563788470902,"53 reward","1 reward"
"10917","M1","C4620083","1","54","C4620083 M1","reward",0.235491123824423,"54 reward","1 reward"
"10918","M1","C4620083","1","55","C4620083 M1","reward",0.234230976614018,"55 reward","1 reward"
"10919","M1","C4620083","1","56","C4620083 M1","reward",0.233562200326313,"56 reward","1 reward"
"10920","M1","C4620083","1","57","C4620083 M1","reward",0.233201362142035,"57 reward","1 reward"
"10921","M1","C4620083","1","58","C4620083 M1","reward",0.232277866609475,"58 reward","1 reward"
"10922","M1","C4620083","1","59","C4620083 M1","reward",0.232140723155905,"59 reward","1 reward"
"10923","M1","C4620083","1","60","C4620083 M1","reward",0.231763419072923,"60 reward","1 reward"
"10924","M1","C4620083","1","61","C4620083 M1","reward",0.231183327404786,"61 reward","1 reward"
"10925","M1","C4620083","1","62","C4620083 M1","reward",0.230846188132648,"62 reward","1 reward"
"10926","M1","C4620083","1","63","C4620083 M1","reward",0.230576645090137,"63 reward","1 reward"
"10927","M1","C4620083","1","64","C4620083 M1","reward",0.230118960349121,"64 reward","1 reward"
"10928","M1","C4620083","1","65","C4620083 M1","reward",0.228688908208771,"65 reward","1 reward"
"10929","M1","C4620083","1","66","C4620083 M1","reward",0.228481829019104,"66 reward","1 reward"
"10930","M1","C4620083","1","67","C4620083 M1","reward",0.228386176385661,"67 reward","1 reward"
"10931","M1","C4620083","1","68","C4620083 M1","reward",0.228190449841873,"68 reward","1 reward"
"10932","M1","C4620083","1","69","C4620083 M1","reward",0.228105943518266,"69 reward","1 reward"
"10933","M1","C4620083","1","70","C4620083 M1","reward",0.227980699637178,"70 reward","1 reward"
"10934","M1","C4620083","1","71","C4620083 M1","reward",0.227935777515934,"71 reward","1 reward"
"10935","M1","C4620083","1","72","C4620083 M1","reward",0.227885690130873,"72 reward","1 reward"
"10936","M1","C4620083","1","73","C4620083 M1","reward",0.227879324421307,"73 reward","1 reward"
"10937","M1","C4620083","1","74","C4620083 M1","reward",0.226837821853122,"74 reward","1 reward"
"10938","M1","C4620083","1","75","C4620083 M1","reward",0.226823624103396,"75 reward","1 reward"
"10939","M1","C4620083","1","76","C4620083 M1","reward",0.226020661262672,"76 reward","1 reward"
"10940","M1","C4620083","1","77","C4620083 M1","reward",0.225892677153455,"77 reward","1 reward"
"10941","M1","C4620083","1","78","C4620083 M1","reward",0.22584703570749,"78 reward","1 reward"
"10942","M1","C4620083","1","79","C4620083 M1","reward",0.225547399083461,"79 reward","1 reward"
"10943","M1","C4620083","1","80","C4620083 M1","reward",0.223905177420649,"80 reward","1 reward"
"10944","M1","C4620083","1","81","C4620083 M1","reward",0.223425358345884,"81 reward","1 reward"
"10945","M1","C4620083","1","82","C4620083 M1","reward",0.223265326978621,"82 reward","1 reward"
"10946","M1","C4620083","1","83","C4620083 M1","reward",0.222904478686834,"83 reward","1 reward"
"10947","M1","C4620083","1","84","C4620083 M1","reward",0.222711867164096,"84 reward","1 reward"
"10948","M1","C4620083","1","85","C4620083 M1","reward",0.222033087036055,"85 reward","1 reward"
"10949","M1","C4620083","1","86","C4620083 M1","reward",0.220439436744241,"86 reward","1 reward"
"10950","M1","C4620083","1","87","C4620083 M1","reward",0.219816730857928,"87 reward","1 reward"
"10951","M1","C4620083","1","88","C4620083 M1","reward",0.219396248885497,"88 reward","1 reward"
"10952","M1","C4620083","1","89","C4620083 M1","reward",0.219223789835103,"89 reward","1 reward"
"10953","M1","C4620083","1","90","C4620083 M1","reward",0.219015628532874,"90 reward","1 reward"
"10954","M1","C4620083","1","91","C4620083 M1","reward",0.218463545712309,"91 reward","1 reward"
"10955","M1","C4620083","1","92","C4620083 M1","reward",0.218026291377281,"92 reward","1 reward"
"10956","M1","C4620083","1","93","C4620083 M1","reward",0.217913734433085,"93 reward","1 reward"
"10957","M1","C4620083","1","94","C4620083 M1","reward",0.217911238743724,"94 reward","1 reward"
"10958","M1","C4620083","1","95","C4620083 M1","reward",0.217895720304125,"95 reward","1 reward"
"10959","M1","C4620083","1","96","C4620083 M1","reward",0.217455430575012,"96 reward","1 reward"
"10960","M1","C4620083","1","97","C4620083 M1","reward",0.217280021904956,"97 reward","1 reward"
"10961","M1","C4620083","1","98","C4620083 M1","reward",0.217162729808828,"98 reward","1 reward"
"10962","M1","C4620083","1","99","C4620083 M1","reward",0.216721113287753,"99 reward","1 reward"
"10963","M1","C4620083","1","100","C4620083 M1","reward",0.21586463886574,"100 reward","1 reward"
"10964","M1","C4620083","1","101","C4620083 M1","reward",0.215258992547511,"101 reward","1 reward"
"10965","M1","C4620083","1","102","C4620083 M1","reward",0.214781763762708,"102 reward","1 reward"
"10966","M1","C4620083","1","103","C4620083 M1","reward",0.214353690488274,"103 reward","1 reward"
"10967","M1","C4620083","1","104","C4620083 M1","reward",0.214006529838825,"104 reward","1 reward"
"10968","M1","C4620083","1","105","C4620083 M1","reward",0.213810970205127,"105 reward","1 reward"
"10969","M1","C4620083","1","106","C4620083 M1","reward",0.21251462696526,"106 reward","1 reward"
"10970","M1","C4620083","1","107","C4620083 M1","reward",0.212125397534883,"107 reward","1 reward"
"10971","M1","C4620083","1","108","C4620083 M1","reward",0.211474815564767,"108 reward","1 reward"
"10972","M1","C4620083","1","109","C4620083 M1","reward",0.209993066229492,"109 reward","1 reward"
"10973","M1","C4620083","1","110","C4620083 M1","reward",0.209977777852898,"110 reward","1 reward"
"10974","M1","C4620083","1","111","C4620083 M1","reward",0.209713673910979,"111 reward","1 reward"
"10975","M1","C4620083","1","112","C4620083 M1","reward",0.209707241841475,"112 reward","1 reward"
"10976","M1","C4620083","1","113","C4620083 M1","reward",0.20953259125326,"113 reward","1 reward"
"10977","M1","C4620083","1","114","C4620083 M1","reward",0.209204750481464,"114 reward","1 reward"
"10978","M1","C4620083","1","115","C4620083 M1","reward",0.208204878103389,"115 reward","1 reward"
"10979","M1","C4620083","1","116","C4620083 M1","reward",0.20791038983824,"116 reward","1 reward"
"10980","M1","C4620083","1","117","C4620083 M1","reward",0.207541997995242,"117 reward","1 reward"
"10981","M1","C4620083","1","118","C4620083 M1","reward",0.207330175164494,"118 reward","1 reward"
"10982","M1","C4620083","1","119","C4620083 M1","reward",0.205879608925164,"119 reward","1 reward"
"10983","M1","C4620083","1","120","C4620083 M1","reward",0.20586041811859,"120 reward","1 reward"
"10984","M1","C4620083","1","121","C4620083 M1","reward",0.205205363010649,"121 reward","1 reward"
"10985","M1","C4620083","1","122","C4620083 M1","reward",0.204977758190641,"122 reward","1 reward"
"10986","M1","C4620083","1","123","C4620083 M1","reward",0.204868878117048,"123 reward","1 reward"
"10987","M1","C4620083","1","124","C4620083 M1","reward",0.204213398882587,"124 reward","1 reward"
"10988","M1","C4620083","1","125","C4620083 M1","reward",0.204102940326316,"125 reward","1 reward"
"10989","M1","C4620083","1","126","C4620083 M1","reward",0.203214476197105,"126 reward","1 reward"
"10990","M1","C4620083","1","127","C4620083 M1","reward",0.201472129564831,"127 reward","1 reward"
"10991","M1","C4620083","1","128","C4620083 M1","reward",0.201077655684882,"128 reward","1 reward"
"10992","M1","C4620083","1","129","C4620083 M1","reward",0.200915945249456,"129 reward","1 reward"
"10993","M1","C4620083","1","130","C4620083 M1","reward",0.20089819698868,"130 reward","1 reward"
"10994","M1","C4620083","1","131","C4620083 M1","reward",0.199239766283281,"131 reward","1 reward"
"10995","M1","C4620083","1","132","C4620083 M1","reward",0.199144444017766,"132 reward","1 reward"
"10996","M1","C4620083","1","133","C4620083 M1","reward",0.199100782949712,"133 reward","1 reward"
"10997","M1","C4620083","1","134","C4620083 M1","reward",0.198052970580644,"134 reward","1 reward"
"10998","M1","C4620083","1","135","C4620083 M1","reward",0.197960286942522,"135 reward","1 reward"
"10999","M1","C4620083","1","136","C4620083 M1","reward",0.197677505532884,"136 reward","1 reward"
"11000","M1","C4620083","1","137","C4620083 M1","reward",0.197209904515566,"137 reward","1 reward"
"11001","M1","C4620083","1","138","C4620083 M1","reward",0.19680684131621,"138 reward","1 reward"
"11002","M1","C4620083","1","139","C4620083 M1","reward",0.196806297681672,"139 reward","1 reward"
"11003","M1","C4620083","1","140","C4620083 M1","reward",0.196660873819695,"140 reward","1 reward"
"11004","M1","C4620083","1","141","C4620083 M1","reward",0.195743302714793,"141 reward","1 reward"
"11005","M1","C4620083","1","142","C4620083 M1","reward",0.195676244499652,"142 reward","1 reward"
"11006","M1","C4620083","1","143","C4620083 M1","reward",0.1955498001781,"143 reward","1 reward"
"11007","M1","C4620083","1","144","C4620083 M1","reward",0.194899129481817,"144 reward","1 reward"
"11008","M1","C4620083","1","145","C4620083 M1","reward",0.194523831230538,"145 reward","1 reward"
"11009","M1","C4620083","1","146","C4620083 M1","reward",0.194248552471,"146 reward","1 reward"
"11010","M1","C4620083","1","147","C4620083 M1","reward",0.193338052746301,"147 reward","1 reward"
"11011","M1","C4620083","1","148","C4620083 M1","reward",0.192880819167113,"148 reward","1 reward"
"11012","M1","C4620083","1","149","C4620083 M1","reward",0.192762821050215,"149 reward","1 reward"
"11013","M1","C4620083","1","150","C4620083 M1","reward",0.192462131679498,"150 reward","1 reward"
"11014","M1","C4620083","1","151","C4620083 M1","reward",0.192353834687593,"151 reward","1 reward"
"11015","M1","C4620083","1","152","C4620083 M1","reward",0.19148506962066,"152 reward","1 reward"
"11016","M1","C4620083","1","153","C4620083 M1","reward",0.191348416753408,"153 reward","1 reward"
"11017","M1","C4620083","1","154","C4620083 M1","reward",0.191303708934284,"154 reward","1 reward"
"11018","M1","C4620083","1","155","C4620083 M1","reward",0.191081730812046,"155 reward","1 reward"
"11019","M1","C4620083","1","156","C4620083 M1","reward",0.190849236732996,"156 reward","1 reward"
"11020","M1","C4620083","1","157","C4620083 M1","reward",0.190848774039558,"157 reward","1 reward"
"11021","M1","C4620083","1","158","C4620083 M1","reward",0.190614702128475,"158 reward","1 reward"
"11022","M1","C4620083","1","159","C4620083 M1","reward",0.190556391299964,"159 reward","1 reward"
"11023","M1","C4620083","1","160","C4620083 M1","reward",0.19033561712729,"160 reward","1 reward"
"11024","M1","C4620083","1","161","C4620083 M1","reward",0.190253518736085,"161 reward","1 reward"
"11025","M1","C4620083","1","162","C4620083 M1","reward",0.189267578109658,"162 reward","1 reward"
"11026","M1","C4620083","1","163","C4620083 M1","reward",0.189086516321231,"163 reward","1 reward"
"11027","M1","C4620083","1","164","C4620083 M1","reward",0.188341755418192,"164 reward","1 reward"
"11028","M1","C4620083","1","165","C4620083 M1","reward",0.188208307504203,"165 reward","1 reward"
"11029","M1","C4620083","1","166","C4620083 M1","reward",0.187830998853504,"166 reward","1 reward"
"11030","M1","C4620083","1","167","C4620083 M1","reward",0.187162989525595,"167 reward","1 reward"
"11031","M1","C4620083","1","168","C4620083 M1","reward",0.187076232513854,"168 reward","1 reward"
"11032","M1","C4620083","1","169","C4620083 M1","reward",0.186507075521042,"169 reward","1 reward"
"11033","M1","C4620083","1","170","C4620083 M1","reward",0.185562422994443,"170 reward","1 reward"
"11034","M1","C4620083","1","171","C4620083 M1","reward",0.185058821930878,"171 reward","1 reward"
"11035","M1","C4620083","1","172","C4620083 M1","reward",0.184518942437512,"172 reward","1 reward"
"11036","M1","C4620083","1","173","C4620083 M1","reward",0.184335084931914,"173 reward","1 reward"
"11037","M1","C4620083","1","174","C4620083 M1","reward",0.183985405181846,"174 reward","1 reward"
"11038","M1","C4620083","1","175","C4620083 M1","reward",0.183446698480994,"175 reward","1 reward"
"11039","M1","C4620083","1","176","C4620083 M1","reward",0.183020377828829,"176 reward","1 reward"
"11040","M1","C4620083","1","177","C4620083 M1","reward",0.18269478996471,"177 reward","1 reward"
"11041","M1","C4620083","1","178","C4620083 M1","reward",0.182574758427246,"178 reward","1 reward"
"11042","M1","C4620083","1","179","C4620083 M1","reward",0.182239288677942,"179 reward","1 reward"
"11043","M1","C4620083","1","180","C4620083 M1","reward",0.182206837904379,"180 reward","1 reward"
"11044","M1","C4620083","1","181","C4620083 M1","reward",0.18157563245251,"181 reward","1 reward"
"11045","M1","C4620083","1","182","C4620083 M1","reward",0.181553425363012,"182 reward","1 reward"
"11046","M1","C4620083","1","183","C4620083 M1","reward",0.18003084273051,"183 reward","1 reward"
"11047","M1","C4620083","1","184","C4620083 M1","reward",0.179488494734829,"184 reward","1 reward"
"11048","M1","C4620083","1","185","C4620083 M1","reward",0.178042814520857,"185 reward","1 reward"
"11049","M1","C4620083","1","186","C4620083 M1","reward",0.177357751086139,"186 reward","1 reward"
"11050","M1","C4620083","1","187","C4620083 M1","reward",0.176481984593025,"187 reward","1 reward"
"11051","M1","C4620083","1","188","C4620083 M1","reward",0.176083198781054,"188 reward","1 reward"
"11052","M1","C4620083","1","189","C4620083 M1","reward",0.175515599498096,"189 reward","1 reward"
"11053","M1","C4620083","1","190","C4620083 M1","reward",0.175396227860135,"190 reward","1 reward"
"11054","M1","C4620083","1","191","C4620083 M1","reward",0.17531654159489,"191 reward","1 reward"
"11055","M1","C4620083","1","192","C4620083 M1","reward",0.174173436587234,"192 reward","1 reward"
"11056","M1","C4620083","1","193","C4620083 M1","reward",0.173714213627838,"193 reward","1 reward"
"11057","M1","C4620083","1","194","C4620083 M1","reward",0.173050589751504,"194 reward","1 reward"
"11058","M1","C4620083","1","195","C4620083 M1","reward",0.171028376341435,"195 reward","1 reward"
"11059","M1","C4620083","1","196","C4620083 M1","reward",0.170931070795948,"196 reward","1 reward"
"11060","M1","C4620083","1","197","C4620083 M1","reward",0.170014955670799,"197 reward","1 reward"
"11061","M1","C4620083","1","198","C4620083 M1","reward",0.170004818449615,"198 reward","1 reward"
"11062","M1","C4620083","1","199","C4620083 M1","reward",0.169602305874764,"199 reward","1 reward"
"11063","M1","C4620083","1","200","C4620083 M1","reward",0.169194710032992,"200 reward","1 reward"
"11064","M1","C4620083","1","201","C4620083 M1","reward",0.169104812180472,"201 reward","1 reward"
"11065","M1","C4620083","1","202","C4620083 M1","reward",0.168935524671898,"202 reward","1 reward"
"11066","M1","C4620083","1","203","C4620083 M1","reward",0.168744153450685,"203 reward","1 reward"
"11067","M1","C4620083","1","204","C4620083 M1","reward",0.168601809030474,"204 reward","1 reward"
"11068","M1","C4620083","1","205","C4620083 M1","reward",0.167998993272814,"205 reward","1 reward"
"11069","M1","C4620083","1","206","C4620083 M1","reward",0.167111702986065,"206 reward","1 reward"
"11070","M1","C4620083","1","207","C4620083 M1","reward",0.166872513338905,"207 reward","1 reward"
"11071","M1","C4620083","1","208","C4620083 M1","reward",0.166259599498188,"208 reward","1 reward"
"11072","M1","C4620083","1","209","C4620083 M1","reward",0.165965622123043,"209 reward","1 reward"
"11073","M1","C4620083","1","210","C4620083 M1","reward",0.165209979326834,"210 reward","1 reward"
"11074","M1","C4620083","1","211","C4620083 M1","reward",0.165182170312517,"211 reward","1 reward"
"11075","M1","C4620083","1","212","C4620083 M1","reward",0.164333846702739,"212 reward","1 reward"
"11076","M1","C4620083","1","213","C4620083 M1","reward",0.164198973229505,"213 reward","1 reward"
"11077","M1","C4620083","1","214","C4620083 M1","reward",0.163971053278472,"214 reward","1 reward"
"11078","M1","C4620083","1","215","C4620083 M1","reward",0.163109796008348,"215 reward","1 reward"
"11079","M1","C4620083","1","216","C4620083 M1","reward",0.1629094203372,"216 reward","1 reward"
"11080","M1","C4620083","1","217","C4620083 M1","reward",0.162293625577219,"217 reward","1 reward"
"11081","M1","C4620083","1","218","C4620083 M1","reward",0.160365284428662,"218 reward","1 reward"
"11082","M1","C4620083","1","219","C4620083 M1","reward",0.16020576122765,"219 reward","1 reward"
"11083","M1","C4620083","1","220","C4620083 M1","reward",0.158742882323443,"220 reward","1 reward"
"11084","M1","C4620083","1","221","C4620083 M1","reward",0.158159602736924,"221 reward","1 reward"
"11085","M1","C4620083","1","222","C4620083 M1","reward",0.15790073604983,"222 reward","1 reward"
"11086","M1","C4620083","1","223","C4620083 M1","reward",0.157019515252795,"223 reward","1 reward"
"11087","M1","C4620083","1","224","C4620083 M1","reward",0.156246316052813,"224 reward","1 reward"
"11088","M1","C4620083","1","225","C4620083 M1","reward",0.15509994034703,"225 reward","1 reward"
"11089","M1","C4620083","1","226","C4620083 M1","reward",0.153759040255774,"226 reward","1 reward"
"11090","M1","C4620083","1","227","C4620083 M1","reward",0.153651371696366,"227 reward","1 reward"
"11091","M1","C4620083","1","228","C4620083 M1","reward",0.153420256568435,"228 reward","1 reward"
"11092","M1","C4620083","1","229","C4620083 M1","reward",0.152201752363209,"229 reward","1 reward"
"11093","M1","C4620083","1","230","C4620083 M1","reward",0.151792054757121,"230 reward","1 reward"
"11094","M1","C4620083","1","231","C4620083 M1","reward",0.151700153033285,"231 reward","1 reward"
"11095","M1","C4620083","1","232","C4620083 M1","reward",0.150493506194009,"232 reward","1 reward"
"11096","M1","C4620083","1","233","C4620083 M1","reward",0.149577491706717,"233 reward","1 reward"
"11097","M1","C4620083","1","234","C4620083 M1","reward",0.149318927912812,"234 reward","1 reward"
"11098","M1","C4620083","1","235","C4620083 M1","reward",0.148247289877262,"235 reward","1 reward"
"11099","M1","C4620083","1","236","C4620083 M1","reward",0.14719444279978,"236 reward","1 reward"
"11100","M1","C4620083","1","237","C4620083 M1","reward",0.146737076971616,"237 reward","1 reward"
"11101","M1","C4620083","1","238","C4620083 M1","reward",0.14671415234578,"238 reward","1 reward"
"11102","M1","C4620083","1","239","C4620083 M1","reward",0.146415167916501,"239 reward","1 reward"
"11103","M1","C4620083","1","240","C4620083 M1","reward",0.146264831973125,"240 reward","1 reward"
"11104","M1","C4620083","1","241","C4620083 M1","reward",0.146255578223983,"241 reward","1 reward"
"11105","M1","C4620083","1","242","C4620083 M1","reward",0.145654633497735,"242 reward","1 reward"
"11106","M1","C4620083","1","243","C4620083 M1","reward",0.143539454858374,"243 reward","1 reward"
"11107","M1","C4620083","1","244","C4620083 M1","reward",0.140878093679199,"244 reward","1 reward"
"11108","M1","C4620083","1","245","C4620083 M1","reward",0.140820528259376,"245 reward","1 reward"
"11109","M1","C4620083","1","246","C4620083 M1","reward",0.140683611906529,"246 reward","1 reward"
"11110","M1","C4620083","1","247","C4620083 M1","reward",0.140656094568203,"247 reward","1 reward"
"11111","M1","C4620083","1","248","C4620083 M1","reward",0.140168955194548,"248 reward","1 reward"
"11112","M1","C4620083","1","249","C4620083 M1","reward",0.138733427921613,"249 reward","1 reward"
"11113","M1","C4620083","1","250","C4620083 M1","reward",0.137506195641559,"250 reward","1 reward"
"11114","M1","C4620083","1","251","C4620083 M1","reward",0.137485776053675,"251 reward","1 reward"
"11115","M1","C4620083","1","252","C4620083 M1","reward",0.136181761414415,"252 reward","1 reward"
"11116","M1","C4620083","1","253","C4620083 M1","reward",0.135659344155512,"253 reward","1 reward"
"11117","M1","C4620083","1","254","C4620083 M1","reward",0.135066106514557,"254 reward","1 reward"
"11118","M1","C4620083","1","255","C4620083 M1","reward",0.1343018534505,"255 reward","1 reward"
"11119","M1","C4620083","1","256","C4620083 M1","reward",0.134079988441504,"256 reward","1 reward"
"11120","M1","C4620083","1","257","C4620083 M1","reward",0.133790129542352,"257 reward","1 reward"
"11121","M1","C4620083","1","258","C4620083 M1","reward",0.130514604973498,"258 reward","1 reward"
"11122","M1","C4620083","1","259","C4620083 M1","reward",0.129343329537415,"259 reward","1 reward"
"11123","M1","C4620083","1","260","C4620083 M1","reward",0.126010093043614,"260 reward","1 reward"
"11124","M1","C4620083","1","261","C4620083 M1","reward",0.125911631892216,"261 reward","1 reward"
"11125","M1","C4620083","1","262","C4620083 M1","reward",0.124728931874357,"262 reward","1 reward"
"11126","M1","C4620083","1","263","C4620083 M1","reward",0.122892014110077,"263 reward","1 reward"
"11127","M1","C4620083","1","264","C4620083 M1","reward",0.121262512288518,"264 reward","1 reward"
"11128","M1","C4620083","1","265","C4620083 M1","reward",0.121078136686711,"265 reward","1 reward"
"11129","M1","C4620083","1","266","C4620083 M1","reward",0.120391394550953,"266 reward","1 reward"
"11130","M1","C4620083","1","267","C4620083 M1","reward",0.120195367910012,"267 reward","1 reward"
"11131","M1","C4620083","1","268","C4620083 M1","reward",0.120043008313442,"268 reward","1 reward"
"11132","M1","C4620083","1","269","C4620083 M1","reward",0.119244119017943,"269 reward","1 reward"
"11133","M1","C4620083","1","270","C4620083 M1","reward",0.118399028184001,"270 reward","1 reward"
"11134","M1","C4620083","1","271","C4620083 M1","reward",0.117727115645472,"271 reward","1 reward"
"11135","M1","C4620083","1","272","C4620083 M1","reward",0.117230453869473,"272 reward","1 reward"
"11136","M1","C4620083","1","273","C4620083 M1","reward",0.114965554976954,"273 reward","1 reward"
"11137","M1","C4620083","1","274","C4620083 M1","reward",0.112563105135766,"274 reward","1 reward"
"11138","M1","C4620083","1","275","C4620083 M1","reward",0.111199090499704,"275 reward","1 reward"
"11139","M1","C4620083","1","276","C4620083 M1","reward",0.109833313816899,"276 reward","1 reward"
"11140","M1","C4620083","1","277","C4620083 M1","reward",0.109283632179094,"277 reward","1 reward"
"11141","M1","C4620083","1","278","C4620083 M1","reward",0.109164568377255,"278 reward","1 reward"
"11142","M1","C4620083","1","279","C4620083 M1","reward",0.104486606775395,"279 reward","1 reward"
"11143","M1","C4620083","1","280","C4620083 M1","reward",0.100227167186032,"280 reward","1 reward"
"11144","M1","C4620083","1","281","C4620083 M1","reward",0.0957855088007845,"281 reward","1 reward"
"11145","M1","C4620083","1","282","C4620083 M1","reward",0.0884782986010529,"282 reward","1 reward"
"11146","M1","C4620083","1","283","C4620083 M1","reward",0.0837456403942155,"283 reward","1 reward"
"11147","M1","C4620083","1","284","C4620083 M1","reward",0.0780507977924467,"284 reward","1 reward"
"11148","M1","C4620083","1","285","C4620083 M1","reward",0.0683923990976028,"285 reward","1 reward"
"11149","M1","C4620083","1","286","C4620083 M1","reward",0.0622561223451406,"286 reward","1 reward"
"11150","M1","C4620083","1","287","C4620083 M1","reward",0.0589816031470306,"287 reward","1 reward"
"11151","M1","C4620083","1","288","C4620083 M1","reward",0.0553152358398981,"288 reward","1 reward"
"11152","M1","C4620083","1","289","C4620083 M1","reward",0.0467670156205423,"289 reward","1 reward"
"11153","M1","C4620083","1","290","C4620083 M1","reward",0.0459685037165119,"290 reward","1 reward"
"11154","M2","C4620083","1","0","C4620083 M2","reward",0.263740683616843,"0 reward","1 reward"
"11155","M2","C4620083","1","1","C4620083 M2","reward",0.244514750078498,"1 reward","1 reward"
"11156","M2","C4620083","1","2","C4620083 M2","reward",0.226518024102822,"2 reward","1 reward"
"11157","M2","C4620083","1","3","C4620083 M2","reward",0.223505506990046,"3 reward","1 reward"
"11158","M2","C4620083","1","4","C4620083 M2","reward",0.215420435308106,"4 reward","1 reward"
"11159","M2","C4620083","1","5","C4620083 M2","reward",0.215109224326445,"5 reward","1 reward"
"11160","M2","C4620083","1","6","C4620083 M2","reward",0.207172075325278,"6 reward","1 reward"
"11161","M2","C4620083","1","7","C4620083 M2","reward",0.204837360055624,"7 reward","1 reward"
"11162","M2","C4620083","1","8","C4620083 M2","reward",0.203050601634739,"8 reward","1 reward"
"11163","M2","C4620083","1","9","C4620083 M2","reward",0.200015812999683,"9 reward","1 reward"
"11164","M2","C4620083","1","10","C4620083 M2","reward",0.196894439705466,"10 reward","1 reward"
"11165","M2","C4620083","1","11","C4620083 M2","reward",0.191412610079104,"11 reward","1 reward"
"11166","M2","C4620083","1","12","C4620083 M2","reward",0.190320823196707,"12 reward","1 reward"
"11167","M2","C4620083","1","13","C4620083 M2","reward",0.189830337942427,"13 reward","1 reward"
"11168","M2","C4620083","1","14","C4620083 M2","reward",0.18811496890535,"14 reward","1 reward"
"11169","M2","C4620083","1","15","C4620083 M2","reward",0.186792669670612,"15 reward","1 reward"
"11170","M2","C4620083","1","16","C4620083 M2","reward",0.18658184418937,"16 reward","1 reward"
"11171","M2","C4620083","1","17","C4620083 M2","reward",0.185285584165911,"17 reward","1 reward"
"11172","M2","C4620083","1","18","C4620083 M2","reward",0.182689122983265,"18 reward","1 reward"
"11173","M2","C4620083","1","19","C4620083 M2","reward",0.18236609737274,"19 reward","1 reward"
"11174","M2","C4620083","1","20","C4620083 M2","reward",0.182192166614447,"20 reward","1 reward"
"11175","M2","C4620083","1","21","C4620083 M2","reward",0.182026629889141,"21 reward","1 reward"
"11176","M2","C4620083","1","22","C4620083 M2","reward",0.181990029986107,"22 reward","1 reward"
"11177","M2","C4620083","1","23","C4620083 M2","reward",0.179767565673704,"23 reward","1 reward"
"11178","M2","C4620083","1","24","C4620083 M2","reward",0.178521286900868,"24 reward","1 reward"
"11179","M2","C4620083","1","25","C4620083 M2","reward",0.176249490162877,"25 reward","1 reward"
"11180","M2","C4620083","1","26","C4620083 M2","reward",0.175752384560924,"26 reward","1 reward"
"11181","M2","C4620083","1","27","C4620083 M2","reward",0.174899655398354,"27 reward","1 reward"
"11182","M2","C4620083","1","28","C4620083 M2","reward",0.174895827173145,"28 reward","1 reward"
"11183","M2","C4620083","1","29","C4620083 M2","reward",0.17463193722834,"29 reward","1 reward"
"11184","M2","C4620083","1","30","C4620083 M2","reward",0.172816528917521,"30 reward","1 reward"
"11185","M2","C4620083","1","31","C4620083 M2","reward",0.172333160128198,"31 reward","1 reward"
"11186","M2","C4620083","1","32","C4620083 M2","reward",0.171970372294968,"32 reward","1 reward"
"11187","M2","C4620083","1","33","C4620083 M2","reward",0.171190173623745,"33 reward","1 reward"
"11188","M2","C4620083","1","34","C4620083 M2","reward",0.170926292453816,"34 reward","1 reward"
"11189","M2","C4620083","1","35","C4620083 M2","reward",0.170249973357594,"35 reward","1 reward"
"11190","M2","C4620083","1","36","C4620083 M2","reward",0.165199420720083,"36 reward","1 reward"
"11191","M2","C4620083","1","37","C4620083 M2","reward",0.16492973657636,"37 reward","1 reward"
"11192","M2","C4620083","1","38","C4620083 M2","reward",0.160926151352393,"38 reward","1 reward"
"11193","M2","C4620083","1","39","C4620083 M2","reward",0.160483767924257,"39 reward","1 reward"
"11194","M2","C4620083","1","40","C4620083 M2","reward",0.160369731117787,"40 reward","1 reward"
"11195","M2","C4620083","1","41","C4620083 M2","reward",0.159256307350923,"41 reward","1 reward"
"11196","M2","C4620083","1","42","C4620083 M2","reward",0.15916071416629,"42 reward","1 reward"
"11197","M2","C4620083","1","43","C4620083 M2","reward",0.158132134320733,"43 reward","1 reward"
"11198","M2","C4620083","1","44","C4620083 M2","reward",0.15706300164813,"44 reward","1 reward"
"11199","M2","C4620083","1","45","C4620083 M2","reward",0.156569816583469,"45 reward","1 reward"
"11200","M2","C4620083","1","46","C4620083 M2","reward",0.156126965439203,"46 reward","1 reward"
"11201","M2","C4620083","1","47","C4620083 M2","reward",0.155860827379032,"47 reward","1 reward"
"11202","M2","C4620083","1","48","C4620083 M2","reward",0.155190895690176,"48 reward","1 reward"
"11203","M2","C4620083","1","49","C4620083 M2","reward",0.154705976889191,"49 reward","1 reward"
"11204","M2","C4620083","1","50","C4620083 M2","reward",0.154020558337749,"50 reward","1 reward"
"11205","M2","C4620083","1","51","C4620083 M2","reward",0.153854760298486,"51 reward","1 reward"
"11206","M2","C4620083","1","52","C4620083 M2","reward",0.152856572902853,"52 reward","1 reward"
"11207","M2","C4620083","1","53","C4620083 M2","reward",0.152375932664315,"53 reward","1 reward"
"11208","M2","C4620083","1","54","C4620083 M2","reward",0.151593663345863,"54 reward","1 reward"
"11209","M2","C4620083","1","55","C4620083 M2","reward",0.151572632560256,"55 reward","1 reward"
"11210","M2","C4620083","1","56","C4620083 M2","reward",0.150746053478841,"56 reward","1 reward"
"11211","M2","C4620083","1","57","C4620083 M2","reward",0.150234518635512,"57 reward","1 reward"
"11212","M2","C4620083","1","58","C4620083 M2","reward",0.149168667526083,"58 reward","1 reward"
"11213","M2","C4620083","1","59","C4620083 M2","reward",0.149048795183766,"59 reward","1 reward"
"11214","M2","C4620083","1","60","C4620083 M2","reward",0.148104870922872,"60 reward","1 reward"
"11215","M2","C4620083","1","61","C4620083 M2","reward",0.147414019821296,"61 reward","1 reward"
"11216","M2","C4620083","1","62","C4620083 M2","reward",0.146047144995044,"62 reward","1 reward"
"11217","M2","C4620083","1","63","C4620083 M2","reward",0.145314877761333,"63 reward","1 reward"
"11218","M2","C4620083","1","64","C4620083 M2","reward",0.145257099385496,"64 reward","1 reward"
"11219","M2","C4620083","1","65","C4620083 M2","reward",0.145149455737744,"65 reward","1 reward"
"11220","M2","C4620083","1","66","C4620083 M2","reward",0.145145278683371,"66 reward","1 reward"
"11221","M2","C4620083","1","67","C4620083 M2","reward",0.144682947803638,"67 reward","1 reward"
"11222","M2","C4620083","1","68","C4620083 M2","reward",0.14385540959954,"68 reward","1 reward"
"11223","M2","C4620083","1","69","C4620083 M2","reward",0.139909533031417,"69 reward","1 reward"
"11224","M2","C4620083","1","70","C4620083 M2","reward",0.13937240077826,"70 reward","1 reward"
"11225","M2","C4620083","1","71","C4620083 M2","reward",0.138588996333617,"71 reward","1 reward"
"11226","M2","C4620083","1","72","C4620083 M2","reward",0.138196157620362,"72 reward","1 reward"
"11227","M2","C4620083","1","73","C4620083 M2","reward",0.137807304836798,"73 reward","1 reward"
"11228","M2","C4620083","1","74","C4620083 M2","reward",0.136796831000316,"74 reward","1 reward"
"11229","M2","C4620083","1","75","C4620083 M2","reward",0.136489542227148,"75 reward","1 reward"
"11230","M2","C4620083","1","76","C4620083 M2","reward",0.136223945390401,"76 reward","1 reward"
"11231","M2","C4620083","1","77","C4620083 M2","reward",0.132971453409925,"77 reward","1 reward"
"11232","M2","C4620083","1","78","C4620083 M2","reward",0.132446776923945,"78 reward","1 reward"
"11233","M2","C4620083","1","79","C4620083 M2","reward",0.131852086391709,"79 reward","1 reward"
"11234","M2","C4620083","1","80","C4620083 M2","reward",0.131280419611055,"80 reward","1 reward"
"11235","M2","C4620083","1","81","C4620083 M2","reward",0.130684971693448,"81 reward","1 reward"
"11236","M2","C4620083","1","82","C4620083 M2","reward",0.130113489950127,"82 reward","1 reward"
"11237","M2","C4620083","1","83","C4620083 M2","reward",0.129402625026352,"83 reward","1 reward"
"11238","M2","C4620083","1","84","C4620083 M2","reward",0.128100911161322,"84 reward","1 reward"
"11239","M2","C4620083","1","85","C4620083 M2","reward",0.126666353583269,"85 reward","1 reward"
"11240","M2","C4620083","1","86","C4620083 M2","reward",0.12605442364611,"86 reward","1 reward"
"11241","M2","C4620083","1","87","C4620083 M2","reward",0.124256734001778,"87 reward","1 reward"
"11242","M2","C4620083","1","88","C4620083 M2","reward",0.123804911279156,"88 reward","1 reward"
"11243","M2","C4620083","1","89","C4620083 M2","reward",0.123708549719791,"89 reward","1 reward"
"11244","M2","C4620083","1","90","C4620083 M2","reward",0.122963670539229,"90 reward","1 reward"
"11245","M2","C4620083","1","91","C4620083 M2","reward",0.121885584715398,"91 reward","1 reward"
"11246","M2","C4620083","1","92","C4620083 M2","reward",0.121882279602435,"92 reward","1 reward"
"11247","M2","C4620083","1","93","C4620083 M2","reward",0.121493763056503,"93 reward","1 reward"
"11248","M2","C4620083","1","94","C4620083 M2","reward",0.121414758901011,"94 reward","1 reward"
"11249","M2","C4620083","1","95","C4620083 M2","reward",0.120062626265122,"95 reward","1 reward"
"11250","M2","C4620083","1","96","C4620083 M2","reward",0.119052941427988,"96 reward","1 reward"
"11251","M2","C4620083","1","97","C4620083 M2","reward",0.118139080000897,"97 reward","1 reward"
"11252","M2","C4620083","1","98","C4620083 M2","reward",0.117878258065781,"98 reward","1 reward"
"11253","M2","C4620083","1","99","C4620083 M2","reward",0.117681508569198,"99 reward","1 reward"
"11254","M2","C4620083","1","100","C4620083 M2","reward",0.117658066343066,"100 reward","1 reward"
"11255","M2","C4620083","1","101","C4620083 M2","reward",0.117358885559621,"101 reward","1 reward"
"11256","M2","C4620083","1","102","C4620083 M2","reward",0.117289577890848,"102 reward","1 reward"
"11257","M2","C4620083","1","103","C4620083 M2","reward",0.116348517689478,"103 reward","1 reward"
"11258","M2","C4620083","1","104","C4620083 M2","reward",0.115937629832756,"104 reward","1 reward"
"11259","M2","C4620083","1","105","C4620083 M2","reward",0.114766536052299,"105 reward","1 reward"
"11260","M2","C4620083","1","106","C4620083 M2","reward",0.114403024939237,"106 reward","1 reward"
"11261","M2","C4620083","1","107","C4620083 M2","reward",0.114337402038903,"107 reward","1 reward"
"11262","M2","C4620083","1","108","C4620083 M2","reward",0.11359196759712,"108 reward","1 reward"
"11263","M2","C4620083","1","109","C4620083 M2","reward",0.113409147880744,"109 reward","1 reward"
"11264","M2","C4620083","1","110","C4620083 M2","reward",0.112927227831344,"110 reward","1 reward"
"11265","M2","C4620083","1","111","C4620083 M2","reward",0.112600720497881,"111 reward","1 reward"
"11266","M2","C4620083","1","112","C4620083 M2","reward",0.112593883581785,"112 reward","1 reward"
"11267","M2","C4620083","1","113","C4620083 M2","reward",0.111360526346245,"113 reward","1 reward"
"11268","M2","C4620083","1","114","C4620083 M2","reward",0.111257738428817,"114 reward","1 reward"
"11269","M2","C4620083","1","115","C4620083 M2","reward",0.108998209906632,"115 reward","1 reward"
"11270","M2","C4620083","1","116","C4620083 M2","reward",0.107856609479572,"116 reward","1 reward"
"11271","M2","C4620083","1","117","C4620083 M2","reward",0.106627594617029,"117 reward","1 reward"
"11272","M2","C4620083","1","118","C4620083 M2","reward",0.105295272578445,"118 reward","1 reward"
"11273","M2","C4620083","1","119","C4620083 M2","reward",0.104643810495649,"119 reward","1 reward"
"11274","M2","C4620083","1","120","C4620083 M2","reward",0.103921609513615,"120 reward","1 reward"
"11275","M2","C4620083","1","121","C4620083 M2","reward",0.103756891208214,"121 reward","1 reward"
"11276","M2","C4620083","1","122","C4620083 M2","reward",0.103592302226068,"122 reward","1 reward"
"11277","M2","C4620083","1","123","C4620083 M2","reward",0.102118056629044,"123 reward","1 reward"
"11278","M2","C4620083","1","124","C4620083 M2","reward",0.10180486524781,"124 reward","1 reward"
"11279","M2","C4620083","1","125","C4620083 M2","reward",0.0997275820074243,"125 reward","1 reward"
"11280","M2","C4620083","1","126","C4620083 M2","reward",0.0995093225409127,"126 reward","1 reward"
"11281","M2","C4620083","1","127","C4620083 M2","reward",0.0990269118118588,"127 reward","1 reward"
"11282","M2","C4620083","1","128","C4620083 M2","reward",0.0974097002636003,"128 reward","1 reward"
"11283","M2","C4620083","1","129","C4620083 M2","reward",0.0963411978633192,"129 reward","1 reward"
"11284","M2","C4620083","1","130","C4620083 M2","reward",0.0953969989816459,"130 reward","1 reward"
"11285","M2","C4620083","1","131","C4620083 M2","reward",0.0952150016225101,"131 reward","1 reward"
"11286","M2","C4620083","1","132","C4620083 M2","reward",0.0946025410127444,"132 reward","1 reward"
"11287","M2","C4620083","1","133","C4620083 M2","reward",0.0945893349545109,"133 reward","1 reward"
"11288","M2","C4620083","1","134","C4620083 M2","reward",0.0945204482878423,"134 reward","1 reward"
"11289","M2","C4620083","1","135","C4620083 M2","reward",0.0940891485835989,"135 reward","1 reward"
"11290","M2","C4620083","1","136","C4620083 M2","reward",0.0931306146436765,"136 reward","1 reward"
"11291","M2","C4620083","1","137","C4620083 M2","reward",0.0926300651552321,"137 reward","1 reward"
"11292","M2","C4620083","1","138","C4620083 M2","reward",0.0913361257781365,"138 reward","1 reward"
"11293","M2","C4620083","1","139","C4620083 M2","reward",0.0901459423166436,"139 reward","1 reward"
"11294","M2","C4620083","1","140","C4620083 M2","reward",0.0901042096104516,"140 reward","1 reward"
"11295","M2","C4620083","1","141","C4620083 M2","reward",0.0875137857548735,"141 reward","1 reward"
"11296","M2","C4620083","1","142","C4620083 M2","reward",0.0874826893699894,"142 reward","1 reward"
"11297","M2","C4620083","1","143","C4620083 M2","reward",0.0860364082422946,"143 reward","1 reward"
"11298","M2","C4620083","1","144","C4620083 M2","reward",0.0842875443985993,"144 reward","1 reward"
"11299","M2","C4620083","1","145","C4620083 M2","reward",0.0838774878936079,"145 reward","1 reward"
"11300","M2","C4620083","1","146","C4620083 M2","reward",0.0837868098504277,"146 reward","1 reward"
"11301","M2","C4620083","1","147","C4620083 M2","reward",0.0836494298342973,"147 reward","1 reward"
"11302","M2","C4620083","1","148","C4620083 M2","reward",0.0833362525457709,"148 reward","1 reward"
"11303","M2","C4620083","1","149","C4620083 M2","reward",0.0827329536096387,"149 reward","1 reward"
"11304","M2","C4620083","1","150","C4620083 M2","reward",0.0824970896191076,"150 reward","1 reward"
"11305","M2","C4620083","1","151","C4620083 M2","reward",0.0823651945161472,"151 reward","1 reward"
"11306","M2","C4620083","1","152","C4620083 M2","reward",0.0822163620561605,"152 reward","1 reward"
"11307","M2","C4620083","1","153","C4620083 M2","reward",0.0818069560816604,"153 reward","1 reward"
"11308","M2","C4620083","1","154","C4620083 M2","reward",0.0816513125449975,"154 reward","1 reward"
"11309","M2","C4620083","1","155","C4620083 M2","reward",0.0815134300804339,"155 reward","1 reward"
"11310","M2","C4620083","1","156","C4620083 M2","reward",0.0811140040729405,"156 reward","1 reward"
"11311","M2","C4620083","1","157","C4620083 M2","reward",0.0811082929286709,"157 reward","1 reward"
"11312","M2","C4620083","1","158","C4620083 M2","reward",0.0806335479050606,"158 reward","1 reward"
"11313","M2","C4620083","1","159","C4620083 M2","reward",0.080355719052926,"159 reward","1 reward"
"11314","M2","C4620083","1","160","C4620083 M2","reward",0.0787283114553969,"160 reward","1 reward"
"11315","M2","C4620083","1","161","C4620083 M2","reward",0.0763076075255862,"161 reward","1 reward"
"11316","M2","C4620083","1","162","C4620083 M2","reward",0.0748789498781852,"162 reward","1 reward"
"11317","M2","C4620083","1","163","C4620083 M2","reward",0.0732287933369761,"163 reward","1 reward"
"11318","M2","C4620083","1","164","C4620083 M2","reward",0.0730245111557002,"164 reward","1 reward"
"11319","M2","C4620083","1","165","C4620083 M2","reward",0.0725673080866119,"165 reward","1 reward"
"11320","M2","C4620083","1","166","C4620083 M2","reward",0.0718713782007794,"166 reward","1 reward"
"11321","M2","C4620083","1","167","C4620083 M2","reward",0.0700006618557824,"167 reward","1 reward"
"11322","M2","C4620083","1","168","C4620083 M2","reward",0.0691592295646794,"168 reward","1 reward"
"11323","M2","C4620083","1","169","C4620083 M2","reward",0.0691203000780148,"169 reward","1 reward"
"11324","M2","C4620083","1","170","C4620083 M2","reward",0.068769824938853,"170 reward","1 reward"
"11325","M2","C4620083","1","171","C4620083 M2","reward",0.0672701719302432,"171 reward","1 reward"
"11326","M2","C4620083","1","172","C4620083 M2","reward",0.0670218151331222,"172 reward","1 reward"
"11327","M2","C4620083","1","173","C4620083 M2","reward",0.0669776318428482,"173 reward","1 reward"
"11328","M2","C4620083","1","174","C4620083 M2","reward",0.0667744669913383,"174 reward","1 reward"
"11329","M2","C4620083","1","175","C4620083 M2","reward",0.066491561308374,"175 reward","1 reward"
"11330","M2","C4620083","1","176","C4620083 M2","reward",0.0656187673456705,"176 reward","1 reward"
"11331","M2","C4620083","1","177","C4620083 M2","reward",0.0654209676993099,"177 reward","1 reward"
"11332","M2","C4620083","1","178","C4620083 M2","reward",0.0640386812221657,"178 reward","1 reward"
"11333","M2","C4620083","1","179","C4620083 M2","reward",0.0637392090836976,"179 reward","1 reward"
"11334","M2","C4620083","1","180","C4620083 M2","reward",0.0633545587602206,"180 reward","1 reward"
"11335","M2","C4620083","1","181","C4620083 M2","reward",0.0631910162772922,"181 reward","1 reward"
"11336","M2","C4620083","1","182","C4620083 M2","reward",0.0599244332463281,"182 reward","1 reward"
"11337","M2","C4620083","1","183","C4620083 M2","reward",0.0598049621420855,"183 reward","1 reward"
"11338","M2","C4620083","1","184","C4620083 M2","reward",0.0597794050205226,"184 reward","1 reward"
"11339","M2","C4620083","1","185","C4620083 M2","reward",0.0595296735411048,"185 reward","1 reward"
"11340","M2","C4620083","1","186","C4620083 M2","reward",0.0590017166509737,"186 reward","1 reward"
"11341","M2","C4620083","1","187","C4620083 M2","reward",0.057147644290707,"187 reward","1 reward"
"11342","M2","C4620083","1","188","C4620083 M2","reward",0.0570239144579394,"188 reward","1 reward"
"11343","M2","C4620083","1","189","C4620083 M2","reward",0.0559478228922475,"189 reward","1 reward"
"11344","M2","C4620083","1","190","C4620083 M2","reward",0.0557379251393904,"190 reward","1 reward"
"11345","M2","C4620083","1","191","C4620083 M2","reward",0.054613782641705,"191 reward","1 reward"
"11346","M2","C4620083","1","192","C4620083 M2","reward",0.0532021923328098,"192 reward","1 reward"
"11347","M2","C4620083","1","193","C4620083 M2","reward",0.0518155885489799,"193 reward","1 reward"
"11348","M2","C4620083","1","194","C4620083 M2","reward",0.0513614565801312,"194 reward","1 reward"
"11349","M2","C4620083","1","195","C4620083 M2","reward",0.0508919342072014,"195 reward","1 reward"
"11350","M2","C4620083","1","196","C4620083 M2","reward",0.0484152087689111,"196 reward","1 reward"
"11351","M2","C4620083","1","197","C4620083 M2","reward",0.0466741485308049,"197 reward","1 reward"
"11352","M2","C4620083","1","198","C4620083 M2","reward",0.0452068758202409,"198 reward","1 reward"
"11353","M2","C4620083","1","199","C4620083 M2","reward",0.0449548827967301,"199 reward","1 reward"
"11354","M2","C4620083","1","200","C4620083 M2","reward",0.043663803549885,"200 reward","1 reward"
"11355","M2","C4620083","1","201","C4620083 M2","reward",0.0434040089181679,"201 reward","1 reward"
"11356","M2","C4620083","1","202","C4620083 M2","reward",0.0432155165007612,"202 reward","1 reward"
"11357","M2","C4620083","1","203","C4620083 M2","reward",0.04233331382828,"203 reward","1 reward"
"11358","M2","C4620083","1","204","C4620083 M2","reward",0.0421842103465333,"204 reward","1 reward"
"11359","M2","C4620083","1","205","C4620083 M2","reward",0.0412144820011943,"205 reward","1 reward"
"11360","M2","C4620083","1","206","C4620083 M2","reward",0.041114335864191,"206 reward","1 reward"
"11361","M2","C4620083","1","207","C4620083 M2","reward",0.037694844775709,"207 reward","1 reward"
"11362","M2","C4620083","1","208","C4620083 M2","reward",0.0371279181976011,"208 reward","1 reward"
"11363","M2","C4620083","1","209","C4620083 M2","reward",0.0369395761716319,"209 reward","1 reward"
"11364","M2","C4620083","1","210","C4620083 M2","reward",0.0365574351856143,"210 reward","1 reward"
"11365","M2","C4620083","1","211","C4620083 M2","reward",0.0360517789230247,"211 reward","1 reward"
"11366","M2","C4620083","1","212","C4620083 M2","reward",0.0350479927262001,"212 reward","1 reward"
"11367","M2","C4620083","1","213","C4620083 M2","reward",0.0328434044036528,"213 reward","1 reward"
"11368","M2","C4620083","1","214","C4620083 M2","reward",0.0316598721364911,"214 reward","1 reward"
"11369","M2","C4620083","1","215","C4620083 M2","reward",0.0314323177264072,"215 reward","1 reward"
"11370","M2","C4620083","1","216","C4620083 M2","reward",0.0302603907025374,"216 reward","1 reward"
"11371","M2","C4620083","1","217","C4620083 M2","reward",0.0297121670698231,"217 reward","1 reward"
"11372","M2","C4620083","1","218","C4620083 M2","reward",0.0283961123417479,"218 reward","1 reward"
"11373","M2","C4620083","1","219","C4620083 M2","reward",0.0270542239338165,"219 reward","1 reward"
"11374","M2","C4620083","1","220","C4620083 M2","reward",0.0237065023814089,"220 reward","1 reward"
"11375","M2","C4620083","1","221","C4620083 M2","reward",0.0219734319663249,"221 reward","1 reward"
"11376","M2","C4620083","1","222","C4620083 M2","reward",0.0198585390972233,"222 reward","1 reward"
"11377","M2","C4620083","1","223","C4620083 M2","reward",0.0196399799879446,"223 reward","1 reward"
"11378","M2","C4620083","1","224","C4620083 M2","reward",0.0190042243680835,"224 reward","1 reward"
"11379","M2","C4620083","1","225","C4620083 M2","reward",0.0163668217382326,"225 reward","1 reward"
"11380","M2","C4620083","1","226","C4620083 M2","reward",0.0149257793316261,"226 reward","1 reward"
"11381","M2","C4620083","1","227","C4620083 M2","reward",0.0141811401785075,"227 reward","1 reward"
"11382","M2","C4620083","1","228","C4620083 M2","reward",0.0133712166026473,"228 reward","1 reward"
"11383","M2","C4620083","1","229","C4620083 M2","reward",-0.00355963411544323,"229 reward","1 reward"
"11384","M2","C4620083","1","230","C4620083 M2","reward",-0.0253307518532645,"230 reward","1 reward"
"11385","M3","C4620083","1","0","C4620083 M3","reward",0.429258532134852,"0 reward","1 reward"
"11386","M3","C4620083","1","1","C4620083 M3","reward",0.419714496064808,"1 reward","1 reward"
"11387","M3","C4620083","1","2","C4620083 M3","reward",0.417935645342465,"2 reward","1 reward"
"11388","M3","C4620083","1","3","C4620083 M3","reward",0.414868865546516,"3 reward","1 reward"
"11389","M3","C4620083","1","4","C4620083 M3","reward",0.413951902250836,"4 reward","1 reward"
"11390","M3","C4620083","1","5","C4620083 M3","reward",0.412064493367666,"5 reward","1 reward"
"11391","M3","C4620083","1","6","C4620083 M3","reward",0.410142448746603,"6 reward","1 reward"
"11392","M3","C4620083","1","7","C4620083 M3","reward",0.409608246185349,"7 reward","1 reward"
"11393","M3","C4620083","1","8","C4620083 M3","reward",0.407433564061717,"8 reward","1 reward"
"11394","M3","C4620083","1","9","C4620083 M3","reward",0.405891706164234,"9 reward","1 reward"
"11395","M3","C4620083","1","10","C4620083 M3","reward",0.403354997863718,"10 reward","1 reward"
"11396","M3","C4620083","1","11","C4620083 M3","reward",0.402177885975403,"11 reward","1 reward"
"11397","M3","C4620083","1","12","C4620083 M3","reward",0.401638998971882,"12 reward","1 reward"
"11398","M3","C4620083","1","13","C4620083 M3","reward",0.392622235548589,"13 reward","1 reward"
"11399","M3","C4620083","1","14","C4620083 M3","reward",0.392110058525732,"14 reward","1 reward"
"11400","M3","C4620083","1","15","C4620083 M3","reward",0.391949256542122,"15 reward","1 reward"
"11401","M3","C4620083","1","16","C4620083 M3","reward",0.391002991155889,"16 reward","1 reward"
"11402","M3","C4620083","1","17","C4620083 M3","reward",0.389336131861274,"17 reward","1 reward"
"11403","M3","C4620083","1","18","C4620083 M3","reward",0.381080476227314,"18 reward","1 reward"
"11404","M3","C4620083","1","19","C4620083 M3","reward",0.381018655277629,"19 reward","1 reward"
"11405","M3","C4620083","1","20","C4620083 M3","reward",0.38076009238194,"20 reward","1 reward"
"11406","M3","C4620083","1","21","C4620083 M3","reward",0.376899568148659,"21 reward","1 reward"
"11407","M3","C4620083","1","22","C4620083 M3","reward",0.376592819087477,"22 reward","1 reward"
"11408","M3","C4620083","1","23","C4620083 M3","reward",0.376119890931367,"23 reward","1 reward"
"11409","M3","C4620083","1","24","C4620083 M3","reward",0.375073369517531,"24 reward","1 reward"
"11410","M3","C4620083","1","25","C4620083 M3","reward",0.373019676554667,"25 reward","1 reward"
"11411","M3","C4620083","1","26","C4620083 M3","reward",0.37300961233169,"26 reward","1 reward"
"11412","M3","C4620083","1","27","C4620083 M3","reward",0.372894433773663,"27 reward","1 reward"
"11413","M3","C4620083","1","28","C4620083 M3","reward",0.372310122777666,"28 reward","1 reward"
"11414","M3","C4620083","1","29","C4620083 M3","reward",0.367559898952669,"29 reward","1 reward"
"11415","M3","C4620083","1","30","C4620083 M3","reward",0.366964403131669,"30 reward","1 reward"
"11416","M3","C4620083","1","31","C4620083 M3","reward",0.364720825809498,"31 reward","1 reward"
"11417","M3","C4620083","1","32","C4620083 M3","reward",0.364514273427352,"32 reward","1 reward"
"11418","M3","C4620083","1","33","C4620083 M3","reward",0.362380138170478,"33 reward","1 reward"
"11419","M3","C4620083","1","34","C4620083 M3","reward",0.362360283275431,"34 reward","1 reward"
"11420","M3","C4620083","1","35","C4620083 M3","reward",0.361987937091915,"35 reward","1 reward"
"11421","M3","C4620083","1","36","C4620083 M3","reward",0.36097674695925,"36 reward","1 reward"
"11422","M3","C4620083","1","37","C4620083 M3","reward",0.356356315783198,"37 reward","1 reward"
"11423","M3","C4620083","1","38","C4620083 M3","reward",0.35583162093289,"38 reward","1 reward"
"11424","M3","C4620083","1","39","C4620083 M3","reward",0.354526215219685,"39 reward","1 reward"
"11425","M3","C4620083","1","40","C4620083 M3","reward",0.354497634796541,"40 reward","1 reward"
"11426","M3","C4620083","1","41","C4620083 M3","reward",0.352547048257448,"41 reward","1 reward"
"11427","M3","C4620083","1","42","C4620083 M3","reward",0.352006359718268,"42 reward","1 reward"
"11428","M3","C4620083","1","43","C4620083 M3","reward",0.350415911876452,"43 reward","1 reward"
"11429","M3","C4620083","1","44","C4620083 M3","reward",0.349740352969132,"44 reward","1 reward"
"11430","M3","C4620083","1","45","C4620083 M3","reward",0.347939220159074,"45 reward","1 reward"
"11431","M3","C4620083","1","46","C4620083 M3","reward",0.347722794603587,"46 reward","1 reward"
"11432","M3","C4620083","1","47","C4620083 M3","reward",0.345111812651727,"47 reward","1 reward"
"11433","M3","C4620083","1","48","C4620083 M3","reward",0.34420180152936,"48 reward","1 reward"
"11434","M3","C4620083","1","49","C4620083 M3","reward",0.341087605886041,"49 reward","1 reward"
"11435","M3","C4620083","1","50","C4620083 M3","reward",0.340310781531437,"50 reward","1 reward"
"11436","M3","C4620083","1","51","C4620083 M3","reward",0.338295454965033,"51 reward","1 reward"
"11437","M3","C4620083","1","52","C4620083 M3","reward",0.337881612736816,"52 reward","1 reward"
"11438","M3","C4620083","1","53","C4620083 M3","reward",0.336624228659138,"53 reward","1 reward"
"11439","M3","C4620083","1","54","C4620083 M3","reward",0.335989756896385,"54 reward","1 reward"
"11440","M3","C4620083","1","55","C4620083 M3","reward",0.334805346105657,"55 reward","1 reward"
"11441","M3","C4620083","1","56","C4620083 M3","reward",0.333887338622302,"56 reward","1 reward"
"11442","M3","C4620083","1","57","C4620083 M3","reward",0.331608240607544,"57 reward","1 reward"
"11443","M3","C4620083","1","58","C4620083 M3","reward",0.330577336987731,"58 reward","1 reward"
"11444","M3","C4620083","1","59","C4620083 M3","reward",0.329828396737201,"59 reward","1 reward"
"11445","M3","C4620083","1","60","C4620083 M3","reward",0.328085410862602,"60 reward","1 reward"
"11446","M3","C4620083","1","61","C4620083 M3","reward",0.327883464353249,"61 reward","1 reward"
"11447","M3","C4620083","1","62","C4620083 M3","reward",0.326046145959022,"62 reward","1 reward"
"11448","M3","C4620083","1","63","C4620083 M3","reward",0.32104946700103,"63 reward","1 reward"
"11449","M3","C4620083","1","64","C4620083 M3","reward",0.317171163692291,"64 reward","1 reward"
"11450","M3","C4620083","1","65","C4620083 M3","reward",0.317058001097088,"65 reward","1 reward"
"11451","M3","C4620083","1","66","C4620083 M3","reward",0.31686315256567,"66 reward","1 reward"
"11452","M3","C4620083","1","67","C4620083 M3","reward",0.314092191891793,"67 reward","1 reward"
"11453","M3","C4620083","1","68","C4620083 M3","reward",0.313812648733199,"68 reward","1 reward"
"11454","M3","C4620083","1","69","C4620083 M3","reward",0.313564981775231,"69 reward","1 reward"
"11455","M3","C4620083","1","70","C4620083 M3","reward",0.313338819260042,"70 reward","1 reward"
"11456","M3","C4620083","1","71","C4620083 M3","reward",0.312928659286458,"71 reward","1 reward"
"11457","M3","C4620083","1","72","C4620083 M3","reward",0.311796445285423,"72 reward","1 reward"
"11458","M3","C4620083","1","73","C4620083 M3","reward",0.308601919829145,"73 reward","1 reward"
"11459","M3","C4620083","1","74","C4620083 M3","reward",0.308566429628746,"74 reward","1 reward"
"11460","M3","C4620083","1","75","C4620083 M3","reward",0.307867768023878,"75 reward","1 reward"
"11461","M3","C4620083","1","76","C4620083 M3","reward",0.306764840114242,"76 reward","1 reward"
"11462","M3","C4620083","1","77","C4620083 M3","reward",0.306333756928119,"77 reward","1 reward"
"11463","M3","C4620083","1","78","C4620083 M3","reward",0.305807483512196,"78 reward","1 reward"
"11464","M3","C4620083","1","79","C4620083 M3","reward",0.3049493971237,"79 reward","1 reward"
"11465","M3","C4620083","1","80","C4620083 M3","reward",0.301868718052014,"80 reward","1 reward"
"11466","M3","C4620083","1","81","C4620083 M3","reward",0.300120387702214,"81 reward","1 reward"
"11467","M3","C4620083","1","82","C4620083 M3","reward",0.299948952030749,"82 reward","1 reward"
"11468","M3","C4620083","1","83","C4620083 M3","reward",0.299514136341768,"83 reward","1 reward"
"11469","M3","C4620083","1","84","C4620083 M3","reward",0.298201935932372,"84 reward","1 reward"
"11470","M3","C4620083","1","85","C4620083 M3","reward",0.297594463338384,"85 reward","1 reward"
"11471","M3","C4620083","1","86","C4620083 M3","reward",0.296811491389763,"86 reward","1 reward"
"11472","M3","C4620083","1","87","C4620083 M3","reward",0.296604712089264,"87 reward","1 reward"
"11473","M3","C4620083","1","88","C4620083 M3","reward",0.295730242078906,"88 reward","1 reward"
"11474","M3","C4620083","1","89","C4620083 M3","reward",0.293019088413831,"89 reward","1 reward"
"11475","M3","C4620083","1","90","C4620083 M3","reward",0.292452755331393,"90 reward","1 reward"
"11476","M3","C4620083","1","91","C4620083 M3","reward",0.292274269176853,"91 reward","1 reward"
"11477","M3","C4620083","1","92","C4620083 M3","reward",0.291270123722122,"92 reward","1 reward"
"11478","M3","C4620083","1","93","C4620083 M3","reward",0.290779208678336,"93 reward","1 reward"
"11479","M3","C4620083","1","94","C4620083 M3","reward",0.290547237296035,"94 reward","1 reward"
"11480","M3","C4620083","1","95","C4620083 M3","reward",0.290126098866613,"95 reward","1 reward"
"11481","M3","C4620083","1","96","C4620083 M3","reward",0.289644942490977,"96 reward","1 reward"
"11482","M3","C4620083","1","97","C4620083 M3","reward",0.289027750037296,"97 reward","1 reward"
"11483","M3","C4620083","1","98","C4620083 M3","reward",0.285871912387521,"98 reward","1 reward"
"11484","M3","C4620083","1","99","C4620083 M3","reward",0.282850036545704,"99 reward","1 reward"
"11485","M3","C4620083","1","100","C4620083 M3","reward",0.282838795538026,"100 reward","1 reward"
"11486","M3","C4620083","1","101","C4620083 M3","reward",0.282014128354598,"101 reward","1 reward"
"11487","M3","C4620083","1","102","C4620083 M3","reward",0.281354519019791,"102 reward","1 reward"
"11488","M3","C4620083","1","103","C4620083 M3","reward",0.279920806870943,"103 reward","1 reward"
"11489","M3","C4620083","1","104","C4620083 M3","reward",0.27801462220653,"104 reward","1 reward"
"11490","M3","C4620083","1","105","C4620083 M3","reward",0.277206528682188,"105 reward","1 reward"
"11491","M3","C4620083","1","106","C4620083 M3","reward",0.276748973495323,"106 reward","1 reward"
"11492","M3","C4620083","1","107","C4620083 M3","reward",0.274958901377674,"107 reward","1 reward"
"11493","M3","C4620083","1","108","C4620083 M3","reward",0.271621016049745,"108 reward","1 reward"
"11494","M3","C4620083","1","109","C4620083 M3","reward",0.270975202950758,"109 reward","1 reward"
"11495","M3","C4620083","1","110","C4620083 M3","reward",0.270360503637218,"110 reward","1 reward"
"11496","M3","C4620083","1","111","C4620083 M3","reward",0.270252735538916,"111 reward","1 reward"
"11497","M3","C4620083","1","112","C4620083 M3","reward",0.27019350700441,"112 reward","1 reward"
"11498","M3","C4620083","1","113","C4620083 M3","reward",0.26974735457566,"113 reward","1 reward"
"11499","M3","C4620083","1","114","C4620083 M3","reward",0.269374926532047,"114 reward","1 reward"
"11500","M3","C4620083","1","115","C4620083 M3","reward",0.266821006428199,"115 reward","1 reward"
"11501","M3","C4620083","1","116","C4620083 M3","reward",0.266532876428726,"116 reward","1 reward"
"11502","M3","C4620083","1","117","C4620083 M3","reward",0.26605507583938,"117 reward","1 reward"
"11503","M3","C4620083","1","118","C4620083 M3","reward",0.264049305183094,"118 reward","1 reward"
"11504","M3","C4620083","1","119","C4620083 M3","reward",0.263689879636805,"119 reward","1 reward"
"11505","M3","C4620083","1","120","C4620083 M3","reward",0.262152745059002,"120 reward","1 reward"
"11506","M3","C4620083","1","121","C4620083 M3","reward",0.260692596033061,"121 reward","1 reward"
"11507","M3","C4620083","1","122","C4620083 M3","reward",0.258512129067553,"122 reward","1 reward"
"11508","M3","C4620083","1","123","C4620083 M3","reward",0.258434613465719,"123 reward","1 reward"
"11509","M3","C4620083","1","124","C4620083 M3","reward",0.257837521448523,"124 reward","1 reward"
"11510","M3","C4620083","1","125","C4620083 M3","reward",0.256894002695143,"125 reward","1 reward"
"11511","M3","C4620083","1","126","C4620083 M3","reward",0.255168763270515,"126 reward","1 reward"
"11512","M3","C4620083","1","127","C4620083 M3","reward",0.254926365825587,"127 reward","1 reward"
"11513","M3","C4620083","1","128","C4620083 M3","reward",0.254290651192438,"128 reward","1 reward"
"11514","M3","C4620083","1","129","C4620083 M3","reward",0.253885893606378,"129 reward","1 reward"
"11515","M3","C4620083","1","130","C4620083 M3","reward",0.253608877459932,"130 reward","1 reward"
"11516","M3","C4620083","1","131","C4620083 M3","reward",0.253299385860023,"131 reward","1 reward"
"11517","M3","C4620083","1","132","C4620083 M3","reward",0.250331426617659,"132 reward","1 reward"
"11518","M3","C4620083","1","133","C4620083 M3","reward",0.248720363014572,"133 reward","1 reward"
"11519","M3","C4620083","1","134","C4620083 M3","reward",0.246740358572086,"134 reward","1 reward"
"11520","M3","C4620083","1","135","C4620083 M3","reward",0.24521947167083,"135 reward","1 reward"
"11521","M3","C4620083","1","136","C4620083 M3","reward",0.244897343496702,"136 reward","1 reward"
"11522","M3","C4620083","1","137","C4620083 M3","reward",0.242242282935689,"137 reward","1 reward"
"11523","M3","C4620083","1","138","C4620083 M3","reward",0.241409834225715,"138 reward","1 reward"
"11524","M3","C4620083","1","139","C4620083 M3","reward",0.241381333592896,"139 reward","1 reward"
"11525","M3","C4620083","1","140","C4620083 M3","reward",0.239826492591904,"140 reward","1 reward"
"11526","M3","C4620083","1","141","C4620083 M3","reward",0.239742233239226,"141 reward","1 reward"
"11527","M3","C4620083","1","142","C4620083 M3","reward",0.238549884526756,"142 reward","1 reward"
"11528","M3","C4620083","1","143","C4620083 M3","reward",0.23847438941216,"143 reward","1 reward"
"11529","M3","C4620083","1","144","C4620083 M3","reward",0.23754126609859,"144 reward","1 reward"
"11530","M3","C4620083","1","145","C4620083 M3","reward",0.236802794397479,"145 reward","1 reward"
"11531","M3","C4620083","1","146","C4620083 M3","reward",0.236519337271266,"146 reward","1 reward"
"11532","M3","C4620083","1","147","C4620083 M3","reward",0.234398172679176,"147 reward","1 reward"
"11533","M3","C4620083","1","148","C4620083 M3","reward",0.234004577489855,"148 reward","1 reward"
"11534","M3","C4620083","1","149","C4620083 M3","reward",0.232666226662167,"149 reward","1 reward"
"11535","M3","C4620083","1","150","C4620083 M3","reward",0.231431040100255,"150 reward","1 reward"
"11536","M3","C4620083","1","151","C4620083 M3","reward",0.230893667957449,"151 reward","1 reward"
"11537","M3","C4620083","1","152","C4620083 M3","reward",0.230499880877556,"152 reward","1 reward"
"11538","M3","C4620083","1","153","C4620083 M3","reward",0.228189631126651,"153 reward","1 reward"
"11539","M3","C4620083","1","154","C4620083 M3","reward",0.225115268312231,"154 reward","1 reward"
"11540","M3","C4620083","1","155","C4620083 M3","reward",0.224626590999493,"155 reward","1 reward"
"11541","M3","C4620083","1","156","C4620083 M3","reward",0.223199670160701,"156 reward","1 reward"
"11542","M3","C4620083","1","157","C4620083 M3","reward",0.222941335292011,"157 reward","1 reward"
"11543","M3","C4620083","1","158","C4620083 M3","reward",0.221769226299835,"158 reward","1 reward"
"11544","M3","C4620083","1","159","C4620083 M3","reward",0.212955838979522,"159 reward","1 reward"
"11545","M3","C4620083","1","160","C4620083 M3","reward",0.212350036891315,"160 reward","1 reward"
"11546","M3","C4620083","1","161","C4620083 M3","reward",0.211785832625972,"161 reward","1 reward"
"11547","M3","C4620083","1","162","C4620083 M3","reward",0.211357809185663,"162 reward","1 reward"
"11548","M3","C4620083","1","163","C4620083 M3","reward",0.210569824952676,"163 reward","1 reward"
"11549","M3","C4620083","1","164","C4620083 M3","reward",0.208864770222554,"164 reward","1 reward"
"11550","M3","C4620083","1","165","C4620083 M3","reward",0.208792093534636,"165 reward","1 reward"
"11551","M3","C4620083","1","166","C4620083 M3","reward",0.206193295152505,"166 reward","1 reward"
"11552","M3","C4620083","1","167","C4620083 M3","reward",0.204347243094424,"167 reward","1 reward"
"11553","M3","C4620083","1","168","C4620083 M3","reward",0.203688990066707,"168 reward","1 reward"
"11554","M3","C4620083","1","169","C4620083 M3","reward",0.201522916971231,"169 reward","1 reward"
"11555","M3","C4620083","1","170","C4620083 M3","reward",0.200650325498147,"170 reward","1 reward"
"11556","M3","C4620083","1","171","C4620083 M3","reward",0.20047153887737,"171 reward","1 reward"
"11557","M3","C4620083","1","172","C4620083 M3","reward",0.200162951515604,"172 reward","1 reward"
"11558","M3","C4620083","1","173","C4620083 M3","reward",0.196736137318071,"173 reward","1 reward"
"11559","M3","C4620083","1","174","C4620083 M3","reward",0.195386460269563,"174 reward","1 reward"
"11560","M3","C4620083","1","175","C4620083 M3","reward",0.193674757158392,"175 reward","1 reward"
"11561","M3","C4620083","1","176","C4620083 M3","reward",0.193667172609826,"176 reward","1 reward"
"11562","M3","C4620083","1","177","C4620083 M3","reward",0.192644957992225,"177 reward","1 reward"
"11563","M3","C4620083","1","178","C4620083 M3","reward",0.191256944081572,"178 reward","1 reward"
"11564","M3","C4620083","1","179","C4620083 M3","reward",0.188948854569656,"179 reward","1 reward"
"11565","M3","C4620083","1","180","C4620083 M3","reward",0.188397940557778,"180 reward","1 reward"
"11566","M3","C4620083","1","181","C4620083 M3","reward",0.18498396074969,"181 reward","1 reward"
"11567","M3","C4620083","1","182","C4620083 M3","reward",0.179001994643783,"182 reward","1 reward"
"11568","M3","C4620083","1","183","C4620083 M3","reward",0.178795774597252,"183 reward","1 reward"
"11569","M3","C4620083","1","184","C4620083 M3","reward",0.175626291989181,"184 reward","1 reward"
"11570","M3","C4620083","1","185","C4620083 M3","reward",0.173957190213541,"185 reward","1 reward"
"11571","M3","C4620083","1","186","C4620083 M3","reward",0.172006727057151,"186 reward","1 reward"
"11572","M3","C4620083","1","187","C4620083 M3","reward",0.171340070925076,"187 reward","1 reward"
"11573","M3","C4620083","1","188","C4620083 M3","reward",0.17102681854918,"188 reward","1 reward"
"11574","M3","C4620083","1","189","C4620083 M3","reward",0.170076792249834,"189 reward","1 reward"
"11575","M3","C4620083","1","190","C4620083 M3","reward",0.167638085437663,"190 reward","1 reward"
"11576","M3","C4620083","1","191","C4620083 M3","reward",0.165504842187498,"191 reward","1 reward"
"11577","M3","C4620083","1","192","C4620083 M3","reward",0.165233736721336,"192 reward","1 reward"
"11578","M3","C4620083","1","193","C4620083 M3","reward",0.16298932250696,"193 reward","1 reward"
"11579","M3","C4620083","1","194","C4620083 M3","reward",0.160752224944243,"194 reward","1 reward"
"11580","M3","C4620083","1","195","C4620083 M3","reward",0.159297663296784,"195 reward","1 reward"
"11581","M3","C4620083","1","196","C4620083 M3","reward",0.157810386199766,"196 reward","1 reward"
"11582","M3","C4620083","1","197","C4620083 M3","reward",0.156934406221794,"197 reward","1 reward"
"11583","M3","C4620083","1","198","C4620083 M3","reward",0.154429433957443,"198 reward","1 reward"
"11584","M3","C4620083","1","199","C4620083 M3","reward",0.152653138716034,"199 reward","1 reward"
"11585","M3","C4620083","1","200","C4620083 M3","reward",0.152358064210042,"200 reward","1 reward"
"11586","M3","C4620083","1","201","C4620083 M3","reward",0.14846750636259,"201 reward","1 reward"
"11587","M3","C4620083","1","202","C4620083 M3","reward",0.147501116276931,"202 reward","1 reward"
"11588","M3","C4620083","1","203","C4620083 M3","reward",0.143025309524765,"203 reward","1 reward"
"11589","M3","C4620083","1","204","C4620083 M3","reward",0.140408780035441,"204 reward","1 reward"
"11590","M3","C4620083","1","205","C4620083 M3","reward",0.136765056979155,"205 reward","1 reward"
"11591","M3","C4620083","1","206","C4620083 M3","reward",0.135923213347973,"206 reward","1 reward"
"11592","M3","C4620083","1","207","C4620083 M3","reward",0.134971989527863,"207 reward","1 reward"
"11593","M3","C4620083","1","208","C4620083 M3","reward",0.134178810309277,"208 reward","1 reward"
"11594","M3","C4620083","1","209","C4620083 M3","reward",0.131445752234177,"209 reward","1 reward"
"11595","M3","C4620083","1","210","C4620083 M3","reward",0.126988538431316,"210 reward","1 reward"
"11596","M3","C4620083","1","211","C4620083 M3","reward",0.125291959701391,"211 reward","1 reward"
"11597","M3","C4620083","1","212","C4620083 M3","reward",0.12387436675873,"212 reward","1 reward"
"11598","M3","C4620083","1","213","C4620083 M3","reward",0.123004234018191,"213 reward","1 reward"
"11599","M3","C4620083","1","214","C4620083 M3","reward",0.122242727470633,"214 reward","1 reward"
"11600","M3","C4620083","1","215","C4620083 M3","reward",0.122220538096519,"215 reward","1 reward"
"11601","M3","C4620083","1","216","C4620083 M3","reward",0.115703850195031,"216 reward","1 reward"
"11602","M3","C4620083","1","217","C4620083 M3","reward",0.115576244388934,"217 reward","1 reward"
"11603","M3","C4620083","1","218","C4620083 M3","reward",0.111420696852799,"218 reward","1 reward"
"11604","M3","C4620083","1","219","C4620083 M3","reward",0.10349281280026,"219 reward","1 reward"
"11605","M3","C4620083","1","220","C4620083 M3","reward",0.101774505502224,"220 reward","1 reward"
"11606","M3","C4620083","1","221","C4620083 M3","reward",0.0985112027093932,"221 reward","1 reward"
"11607","M3","C4620083","1","222","C4620083 M3","reward",0.0980256356784817,"222 reward","1 reward"
"11608","M3","C4620083","1","223","C4620083 M3","reward",0.0976079477189264,"223 reward","1 reward"
"11609","M3","C4620083","1","224","C4620083 M3","reward",0.0974437954181288,"224 reward","1 reward"
"11610","M3","C4620083","1","225","C4620083 M3","reward",0.095428843283851,"225 reward","1 reward"
"11611","M3","C4620083","1","226","C4620083 M3","reward",0.0881941949728136,"226 reward","1 reward"
"11612","M3","C4620083","1","227","C4620083 M3","reward",0.0841327423535751,"227 reward","1 reward"
"11613","M3","C4620083","1","228","C4620083 M3","reward",0.0815448531286473,"228 reward","1 reward"
"11614","M3","C4620083","1","229","C4620083 M3","reward",0.0796284074625769,"229 reward","1 reward"
"11615","M3","C4620083","1","230","C4620083 M3","reward",0.0607466984622064,"230 reward","1 reward"
"11616","M3","C4620083","1","231","C4620083 M3","reward",0.0228021136370291,"231 reward","1 reward"
"11617","M3","C4620083","1","232","C4620083 M3","reward",0.0225003939440362,"232 reward","1 reward"
"11618","M3","C4620083","1","233","C4620083 M3","reward",-0.00467927363715121,"233 reward","1 reward"
"11619","M3","C4620083","1","234","C4620083 M3","reward",-0.023296913863093,"234 reward","1 reward"
"11620","M3","C4620083","1","235","C4620083 M3","reward",-0.0297494431266137,"235 reward","1 reward"
"11621","M3","C4620083","1","236","C4620083 M3","reward",-0.0821276818461078,"236 reward","1 reward"
"11622","M3","C4620083","1","237","C4620083 M3","reward",-0.109388370953156,"237 reward","1 reward"
"11623","M4","C4620083","1","0","C4620083 M4","reward",0.0814360513222093,"0 reward","1 reward"
"11624","M4","C4620083","1","1","C4620083 M4","reward",0.0772594831654814,"1 reward","1 reward"
"11625","M4","C4620083","1","2","C4620083 M4","reward",0.0726774734193894,"2 reward","1 reward"
"11626","M4","C4620083","1","3","C4620083 M4","reward",0.0722656994243337,"3 reward","1 reward"
"11627","M4","C4620083","1","4","C4620083 M4","reward",0.0704319437793937,"4 reward","1 reward"
"11628","M4","C4620083","1","5","C4620083 M4","reward",0.0702494665051353,"5 reward","1 reward"
"11629","M4","C4620083","1","6","C4620083 M4","reward",0.0691163408369051,"6 reward","1 reward"
"11630","M4","C4620083","1","7","C4620083 M4","reward",0.0688354470430856,"7 reward","1 reward"
"11631","M4","C4620083","1","8","C4620083 M4","reward",0.0678342054525727,"8 reward","1 reward"
"11632","M4","C4620083","1","9","C4620083 M4","reward",0.0674254341967251,"9 reward","1 reward"
"11633","M4","C4620083","1","10","C4620083 M4","reward",0.0672881670868317,"10 reward","1 reward"
"11634","M4","C4620083","1","11","C4620083 M4","reward",0.0660229385850452,"11 reward","1 reward"
"11635","M4","C4620083","1","12","C4620083 M4","reward",0.0658455160825136,"12 reward","1 reward"
"11636","M4","C4620083","1","13","C4620083 M4","reward",0.0646132967385268,"13 reward","1 reward"
"11637","M4","C4620083","1","14","C4620083 M4","reward",0.0645352307948709,"14 reward","1 reward"
"11638","M4","C4620083","1","15","C4620083 M4","reward",0.0638012944729083,"15 reward","1 reward"
"11639","M4","C4620083","1","16","C4620083 M4","reward",0.063256159922254,"16 reward","1 reward"
"11640","M4","C4620083","1","17","C4620083 M4","reward",0.0632383967707642,"17 reward","1 reward"
"11641","M4","C4620083","1","18","C4620083 M4","reward",0.0631670456106726,"18 reward","1 reward"
"11642","M4","C4620083","1","19","C4620083 M4","reward",0.0626981428081964,"19 reward","1 reward"
"11643","M4","C4620083","1","20","C4620083 M4","reward",0.0625286822669608,"20 reward","1 reward"
"11644","M4","C4620083","1","21","C4620083 M4","reward",0.0623995971558967,"21 reward","1 reward"
"11645","M4","C4620083","1","22","C4620083 M4","reward",0.0611414649841735,"22 reward","1 reward"
"11646","M4","C4620083","1","23","C4620083 M4","reward",0.0606386216898246,"23 reward","1 reward"
"11647","M4","C4620083","1","24","C4620083 M4","reward",0.0603735765704626,"24 reward","1 reward"
"11648","M4","C4620083","1","25","C4620083 M4","reward",0.0601115845370486,"25 reward","1 reward"
"11649","M4","C4620083","1","26","C4620083 M4","reward",0.0598785656075649,"26 reward","1 reward"
"11650","M4","C4620083","1","27","C4620083 M4","reward",0.0594494272561228,"27 reward","1 reward"
"11651","M4","C4620083","1","28","C4620083 M4","reward",0.0594328466483637,"28 reward","1 reward"
"11652","M4","C4620083","1","29","C4620083 M4","reward",0.059214023472347,"29 reward","1 reward"
"11653","M4","C4620083","1","30","C4620083 M4","reward",0.0590987004728838,"30 reward","1 reward"
"11654","M4","C4620083","1","31","C4620083 M4","reward",0.0586674977929172,"31 reward","1 reward"
"11655","M4","C4620083","1","32","C4620083 M4","reward",0.0577508207635643,"32 reward","1 reward"
"11656","M4","C4620083","1","33","C4620083 M4","reward",0.0574538701921782,"33 reward","1 reward"
"11657","M4","C4620083","1","34","C4620083 M4","reward",0.0569590052066336,"34 reward","1 reward"
"11658","M4","C4620083","1","35","C4620083 M4","reward",0.0566960453177104,"35 reward","1 reward"
"11659","M4","C4620083","1","36","C4620083 M4","reward",0.0563250645694338,"36 reward","1 reward"
"11660","M4","C4620083","1","37","C4620083 M4","reward",0.0562657233494446,"37 reward","1 reward"
"11661","M4","C4620083","1","38","C4620083 M4","reward",0.0560175640639124,"38 reward","1 reward"
"11662","M4","C4620083","1","39","C4620083 M4","reward",0.0559583623501488,"39 reward","1 reward"
"11663","M4","C4620083","1","40","C4620083 M4","reward",0.0558115019491836,"40 reward","1 reward"
"11664","M4","C4620083","1","41","C4620083 M4","reward",0.0553471304923846,"41 reward","1 reward"
"11665","M4","C4620083","1","42","C4620083 M4","reward",0.0550607032715989,"42 reward","1 reward"
"11666","M4","C4620083","1","43","C4620083 M4","reward",0.0548377204532077,"43 reward","1 reward"
"11667","M4","C4620083","1","44","C4620083 M4","reward",0.0547065179822102,"44 reward","1 reward"
"11668","M4","C4620083","1","45","C4620083 M4","reward",0.0543123477990792,"45 reward","1 reward"
"11669","M4","C4620083","1","46","C4620083 M4","reward",0.0537887382554653,"46 reward","1 reward"
"11670","M4","C4620083","1","47","C4620083 M4","reward",0.0537760181315352,"47 reward","1 reward"
"11671","M4","C4620083","1","48","C4620083 M4","reward",0.0536695820803107,"48 reward","1 reward"
"11672","M4","C4620083","1","49","C4620083 M4","reward",0.0533392440893674,"49 reward","1 reward"
"11673","M4","C4620083","1","50","C4620083 M4","reward",0.0532319567441917,"50 reward","1 reward"
"11674","M4","C4620083","1","51","C4620083 M4","reward",0.0529082740695838,"51 reward","1 reward"
"11675","M4","C4620083","1","52","C4620083 M4","reward",0.0528544513393867,"52 reward","1 reward"
"11676","M4","C4620083","1","53","C4620083 M4","reward",0.0528239234747856,"53 reward","1 reward"
"11677","M4","C4620083","1","54","C4620083 M4","reward",0.0527801349187538,"54 reward","1 reward"
"11678","M4","C4620083","1","55","C4620083 M4","reward",0.0525952511062058,"55 reward","1 reward"
"11679","M4","C4620083","1","56","C4620083 M4","reward",0.0525782346015707,"56 reward","1 reward"
"11680","M4","C4620083","1","57","C4620083 M4","reward",0.0524610181480812,"57 reward","1 reward"
"11681","M4","C4620083","1","58","C4620083 M4","reward",0.0524428143185945,"58 reward","1 reward"
"11682","M4","C4620083","1","59","C4620083 M4","reward",0.052441366402556,"59 reward","1 reward"
"11683","M4","C4620083","1","60","C4620083 M4","reward",0.0523873304267085,"60 reward","1 reward"
"11684","M4","C4620083","1","61","C4620083 M4","reward",0.0520582246903504,"61 reward","1 reward"
"11685","M4","C4620083","1","62","C4620083 M4","reward",0.0520314864564432,"62 reward","1 reward"
"11686","M4","C4620083","1","63","C4620083 M4","reward",0.0515106559381193,"63 reward","1 reward"
"11687","M4","C4620083","1","64","C4620083 M4","reward",0.0514504614302501,"64 reward","1 reward"
"11688","M4","C4620083","1","65","C4620083 M4","reward",0.0513704286207707,"65 reward","1 reward"
"11689","M4","C4620083","1","66","C4620083 M4","reward",0.0509827127612578,"66 reward","1 reward"
"11690","M4","C4620083","1","67","C4620083 M4","reward",0.0508649431792208,"67 reward","1 reward"
"11691","M4","C4620083","1","68","C4620083 M4","reward",0.049977230804112,"68 reward","1 reward"
"11692","M4","C4620083","1","69","C4620083 M4","reward",0.0497357268854251,"69 reward","1 reward"
"11693","M4","C4620083","1","70","C4620083 M4","reward",0.049409650809806,"70 reward","1 reward"
"11694","M4","C4620083","1","71","C4620083 M4","reward",0.0493345264942342,"71 reward","1 reward"
"11695","M4","C4620083","1","72","C4620083 M4","reward",0.0491753380032684,"72 reward","1 reward"
"11696","M4","C4620083","1","73","C4620083 M4","reward",0.0490196856092998,"73 reward","1 reward"
"11697","M4","C4620083","1","74","C4620083 M4","reward",0.0488500767096364,"74 reward","1 reward"
"11698","M4","C4620083","1","75","C4620083 M4","reward",0.0486576994372763,"75 reward","1 reward"
"11699","M4","C4620083","1","76","C4620083 M4","reward",0.0485503368413465,"76 reward","1 reward"
"11700","M4","C4620083","1","77","C4620083 M4","reward",0.04843522656239,"77 reward","1 reward"
"11701","M4","C4620083","1","78","C4620083 M4","reward",0.0482522265415847,"78 reward","1 reward"
"11702","M4","C4620083","1","79","C4620083 M4","reward",0.0480150414105821,"79 reward","1 reward"
"11703","M4","C4620083","1","80","C4620083 M4","reward",0.0479385001959865,"80 reward","1 reward"
"11704","M4","C4620083","1","81","C4620083 M4","reward",0.0478637639171831,"81 reward","1 reward"
"11705","M4","C4620083","1","82","C4620083 M4","reward",0.0473411979007935,"82 reward","1 reward"
"11706","M4","C4620083","1","83","C4620083 M4","reward",0.0472138480157958,"83 reward","1 reward"
"11707","M4","C4620083","1","84","C4620083 M4","reward",0.046897472393161,"84 reward","1 reward"
"11708","M4","C4620083","1","85","C4620083 M4","reward",0.0467536136798591,"85 reward","1 reward"
"11709","M4","C4620083","1","86","C4620083 M4","reward",0.0466244189850396,"86 reward","1 reward"
"11710","M4","C4620083","1","87","C4620083 M4","reward",0.0465633041457928,"87 reward","1 reward"
"11711","M4","C4620083","1","88","C4620083 M4","reward",0.0462351269514072,"88 reward","1 reward"
"11712","M4","C4620083","1","89","C4620083 M4","reward",0.0461440900045802,"89 reward","1 reward"
"11713","M4","C4620083","1","90","C4620083 M4","reward",0.0459231494300288,"90 reward","1 reward"
"11714","M4","C4620083","1","91","C4620083 M4","reward",0.0458061802451399,"91 reward","1 reward"
"11715","M4","C4620083","1","92","C4620083 M4","reward",0.0455598281796702,"92 reward","1 reward"
"11716","M4","C4620083","1","93","C4620083 M4","reward",0.0454961365374128,"93 reward","1 reward"
"11717","M4","C4620083","1","94","C4620083 M4","reward",0.0454700302219611,"94 reward","1 reward"
"11718","M4","C4620083","1","95","C4620083 M4","reward",0.0453592779208872,"95 reward","1 reward"
"11719","M4","C4620083","1","96","C4620083 M4","reward",0.0450814816051374,"96 reward","1 reward"
"11720","M4","C4620083","1","97","C4620083 M4","reward",0.0446559134264083,"97 reward","1 reward"
"11721","M4","C4620083","1","98","C4620083 M4","reward",0.0445245125079465,"98 reward","1 reward"
"11722","M4","C4620083","1","99","C4620083 M4","reward",0.0444515456218855,"99 reward","1 reward"
"11723","M4","C4620083","1","100","C4620083 M4","reward",0.0443096135371125,"100 reward","1 reward"
"11724","M4","C4620083","1","101","C4620083 M4","reward",0.0436723461356321,"101 reward","1 reward"
"11725","M4","C4620083","1","102","C4620083 M4","reward",0.0435039512165021,"102 reward","1 reward"
"11726","M4","C4620083","1","103","C4620083 M4","reward",0.0434936701246856,"103 reward","1 reward"
"11727","M4","C4620083","1","104","C4620083 M4","reward",0.0432801765376006,"104 reward","1 reward"
"11728","M4","C4620083","1","105","C4620083 M4","reward",0.0431693007828014,"105 reward","1 reward"
"11729","M4","C4620083","1","106","C4620083 M4","reward",0.0431492571827261,"106 reward","1 reward"
"11730","M4","C4620083","1","107","C4620083 M4","reward",0.0430761239976513,"107 reward","1 reward"
"11731","M4","C4620083","1","108","C4620083 M4","reward",0.0430620424079819,"108 reward","1 reward"
"11732","M4","C4620083","1","109","C4620083 M4","reward",0.04302870951168,"109 reward","1 reward"
"11733","M4","C4620083","1","110","C4620083 M4","reward",0.0429228360324437,"110 reward","1 reward"
"11734","M4","C4620083","1","111","C4620083 M4","reward",0.0428160201053197,"111 reward","1 reward"
"11735","M4","C4620083","1","112","C4620083 M4","reward",0.0427591579053951,"112 reward","1 reward"
"11736","M4","C4620083","1","113","C4620083 M4","reward",0.0426904023846697,"113 reward","1 reward"
"11737","M4","C4620083","1","114","C4620083 M4","reward",0.042608499627751,"114 reward","1 reward"
"11738","M4","C4620083","1","115","C4620083 M4","reward",0.0422386132888994,"115 reward","1 reward"
"11739","M4","C4620083","1","116","C4620083 M4","reward",0.0421614107671855,"116 reward","1 reward"
"11740","M4","C4620083","1","117","C4620083 M4","reward",0.0415184178677186,"117 reward","1 reward"
"11741","M4","C4620083","1","118","C4620083 M4","reward",0.0414711736635133,"118 reward","1 reward"
"11742","M4","C4620083","1","119","C4620083 M4","reward",0.0412669450110901,"119 reward","1 reward"
"11743","M4","C4620083","1","120","C4620083 M4","reward",0.0410159442551338,"120 reward","1 reward"
"11744","M4","C4620083","1","121","C4620083 M4","reward",0.0410115772488167,"121 reward","1 reward"
"11745","M4","C4620083","1","122","C4620083 M4","reward",0.0408420532688938,"122 reward","1 reward"
"11746","M4","C4620083","1","123","C4620083 M4","reward",0.0407225470599676,"123 reward","1 reward"
"11747","M4","C4620083","1","124","C4620083 M4","reward",0.0406347804408926,"124 reward","1 reward"
"11748","M4","C4620083","1","125","C4620083 M4","reward",0.0405164539917055,"125 reward","1 reward"
"11749","M4","C4620083","1","126","C4620083 M4","reward",0.0405106588027386,"126 reward","1 reward"
"11750","M4","C4620083","1","127","C4620083 M4","reward",0.0402065574722932,"127 reward","1 reward"
"11751","M4","C4620083","1","128","C4620083 M4","reward",0.0401612095937426,"128 reward","1 reward"
"11752","M4","C4620083","1","129","C4620083 M4","reward",0.0401544599093316,"129 reward","1 reward"
"11753","M4","C4620083","1","130","C4620083 M4","reward",0.0400420186071417,"130 reward","1 reward"
"11754","M4","C4620083","1","131","C4620083 M4","reward",0.0396541454604784,"131 reward","1 reward"
"11755","M4","C4620083","1","132","C4620083 M4","reward",0.0396280655277427,"132 reward","1 reward"
"11756","M4","C4620083","1","133","C4620083 M4","reward",0.039608167018507,"133 reward","1 reward"
"11757","M4","C4620083","1","134","C4620083 M4","reward",0.0393897745312358,"134 reward","1 reward"
"11758","M4","C4620083","1","135","C4620083 M4","reward",0.0393510425192303,"135 reward","1 reward"
"11759","M4","C4620083","1","136","C4620083 M4","reward",0.0392834721981316,"136 reward","1 reward"
"11760","M4","C4620083","1","137","C4620083 M4","reward",0.0391290987760921,"137 reward","1 reward"
"11761","M4","C4620083","1","138","C4620083 M4","reward",0.0390612881129525,"138 reward","1 reward"
"11762","M4","C4620083","1","139","C4620083 M4","reward",0.0389156477356234,"139 reward","1 reward"
"11763","M4","C4620083","1","140","C4620083 M4","reward",0.0387788205787381,"140 reward","1 reward"
"11764","M4","C4620083","1","141","C4620083 M4","reward",0.0387425622684238,"141 reward","1 reward"
"11765","M4","C4620083","1","142","C4620083 M4","reward",0.0385449876843325,"142 reward","1 reward"
"11766","M4","C4620083","1","143","C4620083 M4","reward",0.0383662021962571,"143 reward","1 reward"
"11767","M4","C4620083","1","144","C4620083 M4","reward",0.0376580252310354,"144 reward","1 reward"
"11768","M4","C4620083","1","145","C4620083 M4","reward",0.0376065436118528,"145 reward","1 reward"
"11769","M4","C4620083","1","146","C4620083 M4","reward",0.037348524392148,"146 reward","1 reward"
"11770","M4","C4620083","1","147","C4620083 M4","reward",0.03732766720906,"147 reward","1 reward"
"11771","M4","C4620083","1","148","C4620083 M4","reward",0.0371473754267491,"148 reward","1 reward"
"11772","M4","C4620083","1","149","C4620083 M4","reward",0.03700440290102,"149 reward","1 reward"
"11773","M4","C4620083","1","150","C4620083 M4","reward",0.0369018787445702,"150 reward","1 reward"
"11774","M4","C4620083","1","151","C4620083 M4","reward",0.0368958898188834,"151 reward","1 reward"
"11775","M4","C4620083","1","152","C4620083 M4","reward",0.0368678158027207,"152 reward","1 reward"
"11776","M4","C4620083","1","153","C4620083 M4","reward",0.0367898735104128,"153 reward","1 reward"
"11777","M4","C4620083","1","154","C4620083 M4","reward",0.0365656107666973,"154 reward","1 reward"
"11778","M4","C4620083","1","155","C4620083 M4","reward",0.0364086925106453,"155 reward","1 reward"
"11779","M4","C4620083","1","156","C4620083 M4","reward",0.0363894743982045,"156 reward","1 reward"
"11780","M4","C4620083","1","157","C4620083 M4","reward",0.0363851878520698,"157 reward","1 reward"
"11781","M4","C4620083","1","158","C4620083 M4","reward",0.0362821739992227,"158 reward","1 reward"
"11782","M4","C4620083","1","159","C4620083 M4","reward",0.0362363522484192,"159 reward","1 reward"
"11783","M4","C4620083","1","160","C4620083 M4","reward",0.0360659964928312,"160 reward","1 reward"
"11784","M4","C4620083","1","161","C4620083 M4","reward",0.0360357268949204,"161 reward","1 reward"
"11785","M4","C4620083","1","162","C4620083 M4","reward",0.0359056474047089,"162 reward","1 reward"
"11786","M4","C4620083","1","163","C4620083 M4","reward",0.0358873430685844,"163 reward","1 reward"
"11787","M4","C4620083","1","164","C4620083 M4","reward",0.0357274557930483,"164 reward","1 reward"
"11788","M4","C4620083","1","165","C4620083 M4","reward",0.0356178812245543,"165 reward","1 reward"
"11789","M4","C4620083","1","166","C4620083 M4","reward",0.0352652787460833,"166 reward","1 reward"
"11790","M4","C4620083","1","167","C4620083 M4","reward",0.0352288668021248,"167 reward","1 reward"
"11791","M4","C4620083","1","168","C4620083 M4","reward",0.0351805202136461,"168 reward","1 reward"
"11792","M4","C4620083","1","169","C4620083 M4","reward",0.0350958990073387,"169 reward","1 reward"
"11793","M4","C4620083","1","170","C4620083 M4","reward",0.0349750464948705,"170 reward","1 reward"
"11794","M4","C4620083","1","171","C4620083 M4","reward",0.0349551826251622,"171 reward","1 reward"
"11795","M4","C4620083","1","172","C4620083 M4","reward",0.0348043020789738,"172 reward","1 reward"
"11796","M4","C4620083","1","173","C4620083 M4","reward",0.0347935431563118,"173 reward","1 reward"
"11797","M4","C4620083","1","174","C4620083 M4","reward",0.0346872098787149,"174 reward","1 reward"
"11798","M4","C4620083","1","175","C4620083 M4","reward",0.0345959589232893,"175 reward","1 reward"
"11799","M4","C4620083","1","176","C4620083 M4","reward",0.0345151820020465,"176 reward","1 reward"
"11800","M4","C4620083","1","177","C4620083 M4","reward",0.034446399638528,"177 reward","1 reward"
"11801","M4","C4620083","1","178","C4620083 M4","reward",0.0344199231344523,"178 reward","1 reward"
"11802","M4","C4620083","1","179","C4620083 M4","reward",0.0342477750711106,"179 reward","1 reward"
"11803","M4","C4620083","1","180","C4620083 M4","reward",0.0342453811850621,"180 reward","1 reward"
"11804","M4","C4620083","1","181","C4620083 M4","reward",0.0342027231553827,"181 reward","1 reward"
"11805","M4","C4620083","1","182","C4620083 M4","reward",0.0340101372196449,"182 reward","1 reward"
"11806","M4","C4620083","1","183","C4620083 M4","reward",0.0339573479157773,"183 reward","1 reward"
"11807","M4","C4620083","1","184","C4620083 M4","reward",0.0337868064716942,"184 reward","1 reward"
"11808","M4","C4620083","1","185","C4620083 M4","reward",0.0336728051798326,"185 reward","1 reward"
"11809","M4","C4620083","1","186","C4620083 M4","reward",0.0334734016639417,"186 reward","1 reward"
"11810","M4","C4620083","1","187","C4620083 M4","reward",0.0334404431664731,"187 reward","1 reward"
"11811","M4","C4620083","1","188","C4620083 M4","reward",0.0334338980965188,"188 reward","1 reward"
"11812","M4","C4620083","1","189","C4620083 M4","reward",0.0332348311125262,"189 reward","1 reward"
"11813","M4","C4620083","1","190","C4620083 M4","reward",0.0331184838553355,"190 reward","1 reward"
"11814","M4","C4620083","1","191","C4620083 M4","reward",0.0329892412255103,"191 reward","1 reward"
"11815","M4","C4620083","1","192","C4620083 M4","reward",0.032835039136356,"192 reward","1 reward"
"11816","M4","C4620083","1","193","C4620083 M4","reward",0.0327127351382576,"193 reward","1 reward"
"11817","M4","C4620083","1","194","C4620083 M4","reward",0.0327108160135839,"194 reward","1 reward"
"11818","M4","C4620083","1","195","C4620083 M4","reward",0.0324596467495945,"195 reward","1 reward"
"11819","M4","C4620083","1","196","C4620083 M4","reward",0.0321794993050141,"196 reward","1 reward"
"11820","M4","C4620083","1","197","C4620083 M4","reward",0.0321574294679054,"197 reward","1 reward"
"11821","M4","C4620083","1","198","C4620083 M4","reward",0.0321304721818131,"198 reward","1 reward"
"11822","M4","C4620083","1","199","C4620083 M4","reward",0.0318443585905508,"199 reward","1 reward"
"11823","M4","C4620083","1","200","C4620083 M4","reward",0.0317995734180637,"200 reward","1 reward"
"11824","M4","C4620083","1","201","C4620083 M4","reward",0.0317648956595116,"201 reward","1 reward"
"11825","M4","C4620083","1","202","C4620083 M4","reward",0.0316971419647585,"202 reward","1 reward"
"11826","M4","C4620083","1","203","C4620083 M4","reward",0.0316794100647219,"203 reward","1 reward"
"11827","M4","C4620083","1","204","C4620083 M4","reward",0.0314346631302495,"204 reward","1 reward"
"11828","M4","C4620083","1","205","C4620083 M4","reward",0.0312847302185079,"205 reward","1 reward"
"11829","M4","C4620083","1","206","C4620083 M4","reward",0.0311461633554799,"206 reward","1 reward"
"11830","M4","C4620083","1","207","C4620083 M4","reward",0.0309874184020651,"207 reward","1 reward"
"11831","M4","C4620083","1","208","C4620083 M4","reward",0.0309778071621523,"208 reward","1 reward"
"11832","M4","C4620083","1","209","C4620083 M4","reward",0.0306311069524209,"209 reward","1 reward"
"11833","M4","C4620083","1","210","C4620083 M4","reward",0.0304119869042308,"210 reward","1 reward"
"11834","M4","C4620083","1","211","C4620083 M4","reward",0.0301948993921408,"211 reward","1 reward"
"11835","M4","C4620083","1","212","C4620083 M4","reward",0.0295555165418053,"212 reward","1 reward"
"11836","M4","C4620083","1","213","C4620083 M4","reward",0.0295516334553483,"213 reward","1 reward"
"11837","M4","C4620083","1","214","C4620083 M4","reward",0.0295326039027488,"214 reward","1 reward"
"11838","M4","C4620083","1","215","C4620083 M4","reward",0.0294651419585747,"215 reward","1 reward"
"11839","M4","C4620083","1","216","C4620083 M4","reward",0.0291829020832127,"216 reward","1 reward"
"11840","M4","C4620083","1","217","C4620083 M4","reward",0.0289662087266964,"217 reward","1 reward"
"11841","M4","C4620083","1","218","C4620083 M4","reward",0.0286452508460354,"218 reward","1 reward"
"11842","M4","C4620083","1","219","C4620083 M4","reward",0.0285800057672626,"219 reward","1 reward"
"11843","M4","C4620083","1","220","C4620083 M4","reward",0.0285706648101253,"220 reward","1 reward"
"11844","M4","C4620083","1","221","C4620083 M4","reward",0.0284087121763306,"221 reward","1 reward"
"11845","M4","C4620083","1","222","C4620083 M4","reward",0.0283452752065052,"222 reward","1 reward"
"11846","M4","C4620083","1","223","C4620083 M4","reward",0.0282185138680073,"223 reward","1 reward"
"11847","M4","C4620083","1","224","C4620083 M4","reward",0.0280996910545464,"224 reward","1 reward"
"11848","M4","C4620083","1","225","C4620083 M4","reward",0.0279327029104919,"225 reward","1 reward"
"11849","M4","C4620083","1","226","C4620083 M4","reward",0.0279300975583152,"226 reward","1 reward"
"11850","M4","C4620083","1","227","C4620083 M4","reward",0.0279266058935904,"227 reward","1 reward"
"11851","M4","C4620083","1","228","C4620083 M4","reward",0.0276506761336917,"228 reward","1 reward"
"11852","M4","C4620083","1","229","C4620083 M4","reward",0.0276280502792578,"229 reward","1 reward"
"11853","M4","C4620083","1","230","C4620083 M4","reward",0.0274989285359266,"230 reward","1 reward"
"11854","M4","C4620083","1","231","C4620083 M4","reward",0.027389612040861,"231 reward","1 reward"
"11855","M4","C4620083","1","232","C4620083 M4","reward",0.0271333711463012,"232 reward","1 reward"
"11856","M4","C4620083","1","233","C4620083 M4","reward",0.0271172981956365,"233 reward","1 reward"
"11857","M4","C4620083","1","234","C4620083 M4","reward",0.0269667518769027,"234 reward","1 reward"
"11858","M4","C4620083","1","235","C4620083 M4","reward",0.026909423762971,"235 reward","1 reward"
"11859","M4","C4620083","1","236","C4620083 M4","reward",0.0268148068685094,"236 reward","1 reward"
"11860","M4","C4620083","1","237","C4620083 M4","reward",0.0266942693537878,"237 reward","1 reward"
"11861","M4","C4620083","1","238","C4620083 M4","reward",0.0262877219754568,"238 reward","1 reward"
"11862","M4","C4620083","1","239","C4620083 M4","reward",0.0262103330533913,"239 reward","1 reward"
"11863","M4","C4620083","1","240","C4620083 M4","reward",0.0262059046151224,"240 reward","1 reward"
"11864","M4","C4620083","1","241","C4620083 M4","reward",0.0261457376646439,"241 reward","1 reward"
"11865","M4","C4620083","1","242","C4620083 M4","reward",0.026065552021618,"242 reward","1 reward"
"11866","M4","C4620083","1","243","C4620083 M4","reward",0.025995087888636,"243 reward","1 reward"
"11867","M4","C4620083","1","244","C4620083 M4","reward",0.0259907100860163,"244 reward","1 reward"
"11868","M4","C4620083","1","245","C4620083 M4","reward",0.0258524411926919,"245 reward","1 reward"
"11869","M4","C4620083","1","246","C4620083 M4","reward",0.0258447462354993,"246 reward","1 reward"
"11870","M4","C4620083","1","247","C4620083 M4","reward",0.0256626782862477,"247 reward","1 reward"
"11871","M4","C4620083","1","248","C4620083 M4","reward",0.0256063171778874,"248 reward","1 reward"
"11872","M4","C4620083","1","249","C4620083 M4","reward",0.0255466903711587,"249 reward","1 reward"
"11873","M4","C4620083","1","250","C4620083 M4","reward",0.0251881181766441,"250 reward","1 reward"
"11874","M4","C4620083","1","251","C4620083 M4","reward",0.025092850387081,"251 reward","1 reward"
"11875","M4","C4620083","1","252","C4620083 M4","reward",0.0249575772392685,"252 reward","1 reward"
"11876","M4","C4620083","1","253","C4620083 M4","reward",0.0246039163156687,"253 reward","1 reward"
"11877","M4","C4620083","1","254","C4620083 M4","reward",0.024389485822375,"254 reward","1 reward"
"11878","M4","C4620083","1","255","C4620083 M4","reward",0.0243815228495887,"255 reward","1 reward"
"11879","M4","C4620083","1","256","C4620083 M4","reward",0.0243316735645207,"256 reward","1 reward"
"11880","M4","C4620083","1","257","C4620083 M4","reward",0.0241637757224944,"257 reward","1 reward"
"11881","M4","C4620083","1","258","C4620083 M4","reward",0.024046190375779,"258 reward","1 reward"
"11882","M4","C4620083","1","259","C4620083 M4","reward",0.0240334117947306,"259 reward","1 reward"
"11883","M4","C4620083","1","260","C4620083 M4","reward",0.0236905602295718,"260 reward","1 reward"
"11884","M4","C4620083","1","261","C4620083 M4","reward",0.0236766351496987,"261 reward","1 reward"
"11885","M4","C4620083","1","262","C4620083 M4","reward",0.02357295893819,"262 reward","1 reward"
"11886","M4","C4620083","1","263","C4620083 M4","reward",0.0234976266729331,"263 reward","1 reward"
"11887","M4","C4620083","1","264","C4620083 M4","reward",0.0234807057543796,"264 reward","1 reward"
"11888","M4","C4620083","1","265","C4620083 M4","reward",0.0234485594952019,"265 reward","1 reward"
"11889","M4","C4620083","1","266","C4620083 M4","reward",0.0233501703198478,"266 reward","1 reward"
"11890","M4","C4620083","1","267","C4620083 M4","reward",0.0233278314939254,"267 reward","1 reward"
"11891","M4","C4620083","1","268","C4620083 M4","reward",0.0232854302375079,"268 reward","1 reward"
"11892","M4","C4620083","1","269","C4620083 M4","reward",0.0232286087953336,"269 reward","1 reward"
"11893","M4","C4620083","1","270","C4620083 M4","reward",0.0230820006978884,"270 reward","1 reward"
"11894","M4","C4620083","1","271","C4620083 M4","reward",0.0230383345540946,"271 reward","1 reward"
"11895","M4","C4620083","1","272","C4620083 M4","reward",0.0228743875345202,"272 reward","1 reward"
"11896","M4","C4620083","1","273","C4620083 M4","reward",0.0226395755682813,"273 reward","1 reward"
"11897","M4","C4620083","1","274","C4620083 M4","reward",0.0226290407985223,"274 reward","1 reward"
"11898","M4","C4620083","1","275","C4620083 M4","reward",0.0223393652740801,"275 reward","1 reward"
"11899","M4","C4620083","1","276","C4620083 M4","reward",0.0222536932806192,"276 reward","1 reward"
"11900","M4","C4620083","1","277","C4620083 M4","reward",0.0219557351466396,"277 reward","1 reward"
"11901","M4","C4620083","1","278","C4620083 M4","reward",0.0217339254580687,"278 reward","1 reward"
"11902","M4","C4620083","1","279","C4620083 M4","reward",0.0214966768756894,"279 reward","1 reward"
"11903","M4","C4620083","1","280","C4620083 M4","reward",0.021375941068547,"280 reward","1 reward"
"11904","M4","C4620083","1","281","C4620083 M4","reward",0.0211579493394784,"281 reward","1 reward"
"11905","M4","C4620083","1","282","C4620083 M4","reward",0.0211526448665955,"282 reward","1 reward"
"11906","M4","C4620083","1","283","C4620083 M4","reward",0.0211093376960216,"283 reward","1 reward"
"11907","M4","C4620083","1","284","C4620083 M4","reward",0.0208820911223626,"284 reward","1 reward"
"11908","M4","C4620083","1","285","C4620083 M4","reward",0.0208243139842117,"285 reward","1 reward"
"11909","M4","C4620083","1","286","C4620083 M4","reward",0.0207476258719124,"286 reward","1 reward"
"11910","M4","C4620083","1","287","C4620083 M4","reward",0.0207191559664826,"287 reward","1 reward"
"11911","M4","C4620083","1","288","C4620083 M4","reward",0.020714406008351,"288 reward","1 reward"
"11912","M4","C4620083","1","289","C4620083 M4","reward",0.020664003789745,"289 reward","1 reward"
"11913","M4","C4620083","1","290","C4620083 M4","reward",0.0201883222257011,"290 reward","1 reward"
"11914","M4","C4620083","1","291","C4620083 M4","reward",0.0197886602316889,"291 reward","1 reward"
"11915","M4","C4620083","1","292","C4620083 M4","reward",0.0197337511853008,"292 reward","1 reward"
"11916","M4","C4620083","1","293","C4620083 M4","reward",0.0196826649510814,"293 reward","1 reward"
"11917","M4","C4620083","1","294","C4620083 M4","reward",0.0194735621267755,"294 reward","1 reward"
"11918","M4","C4620083","1","295","C4620083 M4","reward",0.0193889174599351,"295 reward","1 reward"
"11919","M4","C4620083","1","296","C4620083 M4","reward",0.0192615014135401,"296 reward","1 reward"
"11920","M4","C4620083","1","297","C4620083 M4","reward",0.0191548936339298,"297 reward","1 reward"
"11921","M4","C4620083","1","298","C4620083 M4","reward",0.0190649765360849,"298 reward","1 reward"
"11922","M4","C4620083","1","299","C4620083 M4","reward",0.01877510615485,"299 reward","1 reward"
"11923","M4","C4620083","1","300","C4620083 M4","reward",0.0186659454113103,"300 reward","1 reward"
"11924","M4","C4620083","1","301","C4620083 M4","reward",0.0184176228034725,"301 reward","1 reward"
"11925","M4","C4620083","1","302","C4620083 M4","reward",0.018408309908876,"302 reward","1 reward"
"11926","M4","C4620083","1","303","C4620083 M4","reward",0.0183887229931049,"303 reward","1 reward"
"11927","M4","C4620083","1","304","C4620083 M4","reward",0.0182381423796935,"304 reward","1 reward"
"11928","M4","C4620083","1","305","C4620083 M4","reward",0.0182029447465164,"305 reward","1 reward"
"11929","M4","C4620083","1","306","C4620083 M4","reward",0.0177140002121574,"306 reward","1 reward"
"11930","M4","C4620083","1","307","C4620083 M4","reward",0.0175255089364491,"307 reward","1 reward"
"11931","M4","C4620083","1","308","C4620083 M4","reward",0.0175230552346342,"308 reward","1 reward"
"11932","M4","C4620083","1","309","C4620083 M4","reward",0.0174143287394786,"309 reward","1 reward"
"11933","M4","C4620083","1","310","C4620083 M4","reward",0.0170955378281032,"310 reward","1 reward"
"11934","M4","C4620083","1","311","C4620083 M4","reward",0.0169801469649429,"311 reward","1 reward"
"11935","M4","C4620083","1","312","C4620083 M4","reward",0.0169610985027819,"312 reward","1 reward"
"11936","M4","C4620083","1","313","C4620083 M4","reward",0.0169204132438616,"313 reward","1 reward"
"11937","M4","C4620083","1","314","C4620083 M4","reward",0.0167539822590864,"314 reward","1 reward"
"11938","M4","C4620083","1","315","C4620083 M4","reward",0.0166602369978932,"315 reward","1 reward"
"11939","M4","C4620083","1","316","C4620083 M4","reward",0.016434561774353,"316 reward","1 reward"
"11940","M4","C4620083","1","317","C4620083 M4","reward",0.0162473350307114,"317 reward","1 reward"
"11941","M4","C4620083","1","318","C4620083 M4","reward",0.0162194807861306,"318 reward","1 reward"
"11942","M4","C4620083","1","319","C4620083 M4","reward",0.0161818499402129,"319 reward","1 reward"
"11943","M4","C4620083","1","320","C4620083 M4","reward",0.0159671195730289,"320 reward","1 reward"
"11944","M4","C4620083","1","321","C4620083 M4","reward",0.0158401711280393,"321 reward","1 reward"
"11945","M4","C4620083","1","322","C4620083 M4","reward",0.0158320097273816,"322 reward","1 reward"
"11946","M4","C4620083","1","323","C4620083 M4","reward",0.01572482164036,"323 reward","1 reward"
"11947","M4","C4620083","1","324","C4620083 M4","reward",0.0156968859325206,"324 reward","1 reward"
"11948","M4","C4620083","1","325","C4620083 M4","reward",0.0154212733809793,"325 reward","1 reward"
"11949","M4","C4620083","1","326","C4620083 M4","reward",0.015233522203504,"326 reward","1 reward"
"11950","M4","C4620083","1","327","C4620083 M4","reward",0.0150877727967567,"327 reward","1 reward"
"11951","M4","C4620083","1","328","C4620083 M4","reward",0.0149091599939534,"328 reward","1 reward"
"11952","M4","C4620083","1","329","C4620083 M4","reward",0.0147338713712262,"329 reward","1 reward"
"11953","M4","C4620083","1","330","C4620083 M4","reward",0.0144955156384742,"330 reward","1 reward"
"11954","M4","C4620083","1","331","C4620083 M4","reward",0.0144886489232992,"331 reward","1 reward"
"11955","M4","C4620083","1","332","C4620083 M4","reward",0.0144450722036026,"332 reward","1 reward"
"11956","M4","C4620083","1","333","C4620083 M4","reward",0.0143005284804884,"333 reward","1 reward"
"11957","M4","C4620083","1","334","C4620083 M4","reward",0.0142211508378666,"334 reward","1 reward"
"11958","M4","C4620083","1","335","C4620083 M4","reward",0.013958745349521,"335 reward","1 reward"
"11959","M4","C4620083","1","336","C4620083 M4","reward",0.0139515167408054,"336 reward","1 reward"
"11960","M4","C4620083","1","337","C4620083 M4","reward",0.0137554120706293,"337 reward","1 reward"
"11961","M4","C4620083","1","338","C4620083 M4","reward",0.0137053131955469,"338 reward","1 reward"
"11962","M4","C4620083","1","339","C4620083 M4","reward",0.0134714353070047,"339 reward","1 reward"
"11963","M4","C4620083","1","340","C4620083 M4","reward",0.013296877832467,"340 reward","1 reward"
"11964","M4","C4620083","1","341","C4620083 M4","reward",0.0125343310830472,"341 reward","1 reward"
"11965","M4","C4620083","1","342","C4620083 M4","reward",0.0123424306035169,"342 reward","1 reward"
"11966","M4","C4620083","1","343","C4620083 M4","reward",0.012294463397939,"343 reward","1 reward"
"11967","M4","C4620083","1","344","C4620083 M4","reward",0.0121967260371039,"344 reward","1 reward"
"11968","M4","C4620083","1","345","C4620083 M4","reward",0.0121915352092566,"345 reward","1 reward"
"11969","M4","C4620083","1","346","C4620083 M4","reward",0.0121247552922168,"346 reward","1 reward"
"11970","M4","C4620083","1","347","C4620083 M4","reward",0.0119373020401166,"347 reward","1 reward"
"11971","M4","C4620083","1","348","C4620083 M4","reward",0.0117454284228221,"348 reward","1 reward"
"11972","M4","C4620083","1","349","C4620083 M4","reward",0.0116134909624414,"349 reward","1 reward"
"11973","M4","C4620083","1","350","C4620083 M4","reward",0.0115217284451802,"350 reward","1 reward"
"11974","M4","C4620083","1","351","C4620083 M4","reward",0.0114701736814692,"351 reward","1 reward"
"11975","M4","C4620083","1","352","C4620083 M4","reward",0.0111392155042271,"352 reward","1 reward"
"11976","M4","C4620083","1","353","C4620083 M4","reward",0.0111006039823189,"353 reward","1 reward"
"11977","M4","C4620083","1","354","C4620083 M4","reward",0.0109683582680351,"354 reward","1 reward"
"11978","M4","C4620083","1","355","C4620083 M4","reward",0.0105011315501717,"355 reward","1 reward"
"11979","M4","C4620083","1","356","C4620083 M4","reward",0.0104682167058801,"356 reward","1 reward"
"11980","M4","C4620083","1","357","C4620083 M4","reward",0.0103600419970335,"357 reward","1 reward"
"11981","M4","C4620083","1","358","C4620083 M4","reward",0.0103225055388375,"358 reward","1 reward"
"11982","M4","C4620083","1","359","C4620083 M4","reward",0.010125804846132,"359 reward","1 reward"
"11983","M4","C4620083","1","360","C4620083 M4","reward",0.0100499930585687,"360 reward","1 reward"
"11984","M4","C4620083","1","361","C4620083 M4","reward",0.0100264835535491,"361 reward","1 reward"
"11985","M4","C4620083","1","362","C4620083 M4","reward",0.00967537649483986,"362 reward","1 reward"
"11986","M4","C4620083","1","363","C4620083 M4","reward",0.00965005363113106,"363 reward","1 reward"
"11987","M4","C4620083","1","364","C4620083 M4","reward",0.00949793867640808,"364 reward","1 reward"
"11988","M4","C4620083","1","365","C4620083 M4","reward",0.00929327597867673,"365 reward","1 reward"
"11989","M4","C4620083","1","366","C4620083 M4","reward",0.00907021593950648,"366 reward","1 reward"
"11990","M4","C4620083","1","367","C4620083 M4","reward",0.00880094133861193,"367 reward","1 reward"
"11991","M4","C4620083","1","368","C4620083 M4","reward",0.00868505815072823,"368 reward","1 reward"
"11992","M4","C4620083","1","369","C4620083 M4","reward",0.00864950838696378,"369 reward","1 reward"
"11993","M4","C4620083","1","370","C4620083 M4","reward",0.00800022643171769,"370 reward","1 reward"
"11994","M4","C4620083","1","371","C4620083 M4","reward",0.00766450312676323,"371 reward","1 reward"
"11995","M4","C4620083","1","372","C4620083 M4","reward",0.00759540766206921,"372 reward","1 reward"
"11996","M4","C4620083","1","373","C4620083 M4","reward",0.0075661344199989,"373 reward","1 reward"
"11997","M4","C4620083","1","374","C4620083 M4","reward",0.00688162002012427,"374 reward","1 reward"
"11998","M4","C4620083","1","375","C4620083 M4","reward",0.00659506218769724,"375 reward","1 reward"
"11999","M4","C4620083","1","376","C4620083 M4","reward",0.00612799812355589,"376 reward","1 reward"
"12000","M4","C4620083","1","377","C4620083 M4","reward",0.00591930417147174,"377 reward","1 reward"
"12001","M4","C4620083","1","378","C4620083 M4","reward",0.00582456714431171,"378 reward","1 reward"
"12002","M4","C4620083","1","379","C4620083 M4","reward",0.00580309621354726,"379 reward","1 reward"
"12003","M4","C4620083","1","380","C4620083 M4","reward",0.00576869819043741,"380 reward","1 reward"
"12004","M4","C4620083","1","381","C4620083 M4","reward",0.00551348571497525,"381 reward","1 reward"
"12005","M4","C4620083","1","382","C4620083 M4","reward",0.00550417560959031,"382 reward","1 reward"
"12006","M4","C4620083","1","383","C4620083 M4","reward",0.00549651047811045,"383 reward","1 reward"
"12007","M4","C4620083","1","384","C4620083 M4","reward",0.00472818731242189,"384 reward","1 reward"
"12008","M4","C4620083","1","385","C4620083 M4","reward",0.00467976825666072,"385 reward","1 reward"
"12009","M4","C4620083","1","386","C4620083 M4","reward",0.00465425138365464,"386 reward","1 reward"
"12010","M4","C4620083","1","387","C4620083 M4","reward",0.00455465158913954,"387 reward","1 reward"
"12011","M4","C4620083","1","388","C4620083 M4","reward",0.00438021733775697,"388 reward","1 reward"
"12012","M4","C4620083","1","389","C4620083 M4","reward",0.00384858775038812,"389 reward","1 reward"
"12013","M4","C4620083","1","390","C4620083 M4","reward",0.0031987839138498,"390 reward","1 reward"
"12014","M4","C4620083","1","391","C4620083 M4","reward",0.00300613970645582,"391 reward","1 reward"
"12015","M4","C4620083","1","392","C4620083 M4","reward",0.00246706786378033,"392 reward","1 reward"
"12016","M4","C4620083","1","393","C4620083 M4","reward",0.00246530852434036,"393 reward","1 reward"
"12017","M4","C4620083","1","394","C4620083 M4","reward",0.00182257364005423,"394 reward","1 reward"
"12018","M4","C4620083","1","395","C4620083 M4","reward",0.00143552849739916,"395 reward","1 reward"
"12019","M4","C4620083","1","396","C4620083 M4","reward",0.000793972931146136,"396 reward","1 reward"
"12020","M4","C4620083","1","397","C4620083 M4","reward",0.00062264518186693,"397 reward","1 reward"
"12021","M4","C4620083","1","398","C4620083 M4","reward",0.000600247514919682,"398 reward","1 reward"
"12022","M4","C4620083","1","399","C4620083 M4","reward",0.000506293061433852,"399 reward","1 reward"
"12023","M4","C4620083","1","400","C4620083 M4","reward",0.000454966224364959,"400 reward","1 reward"
"12024","M4","C4620083","1","401","C4620083 M4","reward",0.000402736280388742,"401 reward","1 reward"
"12025","M4","C4620083","1","402","C4620083 M4","reward",0.000232596264712834,"402 reward","1 reward"
"12026","M4","C4620083","1","403","C4620083 M4","reward",0.000212564955813541,"403 reward","1 reward"
"12027","M4","C4620083","1","404","C4620083 M4","reward",-8.73619550587085e-05,"404 reward","1 reward"
"12028","M4","C4620083","1","405","C4620083 M4","reward",-0.000194540753264292,"405 reward","1 reward"
"12029","M4","C4620083","1","406","C4620083 M4","reward",-0.000794367787980709,"406 reward","1 reward"
"12030","M4","C4620083","1","407","C4620083 M4","reward",-0.00177834466628797,"407 reward","1 reward"
"12031","M4","C4620083","1","408","C4620083 M4","reward",-0.00200774929767856,"408 reward","1 reward"
"12032","M4","C4620083","1","409","C4620083 M4","reward",-0.00213744249424367,"409 reward","1 reward"
"12033","M4","C4620083","1","410","C4620083 M4","reward",-0.00245386079373481,"410 reward","1 reward"
"12034","M4","C4620083","1","411","C4620083 M4","reward",-0.00249414731383156,"411 reward","1 reward"
"12035","M4","C4620083","1","412","C4620083 M4","reward",-0.00297829091866314,"412 reward","1 reward"
"12036","M4","C4620083","1","413","C4620083 M4","reward",-0.00332021852809281,"413 reward","1 reward"
"12037","M4","C4620083","1","414","C4620083 M4","reward",-0.00380039806719296,"414 reward","1 reward"
"12038","M4","C4620083","1","415","C4620083 M4","reward",-0.00662958031937816,"415 reward","1 reward"
"12039","M4","C4620083","1","416","C4620083 M4","reward",-0.00669538388615355,"416 reward","1 reward"
"12040","M4","C4620083","1","417","C4620083 M4","reward",-0.00707616851623799,"417 reward","1 reward"
"12041","M4","C4620083","1","418","C4620083 M4","reward",-0.00731600635288131,"418 reward","1 reward"
"12042","M4","C4620083","1","419","C4620083 M4","reward",-0.00766957579379526,"419 reward","1 reward"
"12043","M4","C4620083","1","420","C4620083 M4","reward",-0.00781034272165486,"420 reward","1 reward"
"12044","M4","C4620083","1","421","C4620083 M4","reward",-0.00894669870266712,"421 reward","1 reward"
"12045","M4","C4620083","1","422","C4620083 M4","reward",-0.0132061557685782,"422 reward","1 reward"
"12046","M4","C4620083","1","423","C4620083 M4","reward",-0.0194501761217439,"423 reward","1 reward"
"12047","M4","C4620083","1","424","C4620083 M4","reward",-0.0198125044748636,"424 reward","1 reward"
"12048","M4","C4620083","1","425","C4620083 M4","reward",-0.0204226965711124,"425 reward","1 reward"
"12049","M2","C4620081","1","0","C4620081 M2","reward",0.167527219246853,"0 reward","1 reward"
"12050","M2","C4620081","1","1","C4620081 M2","reward",0.165461971060477,"1 reward","1 reward"
"12051","M2","C4620081","1","2","C4620081 M2","reward",0.164357243422632,"2 reward","1 reward"
"12052","M2","C4620081","1","3","C4620081 M2","reward",0.163819259451509,"3 reward","1 reward"
"12053","M2","C4620081","1","4","C4620081 M2","reward",0.161551619706517,"4 reward","1 reward"
"12054","M2","C4620081","1","5","C4620081 M2","reward",0.160039831722193,"5 reward","1 reward"
"12055","M2","C4620081","1","6","C4620081 M2","reward",0.159023353662638,"6 reward","1 reward"
"12056","M2","C4620081","1","7","C4620081 M2","reward",0.156007977704641,"7 reward","1 reward"
"12057","M2","C4620081","1","8","C4620081 M2","reward",0.153582583559857,"8 reward","1 reward"
"12058","M2","C4620081","1","9","C4620081 M2","reward",0.152931125134231,"9 reward","1 reward"
"12059","M2","C4620081","1","10","C4620081 M2","reward",0.152754710491651,"10 reward","1 reward"
"12060","M2","C4620081","1","11","C4620081 M2","reward",0.151420452772715,"11 reward","1 reward"
"12061","M2","C4620081","1","12","C4620081 M2","reward",0.150648717583409,"12 reward","1 reward"
"12062","M2","C4620081","1","13","C4620081 M2","reward",0.145481613741184,"13 reward","1 reward"
"12063","M2","C4620081","1","14","C4620081 M2","reward",0.145073860248288,"14 reward","1 reward"
"12064","M2","C4620081","1","15","C4620081 M2","reward",0.144601472331595,"15 reward","1 reward"
"12065","M2","C4620081","1","16","C4620081 M2","reward",0.144047370948239,"16 reward","1 reward"
"12066","M2","C4620081","1","17","C4620081 M2","reward",0.143661062561191,"17 reward","1 reward"
"12067","M2","C4620081","1","18","C4620081 M2","reward",0.141425223113171,"18 reward","1 reward"
"12068","M2","C4620081","1","19","C4620081 M2","reward",0.140308890893104,"19 reward","1 reward"
"12069","M2","C4620081","1","20","C4620081 M2","reward",0.139122615247051,"20 reward","1 reward"
"12070","M2","C4620081","1","21","C4620081 M2","reward",0.138133871691522,"21 reward","1 reward"
"12071","M2","C4620081","1","22","C4620081 M2","reward",0.137037207117631,"22 reward","1 reward"
"12072","M2","C4620081","1","23","C4620081 M2","reward",0.136678802244003,"23 reward","1 reward"
"12073","M2","C4620081","1","24","C4620081 M2","reward",0.13643408982834,"24 reward","1 reward"
"12074","M2","C4620081","1","25","C4620081 M2","reward",0.136263566050978,"25 reward","1 reward"
"12075","M2","C4620081","1","26","C4620081 M2","reward",0.132894575233102,"26 reward","1 reward"
"12076","M2","C4620081","1","27","C4620081 M2","reward",0.132471636257432,"27 reward","1 reward"
"12077","M2","C4620081","1","28","C4620081 M2","reward",0.132052924775948,"28 reward","1 reward"
"12078","M2","C4620081","1","29","C4620081 M2","reward",0.130823848752033,"29 reward","1 reward"
"12079","M2","C4620081","1","30","C4620081 M2","reward",0.130536690999934,"30 reward","1 reward"
"12080","M2","C4620081","1","31","C4620081 M2","reward",0.130462694340985,"31 reward","1 reward"
"12081","M2","C4620081","1","32","C4620081 M2","reward",0.130430845249214,"32 reward","1 reward"
"12082","M2","C4620081","1","33","C4620081 M2","reward",0.129880254068233,"33 reward","1 reward"
"12083","M2","C4620081","1","34","C4620081 M2","reward",0.12933707881619,"34 reward","1 reward"
"12084","M2","C4620081","1","35","C4620081 M2","reward",0.129107057813649,"35 reward","1 reward"
"12085","M2","C4620081","1","36","C4620081 M2","reward",0.128433331792907,"36 reward","1 reward"
"12086","M2","C4620081","1","37","C4620081 M2","reward",0.128387957630976,"37 reward","1 reward"
"12087","M2","C4620081","1","38","C4620081 M2","reward",0.12837275877985,"38 reward","1 reward"
"12088","M2","C4620081","1","39","C4620081 M2","reward",0.126373692784095,"39 reward","1 reward"
"12089","M2","C4620081","1","40","C4620081 M2","reward",0.125664985526448,"40 reward","1 reward"
"12090","M2","C4620081","1","41","C4620081 M2","reward",0.12507373312614,"41 reward","1 reward"
"12091","M2","C4620081","1","42","C4620081 M2","reward",0.1247417868929,"42 reward","1 reward"
"12092","M2","C4620081","1","43","C4620081 M2","reward",0.12425003781835,"43 reward","1 reward"
"12093","M2","C4620081","1","44","C4620081 M2","reward",0.123998871126353,"44 reward","1 reward"
"12094","M2","C4620081","1","45","C4620081 M2","reward",0.123407093136978,"45 reward","1 reward"
"12095","M2","C4620081","1","46","C4620081 M2","reward",0.122926653745165,"46 reward","1 reward"
"12096","M2","C4620081","1","47","C4620081 M2","reward",0.122542607390384,"47 reward","1 reward"
"12097","M2","C4620081","1","48","C4620081 M2","reward",0.122248615181509,"48 reward","1 reward"
"12098","M2","C4620081","1","49","C4620081 M2","reward",0.121702353420766,"49 reward","1 reward"
"12099","M2","C4620081","1","50","C4620081 M2","reward",0.121699316799275,"50 reward","1 reward"
"12100","M2","C4620081","1","51","C4620081 M2","reward",0.121646935788063,"51 reward","1 reward"
"12101","M2","C4620081","1","52","C4620081 M2","reward",0.120454226848032,"52 reward","1 reward"
"12102","M2","C4620081","1","53","C4620081 M2","reward",0.120196018836258,"53 reward","1 reward"
"12103","M2","C4620081","1","54","C4620081 M2","reward",0.120136122770104,"54 reward","1 reward"
"12104","M2","C4620081","1","55","C4620081 M2","reward",0.119908711345671,"55 reward","1 reward"
"12105","M2","C4620081","1","56","C4620081 M2","reward",0.11990090484314,"56 reward","1 reward"
"12106","M2","C4620081","1","57","C4620081 M2","reward",0.119550397843847,"57 reward","1 reward"
"12107","M2","C4620081","1","58","C4620081 M2","reward",0.119192062920242,"58 reward","1 reward"
"12108","M2","C4620081","1","59","C4620081 M2","reward",0.118096777605504,"59 reward","1 reward"
"12109","M2","C4620081","1","60","C4620081 M2","reward",0.117937791658627,"60 reward","1 reward"
"12110","M2","C4620081","1","61","C4620081 M2","reward",0.117464761496994,"61 reward","1 reward"
"12111","M2","C4620081","1","62","C4620081 M2","reward",0.117221306962544,"62 reward","1 reward"
"12112","M2","C4620081","1","63","C4620081 M2","reward",0.117208991567713,"63 reward","1 reward"
"12113","M2","C4620081","1","64","C4620081 M2","reward",0.11696501765516,"64 reward","1 reward"
"12114","M2","C4620081","1","65","C4620081 M2","reward",0.115804222599838,"65 reward","1 reward"
"12115","M2","C4620081","1","66","C4620081 M2","reward",0.115540953230293,"66 reward","1 reward"
"12116","M2","C4620081","1","67","C4620081 M2","reward",0.115222935177614,"67 reward","1 reward"
"12117","M2","C4620081","1","68","C4620081 M2","reward",0.114596061805501,"68 reward","1 reward"
"12118","M2","C4620081","1","69","C4620081 M2","reward",0.113846218575631,"69 reward","1 reward"
"12119","M2","C4620081","1","70","C4620081 M2","reward",0.113352403915696,"70 reward","1 reward"
"12120","M2","C4620081","1","71","C4620081 M2","reward",0.113303455921405,"71 reward","1 reward"
"12121","M2","C4620081","1","72","C4620081 M2","reward",0.113129158700167,"72 reward","1 reward"
"12122","M2","C4620081","1","73","C4620081 M2","reward",0.113100253383789,"73 reward","1 reward"
"12123","M2","C4620081","1","74","C4620081 M2","reward",0.113017536678371,"74 reward","1 reward"
"12124","M2","C4620081","1","75","C4620081 M2","reward",0.112495384008981,"75 reward","1 reward"
"12125","M2","C4620081","1","76","C4620081 M2","reward",0.112230123821331,"76 reward","1 reward"
"12126","M2","C4620081","1","77","C4620081 M2","reward",0.110899486045108,"77 reward","1 reward"
"12127","M2","C4620081","1","78","C4620081 M2","reward",0.110890551604019,"78 reward","1 reward"
"12128","M2","C4620081","1","79","C4620081 M2","reward",0.110322598595596,"79 reward","1 reward"
"12129","M2","C4620081","1","80","C4620081 M2","reward",0.110229970570823,"80 reward","1 reward"
"12130","M2","C4620081","1","81","C4620081 M2","reward",0.110147871120459,"81 reward","1 reward"
"12131","M2","C4620081","1","82","C4620081 M2","reward",0.110097258869906,"82 reward","1 reward"
"12132","M2","C4620081","1","83","C4620081 M2","reward",0.109855741810207,"83 reward","1 reward"
"12133","M2","C4620081","1","84","C4620081 M2","reward",0.109619482796841,"84 reward","1 reward"
"12134","M2","C4620081","1","85","C4620081 M2","reward",0.109358358125798,"85 reward","1 reward"
"12135","M2","C4620081","1","86","C4620081 M2","reward",0.10901656277404,"86 reward","1 reward"
"12136","M2","C4620081","1","87","C4620081 M2","reward",0.10832783837763,"87 reward","1 reward"
"12137","M2","C4620081","1","88","C4620081 M2","reward",0.107901724107643,"88 reward","1 reward"
"12138","M2","C4620081","1","89","C4620081 M2","reward",0.107746776467657,"89 reward","1 reward"
"12139","M2","C4620081","1","90","C4620081 M2","reward",0.107000568072558,"90 reward","1 reward"
"12140","M2","C4620081","1","91","C4620081 M2","reward",0.106765079879309,"91 reward","1 reward"
"12141","M2","C4620081","1","92","C4620081 M2","reward",0.106552004102239,"92 reward","1 reward"
"12142","M2","C4620081","1","93","C4620081 M2","reward",0.106096280335974,"93 reward","1 reward"
"12143","M2","C4620081","1","94","C4620081 M2","reward",0.105997237415325,"94 reward","1 reward"
"12144","M2","C4620081","1","95","C4620081 M2","reward",0.105539521120312,"95 reward","1 reward"
"12145","M2","C4620081","1","96","C4620081 M2","reward",0.104774349160707,"96 reward","1 reward"
"12146","M2","C4620081","1","97","C4620081 M2","reward",0.104765507349321,"97 reward","1 reward"
"12147","M2","C4620081","1","98","C4620081 M2","reward",0.104481308147839,"98 reward","1 reward"
"12148","M2","C4620081","1","99","C4620081 M2","reward",0.104243979360409,"99 reward","1 reward"
"12149","M2","C4620081","1","100","C4620081 M2","reward",0.104185421742181,"100 reward","1 reward"
"12150","M2","C4620081","1","101","C4620081 M2","reward",0.103777147262397,"101 reward","1 reward"
"12151","M2","C4620081","1","102","C4620081 M2","reward",0.103703763468868,"102 reward","1 reward"
"12152","M2","C4620081","1","103","C4620081 M2","reward",0.103272221718047,"103 reward","1 reward"
"12153","M2","C4620081","1","104","C4620081 M2","reward",0.103019992846024,"104 reward","1 reward"
"12154","M2","C4620081","1","105","C4620081 M2","reward",0.102807322344108,"105 reward","1 reward"
"12155","M2","C4620081","1","106","C4620081 M2","reward",0.102723735284718,"106 reward","1 reward"
"12156","M2","C4620081","1","107","C4620081 M2","reward",0.102490459085845,"107 reward","1 reward"
"12157","M2","C4620081","1","108","C4620081 M2","reward",0.102343232214342,"108 reward","1 reward"
"12158","M2","C4620081","1","109","C4620081 M2","reward",0.102155058026524,"109 reward","1 reward"
"12159","M2","C4620081","1","110","C4620081 M2","reward",0.102131925167852,"110 reward","1 reward"
"12160","M2","C4620081","1","111","C4620081 M2","reward",0.101838430701544,"111 reward","1 reward"
"12161","M2","C4620081","1","112","C4620081 M2","reward",0.101716696410497,"112 reward","1 reward"
"12162","M2","C4620081","1","113","C4620081 M2","reward",0.101549161967289,"113 reward","1 reward"
"12163","M2","C4620081","1","114","C4620081 M2","reward",0.101306529058447,"114 reward","1 reward"
"12164","M2","C4620081","1","115","C4620081 M2","reward",0.101197479209436,"115 reward","1 reward"
"12165","M2","C4620081","1","116","C4620081 M2","reward",0.101154107480108,"116 reward","1 reward"
"12166","M2","C4620081","1","117","C4620081 M2","reward",0.101063613148114,"117 reward","1 reward"
"12167","M2","C4620081","1","118","C4620081 M2","reward",0.100822572635593,"118 reward","1 reward"
"12168","M2","C4620081","1","119","C4620081 M2","reward",0.100739563511006,"119 reward","1 reward"
"12169","M2","C4620081","1","120","C4620081 M2","reward",0.100427432325425,"120 reward","1 reward"
"12170","M2","C4620081","1","121","C4620081 M2","reward",0.100294761749145,"121 reward","1 reward"
"12171","M2","C4620081","1","122","C4620081 M2","reward",0.100187312035736,"122 reward","1 reward"
"12172","M2","C4620081","1","123","C4620081 M2","reward",0.100020045702815,"123 reward","1 reward"
"12173","M2","C4620081","1","124","C4620081 M2","reward",0.0998371256558507,"124 reward","1 reward"
"12174","M2","C4620081","1","125","C4620081 M2","reward",0.0997257026461837,"125 reward","1 reward"
"12175","M2","C4620081","1","126","C4620081 M2","reward",0.0994036197436264,"126 reward","1 reward"
"12176","M2","C4620081","1","127","C4620081 M2","reward",0.0992826724878794,"127 reward","1 reward"
"12177","M2","C4620081","1","128","C4620081 M2","reward",0.0992492544926234,"128 reward","1 reward"
"12178","M2","C4620081","1","129","C4620081 M2","reward",0.0992418141003756,"129 reward","1 reward"
"12179","M2","C4620081","1","130","C4620081 M2","reward",0.0991103649271656,"130 reward","1 reward"
"12180","M2","C4620081","1","131","C4620081 M2","reward",0.09908909746559,"131 reward","1 reward"
"12181","M2","C4620081","1","132","C4620081 M2","reward",0.0990028424124954,"132 reward","1 reward"
"12182","M2","C4620081","1","133","C4620081 M2","reward",0.0989060848397506,"133 reward","1 reward"
"12183","M2","C4620081","1","134","C4620081 M2","reward",0.0987557639867891,"134 reward","1 reward"
"12184","M2","C4620081","1","135","C4620081 M2","reward",0.0987538573844368,"135 reward","1 reward"
"12185","M2","C4620081","1","136","C4620081 M2","reward",0.0982547908034638,"136 reward","1 reward"
"12186","M2","C4620081","1","137","C4620081 M2","reward",0.0981856639001357,"137 reward","1 reward"
"12187","M2","C4620081","1","138","C4620081 M2","reward",0.0981523053913071,"138 reward","1 reward"
"12188","M2","C4620081","1","139","C4620081 M2","reward",0.0979794741511823,"139 reward","1 reward"
"12189","M2","C4620081","1","140","C4620081 M2","reward",0.0978033478154473,"140 reward","1 reward"
"12190","M2","C4620081","1","141","C4620081 M2","reward",0.0973983199563533,"141 reward","1 reward"
"12191","M2","C4620081","1","142","C4620081 M2","reward",0.097154625972705,"142 reward","1 reward"
"12192","M2","C4620081","1","143","C4620081 M2","reward",0.0967230151906398,"143 reward","1 reward"
"12193","M2","C4620081","1","144","C4620081 M2","reward",0.0966764939297011,"144 reward","1 reward"
"12194","M2","C4620081","1","145","C4620081 M2","reward",0.0963149248143853,"145 reward","1 reward"
"12195","M2","C4620081","1","146","C4620081 M2","reward",0.0961394952531386,"146 reward","1 reward"
"12196","M2","C4620081","1","147","C4620081 M2","reward",0.0953081151138192,"147 reward","1 reward"
"12197","M2","C4620081","1","148","C4620081 M2","reward",0.0952225357504819,"148 reward","1 reward"
"12198","M2","C4620081","1","149","C4620081 M2","reward",0.0951817342406598,"149 reward","1 reward"
"12199","M2","C4620081","1","150","C4620081 M2","reward",0.0951576004613914,"150 reward","1 reward"
"12200","M2","C4620081","1","151","C4620081 M2","reward",0.0951256978755631,"151 reward","1 reward"
"12201","M2","C4620081","1","152","C4620081 M2","reward",0.0947525990394981,"152 reward","1 reward"
"12202","M2","C4620081","1","153","C4620081 M2","reward",0.0947280383841732,"153 reward","1 reward"
"12203","M2","C4620081","1","154","C4620081 M2","reward",0.0946744896573953,"154 reward","1 reward"
"12204","M2","C4620081","1","155","C4620081 M2","reward",0.0944991899473402,"155 reward","1 reward"
"12205","M2","C4620081","1","156","C4620081 M2","reward",0.0944468928270989,"156 reward","1 reward"
"12206","M2","C4620081","1","157","C4620081 M2","reward",0.0942553964647107,"157 reward","1 reward"
"12207","M2","C4620081","1","158","C4620081 M2","reward",0.0937001669791458,"158 reward","1 reward"
"12208","M2","C4620081","1","159","C4620081 M2","reward",0.0936854256931093,"159 reward","1 reward"
"12209","M2","C4620081","1","160","C4620081 M2","reward",0.0932639869980174,"160 reward","1 reward"
"12210","M2","C4620081","1","161","C4620081 M2","reward",0.0931680358622271,"161 reward","1 reward"
"12211","M2","C4620081","1","162","C4620081 M2","reward",0.0930091320556667,"162 reward","1 reward"
"12212","M2","C4620081","1","163","C4620081 M2","reward",0.0930003556872821,"163 reward","1 reward"
"12213","M2","C4620081","1","164","C4620081 M2","reward",0.0928926373132427,"164 reward","1 reward"
"12214","M2","C4620081","1","165","C4620081 M2","reward",0.0927678781412791,"165 reward","1 reward"
"12215","M2","C4620081","1","166","C4620081 M2","reward",0.0927483226396865,"166 reward","1 reward"
"12216","M2","C4620081","1","167","C4620081 M2","reward",0.0926502433837499,"167 reward","1 reward"
"12217","M2","C4620081","1","168","C4620081 M2","reward",0.0925283008363949,"168 reward","1 reward"
"12218","M2","C4620081","1","169","C4620081 M2","reward",0.0923827752840209,"169 reward","1 reward"
"12219","M2","C4620081","1","170","C4620081 M2","reward",0.0923620979105667,"170 reward","1 reward"
"12220","M2","C4620081","1","171","C4620081 M2","reward",0.0922819361008281,"171 reward","1 reward"
"12221","M2","C4620081","1","172","C4620081 M2","reward",0.0919274070808223,"172 reward","1 reward"
"12222","M2","C4620081","1","173","C4620081 M2","reward",0.0914042902050064,"173 reward","1 reward"
"12223","M2","C4620081","1","174","C4620081 M2","reward",0.0913363632591739,"174 reward","1 reward"
"12224","M2","C4620081","1","175","C4620081 M2","reward",0.0912848161700868,"175 reward","1 reward"
"12225","M2","C4620081","1","176","C4620081 M2","reward",0.0904433572732897,"176 reward","1 reward"
"12226","M2","C4620081","1","177","C4620081 M2","reward",0.090062447654704,"177 reward","1 reward"
"12227","M2","C4620081","1","178","C4620081 M2","reward",0.0889325679970281,"178 reward","1 reward"
"12228","M2","C4620081","1","179","C4620081 M2","reward",0.0888604418438934,"179 reward","1 reward"
"12229","M2","C4620081","1","180","C4620081 M2","reward",0.0887916239347479,"180 reward","1 reward"
"12230","M2","C4620081","1","181","C4620081 M2","reward",0.0885687959365836,"181 reward","1 reward"
"12231","M2","C4620081","1","182","C4620081 M2","reward",0.0878050425951342,"182 reward","1 reward"
"12232","M2","C4620081","1","183","C4620081 M2","reward",0.087525487207522,"183 reward","1 reward"
"12233","M2","C4620081","1","184","C4620081 M2","reward",0.0873845605693887,"184 reward","1 reward"
"12234","M2","C4620081","1","185","C4620081 M2","reward",0.0873423582523582,"185 reward","1 reward"
"12235","M2","C4620081","1","186","C4620081 M2","reward",0.0872079465155921,"186 reward","1 reward"
"12236","M2","C4620081","1","187","C4620081 M2","reward",0.0871744502610871,"187 reward","1 reward"
"12237","M2","C4620081","1","188","C4620081 M2","reward",0.0866367810656452,"188 reward","1 reward"
"12238","M2","C4620081","1","189","C4620081 M2","reward",0.0864423876310794,"189 reward","1 reward"
"12239","M2","C4620081","1","190","C4620081 M2","reward",0.0862526499925197,"190 reward","1 reward"
"12240","M2","C4620081","1","191","C4620081 M2","reward",0.0862240793790074,"191 reward","1 reward"
"12241","M2","C4620081","1","192","C4620081 M2","reward",0.0861208137921386,"192 reward","1 reward"
"12242","M2","C4620081","1","193","C4620081 M2","reward",0.0858638430878235,"193 reward","1 reward"
"12243","M2","C4620081","1","194","C4620081 M2","reward",0.0858611675828337,"194 reward","1 reward"
"12244","M2","C4620081","1","195","C4620081 M2","reward",0.0855567195887386,"195 reward","1 reward"
"12245","M2","C4620081","1","196","C4620081 M2","reward",0.0852738073932873,"196 reward","1 reward"
"12246","M2","C4620081","1","197","C4620081 M2","reward",0.0851057296037487,"197 reward","1 reward"
"12247","M2","C4620081","1","198","C4620081 M2","reward",0.0849786244886905,"198 reward","1 reward"
"12248","M2","C4620081","1","199","C4620081 M2","reward",0.0848078048988983,"199 reward","1 reward"
"12249","M2","C4620081","1","200","C4620081 M2","reward",0.0846880204375892,"200 reward","1 reward"
"12250","M2","C4620081","1","201","C4620081 M2","reward",0.0843223617155882,"201 reward","1 reward"
"12251","M2","C4620081","1","202","C4620081 M2","reward",0.0841014222749551,"202 reward","1 reward"
"12252","M2","C4620081","1","203","C4620081 M2","reward",0.0840848527957323,"203 reward","1 reward"
"12253","M2","C4620081","1","204","C4620081 M2","reward",0.0839121206347151,"204 reward","1 reward"
"12254","M2","C4620081","1","205","C4620081 M2","reward",0.0838010632147821,"205 reward","1 reward"
"12255","M2","C4620081","1","206","C4620081 M2","reward",0.0836122018477373,"206 reward","1 reward"
"12256","M2","C4620081","1","207","C4620081 M2","reward",0.0833363042911588,"207 reward","1 reward"
"12257","M2","C4620081","1","208","C4620081 M2","reward",0.0827102506073906,"208 reward","1 reward"
"12258","M2","C4620081","1","209","C4620081 M2","reward",0.0827034529295569,"209 reward","1 reward"
"12259","M2","C4620081","1","210","C4620081 M2","reward",0.0824796669542074,"210 reward","1 reward"
"12260","M2","C4620081","1","211","C4620081 M2","reward",0.0818817431910664,"211 reward","1 reward"
"12261","M2","C4620081","1","212","C4620081 M2","reward",0.0817152838223824,"212 reward","1 reward"
"12262","M2","C4620081","1","213","C4620081 M2","reward",0.0816437175077244,"213 reward","1 reward"
"12263","M2","C4620081","1","214","C4620081 M2","reward",0.0815060568155356,"214 reward","1 reward"
"12264","M2","C4620081","1","215","C4620081 M2","reward",0.0813770922326063,"215 reward","1 reward"
"12265","M2","C4620081","1","216","C4620081 M2","reward",0.0811595040582072,"216 reward","1 reward"
"12266","M2","C4620081","1","217","C4620081 M2","reward",0.0810425305880447,"217 reward","1 reward"
"12267","M2","C4620081","1","218","C4620081 M2","reward",0.0809871609337827,"218 reward","1 reward"
"12268","M2","C4620081","1","219","C4620081 M2","reward",0.0809329539021057,"219 reward","1 reward"
"12269","M2","C4620081","1","220","C4620081 M2","reward",0.080770040174602,"220 reward","1 reward"
"12270","M2","C4620081","1","221","C4620081 M2","reward",0.0807116571643699,"221 reward","1 reward"
"12271","M2","C4620081","1","222","C4620081 M2","reward",0.0800890254196767,"222 reward","1 reward"
"12272","M2","C4620081","1","223","C4620081 M2","reward",0.0798918247920002,"223 reward","1 reward"
"12273","M2","C4620081","1","224","C4620081 M2","reward",0.0795279762152448,"224 reward","1 reward"
"12274","M2","C4620081","1","225","C4620081 M2","reward",0.0795192293316853,"225 reward","1 reward"
"12275","M2","C4620081","1","226","C4620081 M2","reward",0.0794087167209104,"226 reward","1 reward"
"12276","M2","C4620081","1","227","C4620081 M2","reward",0.0793781386561304,"227 reward","1 reward"
"12277","M2","C4620081","1","228","C4620081 M2","reward",0.0789438031039608,"228 reward","1 reward"
"12278","M2","C4620081","1","229","C4620081 M2","reward",0.0789192455065205,"229 reward","1 reward"
"12279","M2","C4620081","1","230","C4620081 M2","reward",0.0788351114673748,"230 reward","1 reward"
"12280","M2","C4620081","1","231","C4620081 M2","reward",0.0787957360938432,"231 reward","1 reward"
"12281","M2","C4620081","1","232","C4620081 M2","reward",0.0787513099523082,"232 reward","1 reward"
"12282","M2","C4620081","1","233","C4620081 M2","reward",0.0785039152667647,"233 reward","1 reward"
"12283","M2","C4620081","1","234","C4620081 M2","reward",0.0780231931339544,"234 reward","1 reward"
"12284","M2","C4620081","1","235","C4620081 M2","reward",0.0779093453301518,"235 reward","1 reward"
"12285","M2","C4620081","1","236","C4620081 M2","reward",0.077276334330507,"236 reward","1 reward"
"12286","M2","C4620081","1","237","C4620081 M2","reward",0.0771817693654834,"237 reward","1 reward"
"12287","M2","C4620081","1","238","C4620081 M2","reward",0.0770663280032299,"238 reward","1 reward"
"12288","M2","C4620081","1","239","C4620081 M2","reward",0.0769890038696835,"239 reward","1 reward"
"12289","M2","C4620081","1","240","C4620081 M2","reward",0.0769747881538062,"240 reward","1 reward"
"12290","M2","C4620081","1","241","C4620081 M2","reward",0.0768808358398537,"241 reward","1 reward"
"12291","M2","C4620081","1","242","C4620081 M2","reward",0.0766709932808137,"242 reward","1 reward"
"12292","M2","C4620081","1","243","C4620081 M2","reward",0.0764674395003603,"243 reward","1 reward"
"12293","M2","C4620081","1","244","C4620081 M2","reward",0.0761328316693694,"244 reward","1 reward"
"12294","M2","C4620081","1","245","C4620081 M2","reward",0.0759136963469048,"245 reward","1 reward"
"12295","M2","C4620081","1","246","C4620081 M2","reward",0.0756174079780614,"246 reward","1 reward"
"12296","M2","C4620081","1","247","C4620081 M2","reward",0.0752431275745996,"247 reward","1 reward"
"12297","M2","C4620081","1","248","C4620081 M2","reward",0.0751197787125999,"248 reward","1 reward"
"12298","M2","C4620081","1","249","C4620081 M2","reward",0.0750008285572207,"249 reward","1 reward"
"12299","M2","C4620081","1","250","C4620081 M2","reward",0.0747822906946964,"250 reward","1 reward"
"12300","M2","C4620081","1","251","C4620081 M2","reward",0.0746410180448676,"251 reward","1 reward"
"12301","M2","C4620081","1","252","C4620081 M2","reward",0.0743953709548458,"252 reward","1 reward"
"12302","M2","C4620081","1","253","C4620081 M2","reward",0.0743578221377698,"253 reward","1 reward"
"12303","M2","C4620081","1","254","C4620081 M2","reward",0.0742911272802391,"254 reward","1 reward"
"12304","M2","C4620081","1","255","C4620081 M2","reward",0.0741647076711867,"255 reward","1 reward"
"12305","M2","C4620081","1","256","C4620081 M2","reward",0.0740145365977857,"256 reward","1 reward"
"12306","M2","C4620081","1","257","C4620081 M2","reward",0.0737463318425323,"257 reward","1 reward"
"12307","M2","C4620081","1","258","C4620081 M2","reward",0.0736757448036488,"258 reward","1 reward"
"12308","M2","C4620081","1","259","C4620081 M2","reward",0.0735359491058505,"259 reward","1 reward"
"12309","M2","C4620081","1","260","C4620081 M2","reward",0.0732560588316597,"260 reward","1 reward"
"12310","M2","C4620081","1","261","C4620081 M2","reward",0.072801353093007,"261 reward","1 reward"
"12311","M2","C4620081","1","262","C4620081 M2","reward",0.0726855298621506,"262 reward","1 reward"
"12312","M2","C4620081","1","263","C4620081 M2","reward",0.0725661828889899,"263 reward","1 reward"
"12313","M2","C4620081","1","264","C4620081 M2","reward",0.0720079786308283,"264 reward","1 reward"
"12314","M2","C4620081","1","265","C4620081 M2","reward",0.0712258889873092,"265 reward","1 reward"
"12315","M2","C4620081","1","266","C4620081 M2","reward",0.071136520748732,"266 reward","1 reward"
"12316","M2","C4620081","1","267","C4620081 M2","reward",0.0711352328829797,"267 reward","1 reward"
"12317","M2","C4620081","1","268","C4620081 M2","reward",0.0706610538146996,"268 reward","1 reward"
"12318","M2","C4620081","1","269","C4620081 M2","reward",0.0705546746874494,"269 reward","1 reward"
"12319","M2","C4620081","1","270","C4620081 M2","reward",0.0700845232183726,"270 reward","1 reward"
"12320","M2","C4620081","1","271","C4620081 M2","reward",0.0699241457351517,"271 reward","1 reward"
"12321","M2","C4620081","1","272","C4620081 M2","reward",0.0694536703960294,"272 reward","1 reward"
"12322","M2","C4620081","1","273","C4620081 M2","reward",0.069325064587277,"273 reward","1 reward"
"12323","M2","C4620081","1","274","C4620081 M2","reward",0.0692792007387341,"274 reward","1 reward"
"12324","M2","C4620081","1","275","C4620081 M2","reward",0.0692198515448109,"275 reward","1 reward"
"12325","M2","C4620081","1","276","C4620081 M2","reward",0.0691735095075014,"276 reward","1 reward"
"12326","M2","C4620081","1","277","C4620081 M2","reward",0.0688740722180343,"277 reward","1 reward"
"12327","M2","C4620081","1","278","C4620081 M2","reward",0.0688510013724897,"278 reward","1 reward"
"12328","M2","C4620081","1","279","C4620081 M2","reward",0.0688386744636657,"279 reward","1 reward"
"12329","M2","C4620081","1","280","C4620081 M2","reward",0.0688386357407865,"280 reward","1 reward"
"12330","M2","C4620081","1","281","C4620081 M2","reward",0.0685702789280282,"281 reward","1 reward"
"12331","M2","C4620081","1","282","C4620081 M2","reward",0.0680433467476683,"282 reward","1 reward"
"12332","M2","C4620081","1","283","C4620081 M2","reward",0.0678081665388107,"283 reward","1 reward"
"12333","M2","C4620081","1","284","C4620081 M2","reward",0.0675502677060503,"284 reward","1 reward"
"12334","M2","C4620081","1","285","C4620081 M2","reward",0.0670599113056909,"285 reward","1 reward"
"12335","M2","C4620081","1","286","C4620081 M2","reward",0.0670495461688029,"286 reward","1 reward"
"12336","M2","C4620081","1","287","C4620081 M2","reward",0.0670140351429974,"287 reward","1 reward"
"12337","M2","C4620081","1","288","C4620081 M2","reward",0.0669455779401353,"288 reward","1 reward"
"12338","M2","C4620081","1","289","C4620081 M2","reward",0.0668470739340296,"289 reward","1 reward"
"12339","M2","C4620081","1","290","C4620081 M2","reward",0.0668203528853537,"290 reward","1 reward"
"12340","M2","C4620081","1","291","C4620081 M2","reward",0.0665623343571324,"291 reward","1 reward"
"12341","M2","C4620081","1","292","C4620081 M2","reward",0.0663340811377163,"292 reward","1 reward"
"12342","M2","C4620081","1","293","C4620081 M2","reward",0.0662638243906676,"293 reward","1 reward"
"12343","M2","C4620081","1","294","C4620081 M2","reward",0.0662041367859805,"294 reward","1 reward"
"12344","M2","C4620081","1","295","C4620081 M2","reward",0.065515825896812,"295 reward","1 reward"
"12345","M2","C4620081","1","296","C4620081 M2","reward",0.0653779781107934,"296 reward","1 reward"
"12346","M2","C4620081","1","297","C4620081 M2","reward",0.0653411087419162,"297 reward","1 reward"
"12347","M2","C4620081","1","298","C4620081 M2","reward",0.0652821989423003,"298 reward","1 reward"
"12348","M2","C4620081","1","299","C4620081 M2","reward",0.064989106578912,"299 reward","1 reward"
"12349","M2","C4620081","1","300","C4620081 M2","reward",0.0645092834376368,"300 reward","1 reward"
"12350","M2","C4620081","1","301","C4620081 M2","reward",0.0636908079536629,"301 reward","1 reward"
"12351","M2","C4620081","1","302","C4620081 M2","reward",0.0635282079470755,"302 reward","1 reward"
"12352","M2","C4620081","1","303","C4620081 M2","reward",0.0634961692014712,"303 reward","1 reward"
"12353","M2","C4620081","1","304","C4620081 M2","reward",0.0630534492631913,"304 reward","1 reward"
"12354","M2","C4620081","1","305","C4620081 M2","reward",0.0629224337267331,"305 reward","1 reward"
"12355","M2","C4620081","1","306","C4620081 M2","reward",0.0628421532420333,"306 reward","1 reward"
"12356","M2","C4620081","1","307","C4620081 M2","reward",0.062330589292574,"307 reward","1 reward"
"12357","M2","C4620081","1","308","C4620081 M2","reward",0.0622752484529754,"308 reward","1 reward"
"12358","M2","C4620081","1","309","C4620081 M2","reward",0.0622403225346647,"309 reward","1 reward"
"12359","M2","C4620081","1","310","C4620081 M2","reward",0.0621896698955836,"310 reward","1 reward"
"12360","M2","C4620081","1","311","C4620081 M2","reward",0.0621384596205222,"311 reward","1 reward"
"12361","M2","C4620081","1","312","C4620081 M2","reward",0.0621289850436772,"312 reward","1 reward"
"12362","M2","C4620081","1","313","C4620081 M2","reward",0.0621074476546742,"313 reward","1 reward"
"12363","M2","C4620081","1","314","C4620081 M2","reward",0.061500508107989,"314 reward","1 reward"
"12364","M2","C4620081","1","315","C4620081 M2","reward",0.0613045952393989,"315 reward","1 reward"
"12365","M2","C4620081","1","316","C4620081 M2","reward",0.061298137694256,"316 reward","1 reward"
"12366","M2","C4620081","1","317","C4620081 M2","reward",0.061130644168864,"317 reward","1 reward"
"12367","M2","C4620081","1","318","C4620081 M2","reward",0.0610352755038996,"318 reward","1 reward"
"12368","M2","C4620081","1","319","C4620081 M2","reward",0.0605259868289961,"319 reward","1 reward"
"12369","M2","C4620081","1","320","C4620081 M2","reward",0.0600588206138514,"320 reward","1 reward"
"12370","M2","C4620081","1","321","C4620081 M2","reward",0.0598427560935018,"321 reward","1 reward"
"12371","M2","C4620081","1","322","C4620081 M2","reward",0.0598313815006096,"322 reward","1 reward"
"12372","M2","C4620081","1","323","C4620081 M2","reward",0.0591900144631059,"323 reward","1 reward"
"12373","M2","C4620081","1","324","C4620081 M2","reward",0.0591203386300323,"324 reward","1 reward"
"12374","M2","C4620081","1","325","C4620081 M2","reward",0.0590875931885934,"325 reward","1 reward"
"12375","M2","C4620081","1","326","C4620081 M2","reward",0.0589592125173297,"326 reward","1 reward"
"12376","M2","C4620081","1","327","C4620081 M2","reward",0.0588436268171993,"327 reward","1 reward"
"12377","M2","C4620081","1","328","C4620081 M2","reward",0.0586027053277581,"328 reward","1 reward"
"12378","M2","C4620081","1","329","C4620081 M2","reward",0.0584897170915065,"329 reward","1 reward"
"12379","M2","C4620081","1","330","C4620081 M2","reward",0.0583628723556204,"330 reward","1 reward"
"12380","M2","C4620081","1","331","C4620081 M2","reward",0.0583607036190343,"331 reward","1 reward"
"12381","M2","C4620081","1","332","C4620081 M2","reward",0.0581455903110621,"332 reward","1 reward"
"12382","M2","C4620081","1","333","C4620081 M2","reward",0.058089551828275,"333 reward","1 reward"
"12383","M2","C4620081","1","334","C4620081 M2","reward",0.0578195231015803,"334 reward","1 reward"
"12384","M2","C4620081","1","335","C4620081 M2","reward",0.0576786489869152,"335 reward","1 reward"
"12385","M2","C4620081","1","336","C4620081 M2","reward",0.0575712490914542,"336 reward","1 reward"
"12386","M2","C4620081","1","337","C4620081 M2","reward",0.0574687688114267,"337 reward","1 reward"
"12387","M2","C4620081","1","338","C4620081 M2","reward",0.0574340946476578,"338 reward","1 reward"
"12388","M2","C4620081","1","339","C4620081 M2","reward",0.05741703228589,"339 reward","1 reward"
"12389","M2","C4620081","1","340","C4620081 M2","reward",0.0571323567759206,"340 reward","1 reward"
"12390","M2","C4620081","1","341","C4620081 M2","reward",0.057057686941092,"341 reward","1 reward"
"12391","M2","C4620081","1","342","C4620081 M2","reward",0.0569957413297392,"342 reward","1 reward"
"12392","M2","C4620081","1","343","C4620081 M2","reward",0.0566995764631109,"343 reward","1 reward"
"12393","M2","C4620081","1","344","C4620081 M2","reward",0.0565981399931637,"344 reward","1 reward"
"12394","M2","C4620081","1","345","C4620081 M2","reward",0.0563398985209596,"345 reward","1 reward"
"12395","M2","C4620081","1","346","C4620081 M2","reward",0.056042034697643,"346 reward","1 reward"
"12396","M2","C4620081","1","347","C4620081 M2","reward",0.0559196114244374,"347 reward","1 reward"
"12397","M2","C4620081","1","348","C4620081 M2","reward",0.0558981677206619,"348 reward","1 reward"
"12398","M2","C4620081","1","349","C4620081 M2","reward",0.0556343294395669,"349 reward","1 reward"
"12399","M2","C4620081","1","350","C4620081 M2","reward",0.0542127976832019,"350 reward","1 reward"
"12400","M2","C4620081","1","351","C4620081 M2","reward",0.0540806923533495,"351 reward","1 reward"
"12401","M2","C4620081","1","352","C4620081 M2","reward",0.0539174913748051,"352 reward","1 reward"
"12402","M2","C4620081","1","353","C4620081 M2","reward",0.0538086890018791,"353 reward","1 reward"
"12403","M2","C4620081","1","354","C4620081 M2","reward",0.0535992988400776,"354 reward","1 reward"
"12404","M2","C4620081","1","355","C4620081 M2","reward",0.0533012645275538,"355 reward","1 reward"
"12405","M2","C4620081","1","356","C4620081 M2","reward",0.0526943220687278,"356 reward","1 reward"
"12406","M2","C4620081","1","357","C4620081 M2","reward",0.0526527844590858,"357 reward","1 reward"
"12407","M2","C4620081","1","358","C4620081 M2","reward",0.0525966801750625,"358 reward","1 reward"
"12408","M2","C4620081","1","359","C4620081 M2","reward",0.0521759616181489,"359 reward","1 reward"
"12409","M2","C4620081","1","360","C4620081 M2","reward",0.0519262915422678,"360 reward","1 reward"
"12410","M2","C4620081","1","361","C4620081 M2","reward",0.0519194634068761,"361 reward","1 reward"
"12411","M2","C4620081","1","362","C4620081 M2","reward",0.0518077106326763,"362 reward","1 reward"
"12412","M2","C4620081","1","363","C4620081 M2","reward",0.0514272292475712,"363 reward","1 reward"
"12413","M2","C4620081","1","364","C4620081 M2","reward",0.0514242404540092,"364 reward","1 reward"
"12414","M2","C4620081","1","365","C4620081 M2","reward",0.0510199041738972,"365 reward","1 reward"
"12415","M2","C4620081","1","366","C4620081 M2","reward",0.0505363725844627,"366 reward","1 reward"
"12416","M2","C4620081","1","367","C4620081 M2","reward",0.0503829174942884,"367 reward","1 reward"
"12417","M2","C4620081","1","368","C4620081 M2","reward",0.0501937170958135,"368 reward","1 reward"
"12418","M2","C4620081","1","369","C4620081 M2","reward",0.0500931236733469,"369 reward","1 reward"
"12419","M2","C4620081","1","370","C4620081 M2","reward",0.0499199913840404,"370 reward","1 reward"
"12420","M2","C4620081","1","371","C4620081 M2","reward",0.048040103266521,"371 reward","1 reward"
"12421","M2","C4620081","1","372","C4620081 M2","reward",0.0477828430436854,"372 reward","1 reward"
"12422","M2","C4620081","1","373","C4620081 M2","reward",0.0477363875781132,"373 reward","1 reward"
"12423","M2","C4620081","1","374","C4620081 M2","reward",0.047643732977377,"374 reward","1 reward"
"12424","M2","C4620081","1","375","C4620081 M2","reward",0.0475489343146235,"375 reward","1 reward"
"12425","M2","C4620081","1","376","C4620081 M2","reward",0.0475433079073629,"376 reward","1 reward"
"12426","M2","C4620081","1","377","C4620081 M2","reward",0.0474099276149274,"377 reward","1 reward"
"12427","M2","C4620081","1","378","C4620081 M2","reward",0.0472819768750563,"378 reward","1 reward"
"12428","M2","C4620081","1","379","C4620081 M2","reward",0.0471518568715373,"379 reward","1 reward"
"12429","M2","C4620081","1","380","C4620081 M2","reward",0.046921571670077,"380 reward","1 reward"
"12430","M2","C4620081","1","381","C4620081 M2","reward",0.0468151054681973,"381 reward","1 reward"
"12431","M2","C4620081","1","382","C4620081 M2","reward",0.0462337534053887,"382 reward","1 reward"
"12432","M2","C4620081","1","383","C4620081 M2","reward",0.0459280447487927,"383 reward","1 reward"
"12433","M2","C4620081","1","384","C4620081 M2","reward",0.0446136951542918,"384 reward","1 reward"
"12434","M2","C4620081","1","385","C4620081 M2","reward",0.0443355780171341,"385 reward","1 reward"
"12435","M2","C4620081","1","386","C4620081 M2","reward",0.0437713924256565,"386 reward","1 reward"
"12436","M2","C4620081","1","387","C4620081 M2","reward",0.0436833195811072,"387 reward","1 reward"
"12437","M2","C4620081","1","388","C4620081 M2","reward",0.0434086072710579,"388 reward","1 reward"
"12438","M2","C4620081","1","389","C4620081 M2","reward",0.0430698828158705,"389 reward","1 reward"
"12439","M2","C4620081","1","390","C4620081 M2","reward",0.0430561805734353,"390 reward","1 reward"
"12440","M2","C4620081","1","391","C4620081 M2","reward",0.0423473604248651,"391 reward","1 reward"
"12441","M2","C4620081","1","392","C4620081 M2","reward",0.0422072962167612,"392 reward","1 reward"
"12442","M2","C4620081","1","393","C4620081 M2","reward",0.0418891098482551,"393 reward","1 reward"
"12443","M2","C4620081","1","394","C4620081 M2","reward",0.0414103280806591,"394 reward","1 reward"
"12444","M2","C4620081","1","395","C4620081 M2","reward",0.041273715983189,"395 reward","1 reward"
"12445","M2","C4620081","1","396","C4620081 M2","reward",0.041075188280296,"396 reward","1 reward"
"12446","M2","C4620081","1","397","C4620081 M2","reward",0.0409905783220623,"397 reward","1 reward"
"12447","M2","C4620081","1","398","C4620081 M2","reward",0.0408969104374244,"398 reward","1 reward"
"12448","M2","C4620081","1","399","C4620081 M2","reward",0.0407187887217384,"399 reward","1 reward"
"12449","M2","C4620081","1","400","C4620081 M2","reward",0.0404858296793741,"400 reward","1 reward"
"12450","M2","C4620081","1","401","C4620081 M2","reward",0.0400988927095365,"401 reward","1 reward"
"12451","M2","C4620081","1","402","C4620081 M2","reward",0.0400402257110561,"402 reward","1 reward"
"12452","M2","C4620081","1","403","C4620081 M2","reward",0.0400365891776827,"403 reward","1 reward"
"12453","M2","C4620081","1","404","C4620081 M2","reward",0.0390378585533822,"404 reward","1 reward"
"12454","M2","C4620081","1","405","C4620081 M2","reward",0.0386172968295581,"405 reward","1 reward"
"12455","M2","C4620081","1","406","C4620081 M2","reward",0.0385809167088936,"406 reward","1 reward"
"12456","M2","C4620081","1","407","C4620081 M2","reward",0.0385048375808885,"407 reward","1 reward"
"12457","M2","C4620081","1","408","C4620081 M2","reward",0.0384454897725862,"408 reward","1 reward"
"12458","M2","C4620081","1","409","C4620081 M2","reward",0.038409072047021,"409 reward","1 reward"
"12459","M2","C4620081","1","410","C4620081 M2","reward",0.0382764292923827,"410 reward","1 reward"
"12460","M2","C4620081","1","411","C4620081 M2","reward",0.0376462593183867,"411 reward","1 reward"
"12461","M2","C4620081","1","412","C4620081 M2","reward",0.0371537341484212,"412 reward","1 reward"
"12462","M2","C4620081","1","413","C4620081 M2","reward",0.0371345375415989,"413 reward","1 reward"
"12463","M2","C4620081","1","414","C4620081 M2","reward",0.0369348214372451,"414 reward","1 reward"
"12464","M2","C4620081","1","415","C4620081 M2","reward",0.0366778243856118,"415 reward","1 reward"
"12465","M2","C4620081","1","416","C4620081 M2","reward",0.0363674034673063,"416 reward","1 reward"
"12466","M2","C4620081","1","417","C4620081 M2","reward",0.0362267649171098,"417 reward","1 reward"
"12467","M2","C4620081","1","418","C4620081 M2","reward",0.0361629619046094,"418 reward","1 reward"
"12468","M2","C4620081","1","419","C4620081 M2","reward",0.0359668407223375,"419 reward","1 reward"
"12469","M2","C4620081","1","420","C4620081 M2","reward",0.0357500904358682,"420 reward","1 reward"
"12470","M2","C4620081","1","421","C4620081 M2","reward",0.0354896904896339,"421 reward","1 reward"
"12471","M2","C4620081","1","422","C4620081 M2","reward",0.0352350255417666,"422 reward","1 reward"
"12472","M2","C4620081","1","423","C4620081 M2","reward",0.0338050366386339,"423 reward","1 reward"
"12473","M2","C4620081","1","424","C4620081 M2","reward",0.0337867636384293,"424 reward","1 reward"
"12474","M2","C4620081","1","425","C4620081 M2","reward",0.0319227877853329,"425 reward","1 reward"
"12475","M2","C4620081","1","426","C4620081 M2","reward",0.0312398130516281,"426 reward","1 reward"
"12476","M2","C4620081","1","427","C4620081 M2","reward",0.0311964703190949,"427 reward","1 reward"
"12477","M2","C4620081","1","428","C4620081 M2","reward",0.0311895535245319,"428 reward","1 reward"
"12478","M2","C4620081","1","429","C4620081 M2","reward",0.030832242273269,"429 reward","1 reward"
"12479","M2","C4620081","1","430","C4620081 M2","reward",0.030617706920734,"430 reward","1 reward"
"12480","M2","C4620081","1","431","C4620081 M2","reward",0.0305714346652091,"431 reward","1 reward"
"12481","M2","C4620081","1","432","C4620081 M2","reward",0.0301634112537543,"432 reward","1 reward"
"12482","M2","C4620081","1","433","C4620081 M2","reward",0.0300441040133607,"433 reward","1 reward"
"12483","M2","C4620081","1","434","C4620081 M2","reward",0.0298331303181247,"434 reward","1 reward"
"12484","M2","C4620081","1","435","C4620081 M2","reward",0.0298150784070655,"435 reward","1 reward"
"12485","M2","C4620081","1","436","C4620081 M2","reward",0.0296521927417534,"436 reward","1 reward"
"12486","M2","C4620081","1","437","C4620081 M2","reward",0.0294641185716735,"437 reward","1 reward"
"12487","M2","C4620081","1","438","C4620081 M2","reward",0.0291202454393621,"438 reward","1 reward"
"12488","M2","C4620081","1","439","C4620081 M2","reward",0.0283373252602821,"439 reward","1 reward"
"12489","M2","C4620081","1","440","C4620081 M2","reward",0.027949401868383,"440 reward","1 reward"
"12490","M2","C4620081","1","441","C4620081 M2","reward",0.0279424311201695,"441 reward","1 reward"
"12491","M2","C4620081","1","442","C4620081 M2","reward",0.0275002216465816,"442 reward","1 reward"
"12492","M2","C4620081","1","443","C4620081 M2","reward",0.0270803826933674,"443 reward","1 reward"
"12493","M2","C4620081","1","444","C4620081 M2","reward",0.0268583293173104,"444 reward","1 reward"
"12494","M2","C4620081","1","445","C4620081 M2","reward",0.0268137245299119,"445 reward","1 reward"
"12495","M2","C4620081","1","446","C4620081 M2","reward",0.0268071725999313,"446 reward","1 reward"
"12496","M2","C4620081","1","447","C4620081 M2","reward",0.025314076400052,"447 reward","1 reward"
"12497","M2","C4620081","1","448","C4620081 M2","reward",0.0238834778673075,"448 reward","1 reward"
"12498","M2","C4620081","1","449","C4620081 M2","reward",0.0238199838514076,"449 reward","1 reward"
"12499","M2","C4620081","1","450","C4620081 M2","reward",0.0235873744970085,"450 reward","1 reward"
"12500","M2","C4620081","1","451","C4620081 M2","reward",0.0231680427777983,"451 reward","1 reward"
"12501","M2","C4620081","1","452","C4620081 M2","reward",0.0225920885184235,"452 reward","1 reward"
"12502","M2","C4620081","1","453","C4620081 M2","reward",0.0221469443575546,"453 reward","1 reward"
"12503","M2","C4620081","1","454","C4620081 M2","reward",0.0197557910281084,"454 reward","1 reward"
"12504","M2","C4620081","1","455","C4620081 M2","reward",0.0189214734958531,"455 reward","1 reward"
"12505","M2","C4620081","1","456","C4620081 M2","reward",0.0183626624048806,"456 reward","1 reward"
"12506","M2","C4620081","1","457","C4620081 M2","reward",0.0181035302089133,"457 reward","1 reward"
"12507","M2","C4620081","1","458","C4620081 M2","reward",0.0178697880273046,"458 reward","1 reward"
"12508","M2","C4620081","1","459","C4620081 M2","reward",0.0178263600215032,"459 reward","1 reward"
"12509","M2","C4620081","1","460","C4620081 M2","reward",0.0165784001845273,"460 reward","1 reward"
"12510","M2","C4620081","1","461","C4620081 M2","reward",0.0163055184274415,"461 reward","1 reward"
"12511","M2","C4620081","1","462","C4620081 M2","reward",0.015399821359859,"462 reward","1 reward"
"12512","M2","C4620081","1","463","C4620081 M2","reward",0.015399071246524,"463 reward","1 reward"
"12513","M2","C4620081","1","464","C4620081 M2","reward",0.0148252762428406,"464 reward","1 reward"
"12514","M2","C4620081","1","465","C4620081 M2","reward",0.0133437319412507,"465 reward","1 reward"
"12515","M2","C4620081","1","466","C4620081 M2","reward",0.012223641673928,"466 reward","1 reward"
"12516","M2","C4620081","1","467","C4620081 M2","reward",0.00939442514133508,"467 reward","1 reward"
"12517","M2","C4620081","1","468","C4620081 M2","reward",0.00933984046257492,"468 reward","1 reward"
"12518","M2","C4620081","1","469","C4620081 M2","reward",0.00901833852191777,"469 reward","1 reward"
"12519","M2","C4620081","1","470","C4620081 M2","reward",0.00701107123861948,"470 reward","1 reward"
"12520","M2","C4620081","1","471","C4620081 M2","reward",0.00660994969585962,"471 reward","1 reward"
"12521","M2","C4620081","1","472","C4620081 M2","reward",0.00630113393839602,"472 reward","1 reward"
"12522","M2","C4620081","1","473","C4620081 M2","reward",0.00431619933233346,"473 reward","1 reward"
"12523","M2","C4620081","1","474","C4620081 M2","reward",0.00400381482819726,"474 reward","1 reward"
"12524","M2","C4620081","1","475","C4620081 M2","reward",0.000457942751172113,"475 reward","1 reward"
"12525","M2","C4620081","1","476","C4620081 M2","reward",-0.00102664405700414,"476 reward","1 reward"
"12526","M2","C4620081","1","477","C4620081 M2","reward",-0.00222541421570215,"477 reward","1 reward"
"12527","M2","C4620081","1","478","C4620081 M2","reward",-0.00369441918434284,"478 reward","1 reward"
"12528","M2","C4620081","1","479","C4620081 M2","reward",-0.00393865183359858,"479 reward","1 reward"
"12529","M2","C4620081","1","480","C4620081 M2","reward",-0.00435160220198723,"480 reward","1 reward"
"12530","M2","C4620081","1","481","C4620081 M2","reward",-0.00745973251628414,"481 reward","1 reward"
"12531","M2","C4620081","1","482","C4620081 M2","reward",-0.0110071739294526,"482 reward","1 reward"
"12532","M2","C4620081","1","483","C4620081 M2","reward",-0.0264082438020303,"483 reward","1 reward"
"12533","M2","C4620081","1","484","C4620081 M2","reward",-0.0293346687761663,"484 reward","1 reward"
"12534","M3","C4620081","1","0","C4620081 M3","reward",0.177082024076085,"0 reward","1 reward"
"12535","M3","C4620081","1","1","C4620081 M3","reward",0.163895953982705,"1 reward","1 reward"
"12536","M3","C4620081","1","2","C4620081 M3","reward",0.15406153502257,"2 reward","1 reward"
"12537","M3","C4620081","1","3","C4620081 M3","reward",0.151347174057227,"3 reward","1 reward"
"12538","M3","C4620081","1","4","C4620081 M3","reward",0.143821097615101,"4 reward","1 reward"
"12539","M3","C4620081","1","5","C4620081 M3","reward",0.138396098333228,"5 reward","1 reward"
"12540","M3","C4620081","1","6","C4620081 M3","reward",0.137049760647025,"6 reward","1 reward"
"12541","M3","C4620081","1","7","C4620081 M3","reward",0.132518310043101,"7 reward","1 reward"
"12542","M3","C4620081","1","8","C4620081 M3","reward",0.131602836617676,"8 reward","1 reward"
"12543","M3","C4620081","1","9","C4620081 M3","reward",0.131247446122419,"9 reward","1 reward"
"12544","M3","C4620081","1","10","C4620081 M3","reward",0.130163010887677,"10 reward","1 reward"
"12545","M3","C4620081","1","11","C4620081 M3","reward",0.129515120575957,"11 reward","1 reward"
"12546","M3","C4620081","1","12","C4620081 M3","reward",0.129475298487287,"12 reward","1 reward"
"12547","M3","C4620081","1","13","C4620081 M3","reward",0.127033984601613,"13 reward","1 reward"
"12548","M3","C4620081","1","14","C4620081 M3","reward",0.126084347239203,"14 reward","1 reward"
"12549","M3","C4620081","1","15","C4620081 M3","reward",0.124985153914383,"15 reward","1 reward"
"12550","M3","C4620081","1","16","C4620081 M3","reward",0.124095712576282,"16 reward","1 reward"
"12551","M3","C4620081","1","17","C4620081 M3","reward",0.123706098667619,"17 reward","1 reward"
"12552","M3","C4620081","1","18","C4620081 M3","reward",0.123224446357615,"18 reward","1 reward"
"12553","M3","C4620081","1","19","C4620081 M3","reward",0.122738692553048,"19 reward","1 reward"
"12554","M3","C4620081","1","20","C4620081 M3","reward",0.121087146270484,"20 reward","1 reward"
"12555","M3","C4620081","1","21","C4620081 M3","reward",0.119756451996953,"21 reward","1 reward"
"12556","M3","C4620081","1","22","C4620081 M3","reward",0.119652109279533,"22 reward","1 reward"
"12557","M3","C4620081","1","23","C4620081 M3","reward",0.119596748336501,"23 reward","1 reward"
"12558","M3","C4620081","1","24","C4620081 M3","reward",0.117110453068559,"24 reward","1 reward"
"12559","M3","C4620081","1","25","C4620081 M3","reward",0.116219607986447,"25 reward","1 reward"
"12560","M3","C4620081","1","26","C4620081 M3","reward",0.115586251177718,"26 reward","1 reward"
"12561","M3","C4620081","1","27","C4620081 M3","reward",0.113919744877247,"27 reward","1 reward"
"12562","M3","C4620081","1","28","C4620081 M3","reward",0.112429119304389,"28 reward","1 reward"
"12563","M3","C4620081","1","29","C4620081 M3","reward",0.112141085722162,"29 reward","1 reward"
"12564","M3","C4620081","1","30","C4620081 M3","reward",0.111126859791268,"30 reward","1 reward"
"12565","M3","C4620081","1","31","C4620081 M3","reward",0.109764684426718,"31 reward","1 reward"
"12566","M3","C4620081","1","32","C4620081 M3","reward",0.109624364527341,"32 reward","1 reward"
"12567","M3","C4620081","1","33","C4620081 M3","reward",0.108887481076729,"33 reward","1 reward"
"12568","M3","C4620081","1","34","C4620081 M3","reward",0.108520795590331,"34 reward","1 reward"
"12569","M3","C4620081","1","35","C4620081 M3","reward",0.107799752670038,"35 reward","1 reward"
"12570","M3","C4620081","1","36","C4620081 M3","reward",0.107294229579872,"36 reward","1 reward"
"12571","M3","C4620081","1","37","C4620081 M3","reward",0.106421281692605,"37 reward","1 reward"
"12572","M3","C4620081","1","38","C4620081 M3","reward",0.106284385667922,"38 reward","1 reward"
"12573","M3","C4620081","1","39","C4620081 M3","reward",0.106022806004877,"39 reward","1 reward"
"12574","M3","C4620081","1","40","C4620081 M3","reward",0.104462763828649,"40 reward","1 reward"
"12575","M3","C4620081","1","41","C4620081 M3","reward",0.104356212456707,"41 reward","1 reward"
"12576","M3","C4620081","1","42","C4620081 M3","reward",0.104326312488772,"42 reward","1 reward"
"12577","M3","C4620081","1","43","C4620081 M3","reward",0.103746802273401,"43 reward","1 reward"
"12578","M3","C4620081","1","44","C4620081 M3","reward",0.103269212515264,"44 reward","1 reward"
"12579","M3","C4620081","1","45","C4620081 M3","reward",0.103081277022764,"45 reward","1 reward"
"12580","M3","C4620081","1","46","C4620081 M3","reward",0.101816861007512,"46 reward","1 reward"
"12581","M3","C4620081","1","47","C4620081 M3","reward",0.101100320936023,"47 reward","1 reward"
"12582","M3","C4620081","1","48","C4620081 M3","reward",0.100940284207267,"48 reward","1 reward"
"12583","M3","C4620081","1","49","C4620081 M3","reward",0.100865567817346,"49 reward","1 reward"
"12584","M3","C4620081","1","50","C4620081 M3","reward",0.0987109435408419,"50 reward","1 reward"
"12585","M3","C4620081","1","51","C4620081 M3","reward",0.0985471152745947,"51 reward","1 reward"
"12586","M3","C4620081","1","52","C4620081 M3","reward",0.0980515971130571,"52 reward","1 reward"
"12587","M3","C4620081","1","53","C4620081 M3","reward",0.0979949756449961,"53 reward","1 reward"
"12588","M3","C4620081","1","54","C4620081 M3","reward",0.0978220586859088,"54 reward","1 reward"
"12589","M3","C4620081","1","55","C4620081 M3","reward",0.096205860628237,"55 reward","1 reward"
"12590","M3","C4620081","1","56","C4620081 M3","reward",0.0959877402391593,"56 reward","1 reward"
"12591","M3","C4620081","1","57","C4620081 M3","reward",0.0953671240376429,"57 reward","1 reward"
"12592","M3","C4620081","1","58","C4620081 M3","reward",0.0953094582020042,"58 reward","1 reward"
"12593","M3","C4620081","1","59","C4620081 M3","reward",0.0937503760626528,"59 reward","1 reward"
"12594","M3","C4620081","1","60","C4620081 M3","reward",0.0936535934499503,"60 reward","1 reward"
"12595","M3","C4620081","1","61","C4620081 M3","reward",0.0933421056635291,"61 reward","1 reward"
"12596","M3","C4620081","1","62","C4620081 M3","reward",0.09331719210604,"62 reward","1 reward"
"12597","M3","C4620081","1","63","C4620081 M3","reward",0.0928149983538079,"63 reward","1 reward"
"12598","M3","C4620081","1","64","C4620081 M3","reward",0.0924597243466282,"64 reward","1 reward"
"12599","M3","C4620081","1","65","C4620081 M3","reward",0.0921098794824947,"65 reward","1 reward"
"12600","M3","C4620081","1","66","C4620081 M3","reward",0.0918575583651227,"66 reward","1 reward"
"12601","M3","C4620081","1","67","C4620081 M3","reward",0.091708063766163,"67 reward","1 reward"
"12602","M3","C4620081","1","68","C4620081 M3","reward",0.0916805934674333,"68 reward","1 reward"
"12603","M3","C4620081","1","69","C4620081 M3","reward",0.0915526919709379,"69 reward","1 reward"
"12604","M3","C4620081","1","70","C4620081 M3","reward",0.0914451171207066,"70 reward","1 reward"
"12605","M3","C4620081","1","71","C4620081 M3","reward",0.0910967488310517,"71 reward","1 reward"
"12606","M3","C4620081","1","72","C4620081 M3","reward",0.090715910206383,"72 reward","1 reward"
"12607","M3","C4620081","1","73","C4620081 M3","reward",0.0906967490331103,"73 reward","1 reward"
"12608","M3","C4620081","1","74","C4620081 M3","reward",0.090484571709522,"74 reward","1 reward"
"12609","M3","C4620081","1","75","C4620081 M3","reward",0.0904305179562664,"75 reward","1 reward"
"12610","M3","C4620081","1","76","C4620081 M3","reward",0.090392800361991,"76 reward","1 reward"
"12611","M3","C4620081","1","77","C4620081 M3","reward",0.0902278916405071,"77 reward","1 reward"
"12612","M3","C4620081","1","78","C4620081 M3","reward",0.0898028307331084,"78 reward","1 reward"
"12613","M3","C4620081","1","79","C4620081 M3","reward",0.0890004863655989,"79 reward","1 reward"
"12614","M3","C4620081","1","80","C4620081 M3","reward",0.0881541623560289,"80 reward","1 reward"
"12615","M3","C4620081","1","81","C4620081 M3","reward",0.0879562513505545,"81 reward","1 reward"
"12616","M3","C4620081","1","82","C4620081 M3","reward",0.0877441488696693,"82 reward","1 reward"
"12617","M3","C4620081","1","83","C4620081 M3","reward",0.0874513588835268,"83 reward","1 reward"
"12618","M3","C4620081","1","84","C4620081 M3","reward",0.0873356922773104,"84 reward","1 reward"
"12619","M3","C4620081","1","85","C4620081 M3","reward",0.0871564383412665,"85 reward","1 reward"
"12620","M3","C4620081","1","86","C4620081 M3","reward",0.0865066969654588,"86 reward","1 reward"
"12621","M3","C4620081","1","87","C4620081 M3","reward",0.0863177999785876,"87 reward","1 reward"
"12622","M3","C4620081","1","88","C4620081 M3","reward",0.0857120182982626,"88 reward","1 reward"
"12623","M3","C4620081","1","89","C4620081 M3","reward",0.0853469051504169,"89 reward","1 reward"
"12624","M3","C4620081","1","90","C4620081 M3","reward",0.0851384218159482,"90 reward","1 reward"
"12625","M3","C4620081","1","91","C4620081 M3","reward",0.0850302478910846,"91 reward","1 reward"
"12626","M3","C4620081","1","92","C4620081 M3","reward",0.0848975690340407,"92 reward","1 reward"
"12627","M3","C4620081","1","93","C4620081 M3","reward",0.0848801723298497,"93 reward","1 reward"
"12628","M3","C4620081","1","94","C4620081 M3","reward",0.0842489424109312,"94 reward","1 reward"
"12629","M3","C4620081","1","95","C4620081 M3","reward",0.0835757064930013,"95 reward","1 reward"
"12630","M3","C4620081","1","96","C4620081 M3","reward",0.0829213137158322,"96 reward","1 reward"
"12631","M3","C4620081","1","97","C4620081 M3","reward",0.0829004757508375,"97 reward","1 reward"
"12632","M3","C4620081","1","98","C4620081 M3","reward",0.0828914008914834,"98 reward","1 reward"
"12633","M3","C4620081","1","99","C4620081 M3","reward",0.0828803039717963,"99 reward","1 reward"
"12634","M3","C4620081","1","100","C4620081 M3","reward",0.0828623121418239,"100 reward","1 reward"
"12635","M3","C4620081","1","101","C4620081 M3","reward",0.0828161779605183,"101 reward","1 reward"
"12636","M3","C4620081","1","102","C4620081 M3","reward",0.0827770940460171,"102 reward","1 reward"
"12637","M3","C4620081","1","103","C4620081 M3","reward",0.082751452108821,"103 reward","1 reward"
"12638","M3","C4620081","1","104","C4620081 M3","reward",0.0825716940488882,"104 reward","1 reward"
"12639","M3","C4620081","1","105","C4620081 M3","reward",0.0821215261479744,"105 reward","1 reward"
"12640","M3","C4620081","1","106","C4620081 M3","reward",0.0817288196428374,"106 reward","1 reward"
"12641","M3","C4620081","1","107","C4620081 M3","reward",0.0817060877559959,"107 reward","1 reward"
"12642","M3","C4620081","1","108","C4620081 M3","reward",0.0815012516693671,"108 reward","1 reward"
"12643","M3","C4620081","1","109","C4620081 M3","reward",0.0813961053427276,"109 reward","1 reward"
"12644","M3","C4620081","1","110","C4620081 M3","reward",0.0811897551303752,"110 reward","1 reward"
"12645","M3","C4620081","1","111","C4620081 M3","reward",0.080957455980031,"111 reward","1 reward"
"12646","M3","C4620081","1","112","C4620081 M3","reward",0.0807815069194062,"112 reward","1 reward"
"12647","M3","C4620081","1","113","C4620081 M3","reward",0.0807290624251738,"113 reward","1 reward"
"12648","M3","C4620081","1","114","C4620081 M3","reward",0.0805965564333999,"114 reward","1 reward"
"12649","M3","C4620081","1","115","C4620081 M3","reward",0.080581189737441,"115 reward","1 reward"
"12650","M3","C4620081","1","116","C4620081 M3","reward",0.0798667650795873,"116 reward","1 reward"
"12651","M3","C4620081","1","117","C4620081 M3","reward",0.0796011787705722,"117 reward","1 reward"
"12652","M3","C4620081","1","118","C4620081 M3","reward",0.0795700036840323,"118 reward","1 reward"
"12653","M3","C4620081","1","119","C4620081 M3","reward",0.0791835004986731,"119 reward","1 reward"
"12654","M3","C4620081","1","120","C4620081 M3","reward",0.0789123588636002,"120 reward","1 reward"
"12655","M3","C4620081","1","121","C4620081 M3","reward",0.0784977922737248,"121 reward","1 reward"
"12656","M3","C4620081","1","122","C4620081 M3","reward",0.0780416683035673,"122 reward","1 reward"
"12657","M3","C4620081","1","123","C4620081 M3","reward",0.0773840192918382,"123 reward","1 reward"
"12658","M3","C4620081","1","124","C4620081 M3","reward",0.0772127951119869,"124 reward","1 reward"
"12659","M3","C4620081","1","125","C4620081 M3","reward",0.0769769879665758,"125 reward","1 reward"
"12660","M3","C4620081","1","126","C4620081 M3","reward",0.0763132590967295,"126 reward","1 reward"
"12661","M3","C4620081","1","127","C4620081 M3","reward",0.0762921364253889,"127 reward","1 reward"
"12662","M3","C4620081","1","128","C4620081 M3","reward",0.0760454570699061,"128 reward","1 reward"
"12663","M3","C4620081","1","129","C4620081 M3","reward",0.0758158153988333,"129 reward","1 reward"
"12664","M3","C4620081","1","130","C4620081 M3","reward",0.0755970875930777,"130 reward","1 reward"
"12665","M3","C4620081","1","131","C4620081 M3","reward",0.074607154284249,"131 reward","1 reward"
"12666","M3","C4620081","1","132","C4620081 M3","reward",0.0744358454641947,"132 reward","1 reward"
"12667","M3","C4620081","1","133","C4620081 M3","reward",0.0740136579935385,"133 reward","1 reward"
"12668","M3","C4620081","1","134","C4620081 M3","reward",0.0739876893615347,"134 reward","1 reward"
"12669","M3","C4620081","1","135","C4620081 M3","reward",0.0737713330807814,"135 reward","1 reward"
"12670","M3","C4620081","1","136","C4620081 M3","reward",0.0736298192353558,"136 reward","1 reward"
"12671","M3","C4620081","1","137","C4620081 M3","reward",0.0735720222370965,"137 reward","1 reward"
"12672","M3","C4620081","1","138","C4620081 M3","reward",0.0730954741963016,"138 reward","1 reward"
"12673","M3","C4620081","1","139","C4620081 M3","reward",0.072632757116259,"139 reward","1 reward"
"12674","M3","C4620081","1","140","C4620081 M3","reward",0.0720347540524134,"140 reward","1 reward"
"12675","M3","C4620081","1","141","C4620081 M3","reward",0.0719227784775032,"141 reward","1 reward"
"12676","M3","C4620081","1","142","C4620081 M3","reward",0.0715017970362076,"142 reward","1 reward"
"12677","M3","C4620081","1","143","C4620081 M3","reward",0.0710898691502469,"143 reward","1 reward"
"12678","M3","C4620081","1","144","C4620081 M3","reward",0.0706946229823392,"144 reward","1 reward"
"12679","M3","C4620081","1","145","C4620081 M3","reward",0.0702317933216871,"145 reward","1 reward"
"12680","M3","C4620081","1","146","C4620081 M3","reward",0.0698246929868628,"146 reward","1 reward"
"12681","M3","C4620081","1","147","C4620081 M3","reward",0.0697344827368691,"147 reward","1 reward"
"12682","M3","C4620081","1","148","C4620081 M3","reward",0.069699757266847,"148 reward","1 reward"
"12683","M3","C4620081","1","149","C4620081 M3","reward",0.0694689696111771,"149 reward","1 reward"
"12684","M3","C4620081","1","150","C4620081 M3","reward",0.0694506159029746,"150 reward","1 reward"
"12685","M3","C4620081","1","151","C4620081 M3","reward",0.0694248214698016,"151 reward","1 reward"
"12686","M3","C4620081","1","152","C4620081 M3","reward",0.0689195163066287,"152 reward","1 reward"
"12687","M3","C4620081","1","153","C4620081 M3","reward",0.0687237183379366,"153 reward","1 reward"
"12688","M3","C4620081","1","154","C4620081 M3","reward",0.0682807614465156,"154 reward","1 reward"
"12689","M3","C4620081","1","155","C4620081 M3","reward",0.0681213225523669,"155 reward","1 reward"
"12690","M3","C4620081","1","156","C4620081 M3","reward",0.0680083769473891,"156 reward","1 reward"
"12691","M3","C4620081","1","157","C4620081 M3","reward",0.0679458804930897,"157 reward","1 reward"
"12692","M3","C4620081","1","158","C4620081 M3","reward",0.0674826555639377,"158 reward","1 reward"
"12693","M3","C4620081","1","159","C4620081 M3","reward",0.0668613393876274,"159 reward","1 reward"
"12694","M3","C4620081","1","160","C4620081 M3","reward",0.0666736300949573,"160 reward","1 reward"
"12695","M3","C4620081","1","161","C4620081 M3","reward",0.0664654616735548,"161 reward","1 reward"
"12696","M3","C4620081","1","162","C4620081 M3","reward",0.0664004223304343,"162 reward","1 reward"
"12697","M3","C4620081","1","163","C4620081 M3","reward",0.0658360807277596,"163 reward","1 reward"
"12698","M3","C4620081","1","164","C4620081 M3","reward",0.0657649470033281,"164 reward","1 reward"
"12699","M3","C4620081","1","165","C4620081 M3","reward",0.0655718264001714,"165 reward","1 reward"
"12700","M3","C4620081","1","166","C4620081 M3","reward",0.0651735428875145,"166 reward","1 reward"
"12701","M3","C4620081","1","167","C4620081 M3","reward",0.065168052793079,"167 reward","1 reward"
"12702","M3","C4620081","1","168","C4620081 M3","reward",0.0647308376637745,"168 reward","1 reward"
"12703","M3","C4620081","1","169","C4620081 M3","reward",0.0646704968185881,"169 reward","1 reward"
"12704","M3","C4620081","1","170","C4620081 M3","reward",0.0642962161265497,"170 reward","1 reward"
"12705","M3","C4620081","1","171","C4620081 M3","reward",0.0639003448038338,"171 reward","1 reward"
"12706","M3","C4620081","1","172","C4620081 M3","reward",0.0638878548370645,"172 reward","1 reward"
"12707","M3","C4620081","1","173","C4620081 M3","reward",0.0637061988198403,"173 reward","1 reward"
"12708","M3","C4620081","1","174","C4620081 M3","reward",0.0634351578214234,"174 reward","1 reward"
"12709","M3","C4620081","1","175","C4620081 M3","reward",0.0632013850935188,"175 reward","1 reward"
"12710","M3","C4620081","1","176","C4620081 M3","reward",0.0631750130778557,"176 reward","1 reward"
"12711","M3","C4620081","1","177","C4620081 M3","reward",0.0629880948833527,"177 reward","1 reward"
"12712","M3","C4620081","1","178","C4620081 M3","reward",0.0623590800354571,"178 reward","1 reward"
"12713","M3","C4620081","1","179","C4620081 M3","reward",0.0621179938638605,"179 reward","1 reward"
"12714","M3","C4620081","1","180","C4620081 M3","reward",0.0619431053189803,"180 reward","1 reward"
"12715","M3","C4620081","1","181","C4620081 M3","reward",0.0616466484740017,"181 reward","1 reward"
"12716","M3","C4620081","1","182","C4620081 M3","reward",0.0608717052285321,"182 reward","1 reward"
"12717","M3","C4620081","1","183","C4620081 M3","reward",0.0607418778174584,"183 reward","1 reward"
"12718","M3","C4620081","1","184","C4620081 M3","reward",0.0600347193999356,"184 reward","1 reward"
"12719","M3","C4620081","1","185","C4620081 M3","reward",0.0598602194764375,"185 reward","1 reward"
"12720","M3","C4620081","1","186","C4620081 M3","reward",0.0594902047374996,"186 reward","1 reward"
"12721","M3","C4620081","1","187","C4620081 M3","reward",0.058684651466703,"187 reward","1 reward"
"12722","M3","C4620081","1","188","C4620081 M3","reward",0.0586239581355897,"188 reward","1 reward"
"12723","M3","C4620081","1","189","C4620081 M3","reward",0.0583135966532869,"189 reward","1 reward"
"12724","M3","C4620081","1","190","C4620081 M3","reward",0.0580397884079215,"190 reward","1 reward"
"12725","M3","C4620081","1","191","C4620081 M3","reward",0.0579675857224988,"191 reward","1 reward"
"12726","M3","C4620081","1","192","C4620081 M3","reward",0.0578410700867744,"192 reward","1 reward"
"12727","M3","C4620081","1","193","C4620081 M3","reward",0.0576476779205729,"193 reward","1 reward"
"12728","M3","C4620081","1","194","C4620081 M3","reward",0.0575138539353491,"194 reward","1 reward"
"12729","M3","C4620081","1","195","C4620081 M3","reward",0.0572448002827262,"195 reward","1 reward"
"12730","M3","C4620081","1","196","C4620081 M3","reward",0.056660911451273,"196 reward","1 reward"
"12731","M3","C4620081","1","197","C4620081 M3","reward",0.0561014061742957,"197 reward","1 reward"
"12732","M3","C4620081","1","198","C4620081 M3","reward",0.0556944853500857,"198 reward","1 reward"
"12733","M3","C4620081","1","199","C4620081 M3","reward",0.0555937455781044,"199 reward","1 reward"
"12734","M3","C4620081","1","200","C4620081 M3","reward",0.0553567740344281,"200 reward","1 reward"
"12735","M3","C4620081","1","201","C4620081 M3","reward",0.0553397837697652,"201 reward","1 reward"
"12736","M3","C4620081","1","202","C4620081 M3","reward",0.053265048758937,"202 reward","1 reward"
"12737","M3","C4620081","1","203","C4620081 M3","reward",0.0531779842502429,"203 reward","1 reward"
"12738","M3","C4620081","1","204","C4620081 M3","reward",0.0531172256534696,"204 reward","1 reward"
"12739","M3","C4620081","1","205","C4620081 M3","reward",0.0523233751967697,"205 reward","1 reward"
"12740","M3","C4620081","1","206","C4620081 M3","reward",0.0512142643106942,"206 reward","1 reward"
"12741","M3","C4620081","1","207","C4620081 M3","reward",0.0511249128201832,"207 reward","1 reward"
"12742","M3","C4620081","1","208","C4620081 M3","reward",0.0503840866558896,"208 reward","1 reward"
"12743","M3","C4620081","1","209","C4620081 M3","reward",0.0500114203975798,"209 reward","1 reward"
"12744","M3","C4620081","1","210","C4620081 M3","reward",0.0498453078761071,"210 reward","1 reward"
"12745","M3","C4620081","1","211","C4620081 M3","reward",0.0494915823596453,"211 reward","1 reward"
"12746","M3","C4620081","1","212","C4620081 M3","reward",0.0494461664557137,"212 reward","1 reward"
"12747","M3","C4620081","1","213","C4620081 M3","reward",0.0488252794003325,"213 reward","1 reward"
"12748","M3","C4620081","1","214","C4620081 M3","reward",0.0485270961159518,"214 reward","1 reward"
"12749","M3","C4620081","1","215","C4620081 M3","reward",0.0483031191572869,"215 reward","1 reward"
"12750","M3","C4620081","1","216","C4620081 M3","reward",0.0481011779611494,"216 reward","1 reward"
"12751","M3","C4620081","1","217","C4620081 M3","reward",0.0477613018709387,"217 reward","1 reward"
"12752","M3","C4620081","1","218","C4620081 M3","reward",0.0477345056919719,"218 reward","1 reward"
"12753","M3","C4620081","1","219","C4620081 M3","reward",0.0473851207219078,"219 reward","1 reward"
"12754","M3","C4620081","1","220","C4620081 M3","reward",0.0470107738365579,"220 reward","1 reward"
"12755","M3","C4620081","1","221","C4620081 M3","reward",0.0468959522554574,"221 reward","1 reward"
"12756","M3","C4620081","1","222","C4620081 M3","reward",0.0468356941550005,"222 reward","1 reward"
"12757","M3","C4620081","1","223","C4620081 M3","reward",0.0466540095305209,"223 reward","1 reward"
"12758","M3","C4620081","1","224","C4620081 M3","reward",0.0464184679452423,"224 reward","1 reward"
"12759","M3","C4620081","1","225","C4620081 M3","reward",0.0454703470602433,"225 reward","1 reward"
"12760","M3","C4620081","1","226","C4620081 M3","reward",0.04514448016273,"226 reward","1 reward"
"12761","M3","C4620081","1","227","C4620081 M3","reward",0.0451264195550751,"227 reward","1 reward"
"12762","M3","C4620081","1","228","C4620081 M3","reward",0.0450100065361361,"228 reward","1 reward"
"12763","M3","C4620081","1","229","C4620081 M3","reward",0.0446244395916626,"229 reward","1 reward"
"12764","M3","C4620081","1","230","C4620081 M3","reward",0.0445031032773277,"230 reward","1 reward"
"12765","M3","C4620081","1","231","C4620081 M3","reward",0.0442783747867617,"231 reward","1 reward"
"12766","M3","C4620081","1","232","C4620081 M3","reward",0.0439870955869122,"232 reward","1 reward"
"12767","M3","C4620081","1","233","C4620081 M3","reward",0.0433502342221822,"233 reward","1 reward"
"12768","M3","C4620081","1","234","C4620081 M3","reward",0.0429297160369297,"234 reward","1 reward"
"12769","M3","C4620081","1","235","C4620081 M3","reward",0.042428317207155,"235 reward","1 reward"
"12770","M3","C4620081","1","236","C4620081 M3","reward",0.0423348125107992,"236 reward","1 reward"
"12771","M3","C4620081","1","237","C4620081 M3","reward",0.0420700130981817,"237 reward","1 reward"
"12772","M3","C4620081","1","238","C4620081 M3","reward",0.0417113009794318,"238 reward","1 reward"
"12773","M3","C4620081","1","239","C4620081 M3","reward",0.0415866750368667,"239 reward","1 reward"
"12774","M3","C4620081","1","240","C4620081 M3","reward",0.0405388672291698,"240 reward","1 reward"
"12775","M3","C4620081","1","241","C4620081 M3","reward",0.0401932785750298,"241 reward","1 reward"
"12776","M3","C4620081","1","242","C4620081 M3","reward",0.0399512949883528,"242 reward","1 reward"
"12777","M3","C4620081","1","243","C4620081 M3","reward",0.0395112518386184,"243 reward","1 reward"
"12778","M3","C4620081","1","244","C4620081 M3","reward",0.0393701745799792,"244 reward","1 reward"
"12779","M3","C4620081","1","245","C4620081 M3","reward",0.0384124041332926,"245 reward","1 reward"
"12780","M3","C4620081","1","246","C4620081 M3","reward",0.0381546453317643,"246 reward","1 reward"
"12781","M3","C4620081","1","247","C4620081 M3","reward",0.0375714339326608,"247 reward","1 reward"
"12782","M3","C4620081","1","248","C4620081 M3","reward",0.0375441093805803,"248 reward","1 reward"
"12783","M3","C4620081","1","249","C4620081 M3","reward",0.037378745076788,"249 reward","1 reward"
"12784","M3","C4620081","1","250","C4620081 M3","reward",0.0372678985839955,"250 reward","1 reward"
"12785","M3","C4620081","1","251","C4620081 M3","reward",0.0368205239338601,"251 reward","1 reward"
"12786","M3","C4620081","1","252","C4620081 M3","reward",0.0367653770038454,"252 reward","1 reward"
"12787","M3","C4620081","1","253","C4620081 M3","reward",0.0363876682302932,"253 reward","1 reward"
"12788","M3","C4620081","1","254","C4620081 M3","reward",0.0358501691648189,"254 reward","1 reward"
"12789","M3","C4620081","1","255","C4620081 M3","reward",0.0356977779872664,"255 reward","1 reward"
"12790","M3","C4620081","1","256","C4620081 M3","reward",0.0354626569785445,"256 reward","1 reward"
"12791","M3","C4620081","1","257","C4620081 M3","reward",0.0350314779563473,"257 reward","1 reward"
"12792","M3","C4620081","1","258","C4620081 M3","reward",0.0347956573125042,"258 reward","1 reward"
"12793","M3","C4620081","1","259","C4620081 M3","reward",0.0345321372826925,"259 reward","1 reward"
"12794","M3","C4620081","1","260","C4620081 M3","reward",0.0339978285788704,"260 reward","1 reward"
"12795","M3","C4620081","1","261","C4620081 M3","reward",0.0334186564905771,"261 reward","1 reward"
"12796","M3","C4620081","1","262","C4620081 M3","reward",0.0332408379579817,"262 reward","1 reward"
"12797","M3","C4620081","1","263","C4620081 M3","reward",0.0318725591399631,"263 reward","1 reward"
"12798","M3","C4620081","1","264","C4620081 M3","reward",0.0317285717911599,"264 reward","1 reward"
"12799","M3","C4620081","1","265","C4620081 M3","reward",0.0314605640376748,"265 reward","1 reward"
"12800","M3","C4620081","1","266","C4620081 M3","reward",0.030893970780167,"266 reward","1 reward"
"12801","M3","C4620081","1","267","C4620081 M3","reward",0.030851568790356,"267 reward","1 reward"
"12802","M3","C4620081","1","268","C4620081 M3","reward",0.0307668173722959,"268 reward","1 reward"
"12803","M3","C4620081","1","269","C4620081 M3","reward",0.0306945214609439,"269 reward","1 reward"
"12804","M3","C4620081","1","270","C4620081 M3","reward",0.0304508376509448,"270 reward","1 reward"
"12805","M3","C4620081","1","271","C4620081 M3","reward",0.0302734100858194,"271 reward","1 reward"
"12806","M3","C4620081","1","272","C4620081 M3","reward",0.0300144333842793,"272 reward","1 reward"
"12807","M3","C4620081","1","273","C4620081 M3","reward",0.0299250036971122,"273 reward","1 reward"
"12808","M3","C4620081","1","274","C4620081 M3","reward",0.0288502984165433,"274 reward","1 reward"
"12809","M3","C4620081","1","275","C4620081 M3","reward",0.0288074514744388,"275 reward","1 reward"
"12810","M3","C4620081","1","276","C4620081 M3","reward",0.0287713094500029,"276 reward","1 reward"
"12811","M3","C4620081","1","277","C4620081 M3","reward",0.0287068747122997,"277 reward","1 reward"
"12812","M3","C4620081","1","278","C4620081 M3","reward",0.0286316529412532,"278 reward","1 reward"
"12813","M3","C4620081","1","279","C4620081 M3","reward",0.028331002800495,"279 reward","1 reward"
"12814","M3","C4620081","1","280","C4620081 M3","reward",0.0276474311832989,"280 reward","1 reward"
"12815","M3","C4620081","1","281","C4620081 M3","reward",0.0275733851379481,"281 reward","1 reward"
"12816","M3","C4620081","1","282","C4620081 M3","reward",0.0274800180987398,"282 reward","1 reward"
"12817","M3","C4620081","1","283","C4620081 M3","reward",0.0274459461051281,"283 reward","1 reward"
"12818","M3","C4620081","1","284","C4620081 M3","reward",0.0273028248401037,"284 reward","1 reward"
"12819","M3","C4620081","1","285","C4620081 M3","reward",0.0267607189518992,"285 reward","1 reward"
"12820","M3","C4620081","1","286","C4620081 M3","reward",0.0258377548367351,"286 reward","1 reward"
"12821","M3","C4620081","1","287","C4620081 M3","reward",0.0257432876312165,"287 reward","1 reward"
"12822","M3","C4620081","1","288","C4620081 M3","reward",0.0256371917922184,"288 reward","1 reward"
"12823","M3","C4620081","1","289","C4620081 M3","reward",0.0255770235839269,"289 reward","1 reward"
"12824","M3","C4620081","1","290","C4620081 M3","reward",0.0252280611962368,"290 reward","1 reward"
"12825","M3","C4620081","1","291","C4620081 M3","reward",0.023808687907278,"291 reward","1 reward"
"12826","M3","C4620081","1","292","C4620081 M3","reward",0.0235353788318634,"292 reward","1 reward"
"12827","M3","C4620081","1","293","C4620081 M3","reward",0.0233738641681181,"293 reward","1 reward"
"12828","M3","C4620081","1","294","C4620081 M3","reward",0.0225922248583717,"294 reward","1 reward"
"12829","M3","C4620081","1","295","C4620081 M3","reward",0.0222691480855369,"295 reward","1 reward"
"12830","M3","C4620081","1","296","C4620081 M3","reward",0.0220228890207785,"296 reward","1 reward"
"12831","M3","C4620081","1","297","C4620081 M3","reward",0.0213815363252718,"297 reward","1 reward"
"12832","M3","C4620081","1","298","C4620081 M3","reward",0.0213744341598789,"298 reward","1 reward"
"12833","M3","C4620081","1","299","C4620081 M3","reward",0.0212217761204708,"299 reward","1 reward"
"12834","M3","C4620081","1","300","C4620081 M3","reward",0.0208666192323801,"300 reward","1 reward"
"12835","M3","C4620081","1","301","C4620081 M3","reward",0.020333485940476,"301 reward","1 reward"
"12836","M3","C4620081","1","302","C4620081 M3","reward",0.0202924062423841,"302 reward","1 reward"
"12837","M3","C4620081","1","303","C4620081 M3","reward",0.0196834631296382,"303 reward","1 reward"
"12838","M3","C4620081","1","304","C4620081 M3","reward",0.0186021594441426,"304 reward","1 reward"
"12839","M3","C4620081","1","305","C4620081 M3","reward",0.0179606594120641,"305 reward","1 reward"
"12840","M3","C4620081","1","306","C4620081 M3","reward",0.0177418623019923,"306 reward","1 reward"
"12841","M3","C4620081","1","307","C4620081 M3","reward",0.0177101455293276,"307 reward","1 reward"
"12842","M3","C4620081","1","308","C4620081 M3","reward",0.0175688402764864,"308 reward","1 reward"
"12843","M3","C4620081","1","309","C4620081 M3","reward",0.0165370187080669,"309 reward","1 reward"
"12844","M3","C4620081","1","310","C4620081 M3","reward",0.0158862152017631,"310 reward","1 reward"
"12845","M3","C4620081","1","311","C4620081 M3","reward",0.0138924353119601,"311 reward","1 reward"
"12846","M3","C4620081","1","312","C4620081 M3","reward",0.0131258897388194,"312 reward","1 reward"
"12847","M3","C4620081","1","313","C4620081 M3","reward",0.0122851102903093,"313 reward","1 reward"
"12848","M3","C4620081","1","314","C4620081 M3","reward",0.011935201558655,"314 reward","1 reward"
"12849","M3","C4620081","1","315","C4620081 M3","reward",0.0118693942751861,"315 reward","1 reward"
"12850","M3","C4620081","1","316","C4620081 M3","reward",0.0114644348673446,"316 reward","1 reward"
"12851","M3","C4620081","1","317","C4620081 M3","reward",0.0114205487968202,"317 reward","1 reward"
"12852","M3","C4620081","1","318","C4620081 M3","reward",0.00914154781229489,"318 reward","1 reward"
"12853","M3","C4620081","1","319","C4620081 M3","reward",0.00808658878033867,"319 reward","1 reward"
"12854","M3","C4620081","1","320","C4620081 M3","reward",0.00770142140190897,"320 reward","1 reward"
"12855","M3","C4620081","1","321","C4620081 M3","reward",0.00739691217395633,"321 reward","1 reward"
"12856","M3","C4620081","1","322","C4620081 M3","reward",0.00658673249553075,"322 reward","1 reward"
"12857","M3","C4620081","1","323","C4620081 M3","reward",0.00509160770484085,"323 reward","1 reward"
"12858","M3","C4620081","1","324","C4620081 M3","reward",0.00492042409358713,"324 reward","1 reward"
"12859","M3","C4620081","1","325","C4620081 M3","reward",0.00450086164035036,"325 reward","1 reward"
"12860","M3","C4620081","1","326","C4620081 M3","reward",0.00358770313932703,"326 reward","1 reward"
"12861","M3","C4620081","1","327","C4620081 M3","reward",0.00285439088772968,"327 reward","1 reward"
"12862","M3","C4620081","1","328","C4620081 M3","reward",0.00284884249119104,"328 reward","1 reward"
"12863","M3","C4620081","1","329","C4620081 M3","reward",-0.00140514393393806,"329 reward","1 reward"
"12864","M3","C4620081","1","330","C4620081 M3","reward",-0.00580597462939918,"330 reward","1 reward"
"12865","M3","C4620081","1","331","C4620081 M3","reward",-0.0059396117874792,"331 reward","1 reward"
"12866","M3","C4620081","1","332","C4620081 M3","reward",-0.0161831174406546,"332 reward","1 reward"
"12867","M3","C4620081","1","333","C4620081 M3","reward",-0.0272152413529905,"333 reward","1 reward"
"12868","M3","C4620081","1","334","C4620081 M3","reward",-0.0372611287986639,"334 reward","1 reward"
"12869","M4","C4620081","1","0","C4620081 M4","reward",0.151275397072883,"0 reward","1 reward"
"12870","M4","C4620081","1","1","C4620081 M4","reward",0.134670346240753,"1 reward","1 reward"
"12871","M4","C4620081","1","2","C4620081 M4","reward",0.129256022469212,"2 reward","1 reward"
"12872","M4","C4620081","1","3","C4620081 M4","reward",0.129141535017664,"3 reward","1 reward"
"12873","M4","C4620081","1","4","C4620081 M4","reward",0.125004473713344,"4 reward","1 reward"
"12874","M4","C4620081","1","5","C4620081 M4","reward",0.124249753997897,"5 reward","1 reward"
"12875","M4","C4620081","1","6","C4620081 M4","reward",0.122028210746358,"6 reward","1 reward"
"12876","M4","C4620081","1","7","C4620081 M4","reward",0.121930987423667,"7 reward","1 reward"
"12877","M4","C4620081","1","8","C4620081 M4","reward",0.119220026301055,"8 reward","1 reward"
"12878","M4","C4620081","1","9","C4620081 M4","reward",0.118898453163316,"9 reward","1 reward"
"12879","M4","C4620081","1","10","C4620081 M4","reward",0.118751421025326,"10 reward","1 reward"
"12880","M4","C4620081","1","11","C4620081 M4","reward",0.118508607088749,"11 reward","1 reward"
"12881","M4","C4620081","1","12","C4620081 M4","reward",0.117767424270323,"12 reward","1 reward"
"12882","M4","C4620081","1","13","C4620081 M4","reward",0.116975559528056,"13 reward","1 reward"
"12883","M4","C4620081","1","14","C4620081 M4","reward",0.116368328419353,"14 reward","1 reward"
"12884","M4","C4620081","1","15","C4620081 M4","reward",0.115926393222042,"15 reward","1 reward"
"12885","M4","C4620081","1","16","C4620081 M4","reward",0.115918421378205,"16 reward","1 reward"
"12886","M4","C4620081","1","17","C4620081 M4","reward",0.115254850310186,"17 reward","1 reward"
"12887","M4","C4620081","1","18","C4620081 M4","reward",0.114232747477938,"18 reward","1 reward"
"12888","M4","C4620081","1","19","C4620081 M4","reward",0.114023436935262,"19 reward","1 reward"
"12889","M4","C4620081","1","20","C4620081 M4","reward",0.113914078392074,"20 reward","1 reward"
"12890","M4","C4620081","1","21","C4620081 M4","reward",0.111860089319789,"21 reward","1 reward"
"12891","M4","C4620081","1","22","C4620081 M4","reward",0.111172171251598,"22 reward","1 reward"
"12892","M4","C4620081","1","23","C4620081 M4","reward",0.108918874123584,"23 reward","1 reward"
"12893","M4","C4620081","1","24","C4620081 M4","reward",0.108409155881909,"24 reward","1 reward"
"12894","M4","C4620081","1","25","C4620081 M4","reward",0.108176212282671,"25 reward","1 reward"
"12895","M4","C4620081","1","26","C4620081 M4","reward",0.10771317707984,"26 reward","1 reward"
"12896","M4","C4620081","1","27","C4620081 M4","reward",0.107271500710127,"27 reward","1 reward"
"12897","M4","C4620081","1","28","C4620081 M4","reward",0.106710962040961,"28 reward","1 reward"
"12898","M4","C4620081","1","29","C4620081 M4","reward",0.106278622221368,"29 reward","1 reward"
"12899","M4","C4620081","1","30","C4620081 M4","reward",0.106255459559361,"30 reward","1 reward"
"12900","M4","C4620081","1","31","C4620081 M4","reward",0.105096582388762,"31 reward","1 reward"
"12901","M4","C4620081","1","32","C4620081 M4","reward",0.104807323306976,"32 reward","1 reward"
"12902","M4","C4620081","1","33","C4620081 M4","reward",0.104723517603954,"33 reward","1 reward"
"12903","M4","C4620081","1","34","C4620081 M4","reward",0.103987671403141,"34 reward","1 reward"
"12904","M4","C4620081","1","35","C4620081 M4","reward",0.103709457010831,"35 reward","1 reward"
"12905","M4","C4620081","1","36","C4620081 M4","reward",0.103322308238124,"36 reward","1 reward"
"12906","M4","C4620081","1","37","C4620081 M4","reward",0.103239967340399,"37 reward","1 reward"
"12907","M4","C4620081","1","38","C4620081 M4","reward",0.102511945975963,"38 reward","1 reward"
"12908","M4","C4620081","1","39","C4620081 M4","reward",0.102511274533961,"39 reward","1 reward"
"12909","M4","C4620081","1","40","C4620081 M4","reward",0.102304923420551,"40 reward","1 reward"
"12910","M4","C4620081","1","41","C4620081 M4","reward",0.100719119534665,"41 reward","1 reward"
"12911","M4","C4620081","1","42","C4620081 M4","reward",0.100625162207562,"42 reward","1 reward"
"12912","M4","C4620081","1","43","C4620081 M4","reward",0.100332870245904,"43 reward","1 reward"
"12913","M4","C4620081","1","44","C4620081 M4","reward",0.100325971134736,"44 reward","1 reward"
"12914","M4","C4620081","1","45","C4620081 M4","reward",0.0998755589118281,"45 reward","1 reward"
"12915","M4","C4620081","1","46","C4620081 M4","reward",0.0996204289265109,"46 reward","1 reward"
"12916","M4","C4620081","1","47","C4620081 M4","reward",0.0987672238808688,"47 reward","1 reward"
"12917","M4","C4620081","1","48","C4620081 M4","reward",0.0983486086870689,"48 reward","1 reward"
"12918","M4","C4620081","1","49","C4620081 M4","reward",0.098061505196424,"49 reward","1 reward"
"12919","M4","C4620081","1","50","C4620081 M4","reward",0.0974764914253241,"50 reward","1 reward"
"12920","M4","C4620081","1","51","C4620081 M4","reward",0.0974533416757283,"51 reward","1 reward"
"12921","M4","C4620081","1","52","C4620081 M4","reward",0.0968030941396096,"52 reward","1 reward"
"12922","M4","C4620081","1","53","C4620081 M4","reward",0.0967931583249233,"53 reward","1 reward"
"12923","M4","C4620081","1","54","C4620081 M4","reward",0.0967163455089883,"54 reward","1 reward"
"12924","M4","C4620081","1","55","C4620081 M4","reward",0.0965966031558431,"55 reward","1 reward"
"12925","M4","C4620081","1","56","C4620081 M4","reward",0.0959962368559422,"56 reward","1 reward"
"12926","M4","C4620081","1","57","C4620081 M4","reward",0.0952483683967155,"57 reward","1 reward"
"12927","M4","C4620081","1","58","C4620081 M4","reward",0.0946797505453444,"58 reward","1 reward"
"12928","M4","C4620081","1","59","C4620081 M4","reward",0.0945911790875476,"59 reward","1 reward"
"12929","M4","C4620081","1","60","C4620081 M4","reward",0.094390178699709,"60 reward","1 reward"
"12930","M4","C4620081","1","61","C4620081 M4","reward",0.09423906571023,"61 reward","1 reward"
"12931","M4","C4620081","1","62","C4620081 M4","reward",0.0930907478317269,"62 reward","1 reward"
"12932","M4","C4620081","1","63","C4620081 M4","reward",0.0929318870206731,"63 reward","1 reward"
"12933","M4","C4620081","1","64","C4620081 M4","reward",0.0927173846125488,"64 reward","1 reward"
"12934","M4","C4620081","1","65","C4620081 M4","reward",0.0920198503882746,"65 reward","1 reward"
"12935","M4","C4620081","1","66","C4620081 M4","reward",0.0910615778391073,"66 reward","1 reward"
"12936","M4","C4620081","1","67","C4620081 M4","reward",0.090748832215106,"67 reward","1 reward"
"12937","M4","C4620081","1","68","C4620081 M4","reward",0.0903089058732213,"68 reward","1 reward"
"12938","M4","C4620081","1","69","C4620081 M4","reward",0.0902223917549144,"69 reward","1 reward"
"12939","M4","C4620081","1","70","C4620081 M4","reward",0.0898411679404219,"70 reward","1 reward"
"12940","M4","C4620081","1","71","C4620081 M4","reward",0.0897970306715341,"71 reward","1 reward"
"12941","M4","C4620081","1","72","C4620081 M4","reward",0.0897377035234578,"72 reward","1 reward"
"12942","M4","C4620081","1","73","C4620081 M4","reward",0.0896359126356109,"73 reward","1 reward"
"12943","M4","C4620081","1","74","C4620081 M4","reward",0.089545066278072,"74 reward","1 reward"
"12944","M4","C4620081","1","75","C4620081 M4","reward",0.0891713890408309,"75 reward","1 reward"
"12945","M4","C4620081","1","76","C4620081 M4","reward",0.0890105748659115,"76 reward","1 reward"
"12946","M4","C4620081","1","77","C4620081 M4","reward",0.0888438483183391,"77 reward","1 reward"
"12947","M4","C4620081","1","78","C4620081 M4","reward",0.0887045969058826,"78 reward","1 reward"
"12948","M4","C4620081","1","79","C4620081 M4","reward",0.0886825967247472,"79 reward","1 reward"
"12949","M4","C4620081","1","80","C4620081 M4","reward",0.0884994772910352,"80 reward","1 reward"
"12950","M4","C4620081","1","81","C4620081 M4","reward",0.0884432552607431,"81 reward","1 reward"
"12951","M4","C4620081","1","82","C4620081 M4","reward",0.0882994392918953,"82 reward","1 reward"
"12952","M4","C4620081","1","83","C4620081 M4","reward",0.0882791311710138,"83 reward","1 reward"
"12953","M4","C4620081","1","84","C4620081 M4","reward",0.0882653689656333,"84 reward","1 reward"
"12954","M4","C4620081","1","85","C4620081 M4","reward",0.0879865871088647,"85 reward","1 reward"
"12955","M4","C4620081","1","86","C4620081 M4","reward",0.0876134917239712,"86 reward","1 reward"
"12956","M4","C4620081","1","87","C4620081 M4","reward",0.0868552361226558,"87 reward","1 reward"
"12957","M4","C4620081","1","88","C4620081 M4","reward",0.0868520184030485,"88 reward","1 reward"
"12958","M4","C4620081","1","89","C4620081 M4","reward",0.0867967760789604,"89 reward","1 reward"
"12959","M4","C4620081","1","90","C4620081 M4","reward",0.0867556920692504,"90 reward","1 reward"
"12960","M4","C4620081","1","91","C4620081 M4","reward",0.0866445898221376,"91 reward","1 reward"
"12961","M4","C4620081","1","92","C4620081 M4","reward",0.0866121889172303,"92 reward","1 reward"
"12962","M4","C4620081","1","93","C4620081 M4","reward",0.0862122426123074,"93 reward","1 reward"
"12963","M4","C4620081","1","94","C4620081 M4","reward",0.0860056785211055,"94 reward","1 reward"
"12964","M4","C4620081","1","95","C4620081 M4","reward",0.0859550170286957,"95 reward","1 reward"
"12965","M4","C4620081","1","96","C4620081 M4","reward",0.0855438287864704,"96 reward","1 reward"
"12966","M4","C4620081","1","97","C4620081 M4","reward",0.0854201112294447,"97 reward","1 reward"
"12967","M4","C4620081","1","98","C4620081 M4","reward",0.085418058584658,"98 reward","1 reward"
"12968","M4","C4620081","1","99","C4620081 M4","reward",0.0853621752385505,"99 reward","1 reward"
"12969","M4","C4620081","1","100","C4620081 M4","reward",0.0847967621839552,"100 reward","1 reward"
"12970","M4","C4620081","1","101","C4620081 M4","reward",0.0847433752940421,"101 reward","1 reward"
"12971","M4","C4620081","1","102","C4620081 M4","reward",0.0845298621867236,"102 reward","1 reward"
"12972","M4","C4620081","1","103","C4620081 M4","reward",0.0842073023452753,"103 reward","1 reward"
"12973","M4","C4620081","1","104","C4620081 M4","reward",0.0840810753371268,"104 reward","1 reward"
"12974","M4","C4620081","1","105","C4620081 M4","reward",0.0838230876266548,"105 reward","1 reward"
"12975","M4","C4620081","1","106","C4620081 M4","reward",0.0838141656094239,"106 reward","1 reward"
"12976","M4","C4620081","1","107","C4620081 M4","reward",0.0837727840249798,"107 reward","1 reward"
"12977","M4","C4620081","1","108","C4620081 M4","reward",0.0837020340260848,"108 reward","1 reward"
"12978","M4","C4620081","1","109","C4620081 M4","reward",0.0833744990213116,"109 reward","1 reward"
"12979","M4","C4620081","1","110","C4620081 M4","reward",0.0831266098061252,"110 reward","1 reward"
"12980","M4","C4620081","1","111","C4620081 M4","reward",0.083074657757607,"111 reward","1 reward"
"12981","M4","C4620081","1","112","C4620081 M4","reward",0.0830124915514806,"112 reward","1 reward"
"12982","M4","C4620081","1","113","C4620081 M4","reward",0.0828241911976968,"113 reward","1 reward"
"12983","M4","C4620081","1","114","C4620081 M4","reward",0.0826174732435678,"114 reward","1 reward"
"12984","M4","C4620081","1","115","C4620081 M4","reward",0.0822890501785353,"115 reward","1 reward"
"12985","M4","C4620081","1","116","C4620081 M4","reward",0.0822771235878538,"116 reward","1 reward"
"12986","M4","C4620081","1","117","C4620081 M4","reward",0.0822156932200365,"117 reward","1 reward"
"12987","M4","C4620081","1","118","C4620081 M4","reward",0.0820287730970981,"118 reward","1 reward"
"12988","M4","C4620081","1","119","C4620081 M4","reward",0.0819612050976232,"119 reward","1 reward"
"12989","M4","C4620081","1","120","C4620081 M4","reward",0.0818537375873323,"120 reward","1 reward"
"12990","M4","C4620081","1","121","C4620081 M4","reward",0.0814961174379175,"121 reward","1 reward"
"12991","M4","C4620081","1","122","C4620081 M4","reward",0.0813301016771801,"122 reward","1 reward"
"12992","M4","C4620081","1","123","C4620081 M4","reward",0.0805772597467232,"123 reward","1 reward"
"12993","M4","C4620081","1","124","C4620081 M4","reward",0.0804703324514615,"124 reward","1 reward"
"12994","M4","C4620081","1","125","C4620081 M4","reward",0.0804593173717718,"125 reward","1 reward"
"12995","M4","C4620081","1","126","C4620081 M4","reward",0.0802795080720736,"126 reward","1 reward"
"12996","M4","C4620081","1","127","C4620081 M4","reward",0.0802333874648654,"127 reward","1 reward"
"12997","M4","C4620081","1","128","C4620081 M4","reward",0.0801471174279366,"128 reward","1 reward"
"12998","M4","C4620081","1","129","C4620081 M4","reward",0.0797684525130598,"129 reward","1 reward"
"12999","M4","C4620081","1","130","C4620081 M4","reward",0.0794505344495844,"130 reward","1 reward"
"13000","M4","C4620081","1","131","C4620081 M4","reward",0.078711587724935,"131 reward","1 reward"
"13001","M4","C4620081","1","132","C4620081 M4","reward",0.0785325370395968,"132 reward","1 reward"
"13002","M4","C4620081","1","133","C4620081 M4","reward",0.0782627368642199,"133 reward","1 reward"
"13003","M4","C4620081","1","134","C4620081 M4","reward",0.0781036484453967,"134 reward","1 reward"
"13004","M4","C4620081","1","135","C4620081 M4","reward",0.0778248437591496,"135 reward","1 reward"
"13005","M4","C4620081","1","136","C4620081 M4","reward",0.0777649214180817,"136 reward","1 reward"
"13006","M4","C4620081","1","137","C4620081 M4","reward",0.0776668166789512,"137 reward","1 reward"
"13007","M4","C4620081","1","138","C4620081 M4","reward",0.0773321090646744,"138 reward","1 reward"
"13008","M4","C4620081","1","139","C4620081 M4","reward",0.0772667637553904,"139 reward","1 reward"
"13009","M4","C4620081","1","140","C4620081 M4","reward",0.0769811211981073,"140 reward","1 reward"
"13010","M4","C4620081","1","141","C4620081 M4","reward",0.0764880328600714,"141 reward","1 reward"
"13011","M4","C4620081","1","142","C4620081 M4","reward",0.0764634272735164,"142 reward","1 reward"
"13012","M4","C4620081","1","143","C4620081 M4","reward",0.0760558483686007,"143 reward","1 reward"
"13013","M4","C4620081","1","144","C4620081 M4","reward",0.0759467463443691,"144 reward","1 reward"
"13014","M4","C4620081","1","145","C4620081 M4","reward",0.0754730757572381,"145 reward","1 reward"
"13015","M4","C4620081","1","146","C4620081 M4","reward",0.0752552259415851,"146 reward","1 reward"
"13016","M4","C4620081","1","147","C4620081 M4","reward",0.0750974620110727,"147 reward","1 reward"
"13017","M4","C4620081","1","148","C4620081 M4","reward",0.0750587912423651,"148 reward","1 reward"
"13018","M4","C4620081","1","149","C4620081 M4","reward",0.0749648363679563,"149 reward","1 reward"
"13019","M4","C4620081","1","150","C4620081 M4","reward",0.0743231294362731,"150 reward","1 reward"
"13020","M4","C4620081","1","151","C4620081 M4","reward",0.0742618554854607,"151 reward","1 reward"
"13021","M4","C4620081","1","152","C4620081 M4","reward",0.0741974855676157,"152 reward","1 reward"
"13022","M4","C4620081","1","153","C4620081 M4","reward",0.0741959820092301,"153 reward","1 reward"
"13023","M4","C4620081","1","154","C4620081 M4","reward",0.0739557444472969,"154 reward","1 reward"
"13024","M4","C4620081","1","155","C4620081 M4","reward",0.0739272889968734,"155 reward","1 reward"
"13025","M4","C4620081","1","156","C4620081 M4","reward",0.0738953345777831,"156 reward","1 reward"
"13026","M4","C4620081","1","157","C4620081 M4","reward",0.0735775888873256,"157 reward","1 reward"
"13027","M4","C4620081","1","158","C4620081 M4","reward",0.0734537434452653,"158 reward","1 reward"
"13028","M4","C4620081","1","159","C4620081 M4","reward",0.07332726264497,"159 reward","1 reward"
"13029","M4","C4620081","1","160","C4620081 M4","reward",0.073013261595025,"160 reward","1 reward"
"13030","M4","C4620081","1","161","C4620081 M4","reward",0.0728782615151423,"161 reward","1 reward"
"13031","M4","C4620081","1","162","C4620081 M4","reward",0.0722558959217228,"162 reward","1 reward"
"13032","M4","C4620081","1","163","C4620081 M4","reward",0.0721396982689953,"163 reward","1 reward"
"13033","M4","C4620081","1","164","C4620081 M4","reward",0.0719183474562883,"164 reward","1 reward"
"13034","M4","C4620081","1","165","C4620081 M4","reward",0.0714287517217277,"165 reward","1 reward"
"13035","M4","C4620081","1","166","C4620081 M4","reward",0.0713856062710049,"166 reward","1 reward"
"13036","M4","C4620081","1","167","C4620081 M4","reward",0.0713759253233454,"167 reward","1 reward"
"13037","M4","C4620081","1","168","C4620081 M4","reward",0.0713499543027627,"168 reward","1 reward"
"13038","M4","C4620081","1","169","C4620081 M4","reward",0.0711061313935271,"169 reward","1 reward"
"13039","M4","C4620081","1","170","C4620081 M4","reward",0.071096669248404,"170 reward","1 reward"
"13040","M4","C4620081","1","171","C4620081 M4","reward",0.0709515803635847,"171 reward","1 reward"
"13041","M4","C4620081","1","172","C4620081 M4","reward",0.0706653731910419,"172 reward","1 reward"
"13042","M4","C4620081","1","173","C4620081 M4","reward",0.0704018020703358,"173 reward","1 reward"
"13043","M4","C4620081","1","174","C4620081 M4","reward",0.0702177526081419,"174 reward","1 reward"
"13044","M4","C4620081","1","175","C4620081 M4","reward",0.0701382563327555,"175 reward","1 reward"
"13045","M4","C4620081","1","176","C4620081 M4","reward",0.0700988744249125,"176 reward","1 reward"
"13046","M4","C4620081","1","177","C4620081 M4","reward",0.0699963355567408,"177 reward","1 reward"
"13047","M4","C4620081","1","178","C4620081 M4","reward",0.069840058464805,"178 reward","1 reward"
"13048","M4","C4620081","1","179","C4620081 M4","reward",0.0696716696141985,"179 reward","1 reward"
"13049","M4","C4620081","1","180","C4620081 M4","reward",0.0694844282963571,"180 reward","1 reward"
"13050","M4","C4620081","1","181","C4620081 M4","reward",0.0694404295439739,"181 reward","1 reward"
"13051","M4","C4620081","1","182","C4620081 M4","reward",0.0694119726699686,"182 reward","1 reward"
"13052","M4","C4620081","1","183","C4620081 M4","reward",0.0693599945206638,"183 reward","1 reward"
"13053","M4","C4620081","1","184","C4620081 M4","reward",0.0693252241337332,"184 reward","1 reward"
"13054","M4","C4620081","1","185","C4620081 M4","reward",0.0691723229391454,"185 reward","1 reward"
"13055","M4","C4620081","1","186","C4620081 M4","reward",0.0690937128120266,"186 reward","1 reward"
"13056","M4","C4620081","1","187","C4620081 M4","reward",0.06909295631602,"187 reward","1 reward"
"13057","M4","C4620081","1","188","C4620081 M4","reward",0.0690105812361098,"188 reward","1 reward"
"13058","M4","C4620081","1","189","C4620081 M4","reward",0.0684914534629185,"189 reward","1 reward"
"13059","M4","C4620081","1","190","C4620081 M4","reward",0.0683920477742778,"190 reward","1 reward"
"13060","M4","C4620081","1","191","C4620081 M4","reward",0.067966758588268,"191 reward","1 reward"
"13061","M4","C4620081","1","192","C4620081 M4","reward",0.0679483536527077,"192 reward","1 reward"
"13062","M4","C4620081","1","193","C4620081 M4","reward",0.0678902786363753,"193 reward","1 reward"
"13063","M4","C4620081","1","194","C4620081 M4","reward",0.0674966812177237,"194 reward","1 reward"
"13064","M4","C4620081","1","195","C4620081 M4","reward",0.067398305594499,"195 reward","1 reward"
"13065","M4","C4620081","1","196","C4620081 M4","reward",0.0673723358178503,"196 reward","1 reward"
"13066","M4","C4620081","1","197","C4620081 M4","reward",0.0672463936137649,"197 reward","1 reward"
"13067","M4","C4620081","1","198","C4620081 M4","reward",0.0669276637273074,"198 reward","1 reward"
"13068","M4","C4620081","1","199","C4620081 M4","reward",0.0668428852137251,"199 reward","1 reward"
"13069","M4","C4620081","1","200","C4620081 M4","reward",0.0668360969550904,"200 reward","1 reward"
"13070","M4","C4620081","1","201","C4620081 M4","reward",0.0668114157283091,"201 reward","1 reward"
"13071","M4","C4620081","1","202","C4620081 M4","reward",0.0667615044587118,"202 reward","1 reward"
"13072","M4","C4620081","1","203","C4620081 M4","reward",0.0667123312204051,"203 reward","1 reward"
"13073","M4","C4620081","1","204","C4620081 M4","reward",0.0666429210130586,"204 reward","1 reward"
"13074","M4","C4620081","1","205","C4620081 M4","reward",0.0665448118202015,"205 reward","1 reward"
"13075","M4","C4620081","1","206","C4620081 M4","reward",0.0661780885408545,"206 reward","1 reward"
"13076","M4","C4620081","1","207","C4620081 M4","reward",0.0658866170865813,"207 reward","1 reward"
"13077","M4","C4620081","1","208","C4620081 M4","reward",0.0658607942186985,"208 reward","1 reward"
"13078","M4","C4620081","1","209","C4620081 M4","reward",0.0656036941882301,"209 reward","1 reward"
"13079","M4","C4620081","1","210","C4620081 M4","reward",0.0653331753104018,"210 reward","1 reward"
"13080","M4","C4620081","1","211","C4620081 M4","reward",0.0651505093859527,"211 reward","1 reward"
"13081","M4","C4620081","1","212","C4620081 M4","reward",0.0649533032786338,"212 reward","1 reward"
"13082","M4","C4620081","1","213","C4620081 M4","reward",0.0645138574356669,"213 reward","1 reward"
"13083","M4","C4620081","1","214","C4620081 M4","reward",0.0644247464968925,"214 reward","1 reward"
"13084","M4","C4620081","1","215","C4620081 M4","reward",0.06442162194981,"215 reward","1 reward"
"13085","M4","C4620081","1","216","C4620081 M4","reward",0.0643362878791702,"216 reward","1 reward"
"13086","M4","C4620081","1","217","C4620081 M4","reward",0.0643319352190565,"217 reward","1 reward"
"13087","M4","C4620081","1","218","C4620081 M4","reward",0.0642978451220165,"218 reward","1 reward"
"13088","M4","C4620081","1","219","C4620081 M4","reward",0.0642361922000853,"219 reward","1 reward"
"13089","M4","C4620081","1","220","C4620081 M4","reward",0.0642093859175975,"220 reward","1 reward"
"13090","M4","C4620081","1","221","C4620081 M4","reward",0.0641253169863039,"221 reward","1 reward"
"13091","M4","C4620081","1","222","C4620081 M4","reward",0.0641074014385662,"222 reward","1 reward"
"13092","M4","C4620081","1","223","C4620081 M4","reward",0.0640726526205877,"223 reward","1 reward"
"13093","M4","C4620081","1","224","C4620081 M4","reward",0.0637476963410578,"224 reward","1 reward"
"13094","M4","C4620081","1","225","C4620081 M4","reward",0.0636770157451673,"225 reward","1 reward"
"13095","M4","C4620081","1","226","C4620081 M4","reward",0.0633555971519655,"226 reward","1 reward"
"13096","M4","C4620081","1","227","C4620081 M4","reward",0.0631880166702726,"227 reward","1 reward"
"13097","M4","C4620081","1","228","C4620081 M4","reward",0.0630949383282139,"228 reward","1 reward"
"13098","M4","C4620081","1","229","C4620081 M4","reward",0.0628466587491698,"229 reward","1 reward"
"13099","M4","C4620081","1","230","C4620081 M4","reward",0.062491762781458,"230 reward","1 reward"
"13100","M4","C4620081","1","231","C4620081 M4","reward",0.062128648479608,"231 reward","1 reward"
"13101","M4","C4620081","1","232","C4620081 M4","reward",0.0617907980774886,"232 reward","1 reward"
"13102","M4","C4620081","1","233","C4620081 M4","reward",0.061454639113776,"233 reward","1 reward"
"13103","M4","C4620081","1","234","C4620081 M4","reward",0.061273861032171,"234 reward","1 reward"
"13104","M4","C4620081","1","235","C4620081 M4","reward",0.0612403815355542,"235 reward","1 reward"
"13105","M4","C4620081","1","236","C4620081 M4","reward",0.0612096478340675,"236 reward","1 reward"
"13106","M4","C4620081","1","237","C4620081 M4","reward",0.061145075773287,"237 reward","1 reward"
"13107","M4","C4620081","1","238","C4620081 M4","reward",0.0608431591244319,"238 reward","1 reward"
"13108","M4","C4620081","1","239","C4620081 M4","reward",0.0606159097228454,"239 reward","1 reward"
"13109","M4","C4620081","1","240","C4620081 M4","reward",0.0604850556659157,"240 reward","1 reward"
"13110","M4","C4620081","1","241","C4620081 M4","reward",0.0604476849537727,"241 reward","1 reward"
"13111","M4","C4620081","1","242","C4620081 M4","reward",0.0602726233737974,"242 reward","1 reward"
"13112","M4","C4620081","1","243","C4620081 M4","reward",0.0601163436726333,"243 reward","1 reward"
"13113","M4","C4620081","1","244","C4620081 M4","reward",0.0600972969997777,"244 reward","1 reward"
"13114","M4","C4620081","1","245","C4620081 M4","reward",0.059867610740326,"245 reward","1 reward"
"13115","M4","C4620081","1","246","C4620081 M4","reward",0.059289829472179,"246 reward","1 reward"
"13116","M4","C4620081","1","247","C4620081 M4","reward",0.0592470718072195,"247 reward","1 reward"
"13117","M4","C4620081","1","248","C4620081 M4","reward",0.0591702111103579,"248 reward","1 reward"
"13118","M4","C4620081","1","249","C4620081 M4","reward",0.0590143982456173,"249 reward","1 reward"
"13119","M4","C4620081","1","250","C4620081 M4","reward",0.0588331193685001,"250 reward","1 reward"
"13120","M4","C4620081","1","251","C4620081 M4","reward",0.0588085468772205,"251 reward","1 reward"
"13121","M4","C4620081","1","252","C4620081 M4","reward",0.0587980577368926,"252 reward","1 reward"
"13122","M4","C4620081","1","253","C4620081 M4","reward",0.058697163548804,"253 reward","1 reward"
"13123","M4","C4620081","1","254","C4620081 M4","reward",0.0585289818384268,"254 reward","1 reward"
"13124","M4","C4620081","1","255","C4620081 M4","reward",0.0580404882429752,"255 reward","1 reward"
"13125","M4","C4620081","1","256","C4620081 M4","reward",0.0580352707740465,"256 reward","1 reward"
"13126","M4","C4620081","1","257","C4620081 M4","reward",0.0579626710232982,"257 reward","1 reward"
"13127","M4","C4620081","1","258","C4620081 M4","reward",0.0577387275982854,"258 reward","1 reward"
"13128","M4","C4620081","1","259","C4620081 M4","reward",0.0576589291703246,"259 reward","1 reward"
"13129","M4","C4620081","1","260","C4620081 M4","reward",0.0576427341667994,"260 reward","1 reward"
"13130","M4","C4620081","1","261","C4620081 M4","reward",0.0575987218706803,"261 reward","1 reward"
"13131","M4","C4620081","1","262","C4620081 M4","reward",0.05755433621017,"262 reward","1 reward"
"13132","M4","C4620081","1","263","C4620081 M4","reward",0.0574280845953228,"263 reward","1 reward"
"13133","M4","C4620081","1","264","C4620081 M4","reward",0.0572405000443702,"264 reward","1 reward"
"13134","M4","C4620081","1","265","C4620081 M4","reward",0.0570489942322571,"265 reward","1 reward"
"13135","M4","C4620081","1","266","C4620081 M4","reward",0.057015099631494,"266 reward","1 reward"
"13136","M4","C4620081","1","267","C4620081 M4","reward",0.0570000933737034,"267 reward","1 reward"
"13137","M4","C4620081","1","268","C4620081 M4","reward",0.0569732375983395,"268 reward","1 reward"
"13138","M4","C4620081","1","269","C4620081 M4","reward",0.0568903073128032,"269 reward","1 reward"
"13139","M4","C4620081","1","270","C4620081 M4","reward",0.0568166963836393,"270 reward","1 reward"
"13140","M4","C4620081","1","271","C4620081 M4","reward",0.0566952779011324,"271 reward","1 reward"
"13141","M4","C4620081","1","272","C4620081 M4","reward",0.0566754432390341,"272 reward","1 reward"
"13142","M4","C4620081","1","273","C4620081 M4","reward",0.0565004586432492,"273 reward","1 reward"
"13143","M4","C4620081","1","274","C4620081 M4","reward",0.0564512443883858,"274 reward","1 reward"
"13144","M4","C4620081","1","275","C4620081 M4","reward",0.0563874335346364,"275 reward","1 reward"
"13145","M4","C4620081","1","276","C4620081 M4","reward",0.0559422152881166,"276 reward","1 reward"
"13146","M4","C4620081","1","277","C4620081 M4","reward",0.0559340993639064,"277 reward","1 reward"
"13147","M4","C4620081","1","278","C4620081 M4","reward",0.0556213677996293,"278 reward","1 reward"
"13148","M4","C4620081","1","279","C4620081 M4","reward",0.0554039537182822,"279 reward","1 reward"
"13149","M4","C4620081","1","280","C4620081 M4","reward",0.0552403103009177,"280 reward","1 reward"
"13150","M4","C4620081","1","281","C4620081 M4","reward",0.0551106132483995,"281 reward","1 reward"
"13151","M4","C4620081","1","282","C4620081 M4","reward",0.0550040500904529,"282 reward","1 reward"
"13152","M4","C4620081","1","283","C4620081 M4","reward",0.0548397545994505,"283 reward","1 reward"
"13153","M4","C4620081","1","284","C4620081 M4","reward",0.0547218267841592,"284 reward","1 reward"
"13154","M4","C4620081","1","285","C4620081 M4","reward",0.0543986721536009,"285 reward","1 reward"
"13155","M4","C4620081","1","286","C4620081 M4","reward",0.0540286049463972,"286 reward","1 reward"
"13156","M4","C4620081","1","287","C4620081 M4","reward",0.053953879059685,"287 reward","1 reward"
"13157","M4","C4620081","1","288","C4620081 M4","reward",0.0536959989715791,"288 reward","1 reward"
"13158","M4","C4620081","1","289","C4620081 M4","reward",0.0536159749851628,"289 reward","1 reward"
"13159","M4","C4620081","1","290","C4620081 M4","reward",0.0536114033358451,"290 reward","1 reward"
"13160","M4","C4620081","1","291","C4620081 M4","reward",0.0534376150997254,"291 reward","1 reward"
"13161","M4","C4620081","1","292","C4620081 M4","reward",0.0534232318211279,"292 reward","1 reward"
"13162","M4","C4620081","1","293","C4620081 M4","reward",0.0532018688998793,"293 reward","1 reward"
"13163","M4","C4620081","1","294","C4620081 M4","reward",0.0525857843627673,"294 reward","1 reward"
"13164","M4","C4620081","1","295","C4620081 M4","reward",0.0525607259888981,"295 reward","1 reward"
"13165","M4","C4620081","1","296","C4620081 M4","reward",0.052409812185831,"296 reward","1 reward"
"13166","M4","C4620081","1","297","C4620081 M4","reward",0.0522700276110686,"297 reward","1 reward"
"13167","M4","C4620081","1","298","C4620081 M4","reward",0.052268078989838,"298 reward","1 reward"
"13168","M4","C4620081","1","299","C4620081 M4","reward",0.0522240665315998,"299 reward","1 reward"
"13169","M4","C4620081","1","300","C4620081 M4","reward",0.0521049791120097,"300 reward","1 reward"
"13170","M4","C4620081","1","301","C4620081 M4","reward",0.0518338370894985,"301 reward","1 reward"
"13171","M4","C4620081","1","302","C4620081 M4","reward",0.0514477687677544,"302 reward","1 reward"
"13172","M4","C4620081","1","303","C4620081 M4","reward",0.0512605809481472,"303 reward","1 reward"
"13173","M4","C4620081","1","304","C4620081 M4","reward",0.0511865807277705,"304 reward","1 reward"
"13174","M4","C4620081","1","305","C4620081 M4","reward",0.0511229246832395,"305 reward","1 reward"
"13175","M4","C4620081","1","306","C4620081 M4","reward",0.050915945420494,"306 reward","1 reward"
"13176","M4","C4620081","1","307","C4620081 M4","reward",0.0503803133706467,"307 reward","1 reward"
"13177","M4","C4620081","1","308","C4620081 M4","reward",0.0500135121837459,"308 reward","1 reward"
"13178","M4","C4620081","1","309","C4620081 M4","reward",0.0499133299305511,"309 reward","1 reward"
"13179","M4","C4620081","1","310","C4620081 M4","reward",0.0497084038188405,"310 reward","1 reward"
"13180","M4","C4620081","1","311","C4620081 M4","reward",0.0496086452881736,"311 reward","1 reward"
"13181","M4","C4620081","1","312","C4620081 M4","reward",0.0495651570422173,"312 reward","1 reward"
"13182","M4","C4620081","1","313","C4620081 M4","reward",0.0491887871476318,"313 reward","1 reward"
"13183","M4","C4620081","1","314","C4620081 M4","reward",0.0490793465146874,"314 reward","1 reward"
"13184","M4","C4620081","1","315","C4620081 M4","reward",0.0485780064262627,"315 reward","1 reward"
"13185","M4","C4620081","1","316","C4620081 M4","reward",0.0483345669634593,"316 reward","1 reward"
"13186","M4","C4620081","1","317","C4620081 M4","reward",0.0482942544099857,"317 reward","1 reward"
"13187","M4","C4620081","1","318","C4620081 M4","reward",0.0482212712251754,"318 reward","1 reward"
"13188","M4","C4620081","1","319","C4620081 M4","reward",0.0480118715712877,"319 reward","1 reward"
"13189","M4","C4620081","1","320","C4620081 M4","reward",0.0475922453057365,"320 reward","1 reward"
"13190","M4","C4620081","1","321","C4620081 M4","reward",0.0475304935280326,"321 reward","1 reward"
"13191","M4","C4620081","1","322","C4620081 M4","reward",0.047398034431197,"322 reward","1 reward"
"13192","M4","C4620081","1","323","C4620081 M4","reward",0.0471934584617834,"323 reward","1 reward"
"13193","M4","C4620081","1","324","C4620081 M4","reward",0.0470772660837925,"324 reward","1 reward"
"13194","M4","C4620081","1","325","C4620081 M4","reward",0.0467201360296852,"325 reward","1 reward"
"13195","M4","C4620081","1","326","C4620081 M4","reward",0.0466039160191576,"326 reward","1 reward"
"13196","M4","C4620081","1","327","C4620081 M4","reward",0.0465154894841601,"327 reward","1 reward"
"13197","M4","C4620081","1","328","C4620081 M4","reward",0.0461926451419764,"328 reward","1 reward"
"13198","M4","C4620081","1","329","C4620081 M4","reward",0.0461528562974009,"329 reward","1 reward"
"13199","M4","C4620081","1","330","C4620081 M4","reward",0.0460531685600472,"330 reward","1 reward"
"13200","M4","C4620081","1","331","C4620081 M4","reward",0.0459912488109739,"331 reward","1 reward"
"13201","M4","C4620081","1","332","C4620081 M4","reward",0.0456757141061355,"332 reward","1 reward"
"13202","M4","C4620081","1","333","C4620081 M4","reward",0.0456681371748659,"333 reward","1 reward"
"13203","M4","C4620081","1","334","C4620081 M4","reward",0.0455415721352663,"334 reward","1 reward"
"13204","M4","C4620081","1","335","C4620081 M4","reward",0.0454807135635875,"335 reward","1 reward"
"13205","M4","C4620081","1","336","C4620081 M4","reward",0.045277963496382,"336 reward","1 reward"
"13206","M4","C4620081","1","337","C4620081 M4","reward",0.0447198900020742,"337 reward","1 reward"
"13207","M4","C4620081","1","338","C4620081 M4","reward",0.0447070683136677,"338 reward","1 reward"
"13208","M4","C4620081","1","339","C4620081 M4","reward",0.0445624076654333,"339 reward","1 reward"
"13209","M4","C4620081","1","340","C4620081 M4","reward",0.044268179799656,"340 reward","1 reward"
"13210","M4","C4620081","1","341","C4620081 M4","reward",0.043983896790238,"341 reward","1 reward"
"13211","M4","C4620081","1","342","C4620081 M4","reward",0.0437905757081757,"342 reward","1 reward"
"13212","M4","C4620081","1","343","C4620081 M4","reward",0.0437866620536808,"343 reward","1 reward"
"13213","M4","C4620081","1","344","C4620081 M4","reward",0.0437441378342722,"344 reward","1 reward"
"13214","M4","C4620081","1","345","C4620081 M4","reward",0.043487270015869,"345 reward","1 reward"
"13215","M4","C4620081","1","346","C4620081 M4","reward",0.0433280127782957,"346 reward","1 reward"
"13216","M4","C4620081","1","347","C4620081 M4","reward",0.0433275657126607,"347 reward","1 reward"
"13217","M4","C4620081","1","348","C4620081 M4","reward",0.0429837059974414,"348 reward","1 reward"
"13218","M4","C4620081","1","349","C4620081 M4","reward",0.0426883266442124,"349 reward","1 reward"
"13219","M4","C4620081","1","350","C4620081 M4","reward",0.042385929045741,"350 reward","1 reward"
"13220","M4","C4620081","1","351","C4620081 M4","reward",0.0418391455422772,"351 reward","1 reward"
"13221","M4","C4620081","1","352","C4620081 M4","reward",0.0417612997317337,"352 reward","1 reward"
"13222","M4","C4620081","1","353","C4620081 M4","reward",0.0416744007037163,"353 reward","1 reward"
"13223","M4","C4620081","1","354","C4620081 M4","reward",0.0411600250013378,"354 reward","1 reward"
"13224","M4","C4620081","1","355","C4620081 M4","reward",0.040776392874386,"355 reward","1 reward"
"13225","M4","C4620081","1","356","C4620081 M4","reward",0.0407547656229041,"356 reward","1 reward"
"13226","M4","C4620081","1","357","C4620081 M4","reward",0.0403393558261723,"357 reward","1 reward"
"13227","M4","C4620081","1","358","C4620081 M4","reward",0.0401353614506522,"358 reward","1 reward"
"13228","M4","C4620081","1","359","C4620081 M4","reward",0.0396204741589993,"359 reward","1 reward"
"13229","M4","C4620081","1","360","C4620081 M4","reward",0.0395841840864176,"360 reward","1 reward"
"13230","M4","C4620081","1","361","C4620081 M4","reward",0.0391487605242581,"361 reward","1 reward"
"13231","M4","C4620081","1","362","C4620081 M4","reward",0.038969275887971,"362 reward","1 reward"
"13232","M4","C4620081","1","363","C4620081 M4","reward",0.0388894210823084,"363 reward","1 reward"
"13233","M4","C4620081","1","364","C4620081 M4","reward",0.0387178336731989,"364 reward","1 reward"
"13234","M4","C4620081","1","365","C4620081 M4","reward",0.0381427579032713,"365 reward","1 reward"
"13235","M4","C4620081","1","366","C4620081 M4","reward",0.0380800731938363,"366 reward","1 reward"
"13236","M4","C4620081","1","367","C4620081 M4","reward",0.0377476272778234,"367 reward","1 reward"
"13237","M4","C4620081","1","368","C4620081 M4","reward",0.0377052249586845,"368 reward","1 reward"
"13238","M4","C4620081","1","369","C4620081 M4","reward",0.0372591232379093,"369 reward","1 reward"
"13239","M4","C4620081","1","370","C4620081 M4","reward",0.0371518661239837,"370 reward","1 reward"
"13240","M4","C4620081","1","371","C4620081 M4","reward",0.0370556964200129,"371 reward","1 reward"
"13241","M4","C4620081","1","372","C4620081 M4","reward",0.0368782085546277,"372 reward","1 reward"
"13242","M4","C4620081","1","373","C4620081 M4","reward",0.036645638673724,"373 reward","1 reward"
"13243","M4","C4620081","1","374","C4620081 M4","reward",0.036108806897048,"374 reward","1 reward"
"13244","M4","C4620081","1","375","C4620081 M4","reward",0.0357777137232184,"375 reward","1 reward"
"13245","M4","C4620081","1","376","C4620081 M4","reward",0.0352990571144022,"376 reward","1 reward"
"13246","M4","C4620081","1","377","C4620081 M4","reward",0.0349711471142412,"377 reward","1 reward"
"13247","M4","C4620081","1","378","C4620081 M4","reward",0.0346930470960191,"378 reward","1 reward"
"13248","M4","C4620081","1","379","C4620081 M4","reward",0.0342441383397983,"379 reward","1 reward"
"13249","M4","C4620081","1","380","C4620081 M4","reward",0.0330840600118843,"380 reward","1 reward"
"13250","M4","C4620081","1","381","C4620081 M4","reward",0.0329594047979659,"381 reward","1 reward"
"13251","M4","C4620081","1","382","C4620081 M4","reward",0.0326717703504956,"382 reward","1 reward"
"13252","M4","C4620081","1","383","C4620081 M4","reward",0.0321948138179488,"383 reward","1 reward"
"13253","M4","C4620081","1","384","C4620081 M4","reward",0.0315977841120397,"384 reward","1 reward"
"13254","M4","C4620081","1","385","C4620081 M4","reward",0.0315341395305594,"385 reward","1 reward"
"13255","M4","C4620081","1","386","C4620081 M4","reward",0.0314625065239847,"386 reward","1 reward"
"13256","M4","C4620081","1","387","C4620081 M4","reward",0.0312325683304833,"387 reward","1 reward"
"13257","M4","C4620081","1","388","C4620081 M4","reward",0.0300058515974255,"388 reward","1 reward"
"13258","M4","C4620081","1","389","C4620081 M4","reward",0.0292775665650635,"389 reward","1 reward"
"13259","M4","C4620081","1","390","C4620081 M4","reward",0.0292617745178372,"390 reward","1 reward"
"13260","M4","C4620081","1","391","C4620081 M4","reward",0.0287546769236762,"391 reward","1 reward"
"13261","M4","C4620081","1","392","C4620081 M4","reward",0.0281204024367266,"392 reward","1 reward"
"13262","M4","C4620081","1","393","C4620081 M4","reward",0.0279582764230796,"393 reward","1 reward"
"13263","M4","C4620081","1","394","C4620081 M4","reward",0.0278582512618531,"394 reward","1 reward"
"13264","M4","C4620081","1","395","C4620081 M4","reward",0.0277302833592073,"395 reward","1 reward"
"13265","M4","C4620081","1","396","C4620081 M4","reward",0.027700320054444,"396 reward","1 reward"
"13266","M4","C4620081","1","397","C4620081 M4","reward",0.0275961656315314,"397 reward","1 reward"
"13267","M4","C4620081","1","398","C4620081 M4","reward",0.0264654301808419,"398 reward","1 reward"
"13268","M4","C4620081","1","399","C4620081 M4","reward",0.0262332819826955,"399 reward","1 reward"
"13269","M4","C4620081","1","400","C4620081 M4","reward",0.0262188497453393,"400 reward","1 reward"
"13270","M4","C4620081","1","401","C4620081 M4","reward",0.0259570732533096,"401 reward","1 reward"
"13271","M4","C4620081","1","402","C4620081 M4","reward",0.0257912822962714,"402 reward","1 reward"
"13272","M4","C4620081","1","403","C4620081 M4","reward",0.0256991966237777,"403 reward","1 reward"
"13273","M4","C4620081","1","404","C4620081 M4","reward",0.0245743586889135,"404 reward","1 reward"
"13274","M4","C4620081","1","405","C4620081 M4","reward",0.0244699779686883,"405 reward","1 reward"
"13275","M4","C4620081","1","406","C4620081 M4","reward",0.0238604402259867,"406 reward","1 reward"
"13276","M4","C4620081","1","407","C4620081 M4","reward",0.0237746067877594,"407 reward","1 reward"
"13277","M4","C4620081","1","408","C4620081 M4","reward",0.0236216767081311,"408 reward","1 reward"
"13278","M4","C4620081","1","409","C4620081 M4","reward",0.0234107891612241,"409 reward","1 reward"
"13279","M4","C4620081","1","410","C4620081 M4","reward",0.0232664373796426,"410 reward","1 reward"
"13280","M4","C4620081","1","411","C4620081 M4","reward",0.023125793790463,"411 reward","1 reward"
"13281","M4","C4620081","1","412","C4620081 M4","reward",0.0214088117440762,"412 reward","1 reward"
"13282","M4","C4620081","1","413","C4620081 M4","reward",0.0211150544516195,"413 reward","1 reward"
"13283","M4","C4620081","1","414","C4620081 M4","reward",0.0205821594004181,"414 reward","1 reward"
"13284","M4","C4620081","1","415","C4620081 M4","reward",0.0202219959190964,"415 reward","1 reward"
"13285","M4","C4620081","1","416","C4620081 M4","reward",0.0201502517378946,"416 reward","1 reward"
"13286","M4","C4620081","1","417","C4620081 M4","reward",0.0190870838646107,"417 reward","1 reward"
"13287","M4","C4620081","1","418","C4620081 M4","reward",0.0178508002397752,"418 reward","1 reward"
"13288","M4","C4620081","1","419","C4620081 M4","reward",0.017661730441673,"419 reward","1 reward"
"13289","M4","C4620081","1","420","C4620081 M4","reward",0.0156976926875694,"420 reward","1 reward"
"13290","M4","C4620081","1","421","C4620081 M4","reward",0.01535832080278,"421 reward","1 reward"
"13291","M4","C4620081","1","422","C4620081 M4","reward",0.0146087439283186,"422 reward","1 reward"
"13292","M4","C4620081","1","423","C4620081 M4","reward",0.0144533116268399,"423 reward","1 reward"
"13293","M4","C4620081","1","424","C4620081 M4","reward",0.0138443346475337,"424 reward","1 reward"
"13294","M4","C4620081","1","425","C4620081 M4","reward",0.00990825991411402,"425 reward","1 reward"
"13295","M4","C4620081","1","426","C4620081 M4","reward",0.00978221272081177,"426 reward","1 reward"
"13296","M4","C4620081","1","427","C4620081 M4","reward",0.00918397144968883,"427 reward","1 reward"
"13297","M4","C4620081","1","428","C4620081 M4","reward",0.00865330161528076,"428 reward","1 reward"
"13298","M4","C4620081","1","429","C4620081 M4","reward",0.00835151004413868,"429 reward","1 reward"
"13299","M4","C4620081","1","430","C4620081 M4","reward",0.00827779899597617,"430 reward","1 reward"
"13300","M4","C4620081","1","431","C4620081 M4","reward",0.00703754125591705,"431 reward","1 reward"
"13301","M4","C4620081","1","432","C4620081 M4","reward",0.00413149438484498,"432 reward","1 reward"
"13302","M4","C4620081","1","433","C4620081 M4","reward",0.0036580482142602,"433 reward","1 reward"
"13303","M4","C4620081","1","434","C4620081 M4","reward",0.00280023999383276,"434 reward","1 reward"
"13304","M4","C4620081","1","435","C4620081 M4","reward",0.00265094633600565,"435 reward","1 reward"
"13305","M4","C4620081","1","436","C4620081 M4","reward",-0.000181442245423521,"436 reward","1 reward"
"13306","M4","C4620081","1","437","C4620081 M4","reward",-0.000547611602505235,"437 reward","1 reward"
"13307","M4","C4620081","1","438","C4620081 M4","reward",-0.00106496294958544,"438 reward","1 reward"
"13308","M4","C4620081","1","439","C4620081 M4","reward",-0.00152425797049215,"439 reward","1 reward"
"13309","M4","C4620081","1","440","C4620081 M4","reward",-0.0067276445083333,"440 reward","1 reward"
"13310","M4","C4620081","1","441","C4620081 M4","reward",-0.00846660513312523,"441 reward","1 reward"
"13311","M4","C4620081","1","442","C4620081 M4","reward",-0.0211091108736347,"442 reward","1 reward"
"13312","M5","C4620081","1","0","C4620081 M5","reward",0.370705612678239,"0 reward","1 reward"
"13313","M5","C4620081","1","1","C4620081 M5","reward",0.363824214952097,"1 reward","1 reward"
"13314","M5","C4620081","1","2","C4620081 M5","reward",0.362276842732584,"2 reward","1 reward"
"13315","M5","C4620081","1","3","C4620081 M5","reward",0.358831828606798,"3 reward","1 reward"
"13316","M5","C4620081","1","4","C4620081 M5","reward",0.350095041612006,"4 reward","1 reward"
"13317","M5","C4620081","1","5","C4620081 M5","reward",0.347408777379792,"5 reward","1 reward"
"13318","M5","C4620081","1","6","C4620081 M5","reward",0.344292829566139,"6 reward","1 reward"
"13319","M5","C4620081","1","7","C4620081 M5","reward",0.337744565830356,"7 reward","1 reward"
"13320","M5","C4620081","1","8","C4620081 M5","reward",0.332345655479984,"8 reward","1 reward"
"13321","M5","C4620081","1","9","C4620081 M5","reward",0.32929344143745,"9 reward","1 reward"
"13322","M5","C4620081","1","10","C4620081 M5","reward",0.325153446813377,"10 reward","1 reward"
"13323","M5","C4620081","1","11","C4620081 M5","reward",0.322221372484426,"11 reward","1 reward"
"13324","M5","C4620081","1","12","C4620081 M5","reward",0.320274314528361,"12 reward","1 reward"
"13325","M5","C4620081","1","13","C4620081 M5","reward",0.320246672628701,"13 reward","1 reward"
"13326","M5","C4620081","1","14","C4620081 M5","reward",0.31789937172138,"14 reward","1 reward"
"13327","M5","C4620081","1","15","C4620081 M5","reward",0.316456014449048,"15 reward","1 reward"
"13328","M5","C4620081","1","16","C4620081 M5","reward",0.315355375141375,"16 reward","1 reward"
"13329","M5","C4620081","1","17","C4620081 M5","reward",0.314633155675612,"17 reward","1 reward"
"13330","M5","C4620081","1","18","C4620081 M5","reward",0.31376511436863,"18 reward","1 reward"
"13331","M5","C4620081","1","19","C4620081 M5","reward",0.313463792982515,"19 reward","1 reward"
"13332","M5","C4620081","1","20","C4620081 M5","reward",0.313454224428336,"20 reward","1 reward"
"13333","M5","C4620081","1","21","C4620081 M5","reward",0.313344865600593,"21 reward","1 reward"
"13334","M5","C4620081","1","22","C4620081 M5","reward",0.313322105688027,"22 reward","1 reward"
"13335","M5","C4620081","1","23","C4620081 M5","reward",0.312969984757876,"23 reward","1 reward"
"13336","M5","C4620081","1","24","C4620081 M5","reward",0.312787819666642,"24 reward","1 reward"
"13337","M5","C4620081","1","25","C4620081 M5","reward",0.312145185460572,"25 reward","1 reward"
"13338","M5","C4620081","1","26","C4620081 M5","reward",0.309305057561162,"26 reward","1 reward"
"13339","M5","C4620081","1","27","C4620081 M5","reward",0.306576889886603,"27 reward","1 reward"
"13340","M5","C4620081","1","28","C4620081 M5","reward",0.303010679093918,"28 reward","1 reward"
"13341","M5","C4620081","1","29","C4620081 M5","reward",0.299791382925151,"29 reward","1 reward"
"13342","M5","C4620081","1","30","C4620081 M5","reward",0.296168344865268,"30 reward","1 reward"
"13343","M5","C4620081","1","31","C4620081 M5","reward",0.29548210689599,"31 reward","1 reward"
"13344","M5","C4620081","1","32","C4620081 M5","reward",0.292236185641501,"32 reward","1 reward"
"13345","M5","C4620081","1","33","C4620081 M5","reward",0.292101206242403,"33 reward","1 reward"
"13346","M5","C4620081","1","34","C4620081 M5","reward",0.290207594057264,"34 reward","1 reward"
"13347","M5","C4620081","1","35","C4620081 M5","reward",0.289078223045103,"35 reward","1 reward"
"13348","M5","C4620081","1","36","C4620081 M5","reward",0.288072144964169,"36 reward","1 reward"
"13349","M5","C4620081","1","37","C4620081 M5","reward",0.286678323927152,"37 reward","1 reward"
"13350","M5","C4620081","1","38","C4620081 M5","reward",0.285543288326641,"38 reward","1 reward"
"13351","M5","C4620081","1","39","C4620081 M5","reward",0.284569058580387,"39 reward","1 reward"
"13352","M5","C4620081","1","40","C4620081 M5","reward",0.284568617336853,"40 reward","1 reward"
"13353","M5","C4620081","1","41","C4620081 M5","reward",0.282506877959973,"41 reward","1 reward"
"13354","M5","C4620081","1","42","C4620081 M5","reward",0.281953772409649,"42 reward","1 reward"
"13355","M5","C4620081","1","43","C4620081 M5","reward",0.28145544211034,"43 reward","1 reward"
"13356","M5","C4620081","1","44","C4620081 M5","reward",0.280242228783512,"44 reward","1 reward"
"13357","M5","C4620081","1","45","C4620081 M5","reward",0.279186210170304,"45 reward","1 reward"
"13358","M5","C4620081","1","46","C4620081 M5","reward",0.278514481878125,"46 reward","1 reward"
"13359","M5","C4620081","1","47","C4620081 M5","reward",0.276944608767396,"47 reward","1 reward"
"13360","M5","C4620081","1","48","C4620081 M5","reward",0.275949435011415,"48 reward","1 reward"
"13361","M5","C4620081","1","49","C4620081 M5","reward",0.275278624584434,"49 reward","1 reward"
"13362","M5","C4620081","1","50","C4620081 M5","reward",0.275082948452989,"50 reward","1 reward"
"13363","M5","C4620081","1","51","C4620081 M5","reward",0.275068790045706,"51 reward","1 reward"
"13364","M5","C4620081","1","52","C4620081 M5","reward",0.274177518554398,"52 reward","1 reward"
"13365","M5","C4620081","1","53","C4620081 M5","reward",0.273015679885664,"53 reward","1 reward"
"13366","M5","C4620081","1","54","C4620081 M5","reward",0.271107197754566,"54 reward","1 reward"
"13367","M5","C4620081","1","55","C4620081 M5","reward",0.270562177400003,"55 reward","1 reward"
"13368","M5","C4620081","1","56","C4620081 M5","reward",0.269958382058188,"56 reward","1 reward"
"13369","M5","C4620081","1","57","C4620081 M5","reward",0.265410668790085,"57 reward","1 reward"
"13370","M5","C4620081","1","58","C4620081 M5","reward",0.263063308274512,"58 reward","1 reward"
"13371","M5","C4620081","1","59","C4620081 M5","reward",0.262758742408753,"59 reward","1 reward"
"13372","M5","C4620081","1","60","C4620081 M5","reward",0.261504395730909,"60 reward","1 reward"
"13373","M5","C4620081","1","61","C4620081 M5","reward",0.261021839013793,"61 reward","1 reward"
"13374","M5","C4620081","1","62","C4620081 M5","reward",0.260990833722961,"62 reward","1 reward"
"13375","M5","C4620081","1","63","C4620081 M5","reward",0.259595100096628,"63 reward","1 reward"
"13376","M5","C4620081","1","64","C4620081 M5","reward",0.255347259686519,"64 reward","1 reward"
"13377","M5","C4620081","1","65","C4620081 M5","reward",0.255086269905874,"65 reward","1 reward"
"13378","M5","C4620081","1","66","C4620081 M5","reward",0.245897705347967,"66 reward","1 reward"
"13379","M5","C4620081","1","67","C4620081 M5","reward",0.244778282987657,"67 reward","1 reward"
"13380","M5","C4620081","1","68","C4620081 M5","reward",0.241714295491048,"68 reward","1 reward"
"13381","M5","C4620081","1","69","C4620081 M5","reward",0.241549866195969,"69 reward","1 reward"
"13382","M5","C4620081","1","70","C4620081 M5","reward",0.239511068597483,"70 reward","1 reward"
"13383","M5","C4620081","1","71","C4620081 M5","reward",0.237702164784226,"71 reward","1 reward"
"13384","M5","C4620081","1","72","C4620081 M5","reward",0.23666817308638,"72 reward","1 reward"
"13385","M5","C4620081","1","73","C4620081 M5","reward",0.236429620199733,"73 reward","1 reward"
"13386","M5","C4620081","1","74","C4620081 M5","reward",0.235668956895494,"74 reward","1 reward"
"13387","M5","C4620081","1","75","C4620081 M5","reward",0.229885834843733,"75 reward","1 reward"
"13388","M5","C4620081","1","76","C4620081 M5","reward",0.229678850106298,"76 reward","1 reward"
"13389","M5","C4620081","1","77","C4620081 M5","reward",0.226916924439087,"77 reward","1 reward"
"13390","M5","C4620081","1","78","C4620081 M5","reward",0.226659832515765,"78 reward","1 reward"
"13391","M5","C4620081","1","79","C4620081 M5","reward",0.226038776923085,"79 reward","1 reward"
"13392","M5","C4620081","1","80","C4620081 M5","reward",0.223889819241436,"80 reward","1 reward"
"13393","M5","C4620081","1","81","C4620081 M5","reward",0.221324727111932,"81 reward","1 reward"
"13394","M5","C4620081","1","82","C4620081 M5","reward",0.214073914494409,"82 reward","1 reward"
"13395","M5","C4620081","1","83","C4620081 M5","reward",0.212478218844906,"83 reward","1 reward"
"13396","M5","C4620081","1","84","C4620081 M5","reward",0.210042761660027,"84 reward","1 reward"
"13397","M5","C4620081","1","85","C4620081 M5","reward",0.207626862444834,"85 reward","1 reward"
"13398","M5","C4620081","1","86","C4620081 M5","reward",0.205436356158986,"86 reward","1 reward"
"13399","M5","C4620081","1","87","C4620081 M5","reward",0.202709958071607,"87 reward","1 reward"
"13400","M5","C4620081","1","88","C4620081 M5","reward",0.193434854399332,"88 reward","1 reward"
"13401","M5","C4620081","1","89","C4620081 M5","reward",0.192702800321343,"89 reward","1 reward"
"13402","M5","C4620081","1","90","C4620081 M5","reward",0.186830953216925,"90 reward","1 reward"
"13403","M5","C4620081","1","91","C4620081 M5","reward",0.185789045000332,"91 reward","1 reward"
"13404","M5","C4620081","1","92","C4620081 M5","reward",0.183111725950859,"92 reward","1 reward"
"13405","M5","C4620081","1","93","C4620081 M5","reward",0.16142461036622,"93 reward","1 reward"
"13406","M5","C4620081","1","94","C4620081 M5","reward",0.160306567213365,"94 reward","1 reward"
"13407","M5","C4620081","1","95","C4620081 M5","reward",0.15748607071088,"95 reward","1 reward"
"13408","M5","C4620081","1","96","C4620081 M5","reward",0.156497126444051,"96 reward","1 reward"
"13409","M5","C4620081","1","97","C4620081 M5","reward",0.155611851100622,"97 reward","1 reward"
"13410","M5","C4620081","1","98","C4620081 M5","reward",0.15396408629407,"98 reward","1 reward"
"13411","M5","C4620081","1","99","C4620081 M5","reward",0.150048293360292,"99 reward","1 reward"
"13412","M5","C4620081","1","100","C4620081 M5","reward",0.148855896559616,"100 reward","1 reward"
"13413","M5","C4620081","1","101","C4620081 M5","reward",0.146225781606377,"101 reward","1 reward"
"13414","M5","C4620081","1","102","C4620081 M5","reward",0.145693868656778,"102 reward","1 reward"
"13415","M5","C4620081","1","103","C4620081 M5","reward",0.145319906215328,"103 reward","1 reward"
"13416","M5","C4620081","1","104","C4620081 M5","reward",0.144987197139141,"104 reward","1 reward"
"13417","M5","C4620081","1","105","C4620081 M5","reward",0.143102945026144,"105 reward","1 reward"
"13418","M5","C4620081","1","106","C4620081 M5","reward",0.142626442845559,"106 reward","1 reward"
"13419","M5","C4620081","1","107","C4620081 M5","reward",0.140284071300006,"107 reward","1 reward"
"13420","M5","C4620081","1","108","C4620081 M5","reward",0.139722282626576,"108 reward","1 reward"
"13421","M5","C4620081","1","109","C4620081 M5","reward",0.138626527890804,"109 reward","1 reward"
"13422","M5","C4620081","1","110","C4620081 M5","reward",0.138295827864674,"110 reward","1 reward"
"13423","M5","C4620081","1","111","C4620081 M5","reward",0.138120198894533,"111 reward","1 reward"
"13424","M5","C4620081","1","112","C4620081 M5","reward",0.135897761175108,"112 reward","1 reward"
"13425","M5","C4620081","1","113","C4620081 M5","reward",0.133805402456412,"113 reward","1 reward"
"13426","M5","C4620081","1","114","C4620081 M5","reward",0.132210680155165,"114 reward","1 reward"
"13427","M5","C4620081","1","115","C4620081 M5","reward",0.129842403543419,"115 reward","1 reward"
"13428","M5","C4620081","1","116","C4620081 M5","reward",0.126244943236363,"116 reward","1 reward"
"13429","M5","C4620081","1","117","C4620081 M5","reward",0.123693072902741,"117 reward","1 reward"
"13430","M5","C4620081","1","118","C4620081 M5","reward",0.12214783772444,"118 reward","1 reward"
"13431","M5","C4620081","1","119","C4620081 M5","reward",0.12002816632175,"119 reward","1 reward"
"13432","M5","C4620081","1","120","C4620081 M5","reward",0.11829788185352,"120 reward","1 reward"
"13433","M5","C4620081","1","121","C4620081 M5","reward",0.117472394599602,"121 reward","1 reward"
"13434","M5","C4620081","1","122","C4620081 M5","reward",0.111342864430013,"122 reward","1 reward"
"13435","M5","C4620081","1","123","C4620081 M5","reward",0.111048097081253,"123 reward","1 reward"
"13436","M5","C4620081","1","124","C4620081 M5","reward",0.106781455769364,"124 reward","1 reward"
"13437","M5","C4620081","1","125","C4620081 M5","reward",0.101065799900123,"125 reward","1 reward"
"13438","M5","C4620081","1","126","C4620081 M5","reward",0.0984249319600585,"126 reward","1 reward"
"13439","M5","C4620081","1","127","C4620081 M5","reward",0.0959910785829566,"127 reward","1 reward"
"13440","M5","C4620081","1","128","C4620081 M5","reward",0.0907015987847403,"128 reward","1 reward"
"13441","M5","C4620081","1","129","C4620081 M5","reward",0.0893860595320824,"129 reward","1 reward"
"13442","M5","C4620081","1","130","C4620081 M5","reward",0.0890140506643067,"130 reward","1 reward"
"13443","M5","C4620081","1","131","C4620081 M5","reward",0.0890080926283237,"131 reward","1 reward"
"13444","M5","C4620081","1","132","C4620081 M5","reward",0.087810159327467,"132 reward","1 reward"
"13445","M5","C4620081","1","133","C4620081 M5","reward",0.0811211230763662,"133 reward","1 reward"
"13446","M5","C4620081","1","134","C4620081 M5","reward",0.0770515690236841,"134 reward","1 reward"
"13447","M5","C4620081","1","135","C4620081 M5","reward",0.0748706746743203,"135 reward","1 reward"
"13448","M5","C4620081","1","136","C4620081 M5","reward",0.0629353122258365,"136 reward","1 reward"
"13449","M5","C4620081","1","137","C4620081 M5","reward",0.0550322724286214,"137 reward","1 reward"
"13450","M5","C4620081","1","138","C4620081 M5","reward",0.0534853526852091,"138 reward","1 reward"
"13451","M5","C4620081","1","139","C4620081 M5","reward",0.0524546875341324,"139 reward","1 reward"
"13452","M5","C4620081","1","140","C4620081 M5","reward",0.0512177686008874,"140 reward","1 reward"
"13453","M5","C4620081","1","141","C4620081 M5","reward",0.0475866413421213,"141 reward","1 reward"
"13454","M5","C4620081","1","142","C4620081 M5","reward",0.0448468810033727,"142 reward","1 reward"
"13455","M5","C4620081","1","143","C4620081 M5","reward",0.0432050368335442,"143 reward","1 reward"
"13456","M5","C4620081","1","144","C4620081 M5","reward",0.0385987424953763,"144 reward","1 reward"
"13457","M5","C4620081","1","145","C4620081 M5","reward",0.034361914611749,"145 reward","1 reward"
"13458","M5","C4620081","1","146","C4620081 M5","reward",0.0338937058902576,"146 reward","1 reward"
"13459","M5","C4620081","1","147","C4620081 M5","reward",0.0323092231242179,"147 reward","1 reward"
"13460","M5","C4620081","1","148","C4620081 M5","reward",0.0286297904331852,"148 reward","1 reward"
"13461","M5","C4620081","1","149","C4620081 M5","reward",0.0191921737681147,"149 reward","1 reward"
"13462","M5","C4620081","1","150","C4620081 M5","reward",0.0190444641323889,"150 reward","1 reward"
"13463","M5","C4620081","1","151","C4620081 M5","reward",0.010897726113668,"151 reward","1 reward"
"13464","M5","C4620081","1","152","C4620081 M5","reward",0.00834761327881245,"152 reward","1 reward"
"13465","M5","C4620081","1","153","C4620081 M5","reward",0.00696487133410401,"153 reward","1 reward"
"13466","M5","C4620081","1","154","C4620081 M5","reward",0.00615344996359606,"154 reward","1 reward"
"13467","M5","C4620081","1","155","C4620081 M5","reward",-0.00921384030686154,"155 reward","1 reward"
"13468","M5","C4620081","1","156","C4620081 M5","reward",-0.020452343874049,"156 reward","1 reward"
"13469","M1","C4620081","14","0","C4620081 M1","reward",0.102365133819238,"0 reward","14 reward"
"13470","M1","C4620081","14","1","C4620081 M1","reward",0.0905693099742218,"1 reward","14 reward"
"13471","M1","C4620081","14","2","C4620081 M1","reward",0.0896906946375222,"2 reward","14 reward"
"13472","M1","C4620081","14","3","C4620081 M1","reward",0.0865724205674992,"3 reward","14 reward"
"13473","M1","C4620081","14","4","C4620081 M1","reward",0.0862801527789326,"4 reward","14 reward"
"13474","M1","C4620081","14","5","C4620081 M1","reward",0.0856951793718603,"5 reward","14 reward"
"13475","M1","C4620081","14","6","C4620081 M1","reward",0.0856713923565802,"6 reward","14 reward"
"13476","M1","C4620081","14","7","C4620081 M1","reward",0.0855681177234973,"7 reward","14 reward"
"13477","M1","C4620081","14","8","C4620081 M1","reward",0.0825188991269931,"8 reward","14 reward"
"13478","M1","C4620081","14","9","C4620081 M1","reward",0.0809161733387765,"9 reward","14 reward"
"13479","M1","C4620081","14","10","C4620081 M1","reward",0.0804024866401355,"10 reward","14 reward"
"13480","M1","C4620081","14","11","C4620081 M1","reward",0.0797368376846658,"11 reward","14 reward"
"13481","M1","C4620081","14","12","C4620081 M1","reward",0.0797067740374591,"12 reward","14 reward"
"13482","M1","C4620081","14","13","C4620081 M1","reward",0.079703228071862,"13 reward","14 reward"
"13483","M1","C4620081","14","14","C4620081 M1","reward",0.0793990345527083,"14 reward","14 reward"
"13484","M1","C4620081","14","15","C4620081 M1","reward",0.0786130149813008,"15 reward","14 reward"
"13485","M1","C4620081","14","16","C4620081 M1","reward",0.0785886012628606,"16 reward","14 reward"
"13486","M1","C4620081","14","17","C4620081 M1","reward",0.0777147431365495,"17 reward","14 reward"
"13487","M1","C4620081","14","18","C4620081 M1","reward",0.0776256026875882,"18 reward","14 reward"
"13488","M1","C4620081","14","19","C4620081 M1","reward",0.0773486235895233,"19 reward","14 reward"
"13489","M1","C4620081","14","20","C4620081 M1","reward",0.076854114935617,"20 reward","14 reward"
"13490","M1","C4620081","14","21","C4620081 M1","reward",0.076741672326285,"21 reward","14 reward"
"13491","M1","C4620081","14","22","C4620081 M1","reward",0.0764064437794116,"22 reward","14 reward"
"13492","M1","C4620081","14","23","C4620081 M1","reward",0.0755820635212948,"23 reward","14 reward"
"13493","M1","C4620081","14","24","C4620081 M1","reward",0.0755374320448565,"24 reward","14 reward"
"13494","M1","C4620081","14","25","C4620081 M1","reward",0.0755057340887693,"25 reward","14 reward"
"13495","M1","C4620081","14","26","C4620081 M1","reward",0.0743514121948215,"26 reward","14 reward"
"13496","M1","C4620081","14","27","C4620081 M1","reward",0.073751701285381,"27 reward","14 reward"
"13497","M1","C4620081","14","28","C4620081 M1","reward",0.073545865064629,"28 reward","14 reward"
"13498","M1","C4620081","14","29","C4620081 M1","reward",0.0728672198212007,"29 reward","14 reward"
"13499","M1","C4620081","14","30","C4620081 M1","reward",0.0726826594851811,"30 reward","14 reward"
"13500","M1","C4620081","14","31","C4620081 M1","reward",0.0725633915723361,"31 reward","14 reward"
"13501","M1","C4620081","14","32","C4620081 M1","reward",0.0721358219037409,"32 reward","14 reward"
"13502","M1","C4620081","14","33","C4620081 M1","reward",0.0706482636870774,"33 reward","14 reward"
"13503","M1","C4620081","14","34","C4620081 M1","reward",0.0706009919565353,"34 reward","14 reward"
"13504","M1","C4620081","14","35","C4620081 M1","reward",0.0704193937830644,"35 reward","14 reward"
"13505","M1","C4620081","14","36","C4620081 M1","reward",0.0700377507730377,"36 reward","14 reward"
"13506","M1","C4620081","14","37","C4620081 M1","reward",0.0693767613237784,"37 reward","14 reward"
"13507","M1","C4620081","14","38","C4620081 M1","reward",0.0691484721216479,"38 reward","14 reward"
"13508","M1","C4620081","14","39","C4620081 M1","reward",0.0690581926139387,"39 reward","14 reward"
"13509","M1","C4620081","14","40","C4620081 M1","reward",0.0687548913550092,"40 reward","14 reward"
"13510","M1","C4620081","14","41","C4620081 M1","reward",0.0686237907257053,"41 reward","14 reward"
"13511","M1","C4620081","14","42","C4620081 M1","reward",0.0684581877871322,"42 reward","14 reward"
"13512","M1","C4620081","14","43","C4620081 M1","reward",0.0683350326929453,"43 reward","14 reward"
"13513","M1","C4620081","14","44","C4620081 M1","reward",0.0678601372500706,"44 reward","14 reward"
"13514","M1","C4620081","14","45","C4620081 M1","reward",0.0669642450246762,"45 reward","14 reward"
"13515","M1","C4620081","14","46","C4620081 M1","reward",0.0662529444560052,"46 reward","14 reward"
"13516","M1","C4620081","14","47","C4620081 M1","reward",0.0659321069374955,"47 reward","14 reward"
"13517","M1","C4620081","14","48","C4620081 M1","reward",0.0658246962502683,"48 reward","14 reward"
"13518","M1","C4620081","14","49","C4620081 M1","reward",0.0657646986456523,"49 reward","14 reward"
"13519","M1","C4620081","14","50","C4620081 M1","reward",0.0657300180074373,"50 reward","14 reward"
"13520","M1","C4620081","14","51","C4620081 M1","reward",0.0657098355801392,"51 reward","14 reward"
"13521","M1","C4620081","14","52","C4620081 M1","reward",0.0654347605208534,"52 reward","14 reward"
"13522","M1","C4620081","14","53","C4620081 M1","reward",0.0653431961355608,"53 reward","14 reward"
"13523","M1","C4620081","14","54","C4620081 M1","reward",0.0648183417865685,"54 reward","14 reward"
"13524","M1","C4620081","14","55","C4620081 M1","reward",0.0648173228804209,"55 reward","14 reward"
"13525","M1","C4620081","14","56","C4620081 M1","reward",0.0646927214541218,"56 reward","14 reward"
"13526","M1","C4620081","14","57","C4620081 M1","reward",0.0643712633638641,"57 reward","14 reward"
"13527","M1","C4620081","14","58","C4620081 M1","reward",0.064134359847158,"58 reward","14 reward"
"13528","M1","C4620081","14","59","C4620081 M1","reward",0.0640497856104023,"59 reward","14 reward"
"13529","M1","C4620081","14","60","C4620081 M1","reward",0.0638670641551012,"60 reward","14 reward"
"13530","M1","C4620081","14","61","C4620081 M1","reward",0.0637822402376174,"61 reward","14 reward"
"13531","M1","C4620081","14","62","C4620081 M1","reward",0.0635052134826699,"62 reward","14 reward"
"13532","M1","C4620081","14","63","C4620081 M1","reward",0.0630765366940502,"63 reward","14 reward"
"13533","M1","C4620081","14","64","C4620081 M1","reward",0.0626616736373094,"64 reward","14 reward"
"13534","M1","C4620081","14","65","C4620081 M1","reward",0.0624105503420345,"65 reward","14 reward"
"13535","M1","C4620081","14","66","C4620081 M1","reward",0.0622831298300019,"66 reward","14 reward"
"13536","M1","C4620081","14","67","C4620081 M1","reward",0.0616198332438053,"67 reward","14 reward"
"13537","M1","C4620081","14","68","C4620081 M1","reward",0.0615962415220685,"68 reward","14 reward"
"13538","M1","C4620081","14","69","C4620081 M1","reward",0.0615114057230148,"69 reward","14 reward"
"13539","M1","C4620081","14","70","C4620081 M1","reward",0.061448435080561,"70 reward","14 reward"
"13540","M1","C4620081","14","71","C4620081 M1","reward",0.0614281600064333,"71 reward","14 reward"
"13541","M1","C4620081","14","72","C4620081 M1","reward",0.0613474328995014,"72 reward","14 reward"
"13542","M1","C4620081","14","73","C4620081 M1","reward",0.0613350873991927,"73 reward","14 reward"
"13543","M1","C4620081","14","74","C4620081 M1","reward",0.0612200005159287,"74 reward","14 reward"
"13544","M1","C4620081","14","75","C4620081 M1","reward",0.0610800865294394,"75 reward","14 reward"
"13545","M1","C4620081","14","76","C4620081 M1","reward",0.0610016238750339,"76 reward","14 reward"
"13546","M1","C4620081","14","77","C4620081 M1","reward",0.0605379164362645,"77 reward","14 reward"
"13547","M1","C4620081","14","78","C4620081 M1","reward",0.0603374941498532,"78 reward","14 reward"
"13548","M1","C4620081","14","79","C4620081 M1","reward",0.0600156697677796,"79 reward","14 reward"
"13549","M1","C4620081","14","80","C4620081 M1","reward",0.0599509143730544,"80 reward","14 reward"
"13550","M1","C4620081","14","81","C4620081 M1","reward",0.059850362335275,"81 reward","14 reward"
"13551","M1","C4620081","14","82","C4620081 M1","reward",0.0595199469246657,"82 reward","14 reward"
"13552","M1","C4620081","14","83","C4620081 M1","reward",0.0595163599486979,"83 reward","14 reward"
"13553","M1","C4620081","14","84","C4620081 M1","reward",0.0594764916546301,"84 reward","14 reward"
"13554","M1","C4620081","14","85","C4620081 M1","reward",0.0591497268875815,"85 reward","14 reward"
"13555","M1","C4620081","14","86","C4620081 M1","reward",0.0591093277280875,"86 reward","14 reward"
"13556","M1","C4620081","14","87","C4620081 M1","reward",0.0591079575792855,"87 reward","14 reward"
"13557","M1","C4620081","14","88","C4620081 M1","reward",0.0589086987117014,"88 reward","14 reward"
"13558","M1","C4620081","14","89","C4620081 M1","reward",0.0589055259076917,"89 reward","14 reward"
"13559","M1","C4620081","14","90","C4620081 M1","reward",0.0587591772151217,"90 reward","14 reward"
"13560","M1","C4620081","14","91","C4620081 M1","reward",0.0584781980776337,"91 reward","14 reward"
"13561","M1","C4620081","14","92","C4620081 M1","reward",0.0584591981902203,"92 reward","14 reward"
"13562","M1","C4620081","14","93","C4620081 M1","reward",0.0583645424611736,"93 reward","14 reward"
"13563","M1","C4620081","14","94","C4620081 M1","reward",0.0581727088057746,"94 reward","14 reward"
"13564","M1","C4620081","14","95","C4620081 M1","reward",0.0579670148089796,"95 reward","14 reward"
"13565","M1","C4620081","14","96","C4620081 M1","reward",0.0578867061741926,"96 reward","14 reward"
"13566","M1","C4620081","14","97","C4620081 M1","reward",0.0578045964236324,"97 reward","14 reward"
"13567","M1","C4620081","14","98","C4620081 M1","reward",0.0570857052054124,"98 reward","14 reward"
"13568","M1","C4620081","14","99","C4620081 M1","reward",0.0569087996157431,"99 reward","14 reward"
"13569","M1","C4620081","14","100","C4620081 M1","reward",0.0568945768101847,"100 reward","14 reward"
"13570","M1","C4620081","14","101","C4620081 M1","reward",0.0568038071053863,"101 reward","14 reward"
"13571","M1","C4620081","14","102","C4620081 M1","reward",0.0568028966985369,"102 reward","14 reward"
"13572","M1","C4620081","14","103","C4620081 M1","reward",0.055904699225527,"103 reward","14 reward"
"13573","M1","C4620081","14","104","C4620081 M1","reward",0.0558655698348096,"104 reward","14 reward"
"13574","M1","C4620081","14","105","C4620081 M1","reward",0.0557142357453913,"105 reward","14 reward"
"13575","M1","C4620081","14","106","C4620081 M1","reward",0.0556716786968167,"106 reward","14 reward"
"13576","M1","C4620081","14","107","C4620081 M1","reward",0.055652743008311,"107 reward","14 reward"
"13577","M1","C4620081","14","108","C4620081 M1","reward",0.0556069328113182,"108 reward","14 reward"
"13578","M1","C4620081","14","109","C4620081 M1","reward",0.0553357008012281,"109 reward","14 reward"
"13579","M1","C4620081","14","110","C4620081 M1","reward",0.055168809395523,"110 reward","14 reward"
"13580","M1","C4620081","14","111","C4620081 M1","reward",0.0550644350067281,"111 reward","14 reward"
"13581","M1","C4620081","14","112","C4620081 M1","reward",0.0548153172224875,"112 reward","14 reward"
"13582","M1","C4620081","14","113","C4620081 M1","reward",0.0548027384684879,"113 reward","14 reward"
"13583","M1","C4620081","14","114","C4620081 M1","reward",0.0547509632329386,"114 reward","14 reward"
"13584","M1","C4620081","14","115","C4620081 M1","reward",0.0545833649409676,"115 reward","14 reward"
"13585","M1","C4620081","14","116","C4620081 M1","reward",0.0539258279811224,"116 reward","14 reward"
"13586","M1","C4620081","14","117","C4620081 M1","reward",0.0539225654508164,"117 reward","14 reward"
"13587","M1","C4620081","14","118","C4620081 M1","reward",0.0535030240572037,"118 reward","14 reward"
"13588","M1","C4620081","14","119","C4620081 M1","reward",0.0534468064137502,"119 reward","14 reward"
"13589","M1","C4620081","14","120","C4620081 M1","reward",0.0534399431570175,"120 reward","14 reward"
"13590","M1","C4620081","14","121","C4620081 M1","reward",0.0530301266497164,"121 reward","14 reward"
"13591","M1","C4620081","14","122","C4620081 M1","reward",0.0529253675970161,"122 reward","14 reward"
"13592","M1","C4620081","14","123","C4620081 M1","reward",0.0528122634793614,"123 reward","14 reward"
"13593","M1","C4620081","14","124","C4620081 M1","reward",0.0527996243333888,"124 reward","14 reward"
"13594","M1","C4620081","14","125","C4620081 M1","reward",0.0527564008121314,"125 reward","14 reward"
"13595","M1","C4620081","14","126","C4620081 M1","reward",0.0527463999926612,"126 reward","14 reward"
"13596","M1","C4620081","14","127","C4620081 M1","reward",0.0521832880330351,"127 reward","14 reward"
"13597","M1","C4620081","14","128","C4620081 M1","reward",0.0521659989403669,"128 reward","14 reward"
"13598","M1","C4620081","14","129","C4620081 M1","reward",0.0521478961351998,"129 reward","14 reward"
"13599","M1","C4620081","14","130","C4620081 M1","reward",0.0518212406486706,"130 reward","14 reward"
"13600","M1","C4620081","14","131","C4620081 M1","reward",0.0513662249453131,"131 reward","14 reward"
"13601","M1","C4620081","14","132","C4620081 M1","reward",0.051255811756015,"132 reward","14 reward"
"13602","M1","C4620081","14","133","C4620081 M1","reward",0.0512046947351016,"133 reward","14 reward"
"13603","M1","C4620081","14","134","C4620081 M1","reward",0.0511199469796591,"134 reward","14 reward"
"13604","M1","C4620081","14","135","C4620081 M1","reward",0.0510749009949844,"135 reward","14 reward"
"13605","M1","C4620081","14","136","C4620081 M1","reward",0.0509515212754379,"136 reward","14 reward"
"13606","M1","C4620081","14","137","C4620081 M1","reward",0.0503734916054824,"137 reward","14 reward"
"13607","M1","C4620081","14","138","C4620081 M1","reward",0.0503373741531001,"138 reward","14 reward"
"13608","M1","C4620081","14","139","C4620081 M1","reward",0.0503106972048207,"139 reward","14 reward"
"13609","M1","C4620081","14","140","C4620081 M1","reward",0.0500472831361572,"140 reward","14 reward"
"13610","M1","C4620081","14","141","C4620081 M1","reward",0.0497071092130301,"141 reward","14 reward"
"13611","M1","C4620081","14","142","C4620081 M1","reward",0.0496467477449172,"142 reward","14 reward"
"13612","M1","C4620081","14","143","C4620081 M1","reward",0.049221004700681,"143 reward","14 reward"
"13613","M1","C4620081","14","144","C4620081 M1","reward",0.0490957994653672,"144 reward","14 reward"
"13614","M1","C4620081","14","145","C4620081 M1","reward",0.048978854155398,"145 reward","14 reward"
"13615","M1","C4620081","14","146","C4620081 M1","reward",0.0489471166457646,"146 reward","14 reward"
"13616","M1","C4620081","14","147","C4620081 M1","reward",0.0484741247615546,"147 reward","14 reward"
"13617","M1","C4620081","14","148","C4620081 M1","reward",0.0484176434238461,"148 reward","14 reward"
"13618","M1","C4620081","14","149","C4620081 M1","reward",0.0482764697209529,"149 reward","14 reward"
"13619","M1","C4620081","14","150","C4620081 M1","reward",0.048117289667116,"150 reward","14 reward"
"13620","M1","C4620081","14","151","C4620081 M1","reward",0.0480864779782564,"151 reward","14 reward"
"13621","M1","C4620081","14","152","C4620081 M1","reward",0.0478927283568043,"152 reward","14 reward"
"13622","M1","C4620081","14","153","C4620081 M1","reward",0.0473843354340101,"153 reward","14 reward"
"13623","M1","C4620081","14","154","C4620081 M1","reward",0.0473338795176486,"154 reward","14 reward"
"13624","M1","C4620081","14","155","C4620081 M1","reward",0.047316719726114,"155 reward","14 reward"
"13625","M1","C4620081","14","156","C4620081 M1","reward",0.0472090295771636,"156 reward","14 reward"
"13626","M1","C4620081","14","157","C4620081 M1","reward",0.0471741040681996,"157 reward","14 reward"
"13627","M1","C4620081","14","158","C4620081 M1","reward",0.047157553534494,"158 reward","14 reward"
"13628","M1","C4620081","14","159","C4620081 M1","reward",0.047124574859235,"159 reward","14 reward"
"13629","M1","C4620081","14","160","C4620081 M1","reward",0.0470587084928297,"160 reward","14 reward"
"13630","M1","C4620081","14","161","C4620081 M1","reward",0.0469149803797895,"161 reward","14 reward"
"13631","M1","C4620081","14","162","C4620081 M1","reward",0.0465725438784279,"162 reward","14 reward"
"13632","M1","C4620081","14","163","C4620081 M1","reward",0.0464930352970752,"163 reward","14 reward"
"13633","M1","C4620081","14","164","C4620081 M1","reward",0.0462969275689434,"164 reward","14 reward"
"13634","M1","C4620081","14","165","C4620081 M1","reward",0.0462636021346919,"165 reward","14 reward"
"13635","M1","C4620081","14","166","C4620081 M1","reward",0.0456696922797257,"166 reward","14 reward"
"13636","M1","C4620081","14","167","C4620081 M1","reward",0.0456540420017292,"167 reward","14 reward"
"13637","M1","C4620081","14","168","C4620081 M1","reward",0.0455467399254437,"168 reward","14 reward"
"13638","M1","C4620081","14","169","C4620081 M1","reward",0.0455391077432967,"169 reward","14 reward"
"13639","M1","C4620081","14","170","C4620081 M1","reward",0.0454901057303778,"170 reward","14 reward"
"13640","M1","C4620081","14","171","C4620081 M1","reward",0.0453468548293054,"171 reward","14 reward"
"13641","M1","C4620081","14","172","C4620081 M1","reward",0.0451335435480718,"172 reward","14 reward"
"13642","M1","C4620081","14","173","C4620081 M1","reward",0.0449558116078183,"173 reward","14 reward"
"13643","M1","C4620081","14","174","C4620081 M1","reward",0.0449153739744925,"174 reward","14 reward"
"13644","M1","C4620081","14","175","C4620081 M1","reward",0.0444652670274226,"175 reward","14 reward"
"13645","M1","C4620081","14","176","C4620081 M1","reward",0.0443929592585456,"176 reward","14 reward"
"13646","M1","C4620081","14","177","C4620081 M1","reward",0.0443913297086477,"177 reward","14 reward"
"13647","M1","C4620081","14","178","C4620081 M1","reward",0.0441682354233324,"178 reward","14 reward"
"13648","M1","C4620081","14","179","C4620081 M1","reward",0.0439870845021764,"179 reward","14 reward"
"13649","M1","C4620081","14","180","C4620081 M1","reward",0.0436495440070675,"180 reward","14 reward"
"13650","M1","C4620081","14","181","C4620081 M1","reward",0.0435394629436767,"181 reward","14 reward"
"13651","M1","C4620081","14","182","C4620081 M1","reward",0.0431953005565805,"182 reward","14 reward"
"13652","M1","C4620081","14","183","C4620081 M1","reward",0.0429248498095537,"183 reward","14 reward"
"13653","M1","C4620081","14","184","C4620081 M1","reward",0.0427784776973908,"184 reward","14 reward"
"13654","M1","C4620081","14","185","C4620081 M1","reward",0.0426178017772209,"185 reward","14 reward"
"13655","M1","C4620081","14","186","C4620081 M1","reward",0.0425780980354508,"186 reward","14 reward"
"13656","M1","C4620081","14","187","C4620081 M1","reward",0.0424112652941166,"187 reward","14 reward"
"13657","M1","C4620081","14","188","C4620081 M1","reward",0.0420687077794266,"188 reward","14 reward"
"13658","M1","C4620081","14","189","C4620081 M1","reward",0.041758010328186,"189 reward","14 reward"
"13659","M1","C4620081","14","190","C4620081 M1","reward",0.0414931024270123,"190 reward","14 reward"
"13660","M1","C4620081","14","191","C4620081 M1","reward",0.0414564659482227,"191 reward","14 reward"
"13661","M1","C4620081","14","192","C4620081 M1","reward",0.0413898794502348,"192 reward","14 reward"
"13662","M1","C4620081","14","193","C4620081 M1","reward",0.0412076111100736,"193 reward","14 reward"
"13663","M1","C4620081","14","194","C4620081 M1","reward",0.041169256692517,"194 reward","14 reward"
"13664","M1","C4620081","14","195","C4620081 M1","reward",0.0407017263378266,"195 reward","14 reward"
"13665","M1","C4620081","14","196","C4620081 M1","reward",0.0406795485000853,"196 reward","14 reward"
"13666","M1","C4620081","14","197","C4620081 M1","reward",0.0404193695136588,"197 reward","14 reward"
"13667","M1","C4620081","14","198","C4620081 M1","reward",0.0402786675602963,"198 reward","14 reward"
"13668","M1","C4620081","14","199","C4620081 M1","reward",0.0399498617204451,"199 reward","14 reward"
"13669","M1","C4620081","14","200","C4620081 M1","reward",0.0399273189490608,"200 reward","14 reward"
"13670","M1","C4620081","14","201","C4620081 M1","reward",0.0398720496551091,"201 reward","14 reward"
"13671","M1","C4620081","14","202","C4620081 M1","reward",0.0394113305704102,"202 reward","14 reward"
"13672","M1","C4620081","14","203","C4620081 M1","reward",0.0392546087159245,"203 reward","14 reward"
"13673","M1","C4620081","14","204","C4620081 M1","reward",0.0392381926513534,"204 reward","14 reward"
"13674","M1","C4620081","14","205","C4620081 M1","reward",0.0391880325442017,"205 reward","14 reward"
"13675","M1","C4620081","14","206","C4620081 M1","reward",0.0389596262658857,"206 reward","14 reward"
"13676","M1","C4620081","14","207","C4620081 M1","reward",0.0389431073667666,"207 reward","14 reward"
"13677","M1","C4620081","14","208","C4620081 M1","reward",0.038879381175606,"208 reward","14 reward"
"13678","M1","C4620081","14","209","C4620081 M1","reward",0.0388239446795163,"209 reward","14 reward"
"13679","M1","C4620081","14","210","C4620081 M1","reward",0.0387427816976094,"210 reward","14 reward"
"13680","M1","C4620081","14","211","C4620081 M1","reward",0.0387281851763881,"211 reward","14 reward"
"13681","M1","C4620081","14","212","C4620081 M1","reward",0.0386510724993814,"212 reward","14 reward"
"13682","M1","C4620081","14","213","C4620081 M1","reward",0.0385974329298275,"213 reward","14 reward"
"13683","M1","C4620081","14","214","C4620081 M1","reward",0.0385157738485559,"214 reward","14 reward"
"13684","M1","C4620081","14","215","C4620081 M1","reward",0.0382172441576916,"215 reward","14 reward"
"13685","M1","C4620081","14","216","C4620081 M1","reward",0.0374808491195457,"216 reward","14 reward"
"13686","M1","C4620081","14","217","C4620081 M1","reward",0.037337259449397,"217 reward","14 reward"
"13687","M1","C4620081","14","218","C4620081 M1","reward",0.03706425891113,"218 reward","14 reward"
"13688","M1","C4620081","14","219","C4620081 M1","reward",0.03700449101196,"219 reward","14 reward"
"13689","M1","C4620081","14","220","C4620081 M1","reward",0.0369928341149742,"220 reward","14 reward"
"13690","M1","C4620081","14","221","C4620081 M1","reward",0.0369380197172713,"221 reward","14 reward"
"13691","M1","C4620081","14","222","C4620081 M1","reward",0.0365778364159359,"222 reward","14 reward"
"13692","M1","C4620081","14","223","C4620081 M1","reward",0.0365265416652211,"223 reward","14 reward"
"13693","M1","C4620081","14","224","C4620081 M1","reward",0.0362351861544213,"224 reward","14 reward"
"13694","M1","C4620081","14","225","C4620081 M1","reward",0.0358330231485005,"225 reward","14 reward"
"13695","M1","C4620081","14","226","C4620081 M1","reward",0.035819590836544,"226 reward","14 reward"
"13696","M1","C4620081","14","227","C4620081 M1","reward",0.0355069962418825,"227 reward","14 reward"
"13697","M1","C4620081","14","228","C4620081 M1","reward",0.035359219072061,"228 reward","14 reward"
"13698","M1","C4620081","14","229","C4620081 M1","reward",0.0351848502209922,"229 reward","14 reward"
"13699","M1","C4620081","14","230","C4620081 M1","reward",0.0348279066615856,"230 reward","14 reward"
"13700","M1","C4620081","14","231","C4620081 M1","reward",0.0347010205776491,"231 reward","14 reward"
"13701","M1","C4620081","14","232","C4620081 M1","reward",0.0346071970637644,"232 reward","14 reward"
"13702","M1","C4620081","14","233","C4620081 M1","reward",0.0344928895811808,"233 reward","14 reward"
"13703","M1","C4620081","14","234","C4620081 M1","reward",0.0343834590409973,"234 reward","14 reward"
"13704","M1","C4620081","14","235","C4620081 M1","reward",0.0342527463223165,"235 reward","14 reward"
"13705","M1","C4620081","14","236","C4620081 M1","reward",0.0337237111140922,"236 reward","14 reward"
"13706","M1","C4620081","14","237","C4620081 M1","reward",0.0337198601298124,"237 reward","14 reward"
"13707","M1","C4620081","14","238","C4620081 M1","reward",0.0337166209625088,"238 reward","14 reward"
"13708","M1","C4620081","14","239","C4620081 M1","reward",0.0336650085112574,"239 reward","14 reward"
"13709","M1","C4620081","14","240","C4620081 M1","reward",0.0336366435636789,"240 reward","14 reward"
"13710","M1","C4620081","14","241","C4620081 M1","reward",0.0335303047588843,"241 reward","14 reward"
"13711","M1","C4620081","14","242","C4620081 M1","reward",0.0334594059192824,"242 reward","14 reward"
"13712","M1","C4620081","14","243","C4620081 M1","reward",0.0333173178602521,"243 reward","14 reward"
"13713","M1","C4620081","14","244","C4620081 M1","reward",0.0332449239736868,"244 reward","14 reward"
"13714","M1","C4620081","14","245","C4620081 M1","reward",0.0331859888449254,"245 reward","14 reward"
"13715","M1","C4620081","14","246","C4620081 M1","reward",0.0331675839241172,"246 reward","14 reward"
"13716","M1","C4620081","14","247","C4620081 M1","reward",0.0329678169825597,"247 reward","14 reward"
"13717","M1","C4620081","14","248","C4620081 M1","reward",0.0329418627584741,"248 reward","14 reward"
"13718","M1","C4620081","14","249","C4620081 M1","reward",0.0328276431452325,"249 reward","14 reward"
"13719","M1","C4620081","14","250","C4620081 M1","reward",0.0322088072093157,"250 reward","14 reward"
"13720","M1","C4620081","14","251","C4620081 M1","reward",0.0318671921454961,"251 reward","14 reward"
"13721","M1","C4620081","14","252","C4620081 M1","reward",0.0318181221061993,"252 reward","14 reward"
"13722","M1","C4620081","14","253","C4620081 M1","reward",0.0317097454087842,"253 reward","14 reward"
"13723","M1","C4620081","14","254","C4620081 M1","reward",0.0313814040847195,"254 reward","14 reward"
"13724","M1","C4620081","14","255","C4620081 M1","reward",0.0312489875862622,"255 reward","14 reward"
"13725","M1","C4620081","14","256","C4620081 M1","reward",0.0311329867062641,"256 reward","14 reward"
"13726","M1","C4620081","14","257","C4620081 M1","reward",0.0301379317504753,"257 reward","14 reward"
"13727","M1","C4620081","14","258","C4620081 M1","reward",0.0296879483161212,"258 reward","14 reward"
"13728","M1","C4620081","14","259","C4620081 M1","reward",0.0295313207795961,"259 reward","14 reward"
"13729","M1","C4620081","14","260","C4620081 M1","reward",0.0295081003714376,"260 reward","14 reward"
"13730","M1","C4620081","14","261","C4620081 M1","reward",0.0291728206118967,"261 reward","14 reward"
"13731","M1","C4620081","14","262","C4620081 M1","reward",0.0284884998538168,"262 reward","14 reward"
"13732","M1","C4620081","14","263","C4620081 M1","reward",0.0278092770586279,"263 reward","14 reward"
"13733","M1","C4620081","14","264","C4620081 M1","reward",0.0276252431390796,"264 reward","14 reward"
"13734","M1","C4620081","14","265","C4620081 M1","reward",0.0274345284574102,"265 reward","14 reward"
"13735","M1","C4620081","14","266","C4620081 M1","reward",0.0274199406400283,"266 reward","14 reward"
"13736","M1","C4620081","14","267","C4620081 M1","reward",0.0271691824353551,"267 reward","14 reward"
"13737","M1","C4620081","14","268","C4620081 M1","reward",0.0266005406277465,"268 reward","14 reward"
"13738","M1","C4620081","14","269","C4620081 M1","reward",0.0265935247858715,"269 reward","14 reward"
"13739","M1","C4620081","14","270","C4620081 M1","reward",0.0264272283263045,"270 reward","14 reward"
"13740","M1","C4620081","14","271","C4620081 M1","reward",0.0264236992030868,"271 reward","14 reward"
"13741","M1","C4620081","14","272","C4620081 M1","reward",0.0263394448466026,"272 reward","14 reward"
"13742","M1","C4620081","14","273","C4620081 M1","reward",0.0262315478727073,"273 reward","14 reward"
"13743","M1","C4620081","14","274","C4620081 M1","reward",0.0261691080826779,"274 reward","14 reward"
"13744","M1","C4620081","14","275","C4620081 M1","reward",0.0259439243580726,"275 reward","14 reward"
"13745","M1","C4620081","14","276","C4620081 M1","reward",0.0258589262675025,"276 reward","14 reward"
"13746","M1","C4620081","14","277","C4620081 M1","reward",0.0253497801780664,"277 reward","14 reward"
"13747","M1","C4620081","14","278","C4620081 M1","reward",0.0253311728923714,"278 reward","14 reward"
"13748","M1","C4620081","14","279","C4620081 M1","reward",0.0248817650396831,"279 reward","14 reward"
"13749","M1","C4620081","14","280","C4620081 M1","reward",0.024683402064679,"280 reward","14 reward"
"13750","M1","C4620081","14","281","C4620081 M1","reward",0.0239760683826949,"281 reward","14 reward"
"13751","M1","C4620081","14","282","C4620081 M1","reward",0.0238095398589573,"282 reward","14 reward"
"13752","M1","C4620081","14","283","C4620081 M1","reward",0.0236042054160528,"283 reward","14 reward"
"13753","M1","C4620081","14","284","C4620081 M1","reward",0.0230756445432528,"284 reward","14 reward"
"13754","M1","C4620081","14","285","C4620081 M1","reward",0.022714133858717,"285 reward","14 reward"
"13755","M1","C4620081","14","286","C4620081 M1","reward",0.0226335013094453,"286 reward","14 reward"
"13756","M1","C4620081","14","287","C4620081 M1","reward",0.0217681908970807,"287 reward","14 reward"
"13757","M1","C4620081","14","288","C4620081 M1","reward",0.0212919616870709,"288 reward","14 reward"
"13758","M1","C4620081","14","289","C4620081 M1","reward",0.0209809040004168,"289 reward","14 reward"
"13759","M1","C4620081","14","290","C4620081 M1","reward",0.0209258128484056,"290 reward","14 reward"
"13760","M1","C4620081","14","291","C4620081 M1","reward",0.0206199858186495,"291 reward","14 reward"
"13761","M1","C4620081","14","292","C4620081 M1","reward",0.0204868845807541,"292 reward","14 reward"
"13762","M1","C4620081","14","293","C4620081 M1","reward",0.020265288011009,"293 reward","14 reward"
"13763","M1","C4620081","14","294","C4620081 M1","reward",0.0202281767066971,"294 reward","14 reward"
"13764","M1","C4620081","14","295","C4620081 M1","reward",0.0202145351680915,"295 reward","14 reward"
"13765","M1","C4620081","14","296","C4620081 M1","reward",0.0201814719360483,"296 reward","14 reward"
"13766","M1","C4620081","14","297","C4620081 M1","reward",0.0199983142030311,"297 reward","14 reward"
"13767","M1","C4620081","14","298","C4620081 M1","reward",0.0179365584391886,"298 reward","14 reward"
"13768","M1","C4620081","14","299","C4620081 M1","reward",0.0170912649308665,"299 reward","14 reward"
"13769","M1","C4620081","14","300","C4620081 M1","reward",0.0164843981287059,"300 reward","14 reward"
"13770","M1","C4620081","14","301","C4620081 M1","reward",0.0156718732082553,"301 reward","14 reward"
"13771","M1","C4620081","14","302","C4620081 M1","reward",0.0150032634575958,"302 reward","14 reward"
"13772","M1","C4620081","14","303","C4620081 M1","reward",0.0144814513948224,"303 reward","14 reward"
"13773","M1","C4620081","14","304","C4620081 M1","reward",0.0138932540290889,"304 reward","14 reward"
"13774","M1","C4620081","14","305","C4620081 M1","reward",0.0130056991406095,"305 reward","14 reward"
"13775","M1","C4620081","14","306","C4620081 M1","reward",0.012102064271862,"306 reward","14 reward"
"13776","M1","C4620081","14","307","C4620081 M1","reward",0.0115619830782501,"307 reward","14 reward"
"13777","M1","C4620081","14","308","C4620081 M1","reward",0.0115206343975789,"308 reward","14 reward"
"13778","M1","C4620081","14","309","C4620081 M1","reward",0.0107839931374053,"309 reward","14 reward"
"13779","M1","C4620081","14","310","C4620081 M1","reward",0.0101748267330371,"310 reward","14 reward"
"13780","M1","C4620081","14","311","C4620081 M1","reward",0.0100835547777733,"311 reward","14 reward"
"13781","M1","C4620081","14","312","C4620081 M1","reward",0.00969187680605101,"312 reward","14 reward"
"13782","M1","C4620081","14","313","C4620081 M1","reward",0.00879883603778785,"313 reward","14 reward"
"13783","M1","C4620081","14","314","C4620081 M1","reward",0.0087797974589026,"314 reward","14 reward"
"13784","M1","C4620081","14","315","C4620081 M1","reward",0.00663787632377073,"315 reward","14 reward"
"13785","M1","C4620081","14","316","C4620081 M1","reward",0.00593699439140375,"316 reward","14 reward"
"13786","M1","C4620081","14","317","C4620081 M1","reward",0.00573313369865148,"317 reward","14 reward"
"13787","M1","C4620081","14","318","C4620081 M1","reward",0.00550647562474856,"318 reward","14 reward"
"13788","M1","C4620081","14","319","C4620081 M1","reward",0.00547322416430391,"319 reward","14 reward"
"13789","M1","C4620081","14","320","C4620081 M1","reward",0.00479753192576527,"320 reward","14 reward"
"13790","M1","C4620081","14","321","C4620081 M1","reward",0.00423913062919193,"321 reward","14 reward"
"13791","M1","C4620081","14","322","C4620081 M1","reward",0.00296312578256705,"322 reward","14 reward"
"13792","M1","C4620081","14","323","C4620081 M1","reward",0.000154043542133282,"323 reward","14 reward"
"13793","M1","C4620081","14","324","C4620081 M1","reward",-3.35389898040312e-05,"324 reward","14 reward"
"13794","M1","C4620081","14","325","C4620081 M1","reward",-0.000400857929363601,"325 reward","14 reward"
"13795","M1","C4620081","14","326","C4620081 M1","reward",-0.00135676791215101,"326 reward","14 reward"
"13796","M1","C4620081","14","327","C4620081 M1","reward",-0.00342695566839029,"327 reward","14 reward"
"13797","M1","C4620081","14","328","C4620081 M1","reward",-0.00452262416411757,"328 reward","14 reward"
"13798","M1","C4620081","14","329","C4620081 M1","reward",-0.00517298839171774,"329 reward","14 reward"
"13799","M1","C4620081","14","330","C4620081 M1","reward",-0.0078558501698431,"330 reward","14 reward"
"13800","M2","C4620081","14","0","C4620081 M2","reward",0.0827481888624361,"0 reward","14 reward"
"13801","M2","C4620081","14","1","C4620081 M2","reward",0.0813910794561949,"1 reward","14 reward"
"13802","M2","C4620081","14","2","C4620081 M2","reward",0.0789791026443211,"2 reward","14 reward"
"13803","M2","C4620081","14","3","C4620081 M2","reward",0.0765869657133764,"3 reward","14 reward"
"13804","M2","C4620081","14","4","C4620081 M2","reward",0.073888862806445,"4 reward","14 reward"
"13805","M2","C4620081","14","5","C4620081 M2","reward",0.0731249470725531,"5 reward","14 reward"
"13806","M2","C4620081","14","6","C4620081 M2","reward",0.0713514385853252,"6 reward","14 reward"
"13807","M2","C4620081","14","7","C4620081 M2","reward",0.0711426435482935,"7 reward","14 reward"
"13808","M2","C4620081","14","8","C4620081 M2","reward",0.0709860077154369,"8 reward","14 reward"
"13809","M2","C4620081","14","9","C4620081 M2","reward",0.0697660932976925,"9 reward","14 reward"
"13810","M2","C4620081","14","10","C4620081 M2","reward",0.0658547494534859,"10 reward","14 reward"
"13811","M2","C4620081","14","11","C4620081 M2","reward",0.0658395278787813,"11 reward","14 reward"
"13812","M2","C4620081","14","12","C4620081 M2","reward",0.0655698064212065,"12 reward","14 reward"
"13813","M2","C4620081","14","13","C4620081 M2","reward",0.0653197843251453,"13 reward","14 reward"
"13814","M2","C4620081","14","14","C4620081 M2","reward",0.0650161898980326,"14 reward","14 reward"
"13815","M2","C4620081","14","15","C4620081 M2","reward",0.0645131664302203,"15 reward","14 reward"
"13816","M2","C4620081","14","16","C4620081 M2","reward",0.0638256351307376,"16 reward","14 reward"
"13817","M2","C4620081","14","17","C4620081 M2","reward",0.0632676173499185,"17 reward","14 reward"
"13818","M2","C4620081","14","18","C4620081 M2","reward",0.0611734923027472,"18 reward","14 reward"
"13819","M2","C4620081","14","19","C4620081 M2","reward",0.0610778468602227,"19 reward","14 reward"
"13820","M2","C4620081","14","20","C4620081 M2","reward",0.0610354924492221,"20 reward","14 reward"
"13821","M2","C4620081","14","21","C4620081 M2","reward",0.0609059947992805,"21 reward","14 reward"
"13822","M2","C4620081","14","22","C4620081 M2","reward",0.0603155064324629,"22 reward","14 reward"
"13823","M2","C4620081","14","23","C4620081 M2","reward",0.0595876382657995,"23 reward","14 reward"
"13824","M2","C4620081","14","24","C4620081 M2","reward",0.0592415367979643,"24 reward","14 reward"
"13825","M2","C4620081","14","25","C4620081 M2","reward",0.0590818487178193,"25 reward","14 reward"
"13826","M2","C4620081","14","26","C4620081 M2","reward",0.0587260033242839,"26 reward","14 reward"
"13827","M2","C4620081","14","27","C4620081 M2","reward",0.0585077843038462,"27 reward","14 reward"
"13828","M2","C4620081","14","28","C4620081 M2","reward",0.0583912393717177,"28 reward","14 reward"
"13829","M2","C4620081","14","29","C4620081 M2","reward",0.0583688156057025,"29 reward","14 reward"
"13830","M2","C4620081","14","30","C4620081 M2","reward",0.0582811298126522,"30 reward","14 reward"
"13831","M2","C4620081","14","31","C4620081 M2","reward",0.0582742300620532,"31 reward","14 reward"
"13832","M2","C4620081","14","32","C4620081 M2","reward",0.0578507461799755,"32 reward","14 reward"
"13833","M2","C4620081","14","33","C4620081 M2","reward",0.0573003819228835,"33 reward","14 reward"
"13834","M2","C4620081","14","34","C4620081 M2","reward",0.0572711152666004,"34 reward","14 reward"
"13835","M2","C4620081","14","35","C4620081 M2","reward",0.0570879770853151,"35 reward","14 reward"
"13836","M2","C4620081","14","36","C4620081 M2","reward",0.0556356950071256,"36 reward","14 reward"
"13837","M2","C4620081","14","37","C4620081 M2","reward",0.0549931855425376,"37 reward","14 reward"
"13838","M2","C4620081","14","38","C4620081 M2","reward",0.0549556559044855,"38 reward","14 reward"
"13839","M2","C4620081","14","39","C4620081 M2","reward",0.0545130351769939,"39 reward","14 reward"
"13840","M2","C4620081","14","40","C4620081 M2","reward",0.054313658559715,"40 reward","14 reward"
"13841","M2","C4620081","14","41","C4620081 M2","reward",0.0542505613718625,"41 reward","14 reward"
"13842","M2","C4620081","14","42","C4620081 M2","reward",0.0537292058067698,"42 reward","14 reward"
"13843","M2","C4620081","14","43","C4620081 M2","reward",0.0528694021372776,"43 reward","14 reward"
"13844","M2","C4620081","14","44","C4620081 M2","reward",0.0524709497058834,"44 reward","14 reward"
"13845","M2","C4620081","14","45","C4620081 M2","reward",0.0524180008906422,"45 reward","14 reward"
"13846","M2","C4620081","14","46","C4620081 M2","reward",0.0502660447308788,"46 reward","14 reward"
"13847","M2","C4620081","14","47","C4620081 M2","reward",0.0499617277296356,"47 reward","14 reward"
"13848","M2","C4620081","14","48","C4620081 M2","reward",0.0498954153797012,"48 reward","14 reward"
"13849","M2","C4620081","14","49","C4620081 M2","reward",0.0494714208695739,"49 reward","14 reward"
"13850","M2","C4620081","14","50","C4620081 M2","reward",0.049255425868966,"50 reward","14 reward"
"13851","M2","C4620081","14","51","C4620081 M2","reward",0.048718186746073,"51 reward","14 reward"
"13852","M2","C4620081","14","52","C4620081 M2","reward",0.0486660691630206,"52 reward","14 reward"
"13853","M2","C4620081","14","53","C4620081 M2","reward",0.0479555155770188,"53 reward","14 reward"
"13854","M2","C4620081","14","54","C4620081 M2","reward",0.0477884116338346,"54 reward","14 reward"
"13855","M2","C4620081","14","55","C4620081 M2","reward",0.0474756649929912,"55 reward","14 reward"
"13856","M2","C4620081","14","56","C4620081 M2","reward",0.0471410858161704,"56 reward","14 reward"
"13857","M2","C4620081","14","57","C4620081 M2","reward",0.0471301785077108,"57 reward","14 reward"
"13858","M2","C4620081","14","58","C4620081 M2","reward",0.0466491558871346,"58 reward","14 reward"
"13859","M2","C4620081","14","59","C4620081 M2","reward",0.0463972181459801,"59 reward","14 reward"
"13860","M2","C4620081","14","60","C4620081 M2","reward",0.0463466345515398,"60 reward","14 reward"
"13861","M2","C4620081","14","61","C4620081 M2","reward",0.046304486538843,"61 reward","14 reward"
"13862","M2","C4620081","14","62","C4620081 M2","reward",0.0462800275553468,"62 reward","14 reward"
"13863","M2","C4620081","14","63","C4620081 M2","reward",0.0462761729953796,"63 reward","14 reward"
"13864","M2","C4620081","14","64","C4620081 M2","reward",0.046117937644923,"64 reward","14 reward"
"13865","M2","C4620081","14","65","C4620081 M2","reward",0.0456791738393159,"65 reward","14 reward"
"13866","M2","C4620081","14","66","C4620081 M2","reward",0.0455736596394003,"66 reward","14 reward"
"13867","M2","C4620081","14","67","C4620081 M2","reward",0.0453246740557359,"67 reward","14 reward"
"13868","M2","C4620081","14","68","C4620081 M2","reward",0.0452088437506048,"68 reward","14 reward"
"13869","M2","C4620081","14","69","C4620081 M2","reward",0.0449766699541867,"69 reward","14 reward"
"13870","M2","C4620081","14","70","C4620081 M2","reward",0.0441840050650756,"70 reward","14 reward"
"13871","M2","C4620081","14","71","C4620081 M2","reward",0.0438942548888959,"71 reward","14 reward"
"13872","M2","C4620081","14","72","C4620081 M2","reward",0.0437696215264535,"72 reward","14 reward"
"13873","M2","C4620081","14","73","C4620081 M2","reward",0.0436549787824655,"73 reward","14 reward"
"13874","M2","C4620081","14","74","C4620081 M2","reward",0.0435945660533018,"74 reward","14 reward"
"13875","M2","C4620081","14","75","C4620081 M2","reward",0.0435858768555911,"75 reward","14 reward"
"13876","M2","C4620081","14","76","C4620081 M2","reward",0.0431987908569668,"76 reward","14 reward"
"13877","M2","C4620081","14","77","C4620081 M2","reward",0.0430100087535763,"77 reward","14 reward"
"13878","M2","C4620081","14","78","C4620081 M2","reward",0.0429169341224307,"78 reward","14 reward"
"13879","M2","C4620081","14","79","C4620081 M2","reward",0.042634612160098,"79 reward","14 reward"
"13880","M2","C4620081","14","80","C4620081 M2","reward",0.0424168256777102,"80 reward","14 reward"
"13881","M2","C4620081","14","81","C4620081 M2","reward",0.0423772249780619,"81 reward","14 reward"
"13882","M2","C4620081","14","82","C4620081 M2","reward",0.042189508403535,"82 reward","14 reward"
"13883","M2","C4620081","14","83","C4620081 M2","reward",0.0419187872604257,"83 reward","14 reward"
"13884","M2","C4620081","14","84","C4620081 M2","reward",0.0416055011452475,"84 reward","14 reward"
"13885","M2","C4620081","14","85","C4620081 M2","reward",0.041161799922265,"85 reward","14 reward"
"13886","M2","C4620081","14","86","C4620081 M2","reward",0.0409734338526842,"86 reward","14 reward"
"13887","M2","C4620081","14","87","C4620081 M2","reward",0.0409038521417869,"87 reward","14 reward"
"13888","M2","C4620081","14","88","C4620081 M2","reward",0.040825355569915,"88 reward","14 reward"
"13889","M2","C4620081","14","89","C4620081 M2","reward",0.0407816408895925,"89 reward","14 reward"
"13890","M2","C4620081","14","90","C4620081 M2","reward",0.0407683358106148,"90 reward","14 reward"
"13891","M2","C4620081","14","91","C4620081 M2","reward",0.0405560071809478,"91 reward","14 reward"
"13892","M2","C4620081","14","92","C4620081 M2","reward",0.0404462131907781,"92 reward","14 reward"
"13893","M2","C4620081","14","93","C4620081 M2","reward",0.0404232820361659,"93 reward","14 reward"
"13894","M2","C4620081","14","94","C4620081 M2","reward",0.0403713886785174,"94 reward","14 reward"
"13895","M2","C4620081","14","95","C4620081 M2","reward",0.0403386793180058,"95 reward","14 reward"
"13896","M2","C4620081","14","96","C4620081 M2","reward",0.0401881872263248,"96 reward","14 reward"
"13897","M2","C4620081","14","97","C4620081 M2","reward",0.0401152310215927,"97 reward","14 reward"
"13898","M2","C4620081","14","98","C4620081 M2","reward",0.040093432392655,"98 reward","14 reward"
"13899","M2","C4620081","14","99","C4620081 M2","reward",0.0392815592758603,"99 reward","14 reward"
"13900","M2","C4620081","14","100","C4620081 M2","reward",0.0385976022700508,"100 reward","14 reward"
"13901","M2","C4620081","14","101","C4620081 M2","reward",0.038587786120751,"101 reward","14 reward"
"13902","M2","C4620081","14","102","C4620081 M2","reward",0.0384247145625722,"102 reward","14 reward"
"13903","M2","C4620081","14","103","C4620081 M2","reward",0.0379750146552251,"103 reward","14 reward"
"13904","M2","C4620081","14","104","C4620081 M2","reward",0.0379429579054232,"104 reward","14 reward"
"13905","M2","C4620081","14","105","C4620081 M2","reward",0.0378881652912156,"105 reward","14 reward"
"13906","M2","C4620081","14","106","C4620081 M2","reward",0.0378444152916121,"106 reward","14 reward"
"13907","M2","C4620081","14","107","C4620081 M2","reward",0.0378360448983595,"107 reward","14 reward"
"13908","M2","C4620081","14","108","C4620081 M2","reward",0.0376477225636349,"108 reward","14 reward"
"13909","M2","C4620081","14","109","C4620081 M2","reward",0.0374011884475596,"109 reward","14 reward"
"13910","M2","C4620081","14","110","C4620081 M2","reward",0.0373269073497086,"110 reward","14 reward"
"13911","M2","C4620081","14","111","C4620081 M2","reward",0.0370970402911616,"111 reward","14 reward"
"13912","M2","C4620081","14","112","C4620081 M2","reward",0.0369614997711249,"112 reward","14 reward"
"13913","M2","C4620081","14","113","C4620081 M2","reward",0.0366733456927367,"113 reward","14 reward"
"13914","M2","C4620081","14","114","C4620081 M2","reward",0.0365279492051494,"114 reward","14 reward"
"13915","M2","C4620081","14","115","C4620081 M2","reward",0.0363983501066896,"115 reward","14 reward"
"13916","M2","C4620081","14","116","C4620081 M2","reward",0.0359822645480337,"116 reward","14 reward"
"13917","M2","C4620081","14","117","C4620081 M2","reward",0.0357566019296529,"117 reward","14 reward"
"13918","M2","C4620081","14","118","C4620081 M2","reward",0.0357179962835465,"118 reward","14 reward"
"13919","M2","C4620081","14","119","C4620081 M2","reward",0.0355984549482314,"119 reward","14 reward"
"13920","M2","C4620081","14","120","C4620081 M2","reward",0.0353331117299231,"120 reward","14 reward"
"13921","M2","C4620081","14","121","C4620081 M2","reward",0.0350598232930631,"121 reward","14 reward"
"13922","M2","C4620081","14","122","C4620081 M2","reward",0.0348764898952926,"122 reward","14 reward"
"13923","M2","C4620081","14","123","C4620081 M2","reward",0.0348257971892252,"123 reward","14 reward"
"13924","M2","C4620081","14","124","C4620081 M2","reward",0.0347184783888872,"124 reward","14 reward"
"13925","M2","C4620081","14","125","C4620081 M2","reward",0.0339912839448875,"125 reward","14 reward"
"13926","M2","C4620081","14","126","C4620081 M2","reward",0.0339836130163085,"126 reward","14 reward"
"13927","M2","C4620081","14","127","C4620081 M2","reward",0.0339633610065014,"127 reward","14 reward"
"13928","M2","C4620081","14","128","C4620081 M2","reward",0.0338316364797761,"128 reward","14 reward"
"13929","M2","C4620081","14","129","C4620081 M2","reward",0.0337823257472928,"129 reward","14 reward"
"13930","M2","C4620081","14","130","C4620081 M2","reward",0.0334874855293228,"130 reward","14 reward"
"13931","M2","C4620081","14","131","C4620081 M2","reward",0.0332615317122591,"131 reward","14 reward"
"13932","M2","C4620081","14","132","C4620081 M2","reward",0.0331887977816267,"132 reward","14 reward"
"13933","M2","C4620081","14","133","C4620081 M2","reward",0.0331344677138368,"133 reward","14 reward"
"13934","M2","C4620081","14","134","C4620081 M2","reward",0.0326220031221982,"134 reward","14 reward"
"13935","M2","C4620081","14","135","C4620081 M2","reward",0.0320377608204658,"135 reward","14 reward"
"13936","M2","C4620081","14","136","C4620081 M2","reward",0.0319535079204911,"136 reward","14 reward"
"13937","M2","C4620081","14","137","C4620081 M2","reward",0.0316985854658479,"137 reward","14 reward"
"13938","M2","C4620081","14","138","C4620081 M2","reward",0.0315042829275329,"138 reward","14 reward"
"13939","M2","C4620081","14","139","C4620081 M2","reward",0.0314773548021521,"139 reward","14 reward"
"13940","M2","C4620081","14","140","C4620081 M2","reward",0.0314208603492061,"140 reward","14 reward"
"13941","M2","C4620081","14","141","C4620081 M2","reward",0.0313554619835973,"141 reward","14 reward"
"13942","M2","C4620081","14","142","C4620081 M2","reward",0.0312974911222529,"142 reward","14 reward"
"13943","M2","C4620081","14","143","C4620081 M2","reward",0.0309797180920438,"143 reward","14 reward"
"13944","M2","C4620081","14","144","C4620081 M2","reward",0.0308666323733447,"144 reward","14 reward"
"13945","M2","C4620081","14","145","C4620081 M2","reward",0.030651114152525,"145 reward","14 reward"
"13946","M2","C4620081","14","146","C4620081 M2","reward",0.030625204435046,"146 reward","14 reward"
"13947","M2","C4620081","14","147","C4620081 M2","reward",0.0305230807913618,"147 reward","14 reward"
"13948","M2","C4620081","14","148","C4620081 M2","reward",0.0303429989067819,"148 reward","14 reward"
"13949","M2","C4620081","14","149","C4620081 M2","reward",0.0302679015522359,"149 reward","14 reward"
"13950","M2","C4620081","14","150","C4620081 M2","reward",0.030209436729855,"150 reward","14 reward"
"13951","M2","C4620081","14","151","C4620081 M2","reward",0.0301726872022391,"151 reward","14 reward"
"13952","M2","C4620081","14","152","C4620081 M2","reward",0.0301084392754109,"152 reward","14 reward"
"13953","M2","C4620081","14","153","C4620081 M2","reward",0.0298886309159524,"153 reward","14 reward"
"13954","M2","C4620081","14","154","C4620081 M2","reward",0.029598072872577,"154 reward","14 reward"
"13955","M2","C4620081","14","155","C4620081 M2","reward",0.0295636800972745,"155 reward","14 reward"
"13956","M2","C4620081","14","156","C4620081 M2","reward",0.0293897856449454,"156 reward","14 reward"
"13957","M2","C4620081","14","157","C4620081 M2","reward",0.029317858728617,"157 reward","14 reward"
"13958","M2","C4620081","14","158","C4620081 M2","reward",0.0290617407288234,"158 reward","14 reward"
"13959","M2","C4620081","14","159","C4620081 M2","reward",0.0287314562476808,"159 reward","14 reward"
"13960","M2","C4620081","14","160","C4620081 M2","reward",0.0283146272977158,"160 reward","14 reward"
"13961","M2","C4620081","14","161","C4620081 M2","reward",0.0280614042674865,"161 reward","14 reward"
"13962","M2","C4620081","14","162","C4620081 M2","reward",0.0278836222624179,"162 reward","14 reward"
"13963","M2","C4620081","14","163","C4620081 M2","reward",0.0276951353640159,"163 reward","14 reward"
"13964","M2","C4620081","14","164","C4620081 M2","reward",0.0276125304479574,"164 reward","14 reward"
"13965","M2","C4620081","14","165","C4620081 M2","reward",0.027475606602073,"165 reward","14 reward"
"13966","M2","C4620081","14","166","C4620081 M2","reward",0.0272690891367353,"166 reward","14 reward"
"13967","M2","C4620081","14","167","C4620081 M2","reward",0.0267323105292504,"167 reward","14 reward"
"13968","M2","C4620081","14","168","C4620081 M2","reward",0.0265319157851338,"168 reward","14 reward"
"13969","M2","C4620081","14","169","C4620081 M2","reward",0.0262851013862646,"169 reward","14 reward"
"13970","M2","C4620081","14","170","C4620081 M2","reward",0.0262178110647614,"170 reward","14 reward"
"13971","M2","C4620081","14","171","C4620081 M2","reward",0.0261328817276307,"171 reward","14 reward"
"13972","M2","C4620081","14","172","C4620081 M2","reward",0.0260630261393023,"172 reward","14 reward"
"13973","M2","C4620081","14","173","C4620081 M2","reward",0.0259405379421875,"173 reward","14 reward"
"13974","M2","C4620081","14","174","C4620081 M2","reward",0.025884998198499,"174 reward","14 reward"
"13975","M2","C4620081","14","175","C4620081 M2","reward",0.0258718647866446,"175 reward","14 reward"
"13976","M2","C4620081","14","176","C4620081 M2","reward",0.0258294436891204,"176 reward","14 reward"
"13977","M2","C4620081","14","177","C4620081 M2","reward",0.0253679369157369,"177 reward","14 reward"
"13978","M2","C4620081","14","178","C4620081 M2","reward",0.025331581861867,"178 reward","14 reward"
"13979","M2","C4620081","14","179","C4620081 M2","reward",0.0251039415936096,"179 reward","14 reward"
"13980","M2","C4620081","14","180","C4620081 M2","reward",0.0247682456635283,"180 reward","14 reward"
"13981","M2","C4620081","14","181","C4620081 M2","reward",0.0247565533836867,"181 reward","14 reward"
"13982","M2","C4620081","14","182","C4620081 M2","reward",0.0246727810295348,"182 reward","14 reward"
"13983","M2","C4620081","14","183","C4620081 M2","reward",0.0246436990749193,"183 reward","14 reward"
"13984","M2","C4620081","14","184","C4620081 M2","reward",0.0243594246362666,"184 reward","14 reward"
"13985","M2","C4620081","14","185","C4620081 M2","reward",0.0243111445335332,"185 reward","14 reward"
"13986","M2","C4620081","14","186","C4620081 M2","reward",0.024273320863484,"186 reward","14 reward"
"13987","M2","C4620081","14","187","C4620081 M2","reward",0.0241296098408045,"187 reward","14 reward"
"13988","M2","C4620081","14","188","C4620081 M2","reward",0.0240677520869332,"188 reward","14 reward"
"13989","M2","C4620081","14","189","C4620081 M2","reward",0.0240470753248114,"189 reward","14 reward"
"13990","M2","C4620081","14","190","C4620081 M2","reward",0.0240084422192021,"190 reward","14 reward"
"13991","M2","C4620081","14","191","C4620081 M2","reward",0.023925305005592,"191 reward","14 reward"
"13992","M2","C4620081","14","192","C4620081 M2","reward",0.0238682944549958,"192 reward","14 reward"
"13993","M2","C4620081","14","193","C4620081 M2","reward",0.023867855822,"193 reward","14 reward"
"13994","M2","C4620081","14","194","C4620081 M2","reward",0.0238632520038731,"194 reward","14 reward"
"13995","M2","C4620081","14","195","C4620081 M2","reward",0.0235896046993657,"195 reward","14 reward"
"13996","M2","C4620081","14","196","C4620081 M2","reward",0.0235861723947969,"196 reward","14 reward"
"13997","M2","C4620081","14","197","C4620081 M2","reward",0.023529882688994,"197 reward","14 reward"
"13998","M2","C4620081","14","198","C4620081 M2","reward",0.0232386837510448,"198 reward","14 reward"
"13999","M2","C4620081","14","199","C4620081 M2","reward",0.0231144699566529,"199 reward","14 reward"
"14000","M2","C4620081","14","200","C4620081 M2","reward",0.0229733828556463,"200 reward","14 reward"
"14001","M2","C4620081","14","201","C4620081 M2","reward",0.0228607576350965,"201 reward","14 reward"
"14002","M2","C4620081","14","202","C4620081 M2","reward",0.0228449461562615,"202 reward","14 reward"
"14003","M2","C4620081","14","203","C4620081 M2","reward",0.0227392202465488,"203 reward","14 reward"
"14004","M2","C4620081","14","204","C4620081 M2","reward",0.0227334631888985,"204 reward","14 reward"
"14005","M2","C4620081","14","205","C4620081 M2","reward",0.0223869058300792,"205 reward","14 reward"
"14006","M2","C4620081","14","206","C4620081 M2","reward",0.0223514347075841,"206 reward","14 reward"
"14007","M2","C4620081","14","207","C4620081 M2","reward",0.0222712721698151,"207 reward","14 reward"
"14008","M2","C4620081","14","208","C4620081 M2","reward",0.0221172958734731,"208 reward","14 reward"
"14009","M2","C4620081","14","209","C4620081 M2","reward",0.0219684043192217,"209 reward","14 reward"
"14010","M2","C4620081","14","210","C4620081 M2","reward",0.0218092778462323,"210 reward","14 reward"
"14011","M2","C4620081","14","211","C4620081 M2","reward",0.021620729379601,"211 reward","14 reward"
"14012","M2","C4620081","14","212","C4620081 M2","reward",0.021602246193945,"212 reward","14 reward"
"14013","M2","C4620081","14","213","C4620081 M2","reward",0.0215443804480092,"213 reward","14 reward"
"14014","M2","C4620081","14","214","C4620081 M2","reward",0.0214178061568577,"214 reward","14 reward"
"14015","M2","C4620081","14","215","C4620081 M2","reward",0.0210933844914063,"215 reward","14 reward"
"14016","M2","C4620081","14","216","C4620081 M2","reward",0.0207089330226572,"216 reward","14 reward"
"14017","M2","C4620081","14","217","C4620081 M2","reward",0.020655304957404,"217 reward","14 reward"
"14018","M2","C4620081","14","218","C4620081 M2","reward",0.0205969440053982,"218 reward","14 reward"
"14019","M2","C4620081","14","219","C4620081 M2","reward",0.020466527838996,"219 reward","14 reward"
"14020","M2","C4620081","14","220","C4620081 M2","reward",0.0201255971883411,"220 reward","14 reward"
"14021","M2","C4620081","14","221","C4620081 M2","reward",0.0200758276997036,"221 reward","14 reward"
"14022","M2","C4620081","14","222","C4620081 M2","reward",0.0200710492172558,"222 reward","14 reward"
"14023","M2","C4620081","14","223","C4620081 M2","reward",0.0199776605323226,"223 reward","14 reward"
"14024","M2","C4620081","14","224","C4620081 M2","reward",0.0199644953819655,"224 reward","14 reward"
"14025","M2","C4620081","14","225","C4620081 M2","reward",0.0197408816652792,"225 reward","14 reward"
"14026","M2","C4620081","14","226","C4620081 M2","reward",0.0196351796317158,"226 reward","14 reward"
"14027","M2","C4620081","14","227","C4620081 M2","reward",0.0195039227331441,"227 reward","14 reward"
"14028","M2","C4620081","14","228","C4620081 M2","reward",0.0194884390875709,"228 reward","14 reward"
"14029","M2","C4620081","14","229","C4620081 M2","reward",0.019192623949967,"229 reward","14 reward"
"14030","M2","C4620081","14","230","C4620081 M2","reward",0.0191617372597904,"230 reward","14 reward"
"14031","M2","C4620081","14","231","C4620081 M2","reward",0.0190040736698719,"231 reward","14 reward"
"14032","M2","C4620081","14","232","C4620081 M2","reward",0.0189323930528641,"232 reward","14 reward"
"14033","M2","C4620081","14","233","C4620081 M2","reward",0.018841425186329,"233 reward","14 reward"
"14034","M2","C4620081","14","234","C4620081 M2","reward",0.0187388112347664,"234 reward","14 reward"
"14035","M2","C4620081","14","235","C4620081 M2","reward",0.0186711603171011,"235 reward","14 reward"
"14036","M2","C4620081","14","236","C4620081 M2","reward",0.0185788344127871,"236 reward","14 reward"
"14037","M2","C4620081","14","237","C4620081 M2","reward",0.0184620549011002,"237 reward","14 reward"
"14038","M2","C4620081","14","238","C4620081 M2","reward",0.0183854926788203,"238 reward","14 reward"
"14039","M2","C4620081","14","239","C4620081 M2","reward",0.0183141050943335,"239 reward","14 reward"
"14040","M2","C4620081","14","240","C4620081 M2","reward",0.0180831009382059,"240 reward","14 reward"
"14041","M2","C4620081","14","241","C4620081 M2","reward",0.0180800917180203,"241 reward","14 reward"
"14042","M2","C4620081","14","242","C4620081 M2","reward",0.0180377008339408,"242 reward","14 reward"
"14043","M2","C4620081","14","243","C4620081 M2","reward",0.0180067988902028,"243 reward","14 reward"
"14044","M2","C4620081","14","244","C4620081 M2","reward",0.0179217786803356,"244 reward","14 reward"
"14045","M2","C4620081","14","245","C4620081 M2","reward",0.0178343165609171,"245 reward","14 reward"
"14046","M2","C4620081","14","246","C4620081 M2","reward",0.0177754652624527,"246 reward","14 reward"
"14047","M2","C4620081","14","247","C4620081 M2","reward",0.0177549559005455,"247 reward","14 reward"
"14048","M2","C4620081","14","248","C4620081 M2","reward",0.0174482014497222,"248 reward","14 reward"
"14049","M2","C4620081","14","249","C4620081 M2","reward",0.0171311175372032,"249 reward","14 reward"
"14050","M2","C4620081","14","250","C4620081 M2","reward",0.0171100648503987,"250 reward","14 reward"
"14051","M2","C4620081","14","251","C4620081 M2","reward",0.0170715118804695,"251 reward","14 reward"
"14052","M2","C4620081","14","252","C4620081 M2","reward",0.016779943418964,"252 reward","14 reward"
"14053","M2","C4620081","14","253","C4620081 M2","reward",0.0166655362119845,"253 reward","14 reward"
"14054","M2","C4620081","14","254","C4620081 M2","reward",0.0166285594678989,"254 reward","14 reward"
"14055","M2","C4620081","14","255","C4620081 M2","reward",0.016620983896532,"255 reward","14 reward"
"14056","M2","C4620081","14","256","C4620081 M2","reward",0.0166108942122349,"256 reward","14 reward"
"14057","M2","C4620081","14","257","C4620081 M2","reward",0.0165748049589861,"257 reward","14 reward"
"14058","M2","C4620081","14","258","C4620081 M2","reward",0.016466860465959,"258 reward","14 reward"
"14059","M2","C4620081","14","259","C4620081 M2","reward",0.0163508128055036,"259 reward","14 reward"
"14060","M2","C4620081","14","260","C4620081 M2","reward",0.0162843499196311,"260 reward","14 reward"
"14061","M2","C4620081","14","261","C4620081 M2","reward",0.0162453197020021,"261 reward","14 reward"
"14062","M2","C4620081","14","262","C4620081 M2","reward",0.0160895099607683,"262 reward","14 reward"
"14063","M2","C4620081","14","263","C4620081 M2","reward",0.0160329503714888,"263 reward","14 reward"
"14064","M2","C4620081","14","264","C4620081 M2","reward",0.0159918333882537,"264 reward","14 reward"
"14065","M2","C4620081","14","265","C4620081 M2","reward",0.0155578021826689,"265 reward","14 reward"
"14066","M2","C4620081","14","266","C4620081 M2","reward",0.0153804774603221,"266 reward","14 reward"
"14067","M2","C4620081","14","267","C4620081 M2","reward",0.0153452023873544,"267 reward","14 reward"
"14068","M2","C4620081","14","268","C4620081 M2","reward",0.0150624885562199,"268 reward","14 reward"
"14069","M2","C4620081","14","269","C4620081 M2","reward",0.0149475669504058,"269 reward","14 reward"
"14070","M2","C4620081","14","270","C4620081 M2","reward",0.0147055588269109,"270 reward","14 reward"
"14071","M2","C4620081","14","271","C4620081 M2","reward",0.0144391209733758,"271 reward","14 reward"
"14072","M2","C4620081","14","272","C4620081 M2","reward",0.0141712367542387,"272 reward","14 reward"
"14073","M2","C4620081","14","273","C4620081 M2","reward",0.0140989146469931,"273 reward","14 reward"
"14074","M2","C4620081","14","274","C4620081 M2","reward",0.0140869304027914,"274 reward","14 reward"
"14075","M2","C4620081","14","275","C4620081 M2","reward",0.0140347431421994,"275 reward","14 reward"
"14076","M2","C4620081","14","276","C4620081 M2","reward",0.0136275908624553,"276 reward","14 reward"
"14077","M2","C4620081","14","277","C4620081 M2","reward",0.0134135316257913,"277 reward","14 reward"
"14078","M2","C4620081","14","278","C4620081 M2","reward",0.0134054833302325,"278 reward","14 reward"
"14079","M2","C4620081","14","279","C4620081 M2","reward",0.0133339695729032,"279 reward","14 reward"
"14080","M2","C4620081","14","280","C4620081 M2","reward",0.0131779048760101,"280 reward","14 reward"
"14081","M2","C4620081","14","281","C4620081 M2","reward",0.0129684586544844,"281 reward","14 reward"
"14082","M2","C4620081","14","282","C4620081 M2","reward",0.0128568762491883,"282 reward","14 reward"
"14083","M2","C4620081","14","283","C4620081 M2","reward",0.0127735560994751,"283 reward","14 reward"
"14084","M2","C4620081","14","284","C4620081 M2","reward",0.0121769573550878,"284 reward","14 reward"
"14085","M2","C4620081","14","285","C4620081 M2","reward",0.0120379153824642,"285 reward","14 reward"
"14086","M2","C4620081","14","286","C4620081 M2","reward",0.0119371401646611,"286 reward","14 reward"
"14087","M2","C4620081","14","287","C4620081 M2","reward",0.0118927159646225,"287 reward","14 reward"
"14088","M2","C4620081","14","288","C4620081 M2","reward",0.0118481585704041,"288 reward","14 reward"
"14089","M2","C4620081","14","289","C4620081 M2","reward",0.01179506606808,"289 reward","14 reward"
"14090","M2","C4620081","14","290","C4620081 M2","reward",0.011566737405501,"290 reward","14 reward"
"14091","M2","C4620081","14","291","C4620081 M2","reward",0.0113721015240967,"291 reward","14 reward"
"14092","M2","C4620081","14","292","C4620081 M2","reward",0.0112923745234635,"292 reward","14 reward"
"14093","M2","C4620081","14","293","C4620081 M2","reward",0.0109586568122932,"293 reward","14 reward"
"14094","M2","C4620081","14","294","C4620081 M2","reward",0.0108208820268045,"294 reward","14 reward"
"14095","M2","C4620081","14","295","C4620081 M2","reward",0.0108148530394375,"295 reward","14 reward"
"14096","M2","C4620081","14","296","C4620081 M2","reward",0.0105032268321273,"296 reward","14 reward"
"14097","M2","C4620081","14","297","C4620081 M2","reward",0.0104919069032638,"297 reward","14 reward"
"14098","M2","C4620081","14","298","C4620081 M2","reward",0.0104446142778235,"298 reward","14 reward"
"14099","M2","C4620081","14","299","C4620081 M2","reward",0.0104218072261486,"299 reward","14 reward"
"14100","M2","C4620081","14","300","C4620081 M2","reward",0.0103431212055212,"300 reward","14 reward"
"14101","M2","C4620081","14","301","C4620081 M2","reward",0.0102494128802396,"301 reward","14 reward"
"14102","M2","C4620081","14","302","C4620081 M2","reward",0.0101847585021205,"302 reward","14 reward"
"14103","M2","C4620081","14","303","C4620081 M2","reward",0.0101204195835956,"303 reward","14 reward"
"14104","M2","C4620081","14","304","C4620081 M2","reward",0.00990824555944999,"304 reward","14 reward"
"14105","M2","C4620081","14","305","C4620081 M2","reward",0.00973779290872079,"305 reward","14 reward"
"14106","M2","C4620081","14","306","C4620081 M2","reward",0.00965987461114493,"306 reward","14 reward"
"14107","M2","C4620081","14","307","C4620081 M2","reward",0.00963378506023532,"307 reward","14 reward"
"14108","M2","C4620081","14","308","C4620081 M2","reward",0.00959630800139611,"308 reward","14 reward"
"14109","M2","C4620081","14","309","C4620081 M2","reward",0.00941017396461184,"309 reward","14 reward"
"14110","M2","C4620081","14","310","C4620081 M2","reward",0.00904279178573682,"310 reward","14 reward"
"14111","M2","C4620081","14","311","C4620081 M2","reward",0.00868494304667618,"311 reward","14 reward"
"14112","M2","C4620081","14","312","C4620081 M2","reward",0.00864281474272787,"312 reward","14 reward"
"14113","M2","C4620081","14","313","C4620081 M2","reward",0.00861410978652839,"313 reward","14 reward"
"14114","M2","C4620081","14","314","C4620081 M2","reward",0.00859457942095118,"314 reward","14 reward"
"14115","M2","C4620081","14","315","C4620081 M2","reward",0.00845818002913635,"315 reward","14 reward"
"14116","M2","C4620081","14","316","C4620081 M2","reward",0.00844360327095588,"316 reward","14 reward"
"14117","M2","C4620081","14","317","C4620081 M2","reward",0.00819659300708823,"317 reward","14 reward"
"14118","M2","C4620081","14","318","C4620081 M2","reward",0.00815631315675633,"318 reward","14 reward"
"14119","M2","C4620081","14","319","C4620081 M2","reward",0.00810023219403707,"319 reward","14 reward"
"14120","M2","C4620081","14","320","C4620081 M2","reward",0.00808097179472003,"320 reward","14 reward"
"14121","M2","C4620081","14","321","C4620081 M2","reward",0.00798845108229465,"321 reward","14 reward"
"14122","M2","C4620081","14","322","C4620081 M2","reward",0.00782785490474527,"322 reward","14 reward"
"14123","M2","C4620081","14","323","C4620081 M2","reward",0.00777901312578309,"323 reward","14 reward"
"14124","M2","C4620081","14","324","C4620081 M2","reward",0.0074183822979765,"324 reward","14 reward"
"14125","M2","C4620081","14","325","C4620081 M2","reward",0.00737620612895115,"325 reward","14 reward"
"14126","M2","C4620081","14","326","C4620081 M2","reward",0.00734399916159669,"326 reward","14 reward"
"14127","M2","C4620081","14","327","C4620081 M2","reward",0.00731725081891711,"327 reward","14 reward"
"14128","M2","C4620081","14","328","C4620081 M2","reward",0.00720298859358129,"328 reward","14 reward"
"14129","M2","C4620081","14","329","C4620081 M2","reward",0.00715309667705671,"329 reward","14 reward"
"14130","M2","C4620081","14","330","C4620081 M2","reward",0.00700123279204646,"330 reward","14 reward"
"14131","M2","C4620081","14","331","C4620081 M2","reward",0.00696261250818396,"331 reward","14 reward"
"14132","M2","C4620081","14","332","C4620081 M2","reward",0.00650667534996225,"332 reward","14 reward"
"14133","M2","C4620081","14","333","C4620081 M2","reward",0.00649111835211155,"333 reward","14 reward"
"14134","M2","C4620081","14","334","C4620081 M2","reward",0.00636319238180327,"334 reward","14 reward"
"14135","M2","C4620081","14","335","C4620081 M2","reward",0.00609398714877855,"335 reward","14 reward"
"14136","M2","C4620081","14","336","C4620081 M2","reward",0.00520172126521558,"336 reward","14 reward"
"14137","M2","C4620081","14","337","C4620081 M2","reward",0.00513151288588555,"337 reward","14 reward"
"14138","M2","C4620081","14","338","C4620081 M2","reward",0.00505511985032249,"338 reward","14 reward"
"14139","M2","C4620081","14","339","C4620081 M2","reward",0.00496713014416735,"339 reward","14 reward"
"14140","M2","C4620081","14","340","C4620081 M2","reward",0.00484879482831878,"340 reward","14 reward"
"14141","M2","C4620081","14","341","C4620081 M2","reward",0.00446203275423579,"341 reward","14 reward"
"14142","M2","C4620081","14","342","C4620081 M2","reward",0.00425509835289829,"342 reward","14 reward"
"14143","M2","C4620081","14","343","C4620081 M2","reward",0.00419029192101833,"343 reward","14 reward"
"14144","M2","C4620081","14","344","C4620081 M2","reward",0.00410507800282495,"344 reward","14 reward"
"14145","M2","C4620081","14","345","C4620081 M2","reward",0.00383314978951433,"345 reward","14 reward"
"14146","M2","C4620081","14","346","C4620081 M2","reward",0.00356314458193193,"346 reward","14 reward"
"14147","M2","C4620081","14","347","C4620081 M2","reward",0.00352141872408893,"347 reward","14 reward"
"14148","M2","C4620081","14","348","C4620081 M2","reward",0.00335239049499622,"348 reward","14 reward"
"14149","M2","C4620081","14","349","C4620081 M2","reward",0.00323998380114735,"349 reward","14 reward"
"14150","M2","C4620081","14","350","C4620081 M2","reward",0.00309693456542201,"350 reward","14 reward"
"14151","M2","C4620081","14","351","C4620081 M2","reward",0.00297284144933313,"351 reward","14 reward"
"14152","M2","C4620081","14","352","C4620081 M2","reward",0.00229559771311506,"352 reward","14 reward"
"14153","M2","C4620081","14","353","C4620081 M2","reward",0.00224704850763586,"353 reward","14 reward"
"14154","M2","C4620081","14","354","C4620081 M2","reward",0.00205274623163291,"354 reward","14 reward"
"14155","M2","C4620081","14","355","C4620081 M2","reward",0.0010067120255596,"355 reward","14 reward"
"14156","M2","C4620081","14","356","C4620081 M2","reward",0.000933530404309004,"356 reward","14 reward"
"14157","M2","C4620081","14","357","C4620081 M2","reward",0.000853041476862962,"357 reward","14 reward"
"14158","M2","C4620081","14","358","C4620081 M2","reward",0.00081214167997399,"358 reward","14 reward"
"14159","M2","C4620081","14","359","C4620081 M2","reward",0.000489493653232431,"359 reward","14 reward"
"14160","M2","C4620081","14","360","C4620081 M2","reward",0.000482669352227257,"360 reward","14 reward"
"14161","M2","C4620081","14","361","C4620081 M2","reward",0.000291801743317377,"361 reward","14 reward"
"14162","M2","C4620081","14","362","C4620081 M2","reward",-0.000646934094871299,"362 reward","14 reward"
"14163","M2","C4620081","14","363","C4620081 M2","reward",-0.000960126409902166,"363 reward","14 reward"
"14164","M2","C4620081","14","364","C4620081 M2","reward",-0.00109392531993509,"364 reward","14 reward"
"14165","M2","C4620081","14","365","C4620081 M2","reward",-0.00157225539049389,"365 reward","14 reward"
"14166","M2","C4620081","14","366","C4620081 M2","reward",-0.00187463399755237,"366 reward","14 reward"
"14167","M2","C4620081","14","367","C4620081 M2","reward",-0.00191362444415229,"367 reward","14 reward"
"14168","M2","C4620081","14","368","C4620081 M2","reward",-0.00223943050846252,"368 reward","14 reward"
"14169","M2","C4620081","14","369","C4620081 M2","reward",-0.00369705768727879,"369 reward","14 reward"
"14170","M2","C4620081","14","370","C4620081 M2","reward",-0.00409121029700679,"370 reward","14 reward"
"14171","M2","C4620081","14","371","C4620081 M2","reward",-0.00410387673273651,"371 reward","14 reward"
"14172","M2","C4620081","14","372","C4620081 M2","reward",-0.0043629815850776,"372 reward","14 reward"
"14173","M2","C4620081","14","373","C4620081 M2","reward",-0.00485106457710245,"373 reward","14 reward"
"14174","M2","C4620081","14","374","C4620081 M2","reward",-0.00664079907090711,"374 reward","14 reward"
"14175","M2","C4620081","14","375","C4620081 M2","reward",-0.00686642166662077,"375 reward","14 reward"
"14176","M2","C4620081","14","376","C4620081 M2","reward",-0.00739671063704683,"376 reward","14 reward"
"14177","M2","C4620081","14","377","C4620081 M2","reward",-0.00767291759930327,"377 reward","14 reward"
"14178","M2","C4620081","14","378","C4620081 M2","reward",-0.00862375913443148,"378 reward","14 reward"
"14179","M2","C4620081","14","379","C4620081 M2","reward",-0.0106512320545688,"379 reward","14 reward"
"14180","M2","C4620081","14","380","C4620081 M2","reward",-0.0108507384543142,"380 reward","14 reward"
"14181","M2","C4620081","14","381","C4620081 M2","reward",-0.0156105448411371,"381 reward","14 reward"
"14182","M2","C4620081","14","382","C4620081 M2","reward",-0.0296313175335435,"382 reward","14 reward"
"14183","M3","C4620081","14","0","C4620081 M3","reward",0.125093001542738,"0 reward","14 reward"
"14184","M3","C4620081","14","1","C4620081 M3","reward",0.122017451029333,"1 reward","14 reward"
"14185","M3","C4620081","14","2","C4620081 M3","reward",0.107942528428382,"2 reward","14 reward"
"14186","M3","C4620081","14","3","C4620081 M3","reward",0.107510271221405,"3 reward","14 reward"
"14187","M3","C4620081","14","4","C4620081 M3","reward",0.103488904667284,"4 reward","14 reward"
"14188","M3","C4620081","14","5","C4620081 M3","reward",0.103319353869415,"5 reward","14 reward"
"14189","M3","C4620081","14","6","C4620081 M3","reward",0.0971304562788633,"6 reward","14 reward"
"14190","M3","C4620081","14","7","C4620081 M3","reward",0.097125645924009,"7 reward","14 reward"
"14191","M3","C4620081","14","8","C4620081 M3","reward",0.0953581593696289,"8 reward","14 reward"
"14192","M3","C4620081","14","9","C4620081 M3","reward",0.0946547288722802,"9 reward","14 reward"
"14193","M3","C4620081","14","10","C4620081 M3","reward",0.0932566986581414,"10 reward","14 reward"
"14194","M3","C4620081","14","11","C4620081 M3","reward",0.0922047540784527,"11 reward","14 reward"
"14195","M3","C4620081","14","12","C4620081 M3","reward",0.0911596070146665,"12 reward","14 reward"
"14196","M3","C4620081","14","13","C4620081 M3","reward",0.0874743228001861,"13 reward","14 reward"
"14197","M3","C4620081","14","14","C4620081 M3","reward",0.0861545159252807,"14 reward","14 reward"
"14198","M3","C4620081","14","15","C4620081 M3","reward",0.0856958458926936,"15 reward","14 reward"
"14199","M3","C4620081","14","16","C4620081 M3","reward",0.085600511937406,"16 reward","14 reward"
"14200","M3","C4620081","14","17","C4620081 M3","reward",0.0855762459730696,"17 reward","14 reward"
"14201","M3","C4620081","14","18","C4620081 M3","reward",0.0852820721840512,"18 reward","14 reward"
"14202","M3","C4620081","14","19","C4620081 M3","reward",0.0848454192852327,"19 reward","14 reward"
"14203","M3","C4620081","14","20","C4620081 M3","reward",0.0847769444366629,"20 reward","14 reward"
"14204","M3","C4620081","14","21","C4620081 M3","reward",0.0845644880404161,"21 reward","14 reward"
"14205","M3","C4620081","14","22","C4620081 M3","reward",0.0843521377626316,"22 reward","14 reward"
"14206","M3","C4620081","14","23","C4620081 M3","reward",0.0801129903564787,"23 reward","14 reward"
"14207","M3","C4620081","14","24","C4620081 M3","reward",0.0796184166063495,"24 reward","14 reward"
"14208","M3","C4620081","14","25","C4620081 M3","reward",0.0783078416639728,"25 reward","14 reward"
"14209","M3","C4620081","14","26","C4620081 M3","reward",0.0778077677582372,"26 reward","14 reward"
"14210","M3","C4620081","14","27","C4620081 M3","reward",0.0773164526933577,"27 reward","14 reward"
"14211","M3","C4620081","14","28","C4620081 M3","reward",0.0768493936566224,"28 reward","14 reward"
"14212","M3","C4620081","14","29","C4620081 M3","reward",0.0766395804992323,"29 reward","14 reward"
"14213","M3","C4620081","14","30","C4620081 M3","reward",0.0766347946288963,"30 reward","14 reward"
"14214","M3","C4620081","14","31","C4620081 M3","reward",0.0764480254480647,"31 reward","14 reward"
"14215","M3","C4620081","14","32","C4620081 M3","reward",0.0759023467033292,"32 reward","14 reward"
"14216","M3","C4620081","14","33","C4620081 M3","reward",0.0757989084848718,"33 reward","14 reward"
"14217","M3","C4620081","14","34","C4620081 M3","reward",0.0751786376538439,"34 reward","14 reward"
"14218","M3","C4620081","14","35","C4620081 M3","reward",0.0743133999425162,"35 reward","14 reward"
"14219","M3","C4620081","14","36","C4620081 M3","reward",0.0740842956044193,"36 reward","14 reward"
"14220","M3","C4620081","14","37","C4620081 M3","reward",0.0737617080872509,"37 reward","14 reward"
"14221","M3","C4620081","14","38","C4620081 M3","reward",0.0731029479459916,"38 reward","14 reward"
"14222","M3","C4620081","14","39","C4620081 M3","reward",0.0729650594636706,"39 reward","14 reward"
"14223","M3","C4620081","14","40","C4620081 M3","reward",0.0721169647532112,"40 reward","14 reward"
"14224","M3","C4620081","14","41","C4620081 M3","reward",0.0719196575295124,"41 reward","14 reward"
"14225","M3","C4620081","14","42","C4620081 M3","reward",0.0712222032180586,"42 reward","14 reward"
"14226","M3","C4620081","14","43","C4620081 M3","reward",0.0710590853097601,"43 reward","14 reward"
"14227","M3","C4620081","14","44","C4620081 M3","reward",0.0705144548038809,"44 reward","14 reward"
"14228","M3","C4620081","14","45","C4620081 M3","reward",0.0702331757678349,"45 reward","14 reward"
"14229","M3","C4620081","14","46","C4620081 M3","reward",0.0698959074220784,"46 reward","14 reward"
"14230","M3","C4620081","14","47","C4620081 M3","reward",0.0698860230709007,"47 reward","14 reward"
"14231","M3","C4620081","14","48","C4620081 M3","reward",0.0697282744272626,"48 reward","14 reward"
"14232","M3","C4620081","14","49","C4620081 M3","reward",0.0696639716725029,"49 reward","14 reward"
"14233","M3","C4620081","14","50","C4620081 M3","reward",0.0695878765340372,"50 reward","14 reward"
"14234","M3","C4620081","14","51","C4620081 M3","reward",0.0686113237890009,"51 reward","14 reward"
"14235","M3","C4620081","14","52","C4620081 M3","reward",0.0683208166514444,"52 reward","14 reward"
"14236","M3","C4620081","14","53","C4620081 M3","reward",0.068271533326949,"53 reward","14 reward"
"14237","M3","C4620081","14","54","C4620081 M3","reward",0.0679506486017049,"54 reward","14 reward"
"14238","M3","C4620081","14","55","C4620081 M3","reward",0.0677594152902126,"55 reward","14 reward"
"14239","M3","C4620081","14","56","C4620081 M3","reward",0.0677146418982753,"56 reward","14 reward"
"14240","M3","C4620081","14","57","C4620081 M3","reward",0.0675990997269921,"57 reward","14 reward"
"14241","M3","C4620081","14","58","C4620081 M3","reward",0.0664026918263577,"58 reward","14 reward"
"14242","M3","C4620081","14","59","C4620081 M3","reward",0.0663493977672429,"59 reward","14 reward"
"14243","M3","C4620081","14","60","C4620081 M3","reward",0.0660953025196129,"60 reward","14 reward"
"14244","M3","C4620081","14","61","C4620081 M3","reward",0.0657672606260802,"61 reward","14 reward"
"14245","M3","C4620081","14","62","C4620081 M3","reward",0.0656722622122214,"62 reward","14 reward"
"14246","M3","C4620081","14","63","C4620081 M3","reward",0.0656557976228903,"63 reward","14 reward"
"14247","M3","C4620081","14","64","C4620081 M3","reward",0.0654364912474853,"64 reward","14 reward"
"14248","M3","C4620081","14","65","C4620081 M3","reward",0.0650100481684381,"65 reward","14 reward"
"14249","M3","C4620081","14","66","C4620081 M3","reward",0.0647077733477154,"66 reward","14 reward"
"14250","M3","C4620081","14","67","C4620081 M3","reward",0.0646633932208434,"67 reward","14 reward"
"14251","M3","C4620081","14","68","C4620081 M3","reward",0.0632975922171972,"68 reward","14 reward"
"14252","M3","C4620081","14","69","C4620081 M3","reward",0.0632710946990419,"69 reward","14 reward"
"14253","M3","C4620081","14","70","C4620081 M3","reward",0.0632582341232474,"70 reward","14 reward"
"14254","M3","C4620081","14","71","C4620081 M3","reward",0.063005648258148,"71 reward","14 reward"
"14255","M3","C4620081","14","72","C4620081 M3","reward",0.0621232078192472,"72 reward","14 reward"
"14256","M3","C4620081","14","73","C4620081 M3","reward",0.0602111913571228,"73 reward","14 reward"
"14257","M3","C4620081","14","74","C4620081 M3","reward",0.0594543658981115,"74 reward","14 reward"
"14258","M3","C4620081","14","75","C4620081 M3","reward",0.0594384769953957,"75 reward","14 reward"
"14259","M3","C4620081","14","76","C4620081 M3","reward",0.0593933544729441,"76 reward","14 reward"
"14260","M3","C4620081","14","77","C4620081 M3","reward",0.0592432287198051,"77 reward","14 reward"
"14261","M3","C4620081","14","78","C4620081 M3","reward",0.059238248233656,"78 reward","14 reward"
"14262","M3","C4620081","14","79","C4620081 M3","reward",0.0587030747207627,"79 reward","14 reward"
"14263","M3","C4620081","14","80","C4620081 M3","reward",0.0577887001368631,"80 reward","14 reward"
"14264","M3","C4620081","14","81","C4620081 M3","reward",0.0577603043854934,"81 reward","14 reward"
"14265","M3","C4620081","14","82","C4620081 M3","reward",0.0575968802885804,"82 reward","14 reward"
"14266","M3","C4620081","14","83","C4620081 M3","reward",0.0573330235203304,"83 reward","14 reward"
"14267","M3","C4620081","14","84","C4620081 M3","reward",0.0570992296769133,"84 reward","14 reward"
"14268","M3","C4620081","14","85","C4620081 M3","reward",0.0562796937155748,"85 reward","14 reward"
"14269","M3","C4620081","14","86","C4620081 M3","reward",0.0562544835498037,"86 reward","14 reward"
"14270","M3","C4620081","14","87","C4620081 M3","reward",0.0556724737726216,"87 reward","14 reward"
"14271","M3","C4620081","14","88","C4620081 M3","reward",0.0552819774917106,"88 reward","14 reward"
"14272","M3","C4620081","14","89","C4620081 M3","reward",0.0542430606904937,"89 reward","14 reward"
"14273","M3","C4620081","14","90","C4620081 M3","reward",0.053392697455999,"90 reward","14 reward"
"14274","M3","C4620081","14","91","C4620081 M3","reward",0.053340451293148,"91 reward","14 reward"
"14275","M3","C4620081","14","92","C4620081 M3","reward",0.0527870994508989,"92 reward","14 reward"
"14276","M3","C4620081","14","93","C4620081 M3","reward",0.0527315304085597,"93 reward","14 reward"
"14277","M3","C4620081","14","94","C4620081 M3","reward",0.0516047510030124,"94 reward","14 reward"
"14278","M3","C4620081","14","95","C4620081 M3","reward",0.0514246555395228,"95 reward","14 reward"
"14279","M3","C4620081","14","96","C4620081 M3","reward",0.0511755502583409,"96 reward","14 reward"
"14280","M3","C4620081","14","97","C4620081 M3","reward",0.0508019812328245,"97 reward","14 reward"
"14281","M3","C4620081","14","98","C4620081 M3","reward",0.050675151536302,"98 reward","14 reward"
"14282","M3","C4620081","14","99","C4620081 M3","reward",0.0504494727118211,"99 reward","14 reward"
"14283","M3","C4620081","14","100","C4620081 M3","reward",0.0503259297260704,"100 reward","14 reward"
"14284","M3","C4620081","14","101","C4620081 M3","reward",0.0497519251457008,"101 reward","14 reward"
"14285","M3","C4620081","14","102","C4620081 M3","reward",0.0496773074878202,"102 reward","14 reward"
"14286","M3","C4620081","14","103","C4620081 M3","reward",0.0491128544141192,"103 reward","14 reward"
"14287","M3","C4620081","14","104","C4620081 M3","reward",0.049090836689003,"104 reward","14 reward"
"14288","M3","C4620081","14","105","C4620081 M3","reward",0.0485989612137738,"105 reward","14 reward"
"14289","M3","C4620081","14","106","C4620081 M3","reward",0.0485461744003092,"106 reward","14 reward"
"14290","M3","C4620081","14","107","C4620081 M3","reward",0.0485149567163527,"107 reward","14 reward"
"14291","M3","C4620081","14","108","C4620081 M3","reward",0.0481932979977472,"108 reward","14 reward"
"14292","M3","C4620081","14","109","C4620081 M3","reward",0.0481366700540924,"109 reward","14 reward"
"14293","M3","C4620081","14","110","C4620081 M3","reward",0.0480536291130142,"110 reward","14 reward"
"14294","M3","C4620081","14","111","C4620081 M3","reward",0.0479133909051323,"111 reward","14 reward"
"14295","M3","C4620081","14","112","C4620081 M3","reward",0.0478500562845047,"112 reward","14 reward"
"14296","M3","C4620081","14","113","C4620081 M3","reward",0.0475776041685057,"113 reward","14 reward"
"14297","M3","C4620081","14","114","C4620081 M3","reward",0.0475414080102748,"114 reward","14 reward"
"14298","M3","C4620081","14","115","C4620081 M3","reward",0.0473977043956344,"115 reward","14 reward"
"14299","M3","C4620081","14","116","C4620081 M3","reward",0.0473933602176061,"116 reward","14 reward"
"14300","M3","C4620081","14","117","C4620081 M3","reward",0.0473850373407509,"117 reward","14 reward"
"14301","M3","C4620081","14","118","C4620081 M3","reward",0.0473081207172975,"118 reward","14 reward"
"14302","M3","C4620081","14","119","C4620081 M3","reward",0.0470969198414597,"119 reward","14 reward"
"14303","M3","C4620081","14","120","C4620081 M3","reward",0.046713627210936,"120 reward","14 reward"
"14304","M3","C4620081","14","121","C4620081 M3","reward",0.0467028999230533,"121 reward","14 reward"
"14305","M3","C4620081","14","122","C4620081 M3","reward",0.0460235272810197,"122 reward","14 reward"
"14306","M3","C4620081","14","123","C4620081 M3","reward",0.0447022692145829,"123 reward","14 reward"
"14307","M3","C4620081","14","124","C4620081 M3","reward",0.0440811758118242,"124 reward","14 reward"
"14308","M3","C4620081","14","125","C4620081 M3","reward",0.0439770029713979,"125 reward","14 reward"
"14309","M3","C4620081","14","126","C4620081 M3","reward",0.0430428466162899,"126 reward","14 reward"
"14310","M3","C4620081","14","127","C4620081 M3","reward",0.0425501234989632,"127 reward","14 reward"
"14311","M3","C4620081","14","128","C4620081 M3","reward",0.0425268760835525,"128 reward","14 reward"
"14312","M3","C4620081","14","129","C4620081 M3","reward",0.0423904596710424,"129 reward","14 reward"
"14313","M3","C4620081","14","130","C4620081 M3","reward",0.0422755182592891,"130 reward","14 reward"
"14314","M3","C4620081","14","131","C4620081 M3","reward",0.0421667442367349,"131 reward","14 reward"
"14315","M3","C4620081","14","132","C4620081 M3","reward",0.0419749034590199,"132 reward","14 reward"
"14316","M3","C4620081","14","133","C4620081 M3","reward",0.041635702037499,"133 reward","14 reward"
"14317","M3","C4620081","14","134","C4620081 M3","reward",0.04150798040591,"134 reward","14 reward"
"14318","M3","C4620081","14","135","C4620081 M3","reward",0.0410752390150195,"135 reward","14 reward"
"14319","M3","C4620081","14","136","C4620081 M3","reward",0.0408686051545048,"136 reward","14 reward"
"14320","M3","C4620081","14","137","C4620081 M3","reward",0.0408435949007614,"137 reward","14 reward"
"14321","M3","C4620081","14","138","C4620081 M3","reward",0.0405407001894523,"138 reward","14 reward"
"14322","M3","C4620081","14","139","C4620081 M3","reward",0.040524638043614,"139 reward","14 reward"
"14323","M3","C4620081","14","140","C4620081 M3","reward",0.0404814024413419,"140 reward","14 reward"
"14324","M3","C4620081","14","141","C4620081 M3","reward",0.0403752764632442,"141 reward","14 reward"
"14325","M3","C4620081","14","142","C4620081 M3","reward",0.0400724680525318,"142 reward","14 reward"
"14326","M3","C4620081","14","143","C4620081 M3","reward",0.0400096477348847,"143 reward","14 reward"
"14327","M3","C4620081","14","144","C4620081 M3","reward",0.0397310072050005,"144 reward","14 reward"
"14328","M3","C4620081","14","145","C4620081 M3","reward",0.039595497230366,"145 reward","14 reward"
"14329","M3","C4620081","14","146","C4620081 M3","reward",0.0394575142810409,"146 reward","14 reward"
"14330","M3","C4620081","14","147","C4620081 M3","reward",0.0393414298474927,"147 reward","14 reward"
"14331","M3","C4620081","14","148","C4620081 M3","reward",0.0393344666801042,"148 reward","14 reward"
"14332","M3","C4620081","14","149","C4620081 M3","reward",0.0390378325031585,"149 reward","14 reward"
"14333","M3","C4620081","14","150","C4620081 M3","reward",0.0389039195128362,"150 reward","14 reward"
"14334","M3","C4620081","14","151","C4620081 M3","reward",0.038651064228664,"151 reward","14 reward"
"14335","M3","C4620081","14","152","C4620081 M3","reward",0.0386431943513119,"152 reward","14 reward"
"14336","M3","C4620081","14","153","C4620081 M3","reward",0.0385232588817805,"153 reward","14 reward"
"14337","M3","C4620081","14","154","C4620081 M3","reward",0.0383787800827387,"154 reward","14 reward"
"14338","M3","C4620081","14","155","C4620081 M3","reward",0.0383020291237051,"155 reward","14 reward"
"14339","M3","C4620081","14","156","C4620081 M3","reward",0.0382710263932782,"156 reward","14 reward"
"14340","M3","C4620081","14","157","C4620081 M3","reward",0.0381423672949471,"157 reward","14 reward"
"14341","M3","C4620081","14","158","C4620081 M3","reward",0.0381157137198589,"158 reward","14 reward"
"14342","M3","C4620081","14","159","C4620081 M3","reward",0.037912476226597,"159 reward","14 reward"
"14343","M3","C4620081","14","160","C4620081 M3","reward",0.0377696207153974,"160 reward","14 reward"
"14344","M3","C4620081","14","161","C4620081 M3","reward",0.0370967499055888,"161 reward","14 reward"
"14345","M3","C4620081","14","162","C4620081 M3","reward",0.0368298309187987,"162 reward","14 reward"
"14346","M3","C4620081","14","163","C4620081 M3","reward",0.0368007892229057,"163 reward","14 reward"
"14347","M3","C4620081","14","164","C4620081 M3","reward",0.0364767515569298,"164 reward","14 reward"
"14348","M3","C4620081","14","165","C4620081 M3","reward",0.036389092318165,"165 reward","14 reward"
"14349","M3","C4620081","14","166","C4620081 M3","reward",0.0363142965626095,"166 reward","14 reward"
"14350","M3","C4620081","14","167","C4620081 M3","reward",0.0362323855213978,"167 reward","14 reward"
"14351","M3","C4620081","14","168","C4620081 M3","reward",0.0361914122855007,"168 reward","14 reward"
"14352","M3","C4620081","14","169","C4620081 M3","reward",0.0352100529291745,"169 reward","14 reward"
"14353","M3","C4620081","14","170","C4620081 M3","reward",0.0349007007123989,"170 reward","14 reward"
"14354","M3","C4620081","14","171","C4620081 M3","reward",0.0348448883979772,"171 reward","14 reward"
"14355","M3","C4620081","14","172","C4620081 M3","reward",0.0347613759798753,"172 reward","14 reward"
"14356","M3","C4620081","14","173","C4620081 M3","reward",0.0344719322373319,"173 reward","14 reward"
"14357","M3","C4620081","14","174","C4620081 M3","reward",0.0344643684552382,"174 reward","14 reward"
"14358","M3","C4620081","14","175","C4620081 M3","reward",0.0336798680545564,"175 reward","14 reward"
"14359","M3","C4620081","14","176","C4620081 M3","reward",0.0333562601387785,"176 reward","14 reward"
"14360","M3","C4620081","14","177","C4620081 M3","reward",0.0331413462246443,"177 reward","14 reward"
"14361","M3","C4620081","14","178","C4620081 M3","reward",0.0331220538888761,"178 reward","14 reward"
"14362","M3","C4620081","14","179","C4620081 M3","reward",0.0326532555677857,"179 reward","14 reward"
"14363","M3","C4620081","14","180","C4620081 M3","reward",0.0324836327956978,"180 reward","14 reward"
"14364","M3","C4620081","14","181","C4620081 M3","reward",0.0323331029000385,"181 reward","14 reward"
"14365","M3","C4620081","14","182","C4620081 M3","reward",0.0318382920133232,"182 reward","14 reward"
"14366","M3","C4620081","14","183","C4620081 M3","reward",0.0318023088648702,"183 reward","14 reward"
"14367","M3","C4620081","14","184","C4620081 M3","reward",0.0311002887623835,"184 reward","14 reward"
"14368","M3","C4620081","14","185","C4620081 M3","reward",0.0309664417721123,"185 reward","14 reward"
"14369","M3","C4620081","14","186","C4620081 M3","reward",0.0309367587429499,"186 reward","14 reward"
"14370","M3","C4620081","14","187","C4620081 M3","reward",0.0307810806388722,"187 reward","14 reward"
"14371","M3","C4620081","14","188","C4620081 M3","reward",0.030757988288286,"188 reward","14 reward"
"14372","M3","C4620081","14","189","C4620081 M3","reward",0.0305129143368424,"189 reward","14 reward"
"14373","M3","C4620081","14","190","C4620081 M3","reward",0.030357161192351,"190 reward","14 reward"
"14374","M3","C4620081","14","191","C4620081 M3","reward",0.030229844794237,"191 reward","14 reward"
"14375","M3","C4620081","14","192","C4620081 M3","reward",0.0298245791076921,"192 reward","14 reward"
"14376","M3","C4620081","14","193","C4620081 M3","reward",0.0292636631282004,"193 reward","14 reward"
"14377","M3","C4620081","14","194","C4620081 M3","reward",0.0286378130752011,"194 reward","14 reward"
"14378","M3","C4620081","14","195","C4620081 M3","reward",0.0283494257276122,"195 reward","14 reward"
"14379","M3","C4620081","14","196","C4620081 M3","reward",0.028308324165073,"196 reward","14 reward"
"14380","M3","C4620081","14","197","C4620081 M3","reward",0.0281377959716058,"197 reward","14 reward"
"14381","M3","C4620081","14","198","C4620081 M3","reward",0.0279042350061986,"198 reward","14 reward"
"14382","M3","C4620081","14","199","C4620081 M3","reward",0.027448933532119,"199 reward","14 reward"
"14383","M3","C4620081","14","200","C4620081 M3","reward",0.0274371605119677,"200 reward","14 reward"
"14384","M3","C4620081","14","201","C4620081 M3","reward",0.027094117046035,"201 reward","14 reward"
"14385","M3","C4620081","14","202","C4620081 M3","reward",0.0266285077160718,"202 reward","14 reward"
"14386","M3","C4620081","14","203","C4620081 M3","reward",0.0266138487618853,"203 reward","14 reward"
"14387","M3","C4620081","14","204","C4620081 M3","reward",0.026346678062548,"204 reward","14 reward"
"14388","M3","C4620081","14","205","C4620081 M3","reward",0.0261493831311967,"205 reward","14 reward"
"14389","M3","C4620081","14","206","C4620081 M3","reward",0.0260182197851945,"206 reward","14 reward"
"14390","M3","C4620081","14","207","C4620081 M3","reward",0.0256556114766487,"207 reward","14 reward"
"14391","M3","C4620081","14","208","C4620081 M3","reward",0.0255626298113217,"208 reward","14 reward"
"14392","M3","C4620081","14","209","C4620081 M3","reward",0.0254187487054986,"209 reward","14 reward"
"14393","M3","C4620081","14","210","C4620081 M3","reward",0.0252417018142156,"210 reward","14 reward"
"14394","M3","C4620081","14","211","C4620081 M3","reward",0.0251277873108752,"211 reward","14 reward"
"14395","M3","C4620081","14","212","C4620081 M3","reward",0.0237699733431153,"212 reward","14 reward"
"14396","M3","C4620081","14","213","C4620081 M3","reward",0.0237462261868816,"213 reward","14 reward"
"14397","M3","C4620081","14","214","C4620081 M3","reward",0.0236754289394309,"214 reward","14 reward"
"14398","M3","C4620081","14","215","C4620081 M3","reward",0.0232846913168523,"215 reward","14 reward"
"14399","M3","C4620081","14","216","C4620081 M3","reward",0.0225294173306209,"216 reward","14 reward"
"14400","M3","C4620081","14","217","C4620081 M3","reward",0.0216403336451328,"217 reward","14 reward"
"14401","M3","C4620081","14","218","C4620081 M3","reward",0.0214231679623713,"218 reward","14 reward"
"14402","M3","C4620081","14","219","C4620081 M3","reward",0.0211249497581238,"219 reward","14 reward"
"14403","M3","C4620081","14","220","C4620081 M3","reward",0.0206976188680325,"220 reward","14 reward"
"14404","M3","C4620081","14","221","C4620081 M3","reward",0.0205749795933384,"221 reward","14 reward"
"14405","M3","C4620081","14","222","C4620081 M3","reward",0.0202840271824446,"222 reward","14 reward"
"14406","M3","C4620081","14","223","C4620081 M3","reward",0.0185291042915976,"223 reward","14 reward"
"14407","M3","C4620081","14","224","C4620081 M3","reward",0.0182387715722091,"224 reward","14 reward"
"14408","M3","C4620081","14","225","C4620081 M3","reward",0.0178798723343648,"225 reward","14 reward"
"14409","M3","C4620081","14","226","C4620081 M3","reward",0.0175127862500292,"226 reward","14 reward"
"14410","M3","C4620081","14","227","C4620081 M3","reward",0.0173602825278411,"227 reward","14 reward"
"14411","M3","C4620081","14","228","C4620081 M3","reward",0.0172201707061385,"228 reward","14 reward"
"14412","M3","C4620081","14","229","C4620081 M3","reward",0.0170134613437046,"229 reward","14 reward"
"14413","M3","C4620081","14","230","C4620081 M3","reward",0.0168812227488077,"230 reward","14 reward"
"14414","M3","C4620081","14","231","C4620081 M3","reward",0.0163740394528555,"231 reward","14 reward"
"14415","M3","C4620081","14","232","C4620081 M3","reward",0.0160030813017823,"232 reward","14 reward"
"14416","M3","C4620081","14","233","C4620081 M3","reward",0.0149130181571368,"233 reward","14 reward"
"14417","M3","C4620081","14","234","C4620081 M3","reward",0.0145906350831084,"234 reward","14 reward"
"14418","M3","C4620081","14","235","C4620081 M3","reward",0.0136855410349679,"235 reward","14 reward"
"14419","M3","C4620081","14","236","C4620081 M3","reward",0.0134923028332735,"236 reward","14 reward"
"14420","M3","C4620081","14","237","C4620081 M3","reward",0.013071931820141,"237 reward","14 reward"
"14421","M3","C4620081","14","238","C4620081 M3","reward",0.0130211773330076,"238 reward","14 reward"
"14422","M3","C4620081","14","239","C4620081 M3","reward",0.0129807138459126,"239 reward","14 reward"
"14423","M3","C4620081","14","240","C4620081 M3","reward",0.0125285243576568,"240 reward","14 reward"
"14424","M3","C4620081","14","241","C4620081 M3","reward",0.0110705950571191,"241 reward","14 reward"
"14425","M3","C4620081","14","242","C4620081 M3","reward",0.0105037745200476,"242 reward","14 reward"
"14426","M3","C4620081","14","243","C4620081 M3","reward",0.0104422254405781,"243 reward","14 reward"
"14427","M3","C4620081","14","244","C4620081 M3","reward",0.0103359699212274,"244 reward","14 reward"
"14428","M3","C4620081","14","245","C4620081 M3","reward",0.00985251712282257,"245 reward","14 reward"
"14429","M3","C4620081","14","246","C4620081 M3","reward",0.00969200438224445,"246 reward","14 reward"
"14430","M3","C4620081","14","247","C4620081 M3","reward",0.00966205132700609,"247 reward","14 reward"
"14431","M3","C4620081","14","248","C4620081 M3","reward",0.00918759176134537,"248 reward","14 reward"
"14432","M3","C4620081","14","249","C4620081 M3","reward",0.00911601115383173,"249 reward","14 reward"
"14433","M3","C4620081","14","250","C4620081 M3","reward",0.00909037000805151,"250 reward","14 reward"
"14434","M3","C4620081","14","251","C4620081 M3","reward",0.00781974727426392,"251 reward","14 reward"
"14435","M3","C4620081","14","252","C4620081 M3","reward",0.00748089798864046,"252 reward","14 reward"
"14436","M3","C4620081","14","253","C4620081 M3","reward",0.0073144359513866,"253 reward","14 reward"
"14437","M3","C4620081","14","254","C4620081 M3","reward",0.00665592036537919,"254 reward","14 reward"
"14438","M3","C4620081","14","255","C4620081 M3","reward",0.00648607134077128,"255 reward","14 reward"
"14439","M3","C4620081","14","256","C4620081 M3","reward",0.00615636532771542,"256 reward","14 reward"
"14440","M3","C4620081","14","257","C4620081 M3","reward",0.00459856406388516,"257 reward","14 reward"
"14441","M3","C4620081","14","258","C4620081 M3","reward",0.00437929251073546,"258 reward","14 reward"
"14442","M3","C4620081","14","259","C4620081 M3","reward",0.00407820350931093,"259 reward","14 reward"
"14443","M3","C4620081","14","260","C4620081 M3","reward",0.00386957813302421,"260 reward","14 reward"
"14444","M3","C4620081","14","261","C4620081 M3","reward",0.0034370779922603,"261 reward","14 reward"
"14445","M3","C4620081","14","262","C4620081 M3","reward",0.00253624187662183,"262 reward","14 reward"
"14446","M3","C4620081","14","263","C4620081 M3","reward",0.00252498172775227,"263 reward","14 reward"
"14447","M3","C4620081","14","264","C4620081 M3","reward",0.00227269555707458,"264 reward","14 reward"
"14448","M3","C4620081","14","265","C4620081 M3","reward",0.00196537950234208,"265 reward","14 reward"
"14449","M3","C4620081","14","266","C4620081 M3","reward",0.00185556436929795,"266 reward","14 reward"
"14450","M3","C4620081","14","267","C4620081 M3","reward",0.00180123846469442,"267 reward","14 reward"
"14451","M3","C4620081","14","268","C4620081 M3","reward",0.00109741836241342,"268 reward","14 reward"
"14452","M3","C4620081","14","269","C4620081 M3","reward",0.000670329699692,"269 reward","14 reward"
"14453","M3","C4620081","14","270","C4620081 M3","reward",0.000536558641085347,"270 reward","14 reward"
"14454","M3","C4620081","14","271","C4620081 M3","reward",0.000380671155790008,"271 reward","14 reward"
"14455","M3","C4620081","14","272","C4620081 M3","reward",0.000304284285601348,"272 reward","14 reward"
"14456","M3","C4620081","14","273","C4620081 M3","reward",-0.000328779087180305,"273 reward","14 reward"
"14457","M3","C4620081","14","274","C4620081 M3","reward",-0.00332674497969805,"274 reward","14 reward"
"14458","M3","C4620081","14","275","C4620081 M3","reward",-0.00352981848878007,"275 reward","14 reward"
"14459","M3","C4620081","14","276","C4620081 M3","reward",-0.00421618472779518,"276 reward","14 reward"
"14460","M3","C4620081","14","277","C4620081 M3","reward",-0.00496683192642597,"277 reward","14 reward"
"14461","M3","C4620081","14","278","C4620081 M3","reward",-0.0062871137689506,"278 reward","14 reward"
"14462","M3","C4620081","14","279","C4620081 M3","reward",-0.00641918106623056,"279 reward","14 reward"
"14463","M3","C4620081","14","280","C4620081 M3","reward",-0.00652669990784065,"280 reward","14 reward"
"14464","M3","C4620081","14","281","C4620081 M3","reward",-0.00700176802551468,"281 reward","14 reward"
"14465","M3","C4620081","14","282","C4620081 M3","reward",-0.0105517955611092,"282 reward","14 reward"
"14466","M3","C4620081","14","283","C4620081 M3","reward",-0.0262694400223208,"283 reward","14 reward"
"14467","M3","C4620081","14","284","C4620081 M3","reward",-0.0269089208651946,"284 reward","14 reward"
"14468","M3","C4620081","14","285","C4620081 M3","reward",-0.0282856851815077,"285 reward","14 reward"
"14469","M3","C4620081","14","286","C4620081 M3","reward",-0.0341769176349138,"286 reward","14 reward"
"14470","M4","C4620081","14","0","C4620081 M4","reward",0.102491057269685,"0 reward","14 reward"
"14471","M4","C4620081","14","1","C4620081 M4","reward",0.102279132741026,"1 reward","14 reward"
"14472","M4","C4620081","14","2","C4620081 M4","reward",0.101731692846506,"2 reward","14 reward"
"14473","M4","C4620081","14","3","C4620081 M4","reward",0.10133947609508,"3 reward","14 reward"
"14474","M4","C4620081","14","4","C4620081 M4","reward",0.0975575967276555,"4 reward","14 reward"
"14475","M4","C4620081","14","5","C4620081 M4","reward",0.095722301796701,"5 reward","14 reward"
"14476","M4","C4620081","14","6","C4620081 M4","reward",0.0956058388983334,"6 reward","14 reward"
"14477","M4","C4620081","14","7","C4620081 M4","reward",0.0949408307295734,"7 reward","14 reward"
"14478","M4","C4620081","14","8","C4620081 M4","reward",0.0948156007465915,"8 reward","14 reward"
"14479","M4","C4620081","14","9","C4620081 M4","reward",0.0942115829709332,"9 reward","14 reward"
"14480","M4","C4620081","14","10","C4620081 M4","reward",0.0932702031551546,"10 reward","14 reward"
"14481","M4","C4620081","14","11","C4620081 M4","reward",0.0932290082726129,"11 reward","14 reward"
"14482","M4","C4620081","14","12","C4620081 M4","reward",0.0930458150128217,"12 reward","14 reward"
"14483","M4","C4620081","14","13","C4620081 M4","reward",0.0927871993637234,"13 reward","14 reward"
"14484","M4","C4620081","14","14","C4620081 M4","reward",0.0913088432840888,"14 reward","14 reward"
"14485","M4","C4620081","14","15","C4620081 M4","reward",0.0912831904949346,"15 reward","14 reward"
"14486","M4","C4620081","14","16","C4620081 M4","reward",0.0908964172722824,"16 reward","14 reward"
"14487","M4","C4620081","14","17","C4620081 M4","reward",0.090064529028734,"17 reward","14 reward"
"14488","M4","C4620081","14","18","C4620081 M4","reward",0.0890265809148747,"18 reward","14 reward"
"14489","M4","C4620081","14","19","C4620081 M4","reward",0.0886494423908089,"19 reward","14 reward"
"14490","M4","C4620081","14","20","C4620081 M4","reward",0.0878737726943751,"20 reward","14 reward"
"14491","M4","C4620081","14","21","C4620081 M4","reward",0.0860474876977012,"21 reward","14 reward"
"14492","M4","C4620081","14","22","C4620081 M4","reward",0.0854696442928251,"22 reward","14 reward"
"14493","M4","C4620081","14","23","C4620081 M4","reward",0.085181338986236,"23 reward","14 reward"
"14494","M4","C4620081","14","24","C4620081 M4","reward",0.084271636530424,"24 reward","14 reward"
"14495","M4","C4620081","14","25","C4620081 M4","reward",0.084130847268728,"25 reward","14 reward"
"14496","M4","C4620081","14","26","C4620081 M4","reward",0.0840236631730093,"26 reward","14 reward"
"14497","M4","C4620081","14","27","C4620081 M4","reward",0.0838832749614376,"27 reward","14 reward"
"14498","M4","C4620081","14","28","C4620081 M4","reward",0.0833730118938445,"28 reward","14 reward"
"14499","M4","C4620081","14","29","C4620081 M4","reward",0.0831214210435709,"29 reward","14 reward"
"14500","M4","C4620081","14","30","C4620081 M4","reward",0.081036051500538,"30 reward","14 reward"
"14501","M4","C4620081","14","31","C4620081 M4","reward",0.0807677971715632,"31 reward","14 reward"
"14502","M4","C4620081","14","32","C4620081 M4","reward",0.0805916632984695,"32 reward","14 reward"
"14503","M4","C4620081","14","33","C4620081 M4","reward",0.0800888614567544,"33 reward","14 reward"
"14504","M4","C4620081","14","34","C4620081 M4","reward",0.0798190013078386,"34 reward","14 reward"
"14505","M4","C4620081","14","35","C4620081 M4","reward",0.0791035365294971,"35 reward","14 reward"
"14506","M4","C4620081","14","36","C4620081 M4","reward",0.0788898907612731,"36 reward","14 reward"
"14507","M4","C4620081","14","37","C4620081 M4","reward",0.0781141142059141,"37 reward","14 reward"
"14508","M4","C4620081","14","38","C4620081 M4","reward",0.0777535875240452,"38 reward","14 reward"
"14509","M4","C4620081","14","39","C4620081 M4","reward",0.0769884351563038,"39 reward","14 reward"
"14510","M4","C4620081","14","40","C4620081 M4","reward",0.0768721916251669,"40 reward","14 reward"
"14511","M4","C4620081","14","41","C4620081 M4","reward",0.0764314165369759,"41 reward","14 reward"
"14512","M4","C4620081","14","42","C4620081 M4","reward",0.076395198980367,"42 reward","14 reward"
"14513","M4","C4620081","14","43","C4620081 M4","reward",0.0763072026148249,"43 reward","14 reward"
"14514","M4","C4620081","14","44","C4620081 M4","reward",0.0762679233440612,"44 reward","14 reward"
"14515","M4","C4620081","14","45","C4620081 M4","reward",0.0760197581246467,"45 reward","14 reward"
"14516","M4","C4620081","14","46","C4620081 M4","reward",0.0757714832823661,"46 reward","14 reward"
"14517","M4","C4620081","14","47","C4620081 M4","reward",0.0752024851336883,"47 reward","14 reward"
"14518","M4","C4620081","14","48","C4620081 M4","reward",0.074812889154525,"48 reward","14 reward"
"14519","M4","C4620081","14","49","C4620081 M4","reward",0.074638787686348,"49 reward","14 reward"
"14520","M4","C4620081","14","50","C4620081 M4","reward",0.0746201583807173,"50 reward","14 reward"
"14521","M4","C4620081","14","51","C4620081 M4","reward",0.0744952095283188,"51 reward","14 reward"
"14522","M4","C4620081","14","52","C4620081 M4","reward",0.0744261071804705,"52 reward","14 reward"
"14523","M4","C4620081","14","53","C4620081 M4","reward",0.0737918912762179,"53 reward","14 reward"
"14524","M4","C4620081","14","54","C4620081 M4","reward",0.0736324642849672,"54 reward","14 reward"
"14525","M4","C4620081","14","55","C4620081 M4","reward",0.0731903388476595,"55 reward","14 reward"
"14526","M4","C4620081","14","56","C4620081 M4","reward",0.0729161241268492,"56 reward","14 reward"
"14527","M4","C4620081","14","57","C4620081 M4","reward",0.0725169522828399,"57 reward","14 reward"
"14528","M4","C4620081","14","58","C4620081 M4","reward",0.0722641650364799,"58 reward","14 reward"
"14529","M4","C4620081","14","59","C4620081 M4","reward",0.0713537769182624,"59 reward","14 reward"
"14530","M4","C4620081","14","60","C4620081 M4","reward",0.0713135279360259,"60 reward","14 reward"
"14531","M4","C4620081","14","61","C4620081 M4","reward",0.070885781083898,"61 reward","14 reward"
"14532","M4","C4620081","14","62","C4620081 M4","reward",0.0708449446612294,"62 reward","14 reward"
"14533","M4","C4620081","14","63","C4620081 M4","reward",0.0706378081911095,"63 reward","14 reward"
"14534","M4","C4620081","14","64","C4620081 M4","reward",0.0705732507707488,"64 reward","14 reward"
"14535","M4","C4620081","14","65","C4620081 M4","reward",0.0703458856801634,"65 reward","14 reward"
"14536","M4","C4620081","14","66","C4620081 M4","reward",0.0703335848266441,"66 reward","14 reward"
"14537","M4","C4620081","14","67","C4620081 M4","reward",0.0700560548999381,"67 reward","14 reward"
"14538","M4","C4620081","14","68","C4620081 M4","reward",0.0698491036014608,"68 reward","14 reward"
"14539","M4","C4620081","14","69","C4620081 M4","reward",0.0697687089355983,"69 reward","14 reward"
"14540","M4","C4620081","14","70","C4620081 M4","reward",0.0696115911550666,"70 reward","14 reward"
"14541","M4","C4620081","14","71","C4620081 M4","reward",0.069571941445699,"71 reward","14 reward"
"14542","M4","C4620081","14","72","C4620081 M4","reward",0.0694882299672357,"72 reward","14 reward"
"14543","M4","C4620081","14","73","C4620081 M4","reward",0.0694858394607168,"73 reward","14 reward"
"14544","M4","C4620081","14","74","C4620081 M4","reward",0.0693903569772723,"74 reward","14 reward"
"14545","M4","C4620081","14","75","C4620081 M4","reward",0.0693267192234956,"75 reward","14 reward"
"14546","M4","C4620081","14","76","C4620081 M4","reward",0.0686824640692189,"76 reward","14 reward"
"14547","M4","C4620081","14","77","C4620081 M4","reward",0.0682610824160728,"77 reward","14 reward"
"14548","M4","C4620081","14","78","C4620081 M4","reward",0.0681976039607237,"78 reward","14 reward"
"14549","M4","C4620081","14","79","C4620081 M4","reward",0.0680242333162959,"79 reward","14 reward"
"14550","M4","C4620081","14","80","C4620081 M4","reward",0.0679052025434139,"80 reward","14 reward"
"14551","M4","C4620081","14","81","C4620081 M4","reward",0.0674313628644419,"81 reward","14 reward"
"14552","M4","C4620081","14","82","C4620081 M4","reward",0.0672000545365951,"82 reward","14 reward"
"14553","M4","C4620081","14","83","C4620081 M4","reward",0.066507815895009,"83 reward","14 reward"
"14554","M4","C4620081","14","84","C4620081 M4","reward",0.0662254986195658,"84 reward","14 reward"
"14555","M4","C4620081","14","85","C4620081 M4","reward",0.0661708914909841,"85 reward","14 reward"
"14556","M4","C4620081","14","86","C4620081 M4","reward",0.0660499935793219,"86 reward","14 reward"
"14557","M4","C4620081","14","87","C4620081 M4","reward",0.0655208447506967,"87 reward","14 reward"
"14558","M4","C4620081","14","88","C4620081 M4","reward",0.0653329695389093,"88 reward","14 reward"
"14559","M4","C4620081","14","89","C4620081 M4","reward",0.064903224479861,"89 reward","14 reward"
"14560","M4","C4620081","14","90","C4620081 M4","reward",0.0648061638434837,"90 reward","14 reward"
"14561","M4","C4620081","14","91","C4620081 M4","reward",0.0646477207123277,"91 reward","14 reward"
"14562","M4","C4620081","14","92","C4620081 M4","reward",0.0643053955728904,"92 reward","14 reward"
"14563","M4","C4620081","14","93","C4620081 M4","reward",0.0642687621198311,"93 reward","14 reward"
"14564","M4","C4620081","14","94","C4620081 M4","reward",0.0641902127892118,"94 reward","14 reward"
"14565","M4","C4620081","14","95","C4620081 M4","reward",0.0641638527570396,"95 reward","14 reward"
"14566","M4","C4620081","14","96","C4620081 M4","reward",0.0641127695933269,"96 reward","14 reward"
"14567","M4","C4620081","14","97","C4620081 M4","reward",0.0639402137229644,"97 reward","14 reward"
"14568","M4","C4620081","14","98","C4620081 M4","reward",0.0635485135402382,"98 reward","14 reward"
"14569","M4","C4620081","14","99","C4620081 M4","reward",0.0635151832621059,"99 reward","14 reward"
"14570","M4","C4620081","14","100","C4620081 M4","reward",0.0633029285029666,"100 reward","14 reward"
"14571","M4","C4620081","14","101","C4620081 M4","reward",0.0632133508670847,"101 reward","14 reward"
"14572","M4","C4620081","14","102","C4620081 M4","reward",0.0631195530145847,"102 reward","14 reward"
"14573","M4","C4620081","14","103","C4620081 M4","reward",0.0630701515714757,"103 reward","14 reward"
"14574","M4","C4620081","14","104","C4620081 M4","reward",0.0630652098396392,"104 reward","14 reward"
"14575","M4","C4620081","14","105","C4620081 M4","reward",0.0629130460066776,"105 reward","14 reward"
"14576","M4","C4620081","14","106","C4620081 M4","reward",0.0628539197761941,"106 reward","14 reward"
"14577","M4","C4620081","14","107","C4620081 M4","reward",0.0626098934937201,"107 reward","14 reward"
"14578","M4","C4620081","14","108","C4620081 M4","reward",0.0625840396300941,"108 reward","14 reward"
"14579","M4","C4620081","14","109","C4620081 M4","reward",0.0625543064925592,"109 reward","14 reward"
"14580","M4","C4620081","14","110","C4620081 M4","reward",0.0625314283758246,"110 reward","14 reward"
"14581","M4","C4620081","14","111","C4620081 M4","reward",0.0623894730112207,"111 reward","14 reward"
"14582","M4","C4620081","14","112","C4620081 M4","reward",0.0623324133939416,"112 reward","14 reward"
"14583","M4","C4620081","14","113","C4620081 M4","reward",0.0622256706060826,"113 reward","14 reward"
"14584","M4","C4620081","14","114","C4620081 M4","reward",0.0619422941276971,"114 reward","14 reward"
"14585","M4","C4620081","14","115","C4620081 M4","reward",0.0619019983722095,"115 reward","14 reward"
"14586","M4","C4620081","14","116","C4620081 M4","reward",0.0613375851484466,"116 reward","14 reward"
"14587","M4","C4620081","14","117","C4620081 M4","reward",0.061274371423931,"117 reward","14 reward"
"14588","M4","C4620081","14","118","C4620081 M4","reward",0.0612011871651772,"118 reward","14 reward"
"14589","M4","C4620081","14","119","C4620081 M4","reward",0.060953558105432,"119 reward","14 reward"
"14590","M4","C4620081","14","120","C4620081 M4","reward",0.0607591313160289,"120 reward","14 reward"
"14591","M4","C4620081","14","121","C4620081 M4","reward",0.0607347365393777,"121 reward","14 reward"
"14592","M4","C4620081","14","122","C4620081 M4","reward",0.0604960125974577,"122 reward","14 reward"
"14593","M4","C4620081","14","123","C4620081 M4","reward",0.0602986476546677,"123 reward","14 reward"
"14594","M4","C4620081","14","124","C4620081 M4","reward",0.0602492223277906,"124 reward","14 reward"
"14595","M4","C4620081","14","125","C4620081 M4","reward",0.0600854794338519,"125 reward","14 reward"
"14596","M4","C4620081","14","126","C4620081 M4","reward",0.0600174202444031,"126 reward","14 reward"
"14597","M4","C4620081","14","127","C4620081 M4","reward",0.0598803436917908,"127 reward","14 reward"
"14598","M4","C4620081","14","128","C4620081 M4","reward",0.0598494368065739,"128 reward","14 reward"
"14599","M4","C4620081","14","129","C4620081 M4","reward",0.0597733175603723,"129 reward","14 reward"
"14600","M4","C4620081","14","130","C4620081 M4","reward",0.0596518479579295,"130 reward","14 reward"
"14601","M4","C4620081","14","131","C4620081 M4","reward",0.0595872471358226,"131 reward","14 reward"
"14602","M4","C4620081","14","132","C4620081 M4","reward",0.0594819632303819,"132 reward","14 reward"
"14603","M4","C4620081","14","133","C4620081 M4","reward",0.0594200302869253,"133 reward","14 reward"
"14604","M4","C4620081","14","134","C4620081 M4","reward",0.0593325442372468,"134 reward","14 reward"
"14605","M4","C4620081","14","135","C4620081 M4","reward",0.0593171052196741,"135 reward","14 reward"
"14606","M4","C4620081","14","136","C4620081 M4","reward",0.0592604381027786,"136 reward","14 reward"
"14607","M4","C4620081","14","137","C4620081 M4","reward",0.0592092076710654,"137 reward","14 reward"
"14608","M4","C4620081","14","138","C4620081 M4","reward",0.0591650464823038,"138 reward","14 reward"
"14609","M4","C4620081","14","139","C4620081 M4","reward",0.0588984076128414,"139 reward","14 reward"
"14610","M4","C4620081","14","140","C4620081 M4","reward",0.0588166631730929,"140 reward","14 reward"
"14611","M4","C4620081","14","141","C4620081 M4","reward",0.0585197830264238,"141 reward","14 reward"
"14612","M4","C4620081","14","142","C4620081 M4","reward",0.0584335411900665,"142 reward","14 reward"
"14613","M4","C4620081","14","143","C4620081 M4","reward",0.0579540336542339,"143 reward","14 reward"
"14614","M4","C4620081","14","144","C4620081 M4","reward",0.0578964004371326,"144 reward","14 reward"
"14615","M4","C4620081","14","145","C4620081 M4","reward",0.0577989340830058,"145 reward","14 reward"
"14616","M4","C4620081","14","146","C4620081 M4","reward",0.0577959123358488,"146 reward","14 reward"
"14617","M4","C4620081","14","147","C4620081 M4","reward",0.0571557037801218,"147 reward","14 reward"
"14618","M4","C4620081","14","148","C4620081 M4","reward",0.057085319907691,"148 reward","14 reward"
"14619","M4","C4620081","14","149","C4620081 M4","reward",0.05708326388164,"149 reward","14 reward"
"14620","M4","C4620081","14","150","C4620081 M4","reward",0.0569655807422838,"150 reward","14 reward"
"14621","M4","C4620081","14","151","C4620081 M4","reward",0.0569612356759986,"151 reward","14 reward"
"14622","M4","C4620081","14","152","C4620081 M4","reward",0.0567924772281795,"152 reward","14 reward"
"14623","M4","C4620081","14","153","C4620081 M4","reward",0.0565249808160239,"153 reward","14 reward"
"14624","M4","C4620081","14","154","C4620081 M4","reward",0.0564527558612968,"154 reward","14 reward"
"14625","M4","C4620081","14","155","C4620081 M4","reward",0.0562242555658384,"155 reward","14 reward"
"14626","M4","C4620081","14","156","C4620081 M4","reward",0.0562136240777717,"156 reward","14 reward"
"14627","M4","C4620081","14","157","C4620081 M4","reward",0.0560746696343395,"157 reward","14 reward"
"14628","M4","C4620081","14","158","C4620081 M4","reward",0.0560115127187574,"158 reward","14 reward"
"14629","M4","C4620081","14","159","C4620081 M4","reward",0.0557687284103982,"159 reward","14 reward"
"14630","M4","C4620081","14","160","C4620081 M4","reward",0.055762096891828,"160 reward","14 reward"
"14631","M4","C4620081","14","161","C4620081 M4","reward",0.0554480865018801,"161 reward","14 reward"
"14632","M4","C4620081","14","162","C4620081 M4","reward",0.055331703582666,"162 reward","14 reward"
"14633","M4","C4620081","14","163","C4620081 M4","reward",0.0546687943262882,"163 reward","14 reward"
"14634","M4","C4620081","14","164","C4620081 M4","reward",0.054516240730772,"164 reward","14 reward"
"14635","M4","C4620081","14","165","C4620081 M4","reward",0.0544904921588821,"165 reward","14 reward"
"14636","M4","C4620081","14","166","C4620081 M4","reward",0.0541029412291192,"166 reward","14 reward"
"14637","M4","C4620081","14","167","C4620081 M4","reward",0.0540922624886558,"167 reward","14 reward"
"14638","M4","C4620081","14","168","C4620081 M4","reward",0.054046493702554,"168 reward","14 reward"
"14639","M4","C4620081","14","169","C4620081 M4","reward",0.0540258100024304,"169 reward","14 reward"
"14640","M4","C4620081","14","170","C4620081 M4","reward",0.0539736734595141,"170 reward","14 reward"
"14641","M4","C4620081","14","171","C4620081 M4","reward",0.0537792581072849,"171 reward","14 reward"
"14642","M4","C4620081","14","172","C4620081 M4","reward",0.0536569166762263,"172 reward","14 reward"
"14643","M4","C4620081","14","173","C4620081 M4","reward",0.0535490672719979,"173 reward","14 reward"
"14644","M4","C4620081","14","174","C4620081 M4","reward",0.0533613487930196,"174 reward","14 reward"
"14645","M4","C4620081","14","175","C4620081 M4","reward",0.0533195189312406,"175 reward","14 reward"
"14646","M4","C4620081","14","176","C4620081 M4","reward",0.0532663869143296,"176 reward","14 reward"
"14647","M4","C4620081","14","177","C4620081 M4","reward",0.0532230177766523,"177 reward","14 reward"
"14648","M4","C4620081","14","178","C4620081 M4","reward",0.0531434262571114,"178 reward","14 reward"
"14649","M4","C4620081","14","179","C4620081 M4","reward",0.0530786958793395,"179 reward","14 reward"
"14650","M4","C4620081","14","180","C4620081 M4","reward",0.0530185699853384,"180 reward","14 reward"
"14651","M4","C4620081","14","181","C4620081 M4","reward",0.05300905511266,"181 reward","14 reward"
"14652","M4","C4620081","14","182","C4620081 M4","reward",0.052895534670111,"182 reward","14 reward"
"14653","M4","C4620081","14","183","C4620081 M4","reward",0.0527894792821894,"183 reward","14 reward"
"14654","M4","C4620081","14","184","C4620081 M4","reward",0.0523112457693199,"184 reward","14 reward"
"14655","M4","C4620081","14","185","C4620081 M4","reward",0.0522115727151354,"185 reward","14 reward"
"14656","M4","C4620081","14","186","C4620081 M4","reward",0.051805575527725,"186 reward","14 reward"
"14657","M4","C4620081","14","187","C4620081 M4","reward",0.0517691185961235,"187 reward","14 reward"
"14658","M4","C4620081","14","188","C4620081 M4","reward",0.0512962455900623,"188 reward","14 reward"
"14659","M4","C4620081","14","189","C4620081 M4","reward",0.0511384057553782,"189 reward","14 reward"
"14660","M4","C4620081","14","190","C4620081 M4","reward",0.051127550719254,"190 reward","14 reward"
"14661","M4","C4620081","14","191","C4620081 M4","reward",0.0510934975264034,"191 reward","14 reward"
"14662","M4","C4620081","14","192","C4620081 M4","reward",0.0509730868777011,"192 reward","14 reward"
"14663","M4","C4620081","14","193","C4620081 M4","reward",0.0503727283756573,"193 reward","14 reward"
"14664","M4","C4620081","14","194","C4620081 M4","reward",0.050292946466064,"194 reward","14 reward"
"14665","M4","C4620081","14","195","C4620081 M4","reward",0.0502388772936222,"195 reward","14 reward"
"14666","M4","C4620081","14","196","C4620081 M4","reward",0.0501631076142903,"196 reward","14 reward"
"14667","M4","C4620081","14","197","C4620081 M4","reward",0.0499881981293065,"197 reward","14 reward"
"14668","M4","C4620081","14","198","C4620081 M4","reward",0.0498453601006137,"198 reward","14 reward"
"14669","M4","C4620081","14","199","C4620081 M4","reward",0.0496665080732517,"199 reward","14 reward"
"14670","M4","C4620081","14","200","C4620081 M4","reward",0.0495224449331055,"200 reward","14 reward"
"14671","M4","C4620081","14","201","C4620081 M4","reward",0.0494957103594085,"201 reward","14 reward"
"14672","M4","C4620081","14","202","C4620081 M4","reward",0.0494786341450499,"202 reward","14 reward"
"14673","M4","C4620081","14","203","C4620081 M4","reward",0.0494205219149705,"203 reward","14 reward"
"14674","M4","C4620081","14","204","C4620081 M4","reward",0.0492605524647982,"204 reward","14 reward"
"14675","M4","C4620081","14","205","C4620081 M4","reward",0.0492239024976283,"205 reward","14 reward"
"14676","M4","C4620081","14","206","C4620081 M4","reward",0.0488189730983345,"206 reward","14 reward"
"14677","M4","C4620081","14","207","C4620081 M4","reward",0.048639371540599,"207 reward","14 reward"
"14678","M4","C4620081","14","208","C4620081 M4","reward",0.048562277739811,"208 reward","14 reward"
"14679","M4","C4620081","14","209","C4620081 M4","reward",0.048482619505348,"209 reward","14 reward"
"14680","M4","C4620081","14","210","C4620081 M4","reward",0.0483905688643202,"210 reward","14 reward"
"14681","M4","C4620081","14","211","C4620081 M4","reward",0.0482125499815158,"211 reward","14 reward"
"14682","M4","C4620081","14","212","C4620081 M4","reward",0.0479498744713031,"212 reward","14 reward"
"14683","M4","C4620081","14","213","C4620081 M4","reward",0.0479286858201038,"213 reward","14 reward"
"14684","M4","C4620081","14","214","C4620081 M4","reward",0.0479092316201416,"214 reward","14 reward"
"14685","M4","C4620081","14","215","C4620081 M4","reward",0.0478518897288686,"215 reward","14 reward"
"14686","M4","C4620081","14","216","C4620081 M4","reward",0.0477571725573462,"216 reward","14 reward"
"14687","M4","C4620081","14","217","C4620081 M4","reward",0.0475942900074312,"217 reward","14 reward"
"14688","M4","C4620081","14","218","C4620081 M4","reward",0.0473174678084921,"218 reward","14 reward"
"14689","M4","C4620081","14","219","C4620081 M4","reward",0.046887429198068,"219 reward","14 reward"
"14690","M4","C4620081","14","220","C4620081 M4","reward",0.0467827549139617,"220 reward","14 reward"
"14691","M4","C4620081","14","221","C4620081 M4","reward",0.046684235679853,"221 reward","14 reward"
"14692","M4","C4620081","14","222","C4620081 M4","reward",0.0466242679826654,"222 reward","14 reward"
"14693","M4","C4620081","14","223","C4620081 M4","reward",0.0466067602765817,"223 reward","14 reward"
"14694","M4","C4620081","14","224","C4620081 M4","reward",0.0465664197890294,"224 reward","14 reward"
"14695","M4","C4620081","14","225","C4620081 M4","reward",0.0461045756210224,"225 reward","14 reward"
"14696","M4","C4620081","14","226","C4620081 M4","reward",0.0458964522359438,"226 reward","14 reward"
"14697","M4","C4620081","14","227","C4620081 M4","reward",0.045859787305893,"227 reward","14 reward"
"14698","M4","C4620081","14","228","C4620081 M4","reward",0.0458060675791014,"228 reward","14 reward"
"14699","M4","C4620081","14","229","C4620081 M4","reward",0.0457411490582101,"229 reward","14 reward"
"14700","M4","C4620081","14","230","C4620081 M4","reward",0.0456805327453043,"230 reward","14 reward"
"14701","M4","C4620081","14","231","C4620081 M4","reward",0.0456502912689117,"231 reward","14 reward"
"14702","M4","C4620081","14","232","C4620081 M4","reward",0.0454558469208416,"232 reward","14 reward"
"14703","M4","C4620081","14","233","C4620081 M4","reward",0.045423867131958,"233 reward","14 reward"
"14704","M4","C4620081","14","234","C4620081 M4","reward",0.0452836580950809,"234 reward","14 reward"
"14705","M4","C4620081","14","235","C4620081 M4","reward",0.0452762887305866,"235 reward","14 reward"
"14706","M4","C4620081","14","236","C4620081 M4","reward",0.0452337440995884,"236 reward","14 reward"
"14707","M4","C4620081","14","237","C4620081 M4","reward",0.0452126983986295,"237 reward","14 reward"
"14708","M4","C4620081","14","238","C4620081 M4","reward",0.0449320831956945,"238 reward","14 reward"
"14709","M4","C4620081","14","239","C4620081 M4","reward",0.0449199817390048,"239 reward","14 reward"
"14710","M4","C4620081","14","240","C4620081 M4","reward",0.0448770138372096,"240 reward","14 reward"
"14711","M4","C4620081","14","241","C4620081 M4","reward",0.044817032664844,"241 reward","14 reward"
"14712","M4","C4620081","14","242","C4620081 M4","reward",0.0446218527247117,"242 reward","14 reward"
"14713","M4","C4620081","14","243","C4620081 M4","reward",0.0444847215015423,"243 reward","14 reward"
"14714","M4","C4620081","14","244","C4620081 M4","reward",0.0443470084177938,"244 reward","14 reward"
"14715","M4","C4620081","14","245","C4620081 M4","reward",0.0442237909228211,"245 reward","14 reward"
"14716","M4","C4620081","14","246","C4620081 M4","reward",0.0441099992982327,"246 reward","14 reward"
"14717","M4","C4620081","14","247","C4620081 M4","reward",0.0441030835507294,"247 reward","14 reward"
"14718","M4","C4620081","14","248","C4620081 M4","reward",0.0438165127576445,"248 reward","14 reward"
"14719","M4","C4620081","14","249","C4620081 M4","reward",0.0433935438078467,"249 reward","14 reward"
"14720","M4","C4620081","14","250","C4620081 M4","reward",0.0433908879767621,"250 reward","14 reward"
"14721","M4","C4620081","14","251","C4620081 M4","reward",0.0433303135788434,"251 reward","14 reward"
"14722","M4","C4620081","14","252","C4620081 M4","reward",0.043259289238896,"252 reward","14 reward"
"14723","M4","C4620081","14","253","C4620081 M4","reward",0.043206720733863,"253 reward","14 reward"
"14724","M4","C4620081","14","254","C4620081 M4","reward",0.0431876733311241,"254 reward","14 reward"
"14725","M4","C4620081","14","255","C4620081 M4","reward",0.0431267164497478,"255 reward","14 reward"
"14726","M4","C4620081","14","256","C4620081 M4","reward",0.0428391831352122,"256 reward","14 reward"
"14727","M4","C4620081","14","257","C4620081 M4","reward",0.0427354508377219,"257 reward","14 reward"
"14728","M4","C4620081","14","258","C4620081 M4","reward",0.0427147490927171,"258 reward","14 reward"
"14729","M4","C4620081","14","259","C4620081 M4","reward",0.0425552124044084,"259 reward","14 reward"
"14730","M4","C4620081","14","260","C4620081 M4","reward",0.0424894587696011,"260 reward","14 reward"
"14731","M4","C4620081","14","261","C4620081 M4","reward",0.0424389595912714,"261 reward","14 reward"
"14732","M4","C4620081","14","262","C4620081 M4","reward",0.0423159523953109,"262 reward","14 reward"
"14733","M4","C4620081","14","263","C4620081 M4","reward",0.0422396311374756,"263 reward","14 reward"
"14734","M4","C4620081","14","264","C4620081 M4","reward",0.0421183570104442,"264 reward","14 reward"
"14735","M4","C4620081","14","265","C4620081 M4","reward",0.0421109517069067,"265 reward","14 reward"
"14736","M4","C4620081","14","266","C4620081 M4","reward",0.0420470236519253,"266 reward","14 reward"
"14737","M4","C4620081","14","267","C4620081 M4","reward",0.0420201498522573,"267 reward","14 reward"
"14738","M4","C4620081","14","268","C4620081 M4","reward",0.0420016275836946,"268 reward","14 reward"
"14739","M4","C4620081","14","269","C4620081 M4","reward",0.0419088490747965,"269 reward","14 reward"
"14740","M4","C4620081","14","270","C4620081 M4","reward",0.0418504772475853,"270 reward","14 reward"
"14741","M4","C4620081","14","271","C4620081 M4","reward",0.0418420725756891,"271 reward","14 reward"
"14742","M4","C4620081","14","272","C4620081 M4","reward",0.0418377892368483,"272 reward","14 reward"
"14743","M4","C4620081","14","273","C4620081 M4","reward",0.0418157569778809,"273 reward","14 reward"
"14744","M4","C4620081","14","274","C4620081 M4","reward",0.0417569302619165,"274 reward","14 reward"
"14745","M4","C4620081","14","275","C4620081 M4","reward",0.04136264082754,"275 reward","14 reward"
"14746","M4","C4620081","14","276","C4620081 M4","reward",0.0413000403654486,"276 reward","14 reward"
"14747","M4","C4620081","14","277","C4620081 M4","reward",0.0409928551073048,"277 reward","14 reward"
"14748","M4","C4620081","14","278","C4620081 M4","reward",0.0409840275519432,"278 reward","14 reward"
"14749","M4","C4620081","14","279","C4620081 M4","reward",0.040971786833009,"279 reward","14 reward"
"14750","M4","C4620081","14","280","C4620081 M4","reward",0.0406419693066254,"280 reward","14 reward"
"14751","M4","C4620081","14","281","C4620081 M4","reward",0.0405917180335206,"281 reward","14 reward"
"14752","M4","C4620081","14","282","C4620081 M4","reward",0.0402647869999638,"282 reward","14 reward"
"14753","M4","C4620081","14","283","C4620081 M4","reward",0.0402584932053157,"283 reward","14 reward"
"14754","M4","C4620081","14","284","C4620081 M4","reward",0.0401284385957226,"284 reward","14 reward"
"14755","M4","C4620081","14","285","C4620081 M4","reward",0.0401235328440195,"285 reward","14 reward"
"14756","M4","C4620081","14","286","C4620081 M4","reward",0.0397813621147214,"286 reward","14 reward"
"14757","M4","C4620081","14","287","C4620081 M4","reward",0.0397304409284437,"287 reward","14 reward"
"14758","M4","C4620081","14","288","C4620081 M4","reward",0.0394677154873313,"288 reward","14 reward"
"14759","M4","C4620081","14","289","C4620081 M4","reward",0.0393549866151917,"289 reward","14 reward"
"14760","M4","C4620081","14","290","C4620081 M4","reward",0.0392407659642766,"290 reward","14 reward"
"14761","M4","C4620081","14","291","C4620081 M4","reward",0.03918556062582,"291 reward","14 reward"
"14762","M4","C4620081","14","292","C4620081 M4","reward",0.0391368868141231,"292 reward","14 reward"
"14763","M4","C4620081","14","293","C4620081 M4","reward",0.0390417528830049,"293 reward","14 reward"
"14764","M4","C4620081","14","294","C4620081 M4","reward",0.0390355537979226,"294 reward","14 reward"
"14765","M4","C4620081","14","295","C4620081 M4","reward",0.0388409686207751,"295 reward","14 reward"
"14766","M4","C4620081","14","296","C4620081 M4","reward",0.0387598046941667,"296 reward","14 reward"
"14767","M4","C4620081","14","297","C4620081 M4","reward",0.0381220629599597,"297 reward","14 reward"
"14768","M4","C4620081","14","298","C4620081 M4","reward",0.037770443668337,"298 reward","14 reward"
"14769","M4","C4620081","14","299","C4620081 M4","reward",0.0377321303736783,"299 reward","14 reward"
"14770","M4","C4620081","14","300","C4620081 M4","reward",0.0376929014911749,"300 reward","14 reward"
"14771","M4","C4620081","14","301","C4620081 M4","reward",0.0376606327402207,"301 reward","14 reward"
"14772","M4","C4620081","14","302","C4620081 M4","reward",0.0370366564477754,"302 reward","14 reward"
"14773","M4","C4620081","14","303","C4620081 M4","reward",0.0369628663087303,"303 reward","14 reward"
"14774","M4","C4620081","14","304","C4620081 M4","reward",0.0369479558374961,"304 reward","14 reward"
"14775","M4","C4620081","14","305","C4620081 M4","reward",0.0369283199317859,"305 reward","14 reward"
"14776","M4","C4620081","14","306","C4620081 M4","reward",0.0368945082403767,"306 reward","14 reward"
"14777","M4","C4620081","14","307","C4620081 M4","reward",0.0365087597184117,"307 reward","14 reward"
"14778","M4","C4620081","14","308","C4620081 M4","reward",0.0363717035498197,"308 reward","14 reward"
"14779","M4","C4620081","14","309","C4620081 M4","reward",0.0362935561250361,"309 reward","14 reward"
"14780","M4","C4620081","14","310","C4620081 M4","reward",0.0362756340784254,"310 reward","14 reward"
"14781","M4","C4620081","14","311","C4620081 M4","reward",0.0361777618320953,"311 reward","14 reward"
"14782","M4","C4620081","14","312","C4620081 M4","reward",0.036068880814482,"312 reward","14 reward"
"14783","M4","C4620081","14","313","C4620081 M4","reward",0.0359604603763584,"313 reward","14 reward"
"14784","M4","C4620081","14","314","C4620081 M4","reward",0.0359302768252403,"314 reward","14 reward"
"14785","M4","C4620081","14","315","C4620081 M4","reward",0.0359179066902611,"315 reward","14 reward"
"14786","M4","C4620081","14","316","C4620081 M4","reward",0.0358608165653432,"316 reward","14 reward"
"14787","M4","C4620081","14","317","C4620081 M4","reward",0.0357575768019595,"317 reward","14 reward"
"14788","M4","C4620081","14","318","C4620081 M4","reward",0.0356213486794755,"318 reward","14 reward"
"14789","M4","C4620081","14","319","C4620081 M4","reward",0.0354704106333588,"319 reward","14 reward"
"14790","M4","C4620081","14","320","C4620081 M4","reward",0.035338076698438,"320 reward","14 reward"
"14791","M4","C4620081","14","321","C4620081 M4","reward",0.0352891459693454,"321 reward","14 reward"
"14792","M4","C4620081","14","322","C4620081 M4","reward",0.0352361835939288,"322 reward","14 reward"
"14793","M4","C4620081","14","323","C4620081 M4","reward",0.0348520371743727,"323 reward","14 reward"
"14794","M4","C4620081","14","324","C4620081 M4","reward",0.0348060230101884,"324 reward","14 reward"
"14795","M4","C4620081","14","325","C4620081 M4","reward",0.0347053375180326,"325 reward","14 reward"
"14796","M4","C4620081","14","326","C4620081 M4","reward",0.0347021682710119,"326 reward","14 reward"
"14797","M4","C4620081","14","327","C4620081 M4","reward",0.0346529161935745,"327 reward","14 reward"
"14798","M4","C4620081","14","328","C4620081 M4","reward",0.0346351610559916,"328 reward","14 reward"
"14799","M4","C4620081","14","329","C4620081 M4","reward",0.0341609045505151,"329 reward","14 reward"
"14800","M4","C4620081","14","330","C4620081 M4","reward",0.0340890962642909,"330 reward","14 reward"
"14801","M4","C4620081","14","331","C4620081 M4","reward",0.0339913799782738,"331 reward","14 reward"
"14802","M4","C4620081","14","332","C4620081 M4","reward",0.0339662708421744,"332 reward","14 reward"
"14803","M4","C4620081","14","333","C4620081 M4","reward",0.0339174788583551,"333 reward","14 reward"
"14804","M4","C4620081","14","334","C4620081 M4","reward",0.0338234757394289,"334 reward","14 reward"
"14805","M4","C4620081","14","335","C4620081 M4","reward",0.0335462290398024,"335 reward","14 reward"
"14806","M4","C4620081","14","336","C4620081 M4","reward",0.0334830382453893,"336 reward","14 reward"
"14807","M4","C4620081","14","337","C4620081 M4","reward",0.0334568502118833,"337 reward","14 reward"
"14808","M4","C4620081","14","338","C4620081 M4","reward",0.0331900635095697,"338 reward","14 reward"
"14809","M4","C4620081","14","339","C4620081 M4","reward",0.0331549021440047,"339 reward","14 reward"
"14810","M4","C4620081","14","340","C4620081 M4","reward",0.0331247153544717,"340 reward","14 reward"
"14811","M4","C4620081","14","341","C4620081 M4","reward",0.0331126024785891,"341 reward","14 reward"
"14812","M4","C4620081","14","342","C4620081 M4","reward",0.0327728750047472,"342 reward","14 reward"
"14813","M4","C4620081","14","343","C4620081 M4","reward",0.0326733567046352,"343 reward","14 reward"
"14814","M4","C4620081","14","344","C4620081 M4","reward",0.0326135008136034,"344 reward","14 reward"
"14815","M4","C4620081","14","345","C4620081 M4","reward",0.0325290192688192,"345 reward","14 reward"
"14816","M4","C4620081","14","346","C4620081 M4","reward",0.0324415912723309,"346 reward","14 reward"
"14817","M4","C4620081","14","347","C4620081 M4","reward",0.0323511390959765,"347 reward","14 reward"
"14818","M4","C4620081","14","348","C4620081 M4","reward",0.032021190338818,"348 reward","14 reward"
"14819","M4","C4620081","14","349","C4620081 M4","reward",0.0320171724163372,"349 reward","14 reward"
"14820","M4","C4620081","14","350","C4620081 M4","reward",0.0319064303260599,"350 reward","14 reward"
"14821","M4","C4620081","14","351","C4620081 M4","reward",0.031483898251984,"351 reward","14 reward"
"14822","M4","C4620081","14","352","C4620081 M4","reward",0.031199462116265,"352 reward","14 reward"
"14823","M4","C4620081","14","353","C4620081 M4","reward",0.0309507674946229,"353 reward","14 reward"
"14824","M4","C4620081","14","354","C4620081 M4","reward",0.0309191353964097,"354 reward","14 reward"
"14825","M4","C4620081","14","355","C4620081 M4","reward",0.0306848253234053,"355 reward","14 reward"
"14826","M4","C4620081","14","356","C4620081 M4","reward",0.0306140130044645,"356 reward","14 reward"
"14827","M4","C4620081","14","357","C4620081 M4","reward",0.0306074342119579,"357 reward","14 reward"
"14828","M4","C4620081","14","358","C4620081 M4","reward",0.0303213586858948,"358 reward","14 reward"
"14829","M4","C4620081","14","359","C4620081 M4","reward",0.030159309762271,"359 reward","14 reward"
"14830","M4","C4620081","14","360","C4620081 M4","reward",0.0299571645421907,"360 reward","14 reward"
"14831","M4","C4620081","14","361","C4620081 M4","reward",0.0298280960825496,"361 reward","14 reward"
"14832","M4","C4620081","14","362","C4620081 M4","reward",0.029817288372275,"362 reward","14 reward"
"14833","M4","C4620081","14","363","C4620081 M4","reward",0.0297064297727853,"363 reward","14 reward"
"14834","M4","C4620081","14","364","C4620081 M4","reward",0.0291553530968008,"364 reward","14 reward"
"14835","M4","C4620081","14","365","C4620081 M4","reward",0.0291493142650248,"365 reward","14 reward"
"14836","M4","C4620081","14","366","C4620081 M4","reward",0.0290454462053314,"366 reward","14 reward"
"14837","M4","C4620081","14","367","C4620081 M4","reward",0.0288006207802517,"367 reward","14 reward"
"14838","M4","C4620081","14","368","C4620081 M4","reward",0.028769898738488,"368 reward","14 reward"
"14839","M4","C4620081","14","369","C4620081 M4","reward",0.0285678013127867,"369 reward","14 reward"
"14840","M4","C4620081","14","370","C4620081 M4","reward",0.0284303436025669,"370 reward","14 reward"
"14841","M4","C4620081","14","371","C4620081 M4","reward",0.0284107368070547,"371 reward","14 reward"
"14842","M4","C4620081","14","372","C4620081 M4","reward",0.0283603097266383,"372 reward","14 reward"
"14843","M4","C4620081","14","373","C4620081 M4","reward",0.0283339537099028,"373 reward","14 reward"
"14844","M4","C4620081","14","374","C4620081 M4","reward",0.0283130920462697,"374 reward","14 reward"
"14845","M4","C4620081","14","375","C4620081 M4","reward",0.0282841187934493,"375 reward","14 reward"
"14846","M4","C4620081","14","376","C4620081 M4","reward",0.0279342740065381,"376 reward","14 reward"
"14847","M4","C4620081","14","377","C4620081 M4","reward",0.0279028310297398,"377 reward","14 reward"
"14848","M4","C4620081","14","378","C4620081 M4","reward",0.0276463994791851,"378 reward","14 reward"
"14849","M4","C4620081","14","379","C4620081 M4","reward",0.0276439663636168,"379 reward","14 reward"
"14850","M4","C4620081","14","380","C4620081 M4","reward",0.0273251732500539,"380 reward","14 reward"
"14851","M4","C4620081","14","381","C4620081 M4","reward",0.0273167813236949,"381 reward","14 reward"
"14852","M4","C4620081","14","382","C4620081 M4","reward",0.027112165103476,"382 reward","14 reward"
"14853","M4","C4620081","14","383","C4620081 M4","reward",0.0268560181324429,"383 reward","14 reward"
"14854","M4","C4620081","14","384","C4620081 M4","reward",0.026573708752039,"384 reward","14 reward"
"14855","M4","C4620081","14","385","C4620081 M4","reward",0.0263365690358066,"385 reward","14 reward"
"14856","M4","C4620081","14","386","C4620081 M4","reward",0.0260403532886422,"386 reward","14 reward"
"14857","M4","C4620081","14","387","C4620081 M4","reward",0.0259977627189897,"387 reward","14 reward"
"14858","M4","C4620081","14","388","C4620081 M4","reward",0.0259127197586847,"388 reward","14 reward"
"14859","M4","C4620081","14","389","C4620081 M4","reward",0.0257023278980084,"389 reward","14 reward"
"14860","M4","C4620081","14","390","C4620081 M4","reward",0.0253726981578595,"390 reward","14 reward"
"14861","M4","C4620081","14","391","C4620081 M4","reward",0.0253192943647728,"391 reward","14 reward"
"14862","M4","C4620081","14","392","C4620081 M4","reward",0.0253107593184237,"392 reward","14 reward"
"14863","M4","C4620081","14","393","C4620081 M4","reward",0.0250530445994319,"393 reward","14 reward"
"14864","M4","C4620081","14","394","C4620081 M4","reward",0.0248699344515778,"394 reward","14 reward"
"14865","M4","C4620081","14","395","C4620081 M4","reward",0.0248259989800238,"395 reward","14 reward"
"14866","M4","C4620081","14","396","C4620081 M4","reward",0.0247473548930892,"396 reward","14 reward"
"14867","M4","C4620081","14","397","C4620081 M4","reward",0.0247364821668781,"397 reward","14 reward"
"14868","M4","C4620081","14","398","C4620081 M4","reward",0.024726142492653,"398 reward","14 reward"
"14869","M4","C4620081","14","399","C4620081 M4","reward",0.0244403874399367,"399 reward","14 reward"
"14870","M4","C4620081","14","400","C4620081 M4","reward",0.0244278934105881,"400 reward","14 reward"
"14871","M4","C4620081","14","401","C4620081 M4","reward",0.0242598457716112,"401 reward","14 reward"
"14872","M4","C4620081","14","402","C4620081 M4","reward",0.0242313641195291,"402 reward","14 reward"
"14873","M4","C4620081","14","403","C4620081 M4","reward",0.0241278418602496,"403 reward","14 reward"
"14874","M4","C4620081","14","404","C4620081 M4","reward",0.0240071564107583,"404 reward","14 reward"
"14875","M4","C4620081","14","405","C4620081 M4","reward",0.0239069646283672,"405 reward","14 reward"
"14876","M4","C4620081","14","406","C4620081 M4","reward",0.0238880882732622,"406 reward","14 reward"
"14877","M4","C4620081","14","407","C4620081 M4","reward",0.0238829938742635,"407 reward","14 reward"
"14878","M4","C4620081","14","408","C4620081 M4","reward",0.0238746977275998,"408 reward","14 reward"
"14879","M4","C4620081","14","409","C4620081 M4","reward",0.0236339260930028,"409 reward","14 reward"
"14880","M4","C4620081","14","410","C4620081 M4","reward",0.0235754833020805,"410 reward","14 reward"
"14881","M4","C4620081","14","411","C4620081 M4","reward",0.0234057889618763,"411 reward","14 reward"
"14882","M4","C4620081","14","412","C4620081 M4","reward",0.0232716525580575,"412 reward","14 reward"
"14883","M4","C4620081","14","413","C4620081 M4","reward",0.0232401279695107,"413 reward","14 reward"
"14884","M4","C4620081","14","414","C4620081 M4","reward",0.0232265653201544,"414 reward","14 reward"
"14885","M4","C4620081","14","415","C4620081 M4","reward",0.0223097434985551,"415 reward","14 reward"
"14886","M4","C4620081","14","416","C4620081 M4","reward",0.0222051835544719,"416 reward","14 reward"
"14887","M4","C4620081","14","417","C4620081 M4","reward",0.0222039571161541,"417 reward","14 reward"
"14888","M4","C4620081","14","418","C4620081 M4","reward",0.0220718760298111,"418 reward","14 reward"
"14889","M4","C4620081","14","419","C4620081 M4","reward",0.0219376860107482,"419 reward","14 reward"
"14890","M4","C4620081","14","420","C4620081 M4","reward",0.0217819788349322,"420 reward","14 reward"
"14891","M4","C4620081","14","421","C4620081 M4","reward",0.0217787659530332,"421 reward","14 reward"
"14892","M4","C4620081","14","422","C4620081 M4","reward",0.0215576192971254,"422 reward","14 reward"
"14893","M4","C4620081","14","423","C4620081 M4","reward",0.0212975569599877,"423 reward","14 reward"
"14894","M4","C4620081","14","424","C4620081 M4","reward",0.0210873572520797,"424 reward","14 reward"
"14895","M4","C4620081","14","425","C4620081 M4","reward",0.0210447192353044,"425 reward","14 reward"
"14896","M4","C4620081","14","426","C4620081 M4","reward",0.0209965938851541,"426 reward","14 reward"
"14897","M4","C4620081","14","427","C4620081 M4","reward",0.020663617346611,"427 reward","14 reward"
"14898","M4","C4620081","14","428","C4620081 M4","reward",0.0205846764092793,"428 reward","14 reward"
"14899","M4","C4620081","14","429","C4620081 M4","reward",0.0202065816387773,"429 reward","14 reward"
"14900","M4","C4620081","14","430","C4620081 M4","reward",0.0201933520865228,"430 reward","14 reward"
"14901","M4","C4620081","14","431","C4620081 M4","reward",0.020091515327962,"431 reward","14 reward"
"14902","M4","C4620081","14","432","C4620081 M4","reward",0.0199676714576098,"432 reward","14 reward"
"14903","M4","C4620081","14","433","C4620081 M4","reward",0.019764515789758,"433 reward","14 reward"
"14904","M4","C4620081","14","434","C4620081 M4","reward",0.0196050463518278,"434 reward","14 reward"
"14905","M4","C4620081","14","435","C4620081 M4","reward",0.0195810621457708,"435 reward","14 reward"
"14906","M4","C4620081","14","436","C4620081 M4","reward",0.0195683703011386,"436 reward","14 reward"
"14907","M4","C4620081","14","437","C4620081 M4","reward",0.0195507548913896,"437 reward","14 reward"
"14908","M4","C4620081","14","438","C4620081 M4","reward",0.0193048336894951,"438 reward","14 reward"
"14909","M4","C4620081","14","439","C4620081 M4","reward",0.0192456768140077,"439 reward","14 reward"
"14910","M4","C4620081","14","440","C4620081 M4","reward",0.0189121160540789,"440 reward","14 reward"
"14911","M4","C4620081","14","441","C4620081 M4","reward",0.0188766086749612,"441 reward","14 reward"
"14912","M4","C4620081","14","442","C4620081 M4","reward",0.0187793706035632,"442 reward","14 reward"
"14913","M4","C4620081","14","443","C4620081 M4","reward",0.0187050593312054,"443 reward","14 reward"
"14914","M4","C4620081","14","444","C4620081 M4","reward",0.0185299301560884,"444 reward","14 reward"
"14915","M4","C4620081","14","445","C4620081 M4","reward",0.0183240562011532,"445 reward","14 reward"
"14916","M4","C4620081","14","446","C4620081 M4","reward",0.0181017397379942,"446 reward","14 reward"
"14917","M4","C4620081","14","447","C4620081 M4","reward",0.0180911489955167,"447 reward","14 reward"
"14918","M4","C4620081","14","448","C4620081 M4","reward",0.0179103903834053,"448 reward","14 reward"
"14919","M4","C4620081","14","449","C4620081 M4","reward",0.0177196382252953,"449 reward","14 reward"
"14920","M4","C4620081","14","450","C4620081 M4","reward",0.0176594574998788,"450 reward","14 reward"
"14921","M4","C4620081","14","451","C4620081 M4","reward",0.0175968004271118,"451 reward","14 reward"
"14922","M4","C4620081","14","452","C4620081 M4","reward",0.0174688296679651,"452 reward","14 reward"
"14923","M4","C4620081","14","453","C4620081 M4","reward",0.0171575822997639,"453 reward","14 reward"
"14924","M4","C4620081","14","454","C4620081 M4","reward",0.0171519716083017,"454 reward","14 reward"
"14925","M4","C4620081","14","455","C4620081 M4","reward",0.0171430372566461,"455 reward","14 reward"
"14926","M4","C4620081","14","456","C4620081 M4","reward",0.0164938172815634,"456 reward","14 reward"
"14927","M4","C4620081","14","457","C4620081 M4","reward",0.0163896081061621,"457 reward","14 reward"
"14928","M4","C4620081","14","458","C4620081 M4","reward",0.0163303091357941,"458 reward","14 reward"
"14929","M4","C4620081","14","459","C4620081 M4","reward",0.016143252429974,"459 reward","14 reward"
"14930","M4","C4620081","14","460","C4620081 M4","reward",0.0158762774885376,"460 reward","14 reward"
"14931","M4","C4620081","14","461","C4620081 M4","reward",0.0158687407650852,"461 reward","14 reward"
"14932","M4","C4620081","14","462","C4620081 M4","reward",0.0157711290230312,"462 reward","14 reward"
"14933","M4","C4620081","14","463","C4620081 M4","reward",0.0156431850400246,"463 reward","14 reward"
"14934","M4","C4620081","14","464","C4620081 M4","reward",0.015599375514039,"464 reward","14 reward"
"14935","M4","C4620081","14","465","C4620081 M4","reward",0.0155408847768202,"465 reward","14 reward"
"14936","M4","C4620081","14","466","C4620081 M4","reward",0.015441556892477,"466 reward","14 reward"
"14937","M4","C4620081","14","467","C4620081 M4","reward",0.0153021017911933,"467 reward","14 reward"
"14938","M4","C4620081","14","468","C4620081 M4","reward",0.0151284656526643,"468 reward","14 reward"
"14939","M4","C4620081","14","469","C4620081 M4","reward",0.0150255838231872,"469 reward","14 reward"
"14940","M4","C4620081","14","470","C4620081 M4","reward",0.0149149862941956,"470 reward","14 reward"
"14941","M4","C4620081","14","471","C4620081 M4","reward",0.0147822118011766,"471 reward","14 reward"
"14942","M4","C4620081","14","472","C4620081 M4","reward",0.0142612552679243,"472 reward","14 reward"
"14943","M4","C4620081","14","473","C4620081 M4","reward",0.0141982043345914,"473 reward","14 reward"
"14944","M4","C4620081","14","474","C4620081 M4","reward",0.0138196020771695,"474 reward","14 reward"
"14945","M4","C4620081","14","475","C4620081 M4","reward",0.0137287635793382,"475 reward","14 reward"
"14946","M4","C4620081","14","476","C4620081 M4","reward",0.0136760039424768,"476 reward","14 reward"
"14947","M4","C4620081","14","477","C4620081 M4","reward",0.0128040235538332,"477 reward","14 reward"
"14948","M4","C4620081","14","478","C4620081 M4","reward",0.0125541704517235,"478 reward","14 reward"
"14949","M4","C4620081","14","479","C4620081 M4","reward",0.0120708344364539,"479 reward","14 reward"
"14950","M4","C4620081","14","480","C4620081 M4","reward",0.0119179358236142,"480 reward","14 reward"
"14951","M4","C4620081","14","481","C4620081 M4","reward",0.0118538880874344,"481 reward","14 reward"
"14952","M4","C4620081","14","482","C4620081 M4","reward",0.0109927272424222,"482 reward","14 reward"
"14953","M4","C4620081","14","483","C4620081 M4","reward",0.0108183425032277,"483 reward","14 reward"
"14954","M4","C4620081","14","484","C4620081 M4","reward",0.0106777723831864,"484 reward","14 reward"
"14955","M4","C4620081","14","485","C4620081 M4","reward",0.0106290337050482,"485 reward","14 reward"
"14956","M4","C4620081","14","486","C4620081 M4","reward",0.0103512422997223,"486 reward","14 reward"
"14957","M4","C4620081","14","487","C4620081 M4","reward",0.00997381075787102,"487 reward","14 reward"
"14958","M4","C4620081","14","488","C4620081 M4","reward",0.00992490968971724,"488 reward","14 reward"
"14959","M4","C4620081","14","489","C4620081 M4","reward",0.0098021099128868,"489 reward","14 reward"
"14960","M4","C4620081","14","490","C4620081 M4","reward",0.00939745114698179,"490 reward","14 reward"
"14961","M4","C4620081","14","491","C4620081 M4","reward",0.0093267528834306,"491 reward","14 reward"
"14962","M4","C4620081","14","492","C4620081 M4","reward",0.00917004017570842,"492 reward","14 reward"
"14963","M4","C4620081","14","493","C4620081 M4","reward",0.00898726922055465,"493 reward","14 reward"
"14964","M4","C4620081","14","494","C4620081 M4","reward",0.00891480935520172,"494 reward","14 reward"
"14965","M4","C4620081","14","495","C4620081 M4","reward",0.00868613504048265,"495 reward","14 reward"
"14966","M4","C4620081","14","496","C4620081 M4","reward",0.00848858399570725,"496 reward","14 reward"
"14967","M4","C4620081","14","497","C4620081 M4","reward",0.00847792428066308,"497 reward","14 reward"
"14968","M4","C4620081","14","498","C4620081 M4","reward",0.00844939891870178,"498 reward","14 reward"
"14969","M4","C4620081","14","499","C4620081 M4","reward",0.00782557512862885,"499 reward","14 reward"
"14970","M4","C4620081","14","500","C4620081 M4","reward",0.00761183287439777,"500 reward","14 reward"
"14971","M4","C4620081","14","501","C4620081 M4","reward",0.00756546817621772,"501 reward","14 reward"
"14972","M4","C4620081","14","502","C4620081 M4","reward",0.00638668302479976,"502 reward","14 reward"
"14973","M4","C4620081","14","503","C4620081 M4","reward",0.00638507070600273,"503 reward","14 reward"
"14974","M4","C4620081","14","504","C4620081 M4","reward",0.00627855902397343,"504 reward","14 reward"
"14975","M4","C4620081","14","505","C4620081 M4","reward",0.00441332437461399,"505 reward","14 reward"
"14976","M4","C4620081","14","506","C4620081 M4","reward",0.00389953337839255,"506 reward","14 reward"
"14977","M4","C4620081","14","507","C4620081 M4","reward",0.00383441006652539,"507 reward","14 reward"
"14978","M4","C4620081","14","508","C4620081 M4","reward",0.00344890552320203,"508 reward","14 reward"
"14979","M4","C4620081","14","509","C4620081 M4","reward",0.00310743817817702,"509 reward","14 reward"
"14980","M4","C4620081","14","510","C4620081 M4","reward",0.00270046719676181,"510 reward","14 reward"
"14981","M4","C4620081","14","511","C4620081 M4","reward",0.00194451139777769,"511 reward","14 reward"
"14982","M4","C4620081","14","512","C4620081 M4","reward",0.00182969233126874,"512 reward","14 reward"
"14983","M4","C4620081","14","513","C4620081 M4","reward",0.00175015099520016,"513 reward","14 reward"
"14984","M4","C4620081","14","514","C4620081 M4","reward",0.00168609224209735,"514 reward","14 reward"
"14985","M4","C4620081","14","515","C4620081 M4","reward",0.000628343264460913,"515 reward","14 reward"
"14986","M4","C4620081","14","516","C4620081 M4","reward",0.00058859255226837,"516 reward","14 reward"
"14987","M4","C4620081","14","517","C4620081 M4","reward",0.00044489201499228,"517 reward","14 reward"
"14988","M4","C4620081","14","518","C4620081 M4","reward",0.000127974251336611,"518 reward","14 reward"
"14989","M4","C4620081","14","519","C4620081 M4","reward",-0.000461351478705535,"519 reward","14 reward"
"14990","M4","C4620081","14","520","C4620081 M4","reward",-0.00107833239246883,"520 reward","14 reward"
"14991","M4","C4620081","14","521","C4620081 M4","reward",-0.00121630455738908,"521 reward","14 reward"
"14992","M4","C4620081","14","522","C4620081 M4","reward",-0.00159994593331716,"522 reward","14 reward"
"14993","M4","C4620081","14","523","C4620081 M4","reward",-0.00267343128680212,"523 reward","14 reward"
"14994","M4","C4620081","14","524","C4620081 M4","reward",-0.00382248849101958,"524 reward","14 reward"
"14995","M4","C4620081","14","525","C4620081 M4","reward",-0.0044596294308442,"525 reward","14 reward"
"14996","M4","C4620081","14","526","C4620081 M4","reward",-0.00521898442643263,"526 reward","14 reward"
"14997","M4","C4620081","14","527","C4620081 M4","reward",-0.00661447386911454,"527 reward","14 reward"
"14998","M4","C4620081","14","528","C4620081 M4","reward",-0.00689447536451168,"528 reward","14 reward"
"14999","M4","C4620081","14","529","C4620081 M4","reward",-0.00727425244052345,"529 reward","14 reward"
"15000","M4","C4620081","14","530","C4620081 M4","reward",-0.00754674418050352,"530 reward","14 reward"
"15001","M4","C4620081","14","531","C4620081 M4","reward",-0.00822262302259648,"531 reward","14 reward"
"15002","M4","C4620081","14","532","C4620081 M4","reward",-0.012848495693671,"532 reward","14 reward"
"15003","M4","C4620081","14","533","C4620081 M4","reward",-0.0137424281020836,"533 reward","14 reward"
"15004","M4","C4620081","14","534","C4620081 M4","reward",-0.0148286815526836,"534 reward","14 reward"
"15005","M4","C4620081","14","535","C4620081 M4","reward",-0.0158095923768303,"535 reward","14 reward"
"15006","M4","C4620081","14","536","C4620081 M4","reward",-0.0158528674119282,"536 reward","14 reward"
"15007","M4","C4620081","14","537","C4620081 M4","reward",-0.0218414458060439,"537 reward","14 reward"
"15008","M4","C4620081","14","538","C4620081 M4","reward",-0.0225868450260842,"538 reward","14 reward"
"15009","M4","C4620081","14","539","C4620081 M4","reward",-0.0261204734245462,"539 reward","14 reward"
"15010","M5","C4620081","14","0","C4620081 M5","reward",0.0858985713899421,"0 reward","14 reward"
"15011","M5","C4620081","14","1","C4620081 M5","reward",0.0783699122503653,"1 reward","14 reward"
"15012","M5","C4620081","14","2","C4620081 M5","reward",0.0780309738315222,"2 reward","14 reward"
"15013","M5","C4620081","14","3","C4620081 M5","reward",0.0736624691490097,"3 reward","14 reward"
"15014","M5","C4620081","14","4","C4620081 M5","reward",0.0699980844807715,"4 reward","14 reward"
"15015","M5","C4620081","14","5","C4620081 M5","reward",0.0697196959609447,"5 reward","14 reward"
"15016","M5","C4620081","14","6","C4620081 M5","reward",0.0694132401466631,"6 reward","14 reward"
"15017","M5","C4620081","14","7","C4620081 M5","reward",0.067745431680226,"7 reward","14 reward"
"15018","M5","C4620081","14","8","C4620081 M5","reward",0.067670530727444,"8 reward","14 reward"
"15019","M5","C4620081","14","9","C4620081 M5","reward",0.0642940776374235,"9 reward","14 reward"
"15020","M5","C4620081","14","10","C4620081 M5","reward",0.0640686765551544,"10 reward","14 reward"
"15021","M5","C4620081","14","11","C4620081 M5","reward",0.0622398869513015,"11 reward","14 reward"
"15022","M5","C4620081","14","12","C4620081 M5","reward",0.0617450359345814,"12 reward","14 reward"
"15023","M5","C4620081","14","13","C4620081 M5","reward",0.0612060988159194,"13 reward","14 reward"
"15024","M5","C4620081","14","14","C4620081 M5","reward",0.0609797782985934,"14 reward","14 reward"
"15025","M5","C4620081","14","15","C4620081 M5","reward",0.0599032338160583,"15 reward","14 reward"
"15026","M5","C4620081","14","16","C4620081 M5","reward",0.0594713672328522,"16 reward","14 reward"
"15027","M5","C4620081","14","17","C4620081 M5","reward",0.0587196023303871,"17 reward","14 reward"
"15028","M5","C4620081","14","18","C4620081 M5","reward",0.0584436354785821,"18 reward","14 reward"
"15029","M5","C4620081","14","19","C4620081 M5","reward",0.0570046319533879,"19 reward","14 reward"
"15030","M5","C4620081","14","20","C4620081 M5","reward",0.0559437572475243,"20 reward","14 reward"
"15031","M5","C4620081","14","21","C4620081 M5","reward",0.0555831183445075,"21 reward","14 reward"
"15032","M5","C4620081","14","22","C4620081 M5","reward",0.0551275919271164,"22 reward","14 reward"
"15033","M5","C4620081","14","23","C4620081 M5","reward",0.0545839317475093,"23 reward","14 reward"
"15034","M5","C4620081","14","24","C4620081 M5","reward",0.0544685319695604,"24 reward","14 reward"
"15035","M5","C4620081","14","25","C4620081 M5","reward",0.0537839175922228,"25 reward","14 reward"
"15036","M5","C4620081","14","26","C4620081 M5","reward",0.0518148099992209,"26 reward","14 reward"
"15037","M5","C4620081","14","27","C4620081 M5","reward",0.0516030065766709,"27 reward","14 reward"
"15038","M5","C4620081","14","28","C4620081 M5","reward",0.051061743504929,"28 reward","14 reward"
"15039","M5","C4620081","14","29","C4620081 M5","reward",0.0509308924371925,"29 reward","14 reward"
"15040","M5","C4620081","14","30","C4620081 M5","reward",0.0507534870133968,"30 reward","14 reward"
"15041","M5","C4620081","14","31","C4620081 M5","reward",0.0504519819132109,"31 reward","14 reward"
"15042","M5","C4620081","14","32","C4620081 M5","reward",0.0503734063692751,"32 reward","14 reward"
"15043","M5","C4620081","14","33","C4620081 M5","reward",0.0501370639519747,"33 reward","14 reward"
"15044","M5","C4620081","14","34","C4620081 M5","reward",0.0500234437827281,"34 reward","14 reward"
"15045","M5","C4620081","14","35","C4620081 M5","reward",0.0499760908697063,"35 reward","14 reward"
"15046","M5","C4620081","14","36","C4620081 M5","reward",0.0498941034736184,"36 reward","14 reward"
"15047","M5","C4620081","14","37","C4620081 M5","reward",0.0498016642978365,"37 reward","14 reward"
"15048","M5","C4620081","14","38","C4620081 M5","reward",0.0490001441253897,"38 reward","14 reward"
"15049","M5","C4620081","14","39","C4620081 M5","reward",0.0486403991259533,"39 reward","14 reward"
"15050","M5","C4620081","14","40","C4620081 M5","reward",0.0486064144467705,"40 reward","14 reward"
"15051","M5","C4620081","14","41","C4620081 M5","reward",0.0481159731399418,"41 reward","14 reward"
"15052","M5","C4620081","14","42","C4620081 M5","reward",0.0476540613722117,"42 reward","14 reward"
"15053","M5","C4620081","14","43","C4620081 M5","reward",0.0471800509805651,"43 reward","14 reward"
"15054","M5","C4620081","14","44","C4620081 M5","reward",0.0471069496041671,"44 reward","14 reward"
"15055","M5","C4620081","14","45","C4620081 M5","reward",0.0468897347628879,"45 reward","14 reward"
"15056","M5","C4620081","14","46","C4620081 M5","reward",0.0468063181418684,"46 reward","14 reward"
"15057","M5","C4620081","14","47","C4620081 M5","reward",0.0458654870447307,"47 reward","14 reward"
"15058","M5","C4620081","14","48","C4620081 M5","reward",0.0453163935321546,"48 reward","14 reward"
"15059","M5","C4620081","14","49","C4620081 M5","reward",0.0451171708595866,"49 reward","14 reward"
"15060","M5","C4620081","14","50","C4620081 M5","reward",0.0451163910919456,"50 reward","14 reward"
"15061","M5","C4620081","14","51","C4620081 M5","reward",0.04398408874357,"51 reward","14 reward"
"15062","M5","C4620081","14","52","C4620081 M5","reward",0.0439027856337229,"52 reward","14 reward"
"15063","M5","C4620081","14","53","C4620081 M5","reward",0.0437782533111075,"53 reward","14 reward"
"15064","M5","C4620081","14","54","C4620081 M5","reward",0.0433755790380363,"54 reward","14 reward"
"15065","M5","C4620081","14","55","C4620081 M5","reward",0.0433439298564161,"55 reward","14 reward"
"15066","M5","C4620081","14","56","C4620081 M5","reward",0.0432731079257422,"56 reward","14 reward"
"15067","M5","C4620081","14","57","C4620081 M5","reward",0.0432514458338579,"57 reward","14 reward"
"15068","M5","C4620081","14","58","C4620081 M5","reward",0.0431633661736742,"58 reward","14 reward"
"15069","M5","C4620081","14","59","C4620081 M5","reward",0.0428971630415082,"59 reward","14 reward"
"15070","M5","C4620081","14","60","C4620081 M5","reward",0.0428447071810839,"60 reward","14 reward"
"15071","M5","C4620081","14","61","C4620081 M5","reward",0.0427642873603226,"61 reward","14 reward"
"15072","M5","C4620081","14","62","C4620081 M5","reward",0.0424273652893556,"62 reward","14 reward"
"15073","M5","C4620081","14","63","C4620081 M5","reward",0.0423689199314328,"63 reward","14 reward"
"15074","M5","C4620081","14","64","C4620081 M5","reward",0.042112098309135,"64 reward","14 reward"
"15075","M5","C4620081","14","65","C4620081 M5","reward",0.0419055359728779,"65 reward","14 reward"
"15076","M5","C4620081","14","66","C4620081 M5","reward",0.0417006618703644,"66 reward","14 reward"
"15077","M5","C4620081","14","67","C4620081 M5","reward",0.0416967373013478,"67 reward","14 reward"
"15078","M5","C4620081","14","68","C4620081 M5","reward",0.0412409838187052,"68 reward","14 reward"
"15079","M5","C4620081","14","69","C4620081 M5","reward",0.0411638371334438,"69 reward","14 reward"
"15080","M5","C4620081","14","70","C4620081 M5","reward",0.0404792893238111,"70 reward","14 reward"
"15081","M5","C4620081","14","71","C4620081 M5","reward",0.0404328596971922,"71 reward","14 reward"
"15082","M5","C4620081","14","72","C4620081 M5","reward",0.0403827969532384,"72 reward","14 reward"
"15083","M5","C4620081","14","73","C4620081 M5","reward",0.040157776701818,"73 reward","14 reward"
"15084","M5","C4620081","14","74","C4620081 M5","reward",0.0401007247122059,"74 reward","14 reward"
"15085","M5","C4620081","14","75","C4620081 M5","reward",0.0400414933388411,"75 reward","14 reward"
"15086","M5","C4620081","14","76","C4620081 M5","reward",0.0398723227034652,"76 reward","14 reward"
"15087","M5","C4620081","14","77","C4620081 M5","reward",0.0396735610949709,"77 reward","14 reward"
"15088","M5","C4620081","14","78","C4620081 M5","reward",0.0396326126123926,"78 reward","14 reward"
"15089","M5","C4620081","14","79","C4620081 M5","reward",0.0390541484337774,"79 reward","14 reward"
"15090","M5","C4620081","14","80","C4620081 M5","reward",0.0386933976101857,"80 reward","14 reward"
"15091","M5","C4620081","14","81","C4620081 M5","reward",0.0383776636304717,"81 reward","14 reward"
"15092","M5","C4620081","14","82","C4620081 M5","reward",0.0376591204471011,"82 reward","14 reward"
"15093","M5","C4620081","14","83","C4620081 M5","reward",0.0375214322874145,"83 reward","14 reward"
"15094","M5","C4620081","14","84","C4620081 M5","reward",0.0374454463654169,"84 reward","14 reward"
"15095","M5","C4620081","14","85","C4620081 M5","reward",0.0374396154422887,"85 reward","14 reward"
"15096","M5","C4620081","14","86","C4620081 M5","reward",0.0371534773102397,"86 reward","14 reward"
"15097","M5","C4620081","14","87","C4620081 M5","reward",0.0366717646796563,"87 reward","14 reward"
"15098","M5","C4620081","14","88","C4620081 M5","reward",0.0359119859047616,"88 reward","14 reward"
"15099","M5","C4620081","14","89","C4620081 M5","reward",0.0354309882331713,"89 reward","14 reward"
"15100","M5","C4620081","14","90","C4620081 M5","reward",0.0350861983963092,"90 reward","14 reward"
"15101","M5","C4620081","14","91","C4620081 M5","reward",0.0350654293115413,"91 reward","14 reward"
"15102","M5","C4620081","14","92","C4620081 M5","reward",0.0350445706250053,"92 reward","14 reward"
"15103","M5","C4620081","14","93","C4620081 M5","reward",0.0350175210865625,"93 reward","14 reward"
"15104","M5","C4620081","14","94","C4620081 M5","reward",0.0350026302702845,"94 reward","14 reward"
"15105","M5","C4620081","14","95","C4620081 M5","reward",0.0348480095438568,"95 reward","14 reward"
"15106","M5","C4620081","14","96","C4620081 M5","reward",0.0348456235335441,"96 reward","14 reward"
"15107","M5","C4620081","14","97","C4620081 M5","reward",0.0347518215159316,"97 reward","14 reward"
"15108","M5","C4620081","14","98","C4620081 M5","reward",0.0346158926908239,"98 reward","14 reward"
"15109","M5","C4620081","14","99","C4620081 M5","reward",0.0344757065749575,"99 reward","14 reward"
"15110","M5","C4620081","14","100","C4620081 M5","reward",0.0342729878612546,"100 reward","14 reward"
"15111","M5","C4620081","14","101","C4620081 M5","reward",0.0342082654679488,"101 reward","14 reward"
"15112","M5","C4620081","14","102","C4620081 M5","reward",0.0340737007444337,"102 reward","14 reward"
"15113","M5","C4620081","14","103","C4620081 M5","reward",0.0340380925759233,"103 reward","14 reward"
"15114","M5","C4620081","14","104","C4620081 M5","reward",0.0340312012120749,"104 reward","14 reward"
"15115","M5","C4620081","14","105","C4620081 M5","reward",0.0336377433516549,"105 reward","14 reward"
"15116","M5","C4620081","14","106","C4620081 M5","reward",0.0334165832790924,"106 reward","14 reward"
"15117","M5","C4620081","14","107","C4620081 M5","reward",0.0328343731358082,"107 reward","14 reward"
"15118","M5","C4620081","14","108","C4620081 M5","reward",0.0321516500071187,"108 reward","14 reward"
"15119","M5","C4620081","14","109","C4620081 M5","reward",0.0315771666470822,"109 reward","14 reward"
"15120","M5","C4620081","14","110","C4620081 M5","reward",0.0315641466411226,"110 reward","14 reward"
"15121","M5","C4620081","14","111","C4620081 M5","reward",0.0313021229231017,"111 reward","14 reward"
"15122","M5","C4620081","14","112","C4620081 M5","reward",0.0312739231350342,"112 reward","14 reward"
"15123","M5","C4620081","14","113","C4620081 M5","reward",0.0310886774564349,"113 reward","14 reward"
"15124","M5","C4620081","14","114","C4620081 M5","reward",0.0310374355913668,"114 reward","14 reward"
"15125","M5","C4620081","14","115","C4620081 M5","reward",0.0308271911654409,"115 reward","14 reward"
"15126","M5","C4620081","14","116","C4620081 M5","reward",0.03078591859352,"116 reward","14 reward"
"15127","M5","C4620081","14","117","C4620081 M5","reward",0.0307495064697216,"117 reward","14 reward"
"15128","M5","C4620081","14","118","C4620081 M5","reward",0.0306748652545776,"118 reward","14 reward"
"15129","M5","C4620081","14","119","C4620081 M5","reward",0.0304012597899298,"119 reward","14 reward"
"15130","M5","C4620081","14","120","C4620081 M5","reward",0.0303256544867772,"120 reward","14 reward"
"15131","M5","C4620081","14","121","C4620081 M5","reward",0.0303057260811759,"121 reward","14 reward"
"15132","M5","C4620081","14","122","C4620081 M5","reward",0.0298260751334366,"122 reward","14 reward"
"15133","M5","C4620081","14","123","C4620081 M5","reward",0.0298114004421639,"123 reward","14 reward"
"15134","M5","C4620081","14","124","C4620081 M5","reward",0.0295481156899007,"124 reward","14 reward"
"15135","M5","C4620081","14","125","C4620081 M5","reward",0.029274135827616,"125 reward","14 reward"
"15136","M5","C4620081","14","126","C4620081 M5","reward",0.0288447695765571,"126 reward","14 reward"
"15137","M5","C4620081","14","127","C4620081 M5","reward",0.028743087847141,"127 reward","14 reward"
"15138","M5","C4620081","14","128","C4620081 M5","reward",0.0284623396304222,"128 reward","14 reward"
"15139","M5","C4620081","14","129","C4620081 M5","reward",0.0283764157087686,"129 reward","14 reward"
"15140","M5","C4620081","14","130","C4620081 M5","reward",0.0282126446549714,"130 reward","14 reward"
"15141","M5","C4620081","14","131","C4620081 M5","reward",0.0279593036630293,"131 reward","14 reward"
"15142","M5","C4620081","14","132","C4620081 M5","reward",0.0278816358040547,"132 reward","14 reward"
"15143","M5","C4620081","14","133","C4620081 M5","reward",0.0278691908743987,"133 reward","14 reward"
"15144","M5","C4620081","14","134","C4620081 M5","reward",0.0278068228640318,"134 reward","14 reward"
"15145","M5","C4620081","14","135","C4620081 M5","reward",0.0277692506256668,"135 reward","14 reward"
"15146","M5","C4620081","14","136","C4620081 M5","reward",0.0271659388713869,"136 reward","14 reward"
"15147","M5","C4620081","14","137","C4620081 M5","reward",0.0269534080573195,"137 reward","14 reward"
"15148","M5","C4620081","14","138","C4620081 M5","reward",0.0267250652663864,"138 reward","14 reward"
"15149","M5","C4620081","14","139","C4620081 M5","reward",0.0264290385336256,"139 reward","14 reward"
"15150","M5","C4620081","14","140","C4620081 M5","reward",0.0263977442570617,"140 reward","14 reward"
"15151","M5","C4620081","14","141","C4620081 M5","reward",0.0263218322633301,"141 reward","14 reward"
"15152","M5","C4620081","14","142","C4620081 M5","reward",0.0261848775739967,"142 reward","14 reward"
"15153","M5","C4620081","14","143","C4620081 M5","reward",0.0261145295092219,"143 reward","14 reward"
"15154","M5","C4620081","14","144","C4620081 M5","reward",0.0259779128853602,"144 reward","14 reward"
"15155","M5","C4620081","14","145","C4620081 M5","reward",0.025752542638847,"145 reward","14 reward"
"15156","M5","C4620081","14","146","C4620081 M5","reward",0.0255290997904808,"146 reward","14 reward"
"15157","M5","C4620081","14","147","C4620081 M5","reward",0.0252529274909668,"147 reward","14 reward"
"15158","M5","C4620081","14","148","C4620081 M5","reward",0.0252079020649622,"148 reward","14 reward"
"15159","M5","C4620081","14","149","C4620081 M5","reward",0.0244855871835637,"149 reward","14 reward"
"15160","M5","C4620081","14","150","C4620081 M5","reward",0.024263360141469,"150 reward","14 reward"
"15161","M5","C4620081","14","151","C4620081 M5","reward",0.023962411555076,"151 reward","14 reward"
"15162","M5","C4620081","14","152","C4620081 M5","reward",0.0233455850943589,"152 reward","14 reward"
"15163","M5","C4620081","14","153","C4620081 M5","reward",0.0227222077869891,"153 reward","14 reward"
"15164","M5","C4620081","14","154","C4620081 M5","reward",0.0220106728429982,"154 reward","14 reward"
"15165","M5","C4620081","14","155","C4620081 M5","reward",0.0218761075465652,"155 reward","14 reward"
"15166","M5","C4620081","14","156","C4620081 M5","reward",0.0215392803816059,"156 reward","14 reward"
"15167","M5","C4620081","14","157","C4620081 M5","reward",0.0214732163959626,"157 reward","14 reward"
"15168","M5","C4620081","14","158","C4620081 M5","reward",0.0214082759187896,"158 reward","14 reward"
"15169","M5","C4620081","14","159","C4620081 M5","reward",0.0212691298563736,"159 reward","14 reward"
"15170","M5","C4620081","14","160","C4620081 M5","reward",0.0211936216409679,"160 reward","14 reward"
"15171","M5","C4620081","14","161","C4620081 M5","reward",0.0210811718701512,"161 reward","14 reward"
"15172","M5","C4620081","14","162","C4620081 M5","reward",0.0208396253791257,"162 reward","14 reward"
"15173","M5","C4620081","14","163","C4620081 M5","reward",0.0202588095946274,"163 reward","14 reward"
"15174","M5","C4620081","14","164","C4620081 M5","reward",0.0201165143791859,"164 reward","14 reward"
"15175","M5","C4620081","14","165","C4620081 M5","reward",0.0200391298459812,"165 reward","14 reward"
"15176","M5","C4620081","14","166","C4620081 M5","reward",0.0191461510536288,"166 reward","14 reward"
"15177","M5","C4620081","14","167","C4620081 M5","reward",0.0189199264984567,"167 reward","14 reward"
"15178","M5","C4620081","14","168","C4620081 M5","reward",0.0188028692078631,"168 reward","14 reward"
"15179","M5","C4620081","14","169","C4620081 M5","reward",0.017778313375356,"169 reward","14 reward"
"15180","M5","C4620081","14","170","C4620081 M5","reward",0.017667446559015,"170 reward","14 reward"
"15181","M5","C4620081","14","171","C4620081 M5","reward",0.0174115419610636,"171 reward","14 reward"
"15182","M5","C4620081","14","172","C4620081 M5","reward",0.0167870903564337,"172 reward","14 reward"
"15183","M5","C4620081","14","173","C4620081 M5","reward",0.0166385472831515,"173 reward","14 reward"
"15184","M5","C4620081","14","174","C4620081 M5","reward",0.0135368934690153,"174 reward","14 reward"
"15185","M5","C4620081","14","175","C4620081 M5","reward",0.0130881863525433,"175 reward","14 reward"
"15186","M5","C4620081","14","176","C4620081 M5","reward",0.0127243197097946,"176 reward","14 reward"
"15187","M5","C4620081","14","177","C4620081 M5","reward",0.0118561222360463,"177 reward","14 reward"
"15188","M5","C4620081","14","178","C4620081 M5","reward",0.0112995447946656,"178 reward","14 reward"
"15189","M5","C4620081","14","179","C4620081 M5","reward",0.00995107647928599,"179 reward","14 reward"
"15190","M5","C4620081","14","180","C4620081 M5","reward",0.00969386530281565,"180 reward","14 reward"
"15191","M5","C4620081","14","181","C4620081 M5","reward",0.00967293028253314,"181 reward","14 reward"
"15192","M5","C4620081","14","182","C4620081 M5","reward",0.00967156890018631,"182 reward","14 reward"
"15193","M5","C4620081","14","183","C4620081 M5","reward",0.00961549162237148,"183 reward","14 reward"
"15194","M5","C4620081","14","184","C4620081 M5","reward",0.00881937010859014,"184 reward","14 reward"
"15195","M5","C4620081","14","185","C4620081 M5","reward",0.00879525787686158,"185 reward","14 reward"
"15196","M5","C4620081","14","186","C4620081 M5","reward",0.00870895777699293,"186 reward","14 reward"
"15197","M5","C4620081","14","187","C4620081 M5","reward",0.00764964332684209,"187 reward","14 reward"
"15198","M5","C4620081","14","188","C4620081 M5","reward",0.00748693867065846,"188 reward","14 reward"
"15199","M5","C4620081","14","189","C4620081 M5","reward",0.00732316910554197,"189 reward","14 reward"
"15200","M5","C4620081","14","190","C4620081 M5","reward",0.007288251955068,"190 reward","14 reward"
"15201","M5","C4620081","14","191","C4620081 M5","reward",0.00548137777563311,"191 reward","14 reward"
"15202","M5","C4620081","14","192","C4620081 M5","reward",0.00497113544800554,"192 reward","14 reward"
"15203","M5","C4620081","14","193","C4620081 M5","reward",0.00253204928079438,"193 reward","14 reward"
"15204","M5","C4620081","14","194","C4620081 M5","reward",0.00228741529566654,"194 reward","14 reward"
"15205","M5","C4620081","14","195","C4620081 M5","reward",0.00194011226607835,"195 reward","14 reward"
"15206","M5","C4620081","14","196","C4620081 M5","reward",0.00132541272090525,"196 reward","14 reward"
"15207","M5","C4620081","14","197","C4620081 M5","reward",0.00103531772610144,"197 reward","14 reward"
"15208","M5","C4620081","14","198","C4620081 M5","reward",0.000773915133325195,"198 reward","14 reward"
"15209","M5","C4620081","14","199","C4620081 M5","reward",-0.000524053613985496,"199 reward","14 reward"
"15210","M5","C4620081","14","200","C4620081 M5","reward",-0.00118598902393035,"200 reward","14 reward"
"15211","M5","C4620081","14","201","C4620081 M5","reward",-0.00173889321946733,"201 reward","14 reward"
"15212","M5","C4620081","14","202","C4620081 M5","reward",-0.00348327647947257,"202 reward","14 reward"
"15213","M5","C4620081","14","203","C4620081 M5","reward",-0.0108118726896523,"203 reward","14 reward"
"15214","M5","C4620081","14","204","C4620081 M5","reward",-0.0126247220684682,"204 reward","14 reward"
"15215","M5","C4620081","14","205","C4620081 M5","reward",-0.0149332432928347,"205 reward","14 reward"
"15216","M1","C4620083","14","0","C4620083 M1","reward",0.35260852740127,"0 reward","14 reward"
"15217","M1","C4620083","14","1","C4620083 M1","reward",0.35058446389133,"1 reward","14 reward"
"15218","M1","C4620083","14","2","C4620083 M1","reward",0.345552031635948,"2 reward","14 reward"
"15219","M1","C4620083","14","3","C4620083 M1","reward",0.342707784454657,"3 reward","14 reward"
"15220","M1","C4620083","14","4","C4620083 M1","reward",0.339893924510682,"4 reward","14 reward"
"15221","M1","C4620083","14","5","C4620083 M1","reward",0.33979776731743,"5 reward","14 reward"
"15222","M1","C4620083","14","6","C4620083 M1","reward",0.336662934743664,"6 reward","14 reward"
"15223","M1","C4620083","14","7","C4620083 M1","reward",0.336324163939022,"7 reward","14 reward"
"15224","M1","C4620083","14","8","C4620083 M1","reward",0.334916197208236,"8 reward","14 reward"
"15225","M1","C4620083","14","9","C4620083 M1","reward",0.334195665483834,"9 reward","14 reward"
"15226","M1","C4620083","14","10","C4620083 M1","reward",0.332303797239227,"10 reward","14 reward"
"15227","M1","C4620083","14","11","C4620083 M1","reward",0.331133555007098,"11 reward","14 reward"
"15228","M1","C4620083","14","12","C4620083 M1","reward",0.330768608132658,"12 reward","14 reward"
"15229","M1","C4620083","14","13","C4620083 M1","reward",0.330526716338988,"13 reward","14 reward"
"15230","M1","C4620083","14","14","C4620083 M1","reward",0.329459969920449,"14 reward","14 reward"
"15231","M1","C4620083","14","15","C4620083 M1","reward",0.329278756390854,"15 reward","14 reward"
"15232","M1","C4620083","14","16","C4620083 M1","reward",0.328761977065088,"16 reward","14 reward"
"15233","M1","C4620083","14","17","C4620083 M1","reward",0.328277370190294,"17 reward","14 reward"
"15234","M1","C4620083","14","18","C4620083 M1","reward",0.327918556951666,"18 reward","14 reward"
"15235","M1","C4620083","14","19","C4620083 M1","reward",0.327005291566712,"19 reward","14 reward"
"15236","M1","C4620083","14","20","C4620083 M1","reward",0.325820892191749,"20 reward","14 reward"
"15237","M1","C4620083","14","21","C4620083 M1","reward",0.325559275497117,"21 reward","14 reward"
"15238","M1","C4620083","14","22","C4620083 M1","reward",0.324962500357258,"22 reward","14 reward"
"15239","M1","C4620083","14","23","C4620083 M1","reward",0.324446162262966,"23 reward","14 reward"
"15240","M1","C4620083","14","24","C4620083 M1","reward",0.323606179520598,"24 reward","14 reward"
"15241","M1","C4620083","14","25","C4620083 M1","reward",0.323186037000084,"25 reward","14 reward"
"15242","M1","C4620083","14","26","C4620083 M1","reward",0.323051650137305,"26 reward","14 reward"
"15243","M1","C4620083","14","27","C4620083 M1","reward",0.320770198474386,"27 reward","14 reward"
"15244","M1","C4620083","14","28","C4620083 M1","reward",0.319671264090372,"28 reward","14 reward"
"15245","M1","C4620083","14","29","C4620083 M1","reward",0.317832507450854,"29 reward","14 reward"
"15246","M1","C4620083","14","30","C4620083 M1","reward",0.317222441232622,"30 reward","14 reward"
"15247","M1","C4620083","14","31","C4620083 M1","reward",0.317017941251977,"31 reward","14 reward"
"15248","M1","C4620083","14","32","C4620083 M1","reward",0.316106921462858,"32 reward","14 reward"
"15249","M1","C4620083","14","33","C4620083 M1","reward",0.315665546888904,"33 reward","14 reward"
"15250","M1","C4620083","14","34","C4620083 M1","reward",0.314184116037456,"34 reward","14 reward"
"15251","M1","C4620083","14","35","C4620083 M1","reward",0.314048818134285,"35 reward","14 reward"
"15252","M1","C4620083","14","36","C4620083 M1","reward",0.313557552001956,"36 reward","14 reward"
"15253","M1","C4620083","14","37","C4620083 M1","reward",0.313420534827813,"37 reward","14 reward"
"15254","M1","C4620083","14","38","C4620083 M1","reward",0.313125252541929,"38 reward","14 reward"
"15255","M1","C4620083","14","39","C4620083 M1","reward",0.312755663016272,"39 reward","14 reward"
"15256","M1","C4620083","14","40","C4620083 M1","reward",0.312569968705962,"40 reward","14 reward"
"15257","M1","C4620083","14","41","C4620083 M1","reward",0.31220436522358,"41 reward","14 reward"
"15258","M1","C4620083","14","42","C4620083 M1","reward",0.311168889076598,"42 reward","14 reward"
"15259","M1","C4620083","14","43","C4620083 M1","reward",0.310968290214442,"43 reward","14 reward"
"15260","M1","C4620083","14","44","C4620083 M1","reward",0.310582828855422,"44 reward","14 reward"
"15261","M1","C4620083","14","45","C4620083 M1","reward",0.309938321646235,"45 reward","14 reward"
"15262","M1","C4620083","14","46","C4620083 M1","reward",0.308647980144265,"46 reward","14 reward"
"15263","M1","C4620083","14","47","C4620083 M1","reward",0.308529135879714,"47 reward","14 reward"
"15264","M1","C4620083","14","48","C4620083 M1","reward",0.308154746010106,"48 reward","14 reward"
"15265","M1","C4620083","14","49","C4620083 M1","reward",0.307961940286563,"49 reward","14 reward"
"15266","M1","C4620083","14","50","C4620083 M1","reward",0.307777893738558,"50 reward","14 reward"
"15267","M1","C4620083","14","51","C4620083 M1","reward",0.30765565423055,"51 reward","14 reward"
"15268","M1","C4620083","14","52","C4620083 M1","reward",0.306914173206348,"52 reward","14 reward"
"15269","M1","C4620083","14","53","C4620083 M1","reward",0.306620562312923,"53 reward","14 reward"
"15270","M1","C4620083","14","54","C4620083 M1","reward",0.306161821787765,"54 reward","14 reward"
"15271","M1","C4620083","14","55","C4620083 M1","reward",0.305466798249115,"55 reward","14 reward"
"15272","M1","C4620083","14","56","C4620083 M1","reward",0.305027982276484,"56 reward","14 reward"
"15273","M1","C4620083","14","57","C4620083 M1","reward",0.304933025119568,"57 reward","14 reward"
"15274","M1","C4620083","14","58","C4620083 M1","reward",0.304206611963255,"58 reward","14 reward"
"15275","M1","C4620083","14","59","C4620083 M1","reward",0.304162063719631,"59 reward","14 reward"
"15276","M1","C4620083","14","60","C4620083 M1","reward",0.300354264853962,"60 reward","14 reward"
"15277","M1","C4620083","14","61","C4620083 M1","reward",0.299881597546241,"61 reward","14 reward"
"15278","M1","C4620083","14","62","C4620083 M1","reward",0.299848983881253,"62 reward","14 reward"
"15279","M1","C4620083","14","63","C4620083 M1","reward",0.298928663971905,"63 reward","14 reward"
"15280","M1","C4620083","14","64","C4620083 M1","reward",0.298526450648067,"64 reward","14 reward"
"15281","M1","C4620083","14","65","C4620083 M1","reward",0.297330656451398,"65 reward","14 reward"
"15282","M1","C4620083","14","66","C4620083 M1","reward",0.2973194488454,"66 reward","14 reward"
"15283","M1","C4620083","14","67","C4620083 M1","reward",0.297007282864382,"67 reward","14 reward"
"15284","M1","C4620083","14","68","C4620083 M1","reward",0.296622586783412,"68 reward","14 reward"
"15285","M1","C4620083","14","69","C4620083 M1","reward",0.296103108171511,"69 reward","14 reward"
"15286","M1","C4620083","14","70","C4620083 M1","reward",0.295989064987654,"70 reward","14 reward"
"15287","M1","C4620083","14","71","C4620083 M1","reward",0.294501100105494,"71 reward","14 reward"
"15288","M1","C4620083","14","72","C4620083 M1","reward",0.29376666350297,"72 reward","14 reward"
"15289","M1","C4620083","14","73","C4620083 M1","reward",0.293641411359942,"73 reward","14 reward"
"15290","M1","C4620083","14","74","C4620083 M1","reward",0.292551322339036,"74 reward","14 reward"
"15291","M1","C4620083","14","75","C4620083 M1","reward",0.29180766286463,"75 reward","14 reward"
"15292","M1","C4620083","14","76","C4620083 M1","reward",0.291640226279335,"76 reward","14 reward"
"15293","M1","C4620083","14","77","C4620083 M1","reward",0.291394184513687,"77 reward","14 reward"
"15294","M1","C4620083","14","78","C4620083 M1","reward",0.29129676723725,"78 reward","14 reward"
"15295","M1","C4620083","14","79","C4620083 M1","reward",0.291251628952818,"79 reward","14 reward"
"15296","M1","C4620083","14","80","C4620083 M1","reward",0.290834113582042,"80 reward","14 reward"
"15297","M1","C4620083","14","81","C4620083 M1","reward",0.290199875454316,"81 reward","14 reward"
"15298","M1","C4620083","14","82","C4620083 M1","reward",0.289993766193158,"82 reward","14 reward"
"15299","M1","C4620083","14","83","C4620083 M1","reward",0.289942842109993,"83 reward","14 reward"
"15300","M1","C4620083","14","84","C4620083 M1","reward",0.289149072994971,"84 reward","14 reward"
"15301","M1","C4620083","14","85","C4620083 M1","reward",0.288947042902681,"85 reward","14 reward"
"15302","M1","C4620083","14","86","C4620083 M1","reward",0.288050670748835,"86 reward","14 reward"
"15303","M1","C4620083","14","87","C4620083 M1","reward",0.287865096950664,"87 reward","14 reward"
"15304","M1","C4620083","14","88","C4620083 M1","reward",0.287604837614146,"88 reward","14 reward"
"15305","M1","C4620083","14","89","C4620083 M1","reward",0.286195713051999,"89 reward","14 reward"
"15306","M1","C4620083","14","90","C4620083 M1","reward",0.28534198788189,"90 reward","14 reward"
"15307","M1","C4620083","14","91","C4620083 M1","reward",0.285242442903941,"91 reward","14 reward"
"15308","M1","C4620083","14","92","C4620083 M1","reward",0.285239708203223,"92 reward","14 reward"
"15309","M1","C4620083","14","93","C4620083 M1","reward",0.284766800270519,"93 reward","14 reward"
"15310","M1","C4620083","14","94","C4620083 M1","reward",0.283935706087946,"94 reward","14 reward"
"15311","M1","C4620083","14","95","C4620083 M1","reward",0.283487435122195,"95 reward","14 reward"
"15312","M1","C4620083","14","96","C4620083 M1","reward",0.283424050382271,"96 reward","14 reward"
"15313","M1","C4620083","14","97","C4620083 M1","reward",0.283400955928169,"97 reward","14 reward"
"15314","M1","C4620083","14","98","C4620083 M1","reward",0.282606147833565,"98 reward","14 reward"
"15315","M1","C4620083","14","99","C4620083 M1","reward",0.282409766261874,"99 reward","14 reward"
"15316","M1","C4620083","14","100","C4620083 M1","reward",0.28121649299726,"100 reward","14 reward"
"15317","M1","C4620083","14","101","C4620083 M1","reward",0.280058824244254,"101 reward","14 reward"
"15318","M1","C4620083","14","102","C4620083 M1","reward",0.279968509388733,"102 reward","14 reward"
"15319","M1","C4620083","14","103","C4620083 M1","reward",0.279581818528091,"103 reward","14 reward"
"15320","M1","C4620083","14","104","C4620083 M1","reward",0.279453012815705,"104 reward","14 reward"
"15321","M1","C4620083","14","105","C4620083 M1","reward",0.279415852301482,"105 reward","14 reward"
"15322","M1","C4620083","14","106","C4620083 M1","reward",0.278995451486538,"106 reward","14 reward"
"15323","M1","C4620083","14","107","C4620083 M1","reward",0.278993202364854,"107 reward","14 reward"
"15324","M1","C4620083","14","108","C4620083 M1","reward",0.278767488708033,"108 reward","14 reward"
"15325","M1","C4620083","14","109","C4620083 M1","reward",0.278635381063372,"109 reward","14 reward"
"15326","M1","C4620083","14","110","C4620083 M1","reward",0.278366593027255,"110 reward","14 reward"
"15327","M1","C4620083","14","111","C4620083 M1","reward",0.278177821219768,"111 reward","14 reward"
"15328","M1","C4620083","14","112","C4620083 M1","reward",0.278151453925714,"112 reward","14 reward"
"15329","M1","C4620083","14","113","C4620083 M1","reward",0.278027617184361,"113 reward","14 reward"
"15330","M1","C4620083","14","114","C4620083 M1","reward",0.277636401473443,"114 reward","14 reward"
"15331","M1","C4620083","14","115","C4620083 M1","reward",0.27727896700677,"115 reward","14 reward"
"15332","M1","C4620083","14","116","C4620083 M1","reward",0.276944074046634,"116 reward","14 reward"
"15333","M1","C4620083","14","117","C4620083 M1","reward",0.276771771762367,"117 reward","14 reward"
"15334","M1","C4620083","14","118","C4620083 M1","reward",0.276705241049854,"118 reward","14 reward"
"15335","M1","C4620083","14","119","C4620083 M1","reward",0.276058710965162,"119 reward","14 reward"
"15336","M1","C4620083","14","120","C4620083 M1","reward",0.27556698510747,"120 reward","14 reward"
"15337","M1","C4620083","14","121","C4620083 M1","reward",0.275134486868094,"121 reward","14 reward"
"15338","M1","C4620083","14","122","C4620083 M1","reward",0.27503603666511,"122 reward","14 reward"
"15339","M1","C4620083","14","123","C4620083 M1","reward",0.27430862538816,"123 reward","14 reward"
"15340","M1","C4620083","14","124","C4620083 M1","reward",0.273883186795916,"124 reward","14 reward"
"15341","M1","C4620083","14","125","C4620083 M1","reward",0.273757163156108,"125 reward","14 reward"
"15342","M1","C4620083","14","126","C4620083 M1","reward",0.273508577155027,"126 reward","14 reward"
"15343","M1","C4620083","14","127","C4620083 M1","reward",0.272037739135599,"127 reward","14 reward"
"15344","M1","C4620083","14","128","C4620083 M1","reward",0.271841691469103,"128 reward","14 reward"
"15345","M1","C4620083","14","129","C4620083 M1","reward",0.271196459087586,"129 reward","14 reward"
"15346","M1","C4620083","14","130","C4620083 M1","reward",0.271137746574984,"130 reward","14 reward"
"15347","M1","C4620083","14","131","C4620083 M1","reward",0.271102921545057,"131 reward","14 reward"
"15348","M1","C4620083","14","132","C4620083 M1","reward",0.27070612947672,"132 reward","14 reward"
"15349","M1","C4620083","14","133","C4620083 M1","reward",0.270313676318084,"133 reward","14 reward"
"15350","M1","C4620083","14","134","C4620083 M1","reward",0.269097391012686,"134 reward","14 reward"
"15351","M1","C4620083","14","135","C4620083 M1","reward",0.268569203236227,"135 reward","14 reward"
"15352","M1","C4620083","14","136","C4620083 M1","reward",0.268450914708741,"136 reward","14 reward"
"15353","M1","C4620083","14","137","C4620083 M1","reward",0.268381121397249,"137 reward","14 reward"
"15354","M1","C4620083","14","138","C4620083 M1","reward",0.26722646442809,"138 reward","14 reward"
"15355","M1","C4620083","14","139","C4620083 M1","reward",0.266966221988309,"139 reward","14 reward"
"15356","M1","C4620083","14","140","C4620083 M1","reward",0.266865121629344,"140 reward","14 reward"
"15357","M1","C4620083","14","141","C4620083 M1","reward",0.266063722673264,"141 reward","14 reward"
"15358","M1","C4620083","14","142","C4620083 M1","reward",0.265608768838638,"142 reward","14 reward"
"15359","M1","C4620083","14","143","C4620083 M1","reward",0.265342276529681,"143 reward","14 reward"
"15360","M1","C4620083","14","144","C4620083 M1","reward",0.264623016852799,"144 reward","14 reward"
"15361","M1","C4620083","14","145","C4620083 M1","reward",0.264567770152895,"145 reward","14 reward"
"15362","M1","C4620083","14","146","C4620083 M1","reward",0.26450665823507,"146 reward","14 reward"
"15363","M1","C4620083","14","147","C4620083 M1","reward",0.264244435491603,"147 reward","14 reward"
"15364","M1","C4620083","14","148","C4620083 M1","reward",0.264198681416002,"148 reward","14 reward"
"15365","M1","C4620083","14","149","C4620083 M1","reward",0.264173261334213,"149 reward","14 reward"
"15366","M1","C4620083","14","150","C4620083 M1","reward",0.264131338691329,"150 reward","14 reward"
"15367","M1","C4620083","14","151","C4620083 M1","reward",0.26401650918524,"151 reward","14 reward"
"15368","M1","C4620083","14","152","C4620083 M1","reward",0.263944487235717,"152 reward","14 reward"
"15369","M1","C4620083","14","153","C4620083 M1","reward",0.263514824590484,"153 reward","14 reward"
"15370","M1","C4620083","14","154","C4620083 M1","reward",0.263340726419286,"154 reward","14 reward"
"15371","M1","C4620083","14","155","C4620083 M1","reward",0.262984923509737,"155 reward","14 reward"
"15372","M1","C4620083","14","156","C4620083 M1","reward",0.26270656608493,"156 reward","14 reward"
"15373","M1","C4620083","14","157","C4620083 M1","reward",0.262656803964282,"157 reward","14 reward"
"15374","M1","C4620083","14","158","C4620083 M1","reward",0.262232517297278,"158 reward","14 reward"
"15375","M1","C4620083","14","159","C4620083 M1","reward",0.261977025064099,"159 reward","14 reward"
"15376","M1","C4620083","14","160","C4620083 M1","reward",0.261653676307713,"160 reward","14 reward"
"15377","M1","C4620083","14","161","C4620083 M1","reward",0.261074233207937,"161 reward","14 reward"
"15378","M1","C4620083","14","162","C4620083 M1","reward",0.260594663442468,"162 reward","14 reward"
"15379","M1","C4620083","14","163","C4620083 M1","reward",0.260346360450428,"163 reward","14 reward"
"15380","M1","C4620083","14","164","C4620083 M1","reward",0.260290529386495,"164 reward","14 reward"
"15381","M1","C4620083","14","165","C4620083 M1","reward",0.259708534700203,"165 reward","14 reward"
"15382","M1","C4620083","14","166","C4620083 M1","reward",0.259592086464117,"166 reward","14 reward"
"15383","M1","C4620083","14","167","C4620083 M1","reward",0.25905041774618,"167 reward","14 reward"
"15384","M1","C4620083","14","168","C4620083 M1","reward",0.259012879906203,"168 reward","14 reward"
"15385","M1","C4620083","14","169","C4620083 M1","reward",0.258764177304452,"169 reward","14 reward"
"15386","M1","C4620083","14","170","C4620083 M1","reward",0.258335039164445,"170 reward","14 reward"
"15387","M1","C4620083","14","171","C4620083 M1","reward",0.258304644705766,"171 reward","14 reward"
"15388","M1","C4620083","14","172","C4620083 M1","reward",0.257946721102814,"172 reward","14 reward"
"15389","M1","C4620083","14","173","C4620083 M1","reward",0.257894460098235,"173 reward","14 reward"
"15390","M1","C4620083","14","174","C4620083 M1","reward",0.257031751072117,"174 reward","14 reward"
"15391","M1","C4620083","14","175","C4620083 M1","reward",0.256374433670698,"175 reward","14 reward"
"15392","M1","C4620083","14","176","C4620083 M1","reward",0.256344003577073,"176 reward","14 reward"
"15393","M1","C4620083","14","177","C4620083 M1","reward",0.255859524332855,"177 reward","14 reward"
"15394","M1","C4620083","14","178","C4620083 M1","reward",0.255850438119532,"178 reward","14 reward"
"15395","M1","C4620083","14","179","C4620083 M1","reward",0.255841338218906,"179 reward","14 reward"
"15396","M1","C4620083","14","180","C4620083 M1","reward",0.255611554284755,"180 reward","14 reward"
"15397","M1","C4620083","14","181","C4620083 M1","reward",0.255306861681411,"181 reward","14 reward"
"15398","M1","C4620083","14","182","C4620083 M1","reward",0.255178950240296,"182 reward","14 reward"
"15399","M1","C4620083","14","183","C4620083 M1","reward",0.25506478657366,"183 reward","14 reward"
"15400","M1","C4620083","14","184","C4620083 M1","reward",0.254472951547862,"184 reward","14 reward"
"15401","M1","C4620083","14","185","C4620083 M1","reward",0.254375560465108,"185 reward","14 reward"
"15402","M1","C4620083","14","186","C4620083 M1","reward",0.253558370002709,"186 reward","14 reward"
"15403","M1","C4620083","14","187","C4620083 M1","reward",0.252820567697133,"187 reward","14 reward"
"15404","M1","C4620083","14","188","C4620083 M1","reward",0.252798823310313,"188 reward","14 reward"
"15405","M1","C4620083","14","189","C4620083 M1","reward",0.252775473011385,"189 reward","14 reward"
"15406","M1","C4620083","14","190","C4620083 M1","reward",0.252760860084128,"190 reward","14 reward"
"15407","M1","C4620083","14","191","C4620083 M1","reward",0.252431624911028,"191 reward","14 reward"
"15408","M1","C4620083","14","192","C4620083 M1","reward",0.252340519465383,"192 reward","14 reward"
"15409","M1","C4620083","14","193","C4620083 M1","reward",0.251841553596993,"193 reward","14 reward"
"15410","M1","C4620083","14","194","C4620083 M1","reward",0.251805337107353,"194 reward","14 reward"
"15411","M1","C4620083","14","195","C4620083 M1","reward",0.251745114385567,"195 reward","14 reward"
"15412","M1","C4620083","14","196","C4620083 M1","reward",0.251700496533294,"196 reward","14 reward"
"15413","M1","C4620083","14","197","C4620083 M1","reward",0.251428546489219,"197 reward","14 reward"
"15414","M1","C4620083","14","198","C4620083 M1","reward",0.250672747901753,"198 reward","14 reward"
"15415","M1","C4620083","14","199","C4620083 M1","reward",0.250015005155975,"199 reward","14 reward"
"15416","M1","C4620083","14","200","C4620083 M1","reward",0.249723629127495,"200 reward","14 reward"
"15417","M1","C4620083","14","201","C4620083 M1","reward",0.249647944991224,"201 reward","14 reward"
"15418","M1","C4620083","14","202","C4620083 M1","reward",0.249412584856838,"202 reward","14 reward"
"15419","M1","C4620083","14","203","C4620083 M1","reward",0.249010790203892,"203 reward","14 reward"
"15420","M1","C4620083","14","204","C4620083 M1","reward",0.248884900563892,"204 reward","14 reward"
"15421","M1","C4620083","14","205","C4620083 M1","reward",0.248854650076601,"205 reward","14 reward"
"15422","M1","C4620083","14","206","C4620083 M1","reward",0.248176249909922,"206 reward","14 reward"
"15423","M1","C4620083","14","207","C4620083 M1","reward",0.247887398714378,"207 reward","14 reward"
"15424","M1","C4620083","14","208","C4620083 M1","reward",0.247574735713227,"208 reward","14 reward"
"15425","M1","C4620083","14","209","C4620083 M1","reward",0.247570137397907,"209 reward","14 reward"
"15426","M1","C4620083","14","210","C4620083 M1","reward",0.247546234689687,"210 reward","14 reward"
"15427","M1","C4620083","14","211","C4620083 M1","reward",0.247508531650882,"211 reward","14 reward"
"15428","M1","C4620083","14","212","C4620083 M1","reward",0.247418511452659,"212 reward","14 reward"
"15429","M1","C4620083","14","213","C4620083 M1","reward",0.247410549341086,"213 reward","14 reward"
"15430","M1","C4620083","14","214","C4620083 M1","reward",0.246912064627594,"214 reward","14 reward"
"15431","M1","C4620083","14","215","C4620083 M1","reward",0.24667178274029,"215 reward","14 reward"
"15432","M1","C4620083","14","216","C4620083 M1","reward",0.246497054495224,"216 reward","14 reward"
"15433","M1","C4620083","14","217","C4620083 M1","reward",0.246415926410472,"217 reward","14 reward"
"15434","M1","C4620083","14","218","C4620083 M1","reward",0.246379257633391,"218 reward","14 reward"
"15435","M1","C4620083","14","219","C4620083 M1","reward",0.246309951026532,"219 reward","14 reward"
"15436","M1","C4620083","14","220","C4620083 M1","reward",0.246020036326502,"220 reward","14 reward"
"15437","M1","C4620083","14","221","C4620083 M1","reward",0.245413106569306,"221 reward","14 reward"
"15438","M1","C4620083","14","222","C4620083 M1","reward",0.245384748311403,"222 reward","14 reward"
"15439","M1","C4620083","14","223","C4620083 M1","reward",0.245305488762628,"223 reward","14 reward"
"15440","M1","C4620083","14","224","C4620083 M1","reward",0.244923182275951,"224 reward","14 reward"
"15441","M1","C4620083","14","225","C4620083 M1","reward",0.244897045335862,"225 reward","14 reward"
"15442","M1","C4620083","14","226","C4620083 M1","reward",0.244572384023286,"226 reward","14 reward"
"15443","M1","C4620083","14","227","C4620083 M1","reward",0.243478182502926,"227 reward","14 reward"
"15444","M1","C4620083","14","228","C4620083 M1","reward",0.243403139506262,"228 reward","14 reward"
"15445","M1","C4620083","14","229","C4620083 M1","reward",0.243320995886882,"229 reward","14 reward"
"15446","M1","C4620083","14","230","C4620083 M1","reward",0.243088472508595,"230 reward","14 reward"
"15447","M1","C4620083","14","231","C4620083 M1","reward",0.242992448213013,"231 reward","14 reward"
"15448","M1","C4620083","14","232","C4620083 M1","reward",0.24276053842373,"232 reward","14 reward"
"15449","M1","C4620083","14","233","C4620083 M1","reward",0.242517302228,"233 reward","14 reward"
"15450","M1","C4620083","14","234","C4620083 M1","reward",0.242044799113402,"234 reward","14 reward"
"15451","M1","C4620083","14","235","C4620083 M1","reward",0.241941808343431,"235 reward","14 reward"
"15452","M1","C4620083","14","236","C4620083 M1","reward",0.241858716495905,"236 reward","14 reward"
"15453","M1","C4620083","14","237","C4620083 M1","reward",0.241380321558988,"237 reward","14 reward"
"15454","M1","C4620083","14","238","C4620083 M1","reward",0.241350307780028,"238 reward","14 reward"
"15455","M1","C4620083","14","239","C4620083 M1","reward",0.241217786190804,"239 reward","14 reward"
"15456","M1","C4620083","14","240","C4620083 M1","reward",0.241086046352439,"240 reward","14 reward"
"15457","M1","C4620083","14","241","C4620083 M1","reward",0.240914731430479,"241 reward","14 reward"
"15458","M1","C4620083","14","242","C4620083 M1","reward",0.240722773410166,"242 reward","14 reward"
"15459","M1","C4620083","14","243","C4620083 M1","reward",0.240714249645522,"243 reward","14 reward"
"15460","M1","C4620083","14","244","C4620083 M1","reward",0.24037668931044,"244 reward","14 reward"
"15461","M1","C4620083","14","245","C4620083 M1","reward",0.240172672809194,"245 reward","14 reward"
"15462","M1","C4620083","14","246","C4620083 M1","reward",0.238949657543744,"246 reward","14 reward"
"15463","M1","C4620083","14","247","C4620083 M1","reward",0.238705756727089,"247 reward","14 reward"
"15464","M1","C4620083","14","248","C4620083 M1","reward",0.238687859606356,"248 reward","14 reward"
"15465","M1","C4620083","14","249","C4620083 M1","reward",0.238500628746344,"249 reward","14 reward"
"15466","M1","C4620083","14","250","C4620083 M1","reward",0.238498520979816,"250 reward","14 reward"
"15467","M1","C4620083","14","251","C4620083 M1","reward",0.238387955588591,"251 reward","14 reward"
"15468","M1","C4620083","14","252","C4620083 M1","reward",0.238235154455316,"252 reward","14 reward"
"15469","M1","C4620083","14","253","C4620083 M1","reward",0.238096634890748,"253 reward","14 reward"
"15470","M1","C4620083","14","254","C4620083 M1","reward",0.237986535804688,"254 reward","14 reward"
"15471","M1","C4620083","14","255","C4620083 M1","reward",0.237607607419055,"255 reward","14 reward"
"15472","M1","C4620083","14","256","C4620083 M1","reward",0.237551884779264,"256 reward","14 reward"
"15473","M1","C4620083","14","257","C4620083 M1","reward",0.237187810794073,"257 reward","14 reward"
"15474","M1","C4620083","14","258","C4620083 M1","reward",0.237070944345142,"258 reward","14 reward"
"15475","M1","C4620083","14","259","C4620083 M1","reward",0.23683139795499,"259 reward","14 reward"
"15476","M1","C4620083","14","260","C4620083 M1","reward",0.236802985372716,"260 reward","14 reward"
"15477","M1","C4620083","14","261","C4620083 M1","reward",0.236687747346669,"261 reward","14 reward"
"15478","M1","C4620083","14","262","C4620083 M1","reward",0.236605299902194,"262 reward","14 reward"
"15479","M1","C4620083","14","263","C4620083 M1","reward",0.236555854751138,"263 reward","14 reward"
"15480","M1","C4620083","14","264","C4620083 M1","reward",0.236298605574743,"264 reward","14 reward"
"15481","M1","C4620083","14","265","C4620083 M1","reward",0.236247523078112,"265 reward","14 reward"
"15482","M1","C4620083","14","266","C4620083 M1","reward",0.236110710261681,"266 reward","14 reward"
"15483","M1","C4620083","14","267","C4620083 M1","reward",0.235926787752184,"267 reward","14 reward"
"15484","M1","C4620083","14","268","C4620083 M1","reward",0.235831448963487,"268 reward","14 reward"
"15485","M1","C4620083","14","269","C4620083 M1","reward",0.235777570389488,"269 reward","14 reward"
"15486","M1","C4620083","14","270","C4620083 M1","reward",0.235609750408467,"270 reward","14 reward"
"15487","M1","C4620083","14","271","C4620083 M1","reward",0.235401501571782,"271 reward","14 reward"
"15488","M1","C4620083","14","272","C4620083 M1","reward",0.235325938593742,"272 reward","14 reward"
"15489","M1","C4620083","14","273","C4620083 M1","reward",0.235066916454744,"273 reward","14 reward"
"15490","M1","C4620083","14","274","C4620083 M1","reward",0.234998608071019,"274 reward","14 reward"
"15491","M1","C4620083","14","275","C4620083 M1","reward",0.234792401684071,"275 reward","14 reward"
"15492","M1","C4620083","14","276","C4620083 M1","reward",0.234212527924214,"276 reward","14 reward"
"15493","M1","C4620083","14","277","C4620083 M1","reward",0.234200260941764,"277 reward","14 reward"
"15494","M1","C4620083","14","278","C4620083 M1","reward",0.233906927191326,"278 reward","14 reward"
"15495","M1","C4620083","14","279","C4620083 M1","reward",0.233858829392651,"279 reward","14 reward"
"15496","M1","C4620083","14","280","C4620083 M1","reward",0.233824086482562,"280 reward","14 reward"
"15497","M1","C4620083","14","281","C4620083 M1","reward",0.233628785065141,"281 reward","14 reward"
"15498","M1","C4620083","14","282","C4620083 M1","reward",0.233612539265079,"282 reward","14 reward"
"15499","M1","C4620083","14","283","C4620083 M1","reward",0.233401928522949,"283 reward","14 reward"
"15500","M1","C4620083","14","284","C4620083 M1","reward",0.233025592885579,"284 reward","14 reward"
"15501","M1","C4620083","14","285","C4620083 M1","reward",0.232855120500457,"285 reward","14 reward"
"15502","M1","C4620083","14","286","C4620083 M1","reward",0.232409855050235,"286 reward","14 reward"
"15503","M1","C4620083","14","287","C4620083 M1","reward",0.232384413788944,"287 reward","14 reward"
"15504","M1","C4620083","14","288","C4620083 M1","reward",0.232288298726727,"288 reward","14 reward"
"15505","M1","C4620083","14","289","C4620083 M1","reward",0.232275259180948,"289 reward","14 reward"
"15506","M1","C4620083","14","290","C4620083 M1","reward",0.232175079935306,"290 reward","14 reward"
"15507","M1","C4620083","14","291","C4620083 M1","reward",0.232093898035378,"291 reward","14 reward"
"15508","M1","C4620083","14","292","C4620083 M1","reward",0.232012535031627,"292 reward","14 reward"
"15509","M1","C4620083","14","293","C4620083 M1","reward",0.231663354532863,"293 reward","14 reward"
"15510","M1","C4620083","14","294","C4620083 M1","reward",0.231531168594141,"294 reward","14 reward"
"15511","M1","C4620083","14","295","C4620083 M1","reward",0.231216233275778,"295 reward","14 reward"
"15512","M1","C4620083","14","296","C4620083 M1","reward",0.231193302533217,"296 reward","14 reward"
"15513","M1","C4620083","14","297","C4620083 M1","reward",0.231080069779822,"297 reward","14 reward"
"15514","M1","C4620083","14","298","C4620083 M1","reward",0.230869192966022,"298 reward","14 reward"
"15515","M1","C4620083","14","299","C4620083 M1","reward",0.230124980077547,"299 reward","14 reward"
"15516","M1","C4620083","14","300","C4620083 M1","reward",0.229800494985587,"300 reward","14 reward"
"15517","M1","C4620083","14","301","C4620083 M1","reward",0.229737834643649,"301 reward","14 reward"
"15518","M1","C4620083","14","302","C4620083 M1","reward",0.229666122270031,"302 reward","14 reward"
"15519","M1","C4620083","14","303","C4620083 M1","reward",0.229349440322297,"303 reward","14 reward"
"15520","M1","C4620083","14","304","C4620083 M1","reward",0.229009927856216,"304 reward","14 reward"
"15521","M1","C4620083","14","305","C4620083 M1","reward",0.228972678483178,"305 reward","14 reward"
"15522","M1","C4620083","14","306","C4620083 M1","reward",0.22896975050453,"306 reward","14 reward"
"15523","M1","C4620083","14","307","C4620083 M1","reward",0.228888801575388,"307 reward","14 reward"
"15524","M1","C4620083","14","308","C4620083 M1","reward",0.228773414692712,"308 reward","14 reward"
"15525","M1","C4620083","14","309","C4620083 M1","reward",0.228481816608796,"309 reward","14 reward"
"15526","M1","C4620083","14","310","C4620083 M1","reward",0.228197964919481,"310 reward","14 reward"
"15527","M1","C4620083","14","311","C4620083 M1","reward",0.227773760546391,"311 reward","14 reward"
"15528","M1","C4620083","14","312","C4620083 M1","reward",0.227164394863659,"312 reward","14 reward"
"15529","M1","C4620083","14","313","C4620083 M1","reward",0.226742396717627,"313 reward","14 reward"
"15530","M1","C4620083","14","314","C4620083 M1","reward",0.226634381038569,"314 reward","14 reward"
"15531","M1","C4620083","14","315","C4620083 M1","reward",0.226292494568818,"315 reward","14 reward"
"15532","M1","C4620083","14","316","C4620083 M1","reward",0.226212471425607,"316 reward","14 reward"
"15533","M1","C4620083","14","317","C4620083 M1","reward",0.226170599294126,"317 reward","14 reward"
"15534","M1","C4620083","14","318","C4620083 M1","reward",0.225690553118329,"318 reward","14 reward"
"15535","M1","C4620083","14","319","C4620083 M1","reward",0.224821619744608,"319 reward","14 reward"
"15536","M1","C4620083","14","320","C4620083 M1","reward",0.224568851661506,"320 reward","14 reward"
"15537","M1","C4620083","14","321","C4620083 M1","reward",0.224007016363002,"321 reward","14 reward"
"15538","M1","C4620083","14","322","C4620083 M1","reward",0.223707197154846,"322 reward","14 reward"
"15539","M1","C4620083","14","323","C4620083 M1","reward",0.22367953984142,"323 reward","14 reward"
"15540","M1","C4620083","14","324","C4620083 M1","reward",0.223541728336967,"324 reward","14 reward"
"15541","M1","C4620083","14","325","C4620083 M1","reward",0.223105007401909,"325 reward","14 reward"
"15542","M1","C4620083","14","326","C4620083 M1","reward",0.223074048240387,"326 reward","14 reward"
"15543","M1","C4620083","14","327","C4620083 M1","reward",0.222127118612264,"327 reward","14 reward"
"15544","M1","C4620083","14","328","C4620083 M1","reward",0.221782010139608,"328 reward","14 reward"
"15545","M1","C4620083","14","329","C4620083 M1","reward",0.221688458051811,"329 reward","14 reward"
"15546","M1","C4620083","14","330","C4620083 M1","reward",0.221435227342137,"330 reward","14 reward"
"15547","M1","C4620083","14","331","C4620083 M1","reward",0.221068211405541,"331 reward","14 reward"
"15548","M1","C4620083","14","332","C4620083 M1","reward",0.221011749070594,"332 reward","14 reward"
"15549","M1","C4620083","14","333","C4620083 M1","reward",0.22096645300045,"333 reward","14 reward"
"15550","M1","C4620083","14","334","C4620083 M1","reward",0.220590395401038,"334 reward","14 reward"
"15551","M1","C4620083","14","335","C4620083 M1","reward",0.220542403731237,"335 reward","14 reward"
"15552","M1","C4620083","14","336","C4620083 M1","reward",0.220439568250849,"336 reward","14 reward"
"15553","M1","C4620083","14","337","C4620083 M1","reward",0.220266120417219,"337 reward","14 reward"
"15554","M1","C4620083","14","338","C4620083 M1","reward",0.220191052636348,"338 reward","14 reward"
"15555","M1","C4620083","14","339","C4620083 M1","reward",0.22005454636634,"339 reward","14 reward"
"15556","M1","C4620083","14","340","C4620083 M1","reward",0.219998945576119,"340 reward","14 reward"
"15557","M1","C4620083","14","341","C4620083 M1","reward",0.219847063956927,"341 reward","14 reward"
"15558","M1","C4620083","14","342","C4620083 M1","reward",0.219720848790883,"342 reward","14 reward"
"15559","M1","C4620083","14","343","C4620083 M1","reward",0.219304371312362,"343 reward","14 reward"
"15560","M1","C4620083","14","344","C4620083 M1","reward",0.218965150447566,"344 reward","14 reward"
"15561","M1","C4620083","14","345","C4620083 M1","reward",0.218958517898898,"345 reward","14 reward"
"15562","M1","C4620083","14","346","C4620083 M1","reward",0.218758636956327,"346 reward","14 reward"
"15563","M1","C4620083","14","347","C4620083 M1","reward",0.218549157121491,"347 reward","14 reward"
"15564","M1","C4620083","14","348","C4620083 M1","reward",0.218502790343305,"348 reward","14 reward"
"15565","M1","C4620083","14","349","C4620083 M1","reward",0.218188913916153,"349 reward","14 reward"
"15566","M1","C4620083","14","350","C4620083 M1","reward",0.217816860419568,"350 reward","14 reward"
"15567","M1","C4620083","14","351","C4620083 M1","reward",0.217741891121253,"351 reward","14 reward"
"15568","M1","C4620083","14","352","C4620083 M1","reward",0.217669282559792,"352 reward","14 reward"
"15569","M1","C4620083","14","353","C4620083 M1","reward",0.216883403632922,"353 reward","14 reward"
"15570","M1","C4620083","14","354","C4620083 M1","reward",0.216832858057234,"354 reward","14 reward"
"15571","M1","C4620083","14","355","C4620083 M1","reward",0.2166496500803,"355 reward","14 reward"
"15572","M1","C4620083","14","356","C4620083 M1","reward",0.216638742757064,"356 reward","14 reward"
"15573","M1","C4620083","14","357","C4620083 M1","reward",0.216622823421597,"357 reward","14 reward"
"15574","M1","C4620083","14","358","C4620083 M1","reward",0.216434598958035,"358 reward","14 reward"
"15575","M1","C4620083","14","359","C4620083 M1","reward",0.216357474384543,"359 reward","14 reward"
"15576","M1","C4620083","14","360","C4620083 M1","reward",0.216210458549808,"360 reward","14 reward"
"15577","M1","C4620083","14","361","C4620083 M1","reward",0.21614615618211,"361 reward","14 reward"
"15578","M1","C4620083","14","362","C4620083 M1","reward",0.215934194605303,"362 reward","14 reward"
"15579","M1","C4620083","14","363","C4620083 M1","reward",0.215711463894244,"363 reward","14 reward"
"15580","M1","C4620083","14","364","C4620083 M1","reward",0.215593589053371,"364 reward","14 reward"
"15581","M1","C4620083","14","365","C4620083 M1","reward",0.215367480912742,"365 reward","14 reward"
"15582","M1","C4620083","14","366","C4620083 M1","reward",0.214833532045786,"366 reward","14 reward"
"15583","M1","C4620083","14","367","C4620083 M1","reward",0.214591349032804,"367 reward","14 reward"
"15584","M1","C4620083","14","368","C4620083 M1","reward",0.21456692622277,"368 reward","14 reward"
"15585","M1","C4620083","14","369","C4620083 M1","reward",0.214075647752077,"369 reward","14 reward"
"15586","M1","C4620083","14","370","C4620083 M1","reward",0.213908969310445,"370 reward","14 reward"
"15587","M1","C4620083","14","371","C4620083 M1","reward",0.213877028727531,"371 reward","14 reward"
"15588","M1","C4620083","14","372","C4620083 M1","reward",0.213858506681928,"372 reward","14 reward"
"15589","M1","C4620083","14","373","C4620083 M1","reward",0.213759747018789,"373 reward","14 reward"
"15590","M1","C4620083","14","374","C4620083 M1","reward",0.213736742848086,"374 reward","14 reward"
"15591","M1","C4620083","14","375","C4620083 M1","reward",0.21367623861888,"375 reward","14 reward"
"15592","M1","C4620083","14","376","C4620083 M1","reward",0.213516395311659,"376 reward","14 reward"
"15593","M1","C4620083","14","377","C4620083 M1","reward",0.213511134463129,"377 reward","14 reward"
"15594","M1","C4620083","14","378","C4620083 M1","reward",0.213446264907244,"378 reward","14 reward"
"15595","M1","C4620083","14","379","C4620083 M1","reward",0.213401475738086,"379 reward","14 reward"
"15596","M1","C4620083","14","380","C4620083 M1","reward",0.213400015774295,"380 reward","14 reward"
"15597","M1","C4620083","14","381","C4620083 M1","reward",0.213200940677705,"381 reward","14 reward"
"15598","M1","C4620083","14","382","C4620083 M1","reward",0.212876720649951,"382 reward","14 reward"
"15599","M1","C4620083","14","383","C4620083 M1","reward",0.212624297665225,"383 reward","14 reward"
"15600","M1","C4620083","14","384","C4620083 M1","reward",0.212172870036352,"384 reward","14 reward"
"15601","M1","C4620083","14","385","C4620083 M1","reward",0.212024701741619,"385 reward","14 reward"
"15602","M1","C4620083","14","386","C4620083 M1","reward",0.212001829592649,"386 reward","14 reward"
"15603","M1","C4620083","14","387","C4620083 M1","reward",0.211947546252296,"387 reward","14 reward"
"15604","M1","C4620083","14","388","C4620083 M1","reward",0.211902281768372,"388 reward","14 reward"
"15605","M1","C4620083","14","389","C4620083 M1","reward",0.21158712763705,"389 reward","14 reward"
"15606","M1","C4620083","14","390","C4620083 M1","reward",0.211457529697565,"390 reward","14 reward"
"15607","M1","C4620083","14","391","C4620083 M1","reward",0.211358138265755,"391 reward","14 reward"
"15608","M1","C4620083","14","392","C4620083 M1","reward",0.210920204300237,"392 reward","14 reward"
"15609","M1","C4620083","14","393","C4620083 M1","reward",0.210919880581488,"393 reward","14 reward"
"15610","M1","C4620083","14","394","C4620083 M1","reward",0.210647296049368,"394 reward","14 reward"
"15611","M1","C4620083","14","395","C4620083 M1","reward",0.210641653008728,"395 reward","14 reward"
"15612","M1","C4620083","14","396","C4620083 M1","reward",0.210200470141837,"396 reward","14 reward"
"15613","M1","C4620083","14","397","C4620083 M1","reward",0.210024607639615,"397 reward","14 reward"
"15614","M1","C4620083","14","398","C4620083 M1","reward",0.21000383699954,"398 reward","14 reward"
"15615","M1","C4620083","14","399","C4620083 M1","reward",0.209992043269757,"399 reward","14 reward"
"15616","M1","C4620083","14","400","C4620083 M1","reward",0.209968227974847,"400 reward","14 reward"
"15617","M1","C4620083","14","401","C4620083 M1","reward",0.209842385363805,"401 reward","14 reward"
"15618","M1","C4620083","14","402","C4620083 M1","reward",0.209627360398183,"402 reward","14 reward"
"15619","M1","C4620083","14","403","C4620083 M1","reward",0.20886972356449,"403 reward","14 reward"
"15620","M1","C4620083","14","404","C4620083 M1","reward",0.208696927973326,"404 reward","14 reward"
"15621","M1","C4620083","14","405","C4620083 M1","reward",0.208507152497745,"405 reward","14 reward"
"15622","M1","C4620083","14","406","C4620083 M1","reward",0.208492327210752,"406 reward","14 reward"
"15623","M1","C4620083","14","407","C4620083 M1","reward",0.208467119125952,"407 reward","14 reward"
"15624","M1","C4620083","14","408","C4620083 M1","reward",0.208276541242219,"408 reward","14 reward"
"15625","M1","C4620083","14","409","C4620083 M1","reward",0.208026603617725,"409 reward","14 reward"
"15626","M1","C4620083","14","410","C4620083 M1","reward",0.207815565310701,"410 reward","14 reward"
"15627","M1","C4620083","14","411","C4620083 M1","reward",0.207209997732371,"411 reward","14 reward"
"15628","M1","C4620083","14","412","C4620083 M1","reward",0.207121484808953,"412 reward","14 reward"
"15629","M1","C4620083","14","413","C4620083 M1","reward",0.207073417719638,"413 reward","14 reward"
"15630","M1","C4620083","14","414","C4620083 M1","reward",0.206737055385292,"414 reward","14 reward"
"15631","M1","C4620083","14","415","C4620083 M1","reward",0.206697956053134,"415 reward","14 reward"
"15632","M1","C4620083","14","416","C4620083 M1","reward",0.206547236274548,"416 reward","14 reward"
"15633","M1","C4620083","14","417","C4620083 M1","reward",0.20647748142826,"417 reward","14 reward"
"15634","M1","C4620083","14","418","C4620083 M1","reward",0.206382667762658,"418 reward","14 reward"
"15635","M1","C4620083","14","419","C4620083 M1","reward",0.206373741197107,"419 reward","14 reward"
"15636","M1","C4620083","14","420","C4620083 M1","reward",0.206124462161549,"420 reward","14 reward"
"15637","M1","C4620083","14","421","C4620083 M1","reward",0.20580541983118,"421 reward","14 reward"
"15638","M1","C4620083","14","422","C4620083 M1","reward",0.205745510247931,"422 reward","14 reward"
"15639","M1","C4620083","14","423","C4620083 M1","reward",0.205742690327341,"423 reward","14 reward"
"15640","M1","C4620083","14","424","C4620083 M1","reward",0.205699486589255,"424 reward","14 reward"
"15641","M1","C4620083","14","425","C4620083 M1","reward",0.20545934370629,"425 reward","14 reward"
"15642","M1","C4620083","14","426","C4620083 M1","reward",0.205229017133446,"426 reward","14 reward"
"15643","M1","C4620083","14","427","C4620083 M1","reward",0.205178851595884,"427 reward","14 reward"
"15644","M1","C4620083","14","428","C4620083 M1","reward",0.205169837529055,"428 reward","14 reward"
"15645","M1","C4620083","14","429","C4620083 M1","reward",0.204817665198003,"429 reward","14 reward"
"15646","M1","C4620083","14","430","C4620083 M1","reward",0.204499488607098,"430 reward","14 reward"
"15647","M1","C4620083","14","431","C4620083 M1","reward",0.204375113941452,"431 reward","14 reward"
"15648","M1","C4620083","14","432","C4620083 M1","reward",0.2043494558698,"432 reward","14 reward"
"15649","M1","C4620083","14","433","C4620083 M1","reward",0.203890717739957,"433 reward","14 reward"
"15650","M1","C4620083","14","434","C4620083 M1","reward",0.203540612852903,"434 reward","14 reward"
"15651","M1","C4620083","14","435","C4620083 M1","reward",0.203018238258537,"435 reward","14 reward"
"15652","M1","C4620083","14","436","C4620083 M1","reward",0.203013626918953,"436 reward","14 reward"
"15653","M1","C4620083","14","437","C4620083 M1","reward",0.202960050886659,"437 reward","14 reward"
"15654","M1","C4620083","14","438","C4620083 M1","reward",0.202225065861907,"438 reward","14 reward"
"15655","M1","C4620083","14","439","C4620083 M1","reward",0.202119071662283,"439 reward","14 reward"
"15656","M1","C4620083","14","440","C4620083 M1","reward",0.201924162138009,"440 reward","14 reward"
"15657","M1","C4620083","14","441","C4620083 M1","reward",0.201862536854646,"441 reward","14 reward"
"15658","M1","C4620083","14","442","C4620083 M1","reward",0.201628390662829,"442 reward","14 reward"
"15659","M1","C4620083","14","443","C4620083 M1","reward",0.201616857928257,"443 reward","14 reward"
"15660","M1","C4620083","14","444","C4620083 M1","reward",0.201318311193749,"444 reward","14 reward"
"15661","M1","C4620083","14","445","C4620083 M1","reward",0.200809288282207,"445 reward","14 reward"
"15662","M1","C4620083","14","446","C4620083 M1","reward",0.200630885612922,"446 reward","14 reward"
"15663","M1","C4620083","14","447","C4620083 M1","reward",0.200574396434676,"447 reward","14 reward"
"15664","M1","C4620083","14","448","C4620083 M1","reward",0.200365605540546,"448 reward","14 reward"
"15665","M1","C4620083","14","449","C4620083 M1","reward",0.200285375619677,"449 reward","14 reward"
"15666","M1","C4620083","14","450","C4620083 M1","reward",0.199765346662812,"450 reward","14 reward"
"15667","M1","C4620083","14","451","C4620083 M1","reward",0.199581884905255,"451 reward","14 reward"
"15668","M1","C4620083","14","452","C4620083 M1","reward",0.199504939598548,"452 reward","14 reward"
"15669","M1","C4620083","14","453","C4620083 M1","reward",0.199395933556528,"453 reward","14 reward"
"15670","M1","C4620083","14","454","C4620083 M1","reward",0.199197845432182,"454 reward","14 reward"
"15671","M1","C4620083","14","455","C4620083 M1","reward",0.19918012003998,"455 reward","14 reward"
"15672","M1","C4620083","14","456","C4620083 M1","reward",0.198907190959502,"456 reward","14 reward"
"15673","M1","C4620083","14","457","C4620083 M1","reward",0.198832684165087,"457 reward","14 reward"
"15674","M1","C4620083","14","458","C4620083 M1","reward",0.198829060094719,"458 reward","14 reward"
"15675","M1","C4620083","14","459","C4620083 M1","reward",0.198706791206148,"459 reward","14 reward"
"15676","M1","C4620083","14","460","C4620083 M1","reward",0.198596387832741,"460 reward","14 reward"
"15677","M1","C4620083","14","461","C4620083 M1","reward",0.198224426876954,"461 reward","14 reward"
"15678","M1","C4620083","14","462","C4620083 M1","reward",0.198087581649127,"462 reward","14 reward"
"15679","M1","C4620083","14","463","C4620083 M1","reward",0.197832054827453,"463 reward","14 reward"
"15680","M1","C4620083","14","464","C4620083 M1","reward",0.197623525628022,"464 reward","14 reward"
"15681","M1","C4620083","14","465","C4620083 M1","reward",0.197430615228952,"465 reward","14 reward"
"15682","M1","C4620083","14","466","C4620083 M1","reward",0.197331017095357,"466 reward","14 reward"
"15683","M1","C4620083","14","467","C4620083 M1","reward",0.197287166645561,"467 reward","14 reward"
"15684","M1","C4620083","14","468","C4620083 M1","reward",0.197197496736339,"468 reward","14 reward"
"15685","M1","C4620083","14","469","C4620083 M1","reward",0.197009322957344,"469 reward","14 reward"
"15686","M1","C4620083","14","470","C4620083 M1","reward",0.196961872438051,"470 reward","14 reward"
"15687","M1","C4620083","14","471","C4620083 M1","reward",0.196700999353723,"471 reward","14 reward"
"15688","M1","C4620083","14","472","C4620083 M1","reward",0.196549783626698,"472 reward","14 reward"
"15689","M1","C4620083","14","473","C4620083 M1","reward",0.196369806339654,"473 reward","14 reward"
"15690","M1","C4620083","14","474","C4620083 M1","reward",0.196306771467915,"474 reward","14 reward"
"15691","M1","C4620083","14","475","C4620083 M1","reward",0.19621237518403,"475 reward","14 reward"
"15692","M1","C4620083","14","476","C4620083 M1","reward",0.196200445885762,"476 reward","14 reward"
"15693","M1","C4620083","14","477","C4620083 M1","reward",0.196097323080293,"477 reward","14 reward"
"15694","M1","C4620083","14","478","C4620083 M1","reward",0.196043514660975,"478 reward","14 reward"
"15695","M1","C4620083","14","479","C4620083 M1","reward",0.19602892130486,"479 reward","14 reward"
"15696","M1","C4620083","14","480","C4620083 M1","reward",0.195954415012203,"480 reward","14 reward"
"15697","M1","C4620083","14","481","C4620083 M1","reward",0.195822550576863,"481 reward","14 reward"
"15698","M1","C4620083","14","482","C4620083 M1","reward",0.195716909573972,"482 reward","14 reward"
"15699","M1","C4620083","14","483","C4620083 M1","reward",0.195447411082438,"483 reward","14 reward"
"15700","M1","C4620083","14","484","C4620083 M1","reward",0.195287879925794,"484 reward","14 reward"
"15701","M1","C4620083","14","485","C4620083 M1","reward",0.195028452246581,"485 reward","14 reward"
"15702","M1","C4620083","14","486","C4620083 M1","reward",0.194945335730221,"486 reward","14 reward"
"15703","M1","C4620083","14","487","C4620083 M1","reward",0.19489689475994,"487 reward","14 reward"
"15704","M1","C4620083","14","488","C4620083 M1","reward",0.194836452237709,"488 reward","14 reward"
"15705","M1","C4620083","14","489","C4620083 M1","reward",0.194749403934624,"489 reward","14 reward"
"15706","M1","C4620083","14","490","C4620083 M1","reward",0.194715900030459,"490 reward","14 reward"
"15707","M1","C4620083","14","491","C4620083 M1","reward",0.194478596328907,"491 reward","14 reward"
"15708","M1","C4620083","14","492","C4620083 M1","reward",0.193845289283263,"492 reward","14 reward"
"15709","M1","C4620083","14","493","C4620083 M1","reward",0.193810523169537,"493 reward","14 reward"
"15710","M1","C4620083","14","494","C4620083 M1","reward",0.19365790903645,"494 reward","14 reward"
"15711","M1","C4620083","14","495","C4620083 M1","reward",0.193594688129704,"495 reward","14 reward"
"15712","M1","C4620083","14","496","C4620083 M1","reward",0.193518385849634,"496 reward","14 reward"
"15713","M1","C4620083","14","497","C4620083 M1","reward",0.193502252672769,"497 reward","14 reward"
"15714","M1","C4620083","14","498","C4620083 M1","reward",0.193379069822197,"498 reward","14 reward"
"15715","M1","C4620083","14","499","C4620083 M1","reward",0.193187457171479,"499 reward","14 reward"
"15716","M1","C4620083","14","500","C4620083 M1","reward",0.193175178932314,"500 reward","14 reward"
"15717","M1","C4620083","14","501","C4620083 M1","reward",0.192974360582412,"501 reward","14 reward"
"15718","M1","C4620083","14","502","C4620083 M1","reward",0.192571309635655,"502 reward","14 reward"
"15719","M1","C4620083","14","503","C4620083 M1","reward",0.192234854817298,"503 reward","14 reward"
"15720","M1","C4620083","14","504","C4620083 M1","reward",0.192171403065792,"504 reward","14 reward"
"15721","M1","C4620083","14","505","C4620083 M1","reward",0.192102574852164,"505 reward","14 reward"
"15722","M1","C4620083","14","506","C4620083 M1","reward",0.192068661022774,"506 reward","14 reward"
"15723","M1","C4620083","14","507","C4620083 M1","reward",0.192037080082425,"507 reward","14 reward"
"15724","M1","C4620083","14","508","C4620083 M1","reward",0.192001325977316,"508 reward","14 reward"
"15725","M1","C4620083","14","509","C4620083 M1","reward",0.191996855333884,"509 reward","14 reward"
"15726","M1","C4620083","14","510","C4620083 M1","reward",0.191757491612028,"510 reward","14 reward"
"15727","M1","C4620083","14","511","C4620083 M1","reward",0.191510481300791,"511 reward","14 reward"
"15728","M1","C4620083","14","512","C4620083 M1","reward",0.191227392946906,"512 reward","14 reward"
"15729","M1","C4620083","14","513","C4620083 M1","reward",0.191080957603769,"513 reward","14 reward"
"15730","M1","C4620083","14","514","C4620083 M1","reward",0.190805103422216,"514 reward","14 reward"
"15731","M1","C4620083","14","515","C4620083 M1","reward",0.190787654674745,"515 reward","14 reward"
"15732","M1","C4620083","14","516","C4620083 M1","reward",0.19059814969941,"516 reward","14 reward"
"15733","M1","C4620083","14","517","C4620083 M1","reward",0.190593665446396,"517 reward","14 reward"
"15734","M1","C4620083","14","518","C4620083 M1","reward",0.190463034592188,"518 reward","14 reward"
"15735","M1","C4620083","14","519","C4620083 M1","reward",0.190304913926729,"519 reward","14 reward"
"15736","M1","C4620083","14","520","C4620083 M1","reward",0.190120974385308,"520 reward","14 reward"
"15737","M1","C4620083","14","521","C4620083 M1","reward",0.190103291461459,"521 reward","14 reward"
"15738","M1","C4620083","14","522","C4620083 M1","reward",0.189818151857894,"522 reward","14 reward"
"15739","M1","C4620083","14","523","C4620083 M1","reward",0.189692296587068,"523 reward","14 reward"
"15740","M1","C4620083","14","524","C4620083 M1","reward",0.189546529048114,"524 reward","14 reward"
"15741","M1","C4620083","14","525","C4620083 M1","reward",0.189398716215407,"525 reward","14 reward"
"15742","M1","C4620083","14","526","C4620083 M1","reward",0.189333258551534,"526 reward","14 reward"
"15743","M1","C4620083","14","527","C4620083 M1","reward",0.189289888114644,"527 reward","14 reward"
"15744","M1","C4620083","14","528","C4620083 M1","reward",0.189072456398211,"528 reward","14 reward"
"15745","M1","C4620083","14","529","C4620083 M1","reward",0.188899779842092,"529 reward","14 reward"
"15746","M1","C4620083","14","530","C4620083 M1","reward",0.18863766164934,"530 reward","14 reward"
"15747","M1","C4620083","14","531","C4620083 M1","reward",0.188477395772422,"531 reward","14 reward"
"15748","M1","C4620083","14","532","C4620083 M1","reward",0.187779453847534,"532 reward","14 reward"
"15749","M1","C4620083","14","533","C4620083 M1","reward",0.187160239456409,"533 reward","14 reward"
"15750","M1","C4620083","14","534","C4620083 M1","reward",0.187037436868993,"534 reward","14 reward"
"15751","M1","C4620083","14","535","C4620083 M1","reward",0.186366800525737,"535 reward","14 reward"
"15752","M1","C4620083","14","536","C4620083 M1","reward",0.186167253413759,"536 reward","14 reward"
"15753","M1","C4620083","14","537","C4620083 M1","reward",0.185741892277001,"537 reward","14 reward"
"15754","M1","C4620083","14","538","C4620083 M1","reward",0.185360668705701,"538 reward","14 reward"
"15755","M1","C4620083","14","539","C4620083 M1","reward",0.185243207274572,"539 reward","14 reward"
"15756","M1","C4620083","14","540","C4620083 M1","reward",0.184931928053493,"540 reward","14 reward"
"15757","M1","C4620083","14","541","C4620083 M1","reward",0.184837904979168,"541 reward","14 reward"
"15758","M1","C4620083","14","542","C4620083 M1","reward",0.184538056791096,"542 reward","14 reward"
"15759","M1","C4620083","14","543","C4620083 M1","reward",0.184437695756754,"543 reward","14 reward"
"15760","M1","C4620083","14","544","C4620083 M1","reward",0.184141981219019,"544 reward","14 reward"
"15761","M1","C4620083","14","545","C4620083 M1","reward",0.184060485242004,"545 reward","14 reward"
"15762","M1","C4620083","14","546","C4620083 M1","reward",0.18404898766172,"546 reward","14 reward"
"15763","M1","C4620083","14","547","C4620083 M1","reward",0.183992268750424,"547 reward","14 reward"
"15764","M1","C4620083","14","548","C4620083 M1","reward",0.183705974989155,"548 reward","14 reward"
"15765","M1","C4620083","14","549","C4620083 M1","reward",0.183696674372188,"549 reward","14 reward"
"15766","M1","C4620083","14","550","C4620083 M1","reward",0.183479283765009,"550 reward","14 reward"
"15767","M1","C4620083","14","551","C4620083 M1","reward",0.183201013199029,"551 reward","14 reward"
"15768","M1","C4620083","14","552","C4620083 M1","reward",0.183147519975273,"552 reward","14 reward"
"15769","M1","C4620083","14","553","C4620083 M1","reward",0.183028164655567,"553 reward","14 reward"
"15770","M1","C4620083","14","554","C4620083 M1","reward",0.18271204030399,"554 reward","14 reward"
"15771","M1","C4620083","14","555","C4620083 M1","reward",0.182700359118383,"555 reward","14 reward"
"15772","M1","C4620083","14","556","C4620083 M1","reward",0.182160119912955,"556 reward","14 reward"
"15773","M1","C4620083","14","557","C4620083 M1","reward",0.182014931526236,"557 reward","14 reward"
"15774","M1","C4620083","14","558","C4620083 M1","reward",0.182007872474071,"558 reward","14 reward"
"15775","M1","C4620083","14","559","C4620083 M1","reward",0.181998113831639,"559 reward","14 reward"
"15776","M1","C4620083","14","560","C4620083 M1","reward",0.181713447092167,"560 reward","14 reward"
"15777","M1","C4620083","14","561","C4620083 M1","reward",0.181632200617332,"561 reward","14 reward"
"15778","M1","C4620083","14","562","C4620083 M1","reward",0.181518409998571,"562 reward","14 reward"
"15779","M1","C4620083","14","563","C4620083 M1","reward",0.180995926877939,"563 reward","14 reward"
"15780","M1","C4620083","14","564","C4620083 M1","reward",0.180939182673801,"564 reward","14 reward"
"15781","M1","C4620083","14","565","C4620083 M1","reward",0.180844725693448,"565 reward","14 reward"
"15782","M1","C4620083","14","566","C4620083 M1","reward",0.180579176055094,"566 reward","14 reward"
"15783","M1","C4620083","14","567","C4620083 M1","reward",0.180249614026939,"567 reward","14 reward"
"15784","M1","C4620083","14","568","C4620083 M1","reward",0.180210077838331,"568 reward","14 reward"
"15785","M1","C4620083","14","569","C4620083 M1","reward",0.180037305664824,"569 reward","14 reward"
"15786","M1","C4620083","14","570","C4620083 M1","reward",0.179987190322396,"570 reward","14 reward"
"15787","M1","C4620083","14","571","C4620083 M1","reward",0.179975840507141,"571 reward","14 reward"
"15788","M1","C4620083","14","572","C4620083 M1","reward",0.179629726329894,"572 reward","14 reward"
"15789","M1","C4620083","14","573","C4620083 M1","reward",0.179103197728557,"573 reward","14 reward"
"15790","M1","C4620083","14","574","C4620083 M1","reward",0.179062227884856,"574 reward","14 reward"
"15791","M1","C4620083","14","575","C4620083 M1","reward",0.178977226917783,"575 reward","14 reward"
"15792","M1","C4620083","14","576","C4620083 M1","reward",0.178739680082795,"576 reward","14 reward"
"15793","M1","C4620083","14","577","C4620083 M1","reward",0.178665011032456,"577 reward","14 reward"
"15794","M1","C4620083","14","578","C4620083 M1","reward",0.178496908429775,"578 reward","14 reward"
"15795","M1","C4620083","14","579","C4620083 M1","reward",0.178453972097759,"579 reward","14 reward"
"15796","M1","C4620083","14","580","C4620083 M1","reward",0.178295385094423,"580 reward","14 reward"
"15797","M1","C4620083","14","581","C4620083 M1","reward",0.178225090753909,"581 reward","14 reward"
"15798","M1","C4620083","14","582","C4620083 M1","reward",0.178209535479265,"582 reward","14 reward"
"15799","M1","C4620083","14","583","C4620083 M1","reward",0.178073429735395,"583 reward","14 reward"
"15800","M1","C4620083","14","584","C4620083 M1","reward",0.177369307975008,"584 reward","14 reward"
"15801","M1","C4620083","14","585","C4620083 M1","reward",0.177316396319451,"585 reward","14 reward"
"15802","M1","C4620083","14","586","C4620083 M1","reward",0.177157834745996,"586 reward","14 reward"
"15803","M1","C4620083","14","587","C4620083 M1","reward",0.177143391551538,"587 reward","14 reward"
"15804","M1","C4620083","14","588","C4620083 M1","reward",0.177129505223745,"588 reward","14 reward"
"15805","M1","C4620083","14","589","C4620083 M1","reward",0.17693745824195,"589 reward","14 reward"
"15806","M1","C4620083","14","590","C4620083 M1","reward",0.176863586198898,"590 reward","14 reward"
"15807","M1","C4620083","14","591","C4620083 M1","reward",0.176727909914266,"591 reward","14 reward"
"15808","M1","C4620083","14","592","C4620083 M1","reward",0.176574701544366,"592 reward","14 reward"
"15809","M1","C4620083","14","593","C4620083 M1","reward",0.17650907580194,"593 reward","14 reward"
"15810","M1","C4620083","14","594","C4620083 M1","reward",0.175998037746926,"594 reward","14 reward"
"15811","M1","C4620083","14","595","C4620083 M1","reward",0.17580395995193,"595 reward","14 reward"
"15812","M1","C4620083","14","596","C4620083 M1","reward",0.17576175232666,"596 reward","14 reward"
"15813","M1","C4620083","14","597","C4620083 M1","reward",0.17567358489209,"597 reward","14 reward"
"15814","M1","C4620083","14","598","C4620083 M1","reward",0.175311230730942,"598 reward","14 reward"
"15815","M1","C4620083","14","599","C4620083 M1","reward",0.174949278626087,"599 reward","14 reward"
"15816","M1","C4620083","14","600","C4620083 M1","reward",0.174924145851554,"600 reward","14 reward"
"15817","M1","C4620083","14","601","C4620083 M1","reward",0.174810931322844,"601 reward","14 reward"
"15818","M1","C4620083","14","602","C4620083 M1","reward",0.174753028551578,"602 reward","14 reward"
"15819","M1","C4620083","14","603","C4620083 M1","reward",0.174548683076352,"603 reward","14 reward"
"15820","M1","C4620083","14","604","C4620083 M1","reward",0.174496029210107,"604 reward","14 reward"
"15821","M1","C4620083","14","605","C4620083 M1","reward",0.174476685046542,"605 reward","14 reward"
"15822","M1","C4620083","14","606","C4620083 M1","reward",0.174370494902041,"606 reward","14 reward"
"15823","M1","C4620083","14","607","C4620083 M1","reward",0.174326932802901,"607 reward","14 reward"
"15824","M1","C4620083","14","608","C4620083 M1","reward",0.174101460183344,"608 reward","14 reward"
"15825","M1","C4620083","14","609","C4620083 M1","reward",0.17395364151105,"609 reward","14 reward"
"15826","M1","C4620083","14","610","C4620083 M1","reward",0.173863272397805,"610 reward","14 reward"
"15827","M1","C4620083","14","611","C4620083 M1","reward",0.173744291441051,"611 reward","14 reward"
"15828","M1","C4620083","14","612","C4620083 M1","reward",0.173679970292592,"612 reward","14 reward"
"15829","M1","C4620083","14","613","C4620083 M1","reward",0.173644478859141,"613 reward","14 reward"
"15830","M1","C4620083","14","614","C4620083 M1","reward",0.173438807575799,"614 reward","14 reward"
"15831","M1","C4620083","14","615","C4620083 M1","reward",0.173267292931911,"615 reward","14 reward"
"15832","M1","C4620083","14","616","C4620083 M1","reward",0.17316688506602,"616 reward","14 reward"
"15833","M1","C4620083","14","617","C4620083 M1","reward",0.173120478924738,"617 reward","14 reward"
"15834","M1","C4620083","14","618","C4620083 M1","reward",0.173044981553697,"618 reward","14 reward"
"15835","M1","C4620083","14","619","C4620083 M1","reward",0.172853159701571,"619 reward","14 reward"
"15836","M1","C4620083","14","620","C4620083 M1","reward",0.172800654002583,"620 reward","14 reward"
"15837","M1","C4620083","14","621","C4620083 M1","reward",0.172748560853127,"621 reward","14 reward"
"15838","M1","C4620083","14","622","C4620083 M1","reward",0.172668689224459,"622 reward","14 reward"
"15839","M1","C4620083","14","623","C4620083 M1","reward",0.172648919799176,"623 reward","14 reward"
"15840","M1","C4620083","14","624","C4620083 M1","reward",0.172360036480721,"624 reward","14 reward"
"15841","M1","C4620083","14","625","C4620083 M1","reward",0.172241472327085,"625 reward","14 reward"
"15842","M1","C4620083","14","626","C4620083 M1","reward",0.172107689386736,"626 reward","14 reward"
"15843","M1","C4620083","14","627","C4620083 M1","reward",0.17203924476679,"627 reward","14 reward"
"15844","M1","C4620083","14","628","C4620083 M1","reward",0.172035408534337,"628 reward","14 reward"
"15845","M1","C4620083","14","629","C4620083 M1","reward",0.171805314989317,"629 reward","14 reward"
"15846","M1","C4620083","14","630","C4620083 M1","reward",0.171491525123322,"630 reward","14 reward"
"15847","M1","C4620083","14","631","C4620083 M1","reward",0.171426094875268,"631 reward","14 reward"
"15848","M1","C4620083","14","632","C4620083 M1","reward",0.170987842450721,"632 reward","14 reward"
"15849","M1","C4620083","14","633","C4620083 M1","reward",0.170756694665201,"633 reward","14 reward"
"15850","M1","C4620083","14","634","C4620083 M1","reward",0.170743118895892,"634 reward","14 reward"
"15851","M1","C4620083","14","635","C4620083 M1","reward",0.170732746247581,"635 reward","14 reward"
"15852","M1","C4620083","14","636","C4620083 M1","reward",0.170645600003487,"636 reward","14 reward"
"15853","M1","C4620083","14","637","C4620083 M1","reward",0.170561569878525,"637 reward","14 reward"
"15854","M1","C4620083","14","638","C4620083 M1","reward",0.170443229891064,"638 reward","14 reward"
"15855","M1","C4620083","14","639","C4620083 M1","reward",0.170136211903816,"639 reward","14 reward"
"15856","M1","C4620083","14","640","C4620083 M1","reward",0.170085849797588,"640 reward","14 reward"
"15857","M1","C4620083","14","641","C4620083 M1","reward",0.169888347577848,"641 reward","14 reward"
"15858","M1","C4620083","14","642","C4620083 M1","reward",0.169846105112727,"642 reward","14 reward"
"15859","M1","C4620083","14","643","C4620083 M1","reward",0.169801928984429,"643 reward","14 reward"
"15860","M1","C4620083","14","644","C4620083 M1","reward",0.169788598169668,"644 reward","14 reward"
"15861","M1","C4620083","14","645","C4620083 M1","reward",0.169584198438218,"645 reward","14 reward"
"15862","M1","C4620083","14","646","C4620083 M1","reward",0.169529355161611,"646 reward","14 reward"
"15863","M1","C4620083","14","647","C4620083 M1","reward",0.169502526334315,"647 reward","14 reward"
"15864","M1","C4620083","14","648","C4620083 M1","reward",0.169186691683311,"648 reward","14 reward"
"15865","M1","C4620083","14","649","C4620083 M1","reward",0.169001634608231,"649 reward","14 reward"
"15866","M1","C4620083","14","650","C4620083 M1","reward",0.168925331876011,"650 reward","14 reward"
"15867","M1","C4620083","14","651","C4620083 M1","reward",0.168633347553419,"651 reward","14 reward"
"15868","M1","C4620083","14","652","C4620083 M1","reward",0.168306508346978,"652 reward","14 reward"
"15869","M1","C4620083","14","653","C4620083 M1","reward",0.16816299217092,"653 reward","14 reward"
"15870","M1","C4620083","14","654","C4620083 M1","reward",0.167869825259771,"654 reward","14 reward"
"15871","M1","C4620083","14","655","C4620083 M1","reward",0.167786675123121,"655 reward","14 reward"
"15872","M1","C4620083","14","656","C4620083 M1","reward",0.167779236843321,"656 reward","14 reward"
"15873","M1","C4620083","14","657","C4620083 M1","reward",0.167668839459647,"657 reward","14 reward"
"15874","M1","C4620083","14","658","C4620083 M1","reward",0.167617725309866,"658 reward","14 reward"
"15875","M1","C4620083","14","659","C4620083 M1","reward",0.167561079118517,"659 reward","14 reward"
"15876","M1","C4620083","14","660","C4620083 M1","reward",0.167154321651254,"660 reward","14 reward"
"15877","M1","C4620083","14","661","C4620083 M1","reward",0.167049711180743,"661 reward","14 reward"
"15878","M1","C4620083","14","662","C4620083 M1","reward",0.166926889063964,"662 reward","14 reward"
"15879","M1","C4620083","14","663","C4620083 M1","reward",0.166900016126591,"663 reward","14 reward"
"15880","M1","C4620083","14","664","C4620083 M1","reward",0.166645335157093,"664 reward","14 reward"
"15881","M1","C4620083","14","665","C4620083 M1","reward",0.166519198813914,"665 reward","14 reward"
"15882","M1","C4620083","14","666","C4620083 M1","reward",0.16631244895682,"666 reward","14 reward"
"15883","M1","C4620083","14","667","C4620083 M1","reward",0.166170139408841,"667 reward","14 reward"
"15884","M1","C4620083","14","668","C4620083 M1","reward",0.165841566444046,"668 reward","14 reward"
"15885","M1","C4620083","14","669","C4620083 M1","reward",0.165807122903016,"669 reward","14 reward"
"15886","M1","C4620083","14","670","C4620083 M1","reward",0.165555705166493,"670 reward","14 reward"
"15887","M1","C4620083","14","671","C4620083 M1","reward",0.165399586767295,"671 reward","14 reward"
"15888","M1","C4620083","14","672","C4620083 M1","reward",0.165304283640999,"672 reward","14 reward"
"15889","M1","C4620083","14","673","C4620083 M1","reward",0.165119543379845,"673 reward","14 reward"
"15890","M1","C4620083","14","674","C4620083 M1","reward",0.165055460310431,"674 reward","14 reward"
"15891","M1","C4620083","14","675","C4620083 M1","reward",0.16475024408913,"675 reward","14 reward"
"15892","M1","C4620083","14","676","C4620083 M1","reward",0.164448821970434,"676 reward","14 reward"
"15893","M1","C4620083","14","677","C4620083 M1","reward",0.164433428173958,"677 reward","14 reward"
"15894","M1","C4620083","14","678","C4620083 M1","reward",0.164223288878525,"678 reward","14 reward"
"15895","M1","C4620083","14","679","C4620083 M1","reward",0.164149078814626,"679 reward","14 reward"
"15896","M1","C4620083","14","680","C4620083 M1","reward",0.163636318958443,"680 reward","14 reward"
"15897","M1","C4620083","14","681","C4620083 M1","reward",0.163550482815743,"681 reward","14 reward"
"15898","M1","C4620083","14","682","C4620083 M1","reward",0.163544498024304,"682 reward","14 reward"
"15899","M1","C4620083","14","683","C4620083 M1","reward",0.163447593744484,"683 reward","14 reward"
"15900","M1","C4620083","14","684","C4620083 M1","reward",0.163396267919548,"684 reward","14 reward"
"15901","M1","C4620083","14","685","C4620083 M1","reward",0.163017543121114,"685 reward","14 reward"
"15902","M1","C4620083","14","686","C4620083 M1","reward",0.162854223907293,"686 reward","14 reward"
"15903","M1","C4620083","14","687","C4620083 M1","reward",0.162573437439533,"687 reward","14 reward"
"15904","M1","C4620083","14","688","C4620083 M1","reward",0.162553588058613,"688 reward","14 reward"
"15905","M1","C4620083","14","689","C4620083 M1","reward",0.161842142090825,"689 reward","14 reward"
"15906","M1","C4620083","14","690","C4620083 M1","reward",0.161775493767886,"690 reward","14 reward"
"15907","M1","C4620083","14","691","C4620083 M1","reward",0.161770229238184,"691 reward","14 reward"
"15908","M1","C4620083","14","692","C4620083 M1","reward",0.161527516311428,"692 reward","14 reward"
"15909","M1","C4620083","14","693","C4620083 M1","reward",0.1614746678884,"693 reward","14 reward"
"15910","M1","C4620083","14","694","C4620083 M1","reward",0.161145337173971,"694 reward","14 reward"
"15911","M1","C4620083","14","695","C4620083 M1","reward",0.160926132688206,"695 reward","14 reward"
"15912","M1","C4620083","14","696","C4620083 M1","reward",0.160801910478232,"696 reward","14 reward"
"15913","M1","C4620083","14","697","C4620083 M1","reward",0.160693275843219,"697 reward","14 reward"
"15914","M1","C4620083","14","698","C4620083 M1","reward",0.160483252034225,"698 reward","14 reward"
"15915","M1","C4620083","14","699","C4620083 M1","reward",0.160404921830225,"699 reward","14 reward"
"15916","M1","C4620083","14","700","C4620083 M1","reward",0.160361502424256,"700 reward","14 reward"
"15917","M1","C4620083","14","701","C4620083 M1","reward",0.160350818293211,"701 reward","14 reward"
"15918","M1","C4620083","14","702","C4620083 M1","reward",0.160298884368746,"702 reward","14 reward"
"15919","M1","C4620083","14","703","C4620083 M1","reward",0.159818031619829,"703 reward","14 reward"
"15920","M1","C4620083","14","704","C4620083 M1","reward",0.159725948670813,"704 reward","14 reward"
"15921","M1","C4620083","14","705","C4620083 M1","reward",0.159530432073373,"705 reward","14 reward"
"15922","M1","C4620083","14","706","C4620083 M1","reward",0.159127716427167,"706 reward","14 reward"
"15923","M1","C4620083","14","707","C4620083 M1","reward",0.15905044168453,"707 reward","14 reward"
"15924","M1","C4620083","14","708","C4620083 M1","reward",0.15894094632657,"708 reward","14 reward"
"15925","M1","C4620083","14","709","C4620083 M1","reward",0.15884194102062,"709 reward","14 reward"
"15926","M1","C4620083","14","710","C4620083 M1","reward",0.158718866005244,"710 reward","14 reward"
"15927","M1","C4620083","14","711","C4620083 M1","reward",0.15871606771092,"711 reward","14 reward"
"15928","M1","C4620083","14","712","C4620083 M1","reward",0.158680318397601,"712 reward","14 reward"
"15929","M1","C4620083","14","713","C4620083 M1","reward",0.158599718393331,"713 reward","14 reward"
"15930","M1","C4620083","14","714","C4620083 M1","reward",0.158461270161528,"714 reward","14 reward"
"15931","M1","C4620083","14","715","C4620083 M1","reward",0.158313030961119,"715 reward","14 reward"
"15932","M1","C4620083","14","716","C4620083 M1","reward",0.158189979797049,"716 reward","14 reward"
"15933","M1","C4620083","14","717","C4620083 M1","reward",0.158103385236091,"717 reward","14 reward"
"15934","M1","C4620083","14","718","C4620083 M1","reward",0.15772038996988,"718 reward","14 reward"
"15935","M1","C4620083","14","719","C4620083 M1","reward",0.157488012457017,"719 reward","14 reward"
"15936","M1","C4620083","14","720","C4620083 M1","reward",0.157372472086513,"720 reward","14 reward"
"15937","M1","C4620083","14","721","C4620083 M1","reward",0.157198574195439,"721 reward","14 reward"
"15938","M1","C4620083","14","722","C4620083 M1","reward",0.157195971657426,"722 reward","14 reward"
"15939","M1","C4620083","14","723","C4620083 M1","reward",0.157134291103981,"723 reward","14 reward"
"15940","M1","C4620083","14","724","C4620083 M1","reward",0.156915643276051,"724 reward","14 reward"
"15941","M1","C4620083","14","725","C4620083 M1","reward",0.156904554569423,"725 reward","14 reward"
"15942","M1","C4620083","14","726","C4620083 M1","reward",0.156544261566998,"726 reward","14 reward"
"15943","M1","C4620083","14","727","C4620083 M1","reward",0.155437395469882,"727 reward","14 reward"
"15944","M1","C4620083","14","728","C4620083 M1","reward",0.155034609715967,"728 reward","14 reward"
"15945","M1","C4620083","14","729","C4620083 M1","reward",0.154966976719949,"729 reward","14 reward"
"15946","M1","C4620083","14","730","C4620083 M1","reward",0.154509608836479,"730 reward","14 reward"
"15947","M1","C4620083","14","731","C4620083 M1","reward",0.15445093744972,"731 reward","14 reward"
"15948","M1","C4620083","14","732","C4620083 M1","reward",0.154400966183817,"732 reward","14 reward"
"15949","M1","C4620083","14","733","C4620083 M1","reward",0.154335320091962,"733 reward","14 reward"
"15950","M1","C4620083","14","734","C4620083 M1","reward",0.154178641479499,"734 reward","14 reward"
"15951","M1","C4620083","14","735","C4620083 M1","reward",0.154095568841157,"735 reward","14 reward"
"15952","M1","C4620083","14","736","C4620083 M1","reward",0.153941695345027,"736 reward","14 reward"
"15953","M1","C4620083","14","737","C4620083 M1","reward",0.153905372258628,"737 reward","14 reward"
"15954","M1","C4620083","14","738","C4620083 M1","reward",0.153663256200768,"738 reward","14 reward"
"15955","M1","C4620083","14","739","C4620083 M1","reward",0.153633936283669,"739 reward","14 reward"
"15956","M1","C4620083","14","740","C4620083 M1","reward",0.153463194862883,"740 reward","14 reward"
"15957","M1","C4620083","14","741","C4620083 M1","reward",0.153371623105334,"741 reward","14 reward"
"15958","M1","C4620083","14","742","C4620083 M1","reward",0.153288478287019,"742 reward","14 reward"
"15959","M1","C4620083","14","743","C4620083 M1","reward",0.153138019006742,"743 reward","14 reward"
"15960","M1","C4620083","14","744","C4620083 M1","reward",0.152659804592883,"744 reward","14 reward"
"15961","M1","C4620083","14","745","C4620083 M1","reward",0.152368748105849,"745 reward","14 reward"
"15962","M1","C4620083","14","746","C4620083 M1","reward",0.15198010180238,"746 reward","14 reward"
"15963","M1","C4620083","14","747","C4620083 M1","reward",0.151967043361576,"747 reward","14 reward"
"15964","M1","C4620083","14","748","C4620083 M1","reward",0.151859207895147,"748 reward","14 reward"
"15965","M1","C4620083","14","749","C4620083 M1","reward",0.151637751529842,"749 reward","14 reward"
"15966","M1","C4620083","14","750","C4620083 M1","reward",0.151614238915286,"750 reward","14 reward"
"15967","M1","C4620083","14","751","C4620083 M1","reward",0.151392967128372,"751 reward","14 reward"
"15968","M1","C4620083","14","752","C4620083 M1","reward",0.151390127893875,"752 reward","14 reward"
"15969","M1","C4620083","14","753","C4620083 M1","reward",0.151311774653229,"753 reward","14 reward"
"15970","M1","C4620083","14","754","C4620083 M1","reward",0.151005479557466,"754 reward","14 reward"
"15971","M1","C4620083","14","755","C4620083 M1","reward",0.150539897152488,"755 reward","14 reward"
"15972","M1","C4620083","14","756","C4620083 M1","reward",0.150355691107217,"756 reward","14 reward"
"15973","M1","C4620083","14","757","C4620083 M1","reward",0.150139332411572,"757 reward","14 reward"
"15974","M1","C4620083","14","758","C4620083 M1","reward",0.150010013356386,"758 reward","14 reward"
"15975","M1","C4620083","14","759","C4620083 M1","reward",0.149928741567924,"759 reward","14 reward"
"15976","M1","C4620083","14","760","C4620083 M1","reward",0.149877412671398,"760 reward","14 reward"
"15977","M1","C4620083","14","761","C4620083 M1","reward",0.149789627038327,"761 reward","14 reward"
"15978","M1","C4620083","14","762","C4620083 M1","reward",0.149613473828048,"762 reward","14 reward"
"15979","M1","C4620083","14","763","C4620083 M1","reward",0.149554225252071,"763 reward","14 reward"
"15980","M1","C4620083","14","764","C4620083 M1","reward",0.149363800366322,"764 reward","14 reward"
"15981","M1","C4620083","14","765","C4620083 M1","reward",0.149361463222279,"765 reward","14 reward"
"15982","M1","C4620083","14","766","C4620083 M1","reward",0.149214238062555,"766 reward","14 reward"
"15983","M1","C4620083","14","767","C4620083 M1","reward",0.149170608878621,"767 reward","14 reward"
"15984","M1","C4620083","14","768","C4620083 M1","reward",0.149041235077802,"768 reward","14 reward"
"15985","M1","C4620083","14","769","C4620083 M1","reward",0.148885106586649,"769 reward","14 reward"
"15986","M1","C4620083","14","770","C4620083 M1","reward",0.148528976836848,"770 reward","14 reward"
"15987","M1","C4620083","14","771","C4620083 M1","reward",0.148524471238238,"771 reward","14 reward"
"15988","M1","C4620083","14","772","C4620083 M1","reward",0.148494768122706,"772 reward","14 reward"
"15989","M1","C4620083","14","773","C4620083 M1","reward",0.148183792195977,"773 reward","14 reward"
"15990","M1","C4620083","14","774","C4620083 M1","reward",0.147658911393347,"774 reward","14 reward"
"15991","M1","C4620083","14","775","C4620083 M1","reward",0.147606926184929,"775 reward","14 reward"
"15992","M1","C4620083","14","776","C4620083 M1","reward",0.147517341187054,"776 reward","14 reward"
"15993","M1","C4620083","14","777","C4620083 M1","reward",0.147275216771922,"777 reward","14 reward"
"15994","M1","C4620083","14","778","C4620083 M1","reward",0.147250030872301,"778 reward","14 reward"
"15995","M1","C4620083","14","779","C4620083 M1","reward",0.147173774410682,"779 reward","14 reward"
"15996","M1","C4620083","14","780","C4620083 M1","reward",0.146871249018285,"780 reward","14 reward"
"15997","M1","C4620083","14","781","C4620083 M1","reward",0.146869715049017,"781 reward","14 reward"
"15998","M1","C4620083","14","782","C4620083 M1","reward",0.14685595078532,"782 reward","14 reward"
"15999","M1","C4620083","14","783","C4620083 M1","reward",0.146217128849863,"783 reward","14 reward"
"16000","M1","C4620083","14","784","C4620083 M1","reward",0.145981503056493,"784 reward","14 reward"
"16001","M1","C4620083","14","785","C4620083 M1","reward",0.1459328877857,"785 reward","14 reward"
"16002","M1","C4620083","14","786","C4620083 M1","reward",0.145599416029763,"786 reward","14 reward"
"16003","M1","C4620083","14","787","C4620083 M1","reward",0.145283369362521,"787 reward","14 reward"
"16004","M1","C4620083","14","788","C4620083 M1","reward",0.145121118512582,"788 reward","14 reward"
"16005","M1","C4620083","14","789","C4620083 M1","reward",0.145051925202555,"789 reward","14 reward"
"16006","M1","C4620083","14","790","C4620083 M1","reward",0.144782670882026,"790 reward","14 reward"
"16007","M1","C4620083","14","791","C4620083 M1","reward",0.144355416556166,"791 reward","14 reward"
"16008","M1","C4620083","14","792","C4620083 M1","reward",0.144242129918899,"792 reward","14 reward"
"16009","M1","C4620083","14","793","C4620083 M1","reward",0.144058951348861,"793 reward","14 reward"
"16010","M1","C4620083","14","794","C4620083 M1","reward",0.143764359450452,"794 reward","14 reward"
"16011","M1","C4620083","14","795","C4620083 M1","reward",0.143654190959508,"795 reward","14 reward"
"16012","M1","C4620083","14","796","C4620083 M1","reward",0.143557845166707,"796 reward","14 reward"
"16013","M1","C4620083","14","797","C4620083 M1","reward",0.14336494013458,"797 reward","14 reward"
"16014","M1","C4620083","14","798","C4620083 M1","reward",0.143134077721156,"798 reward","14 reward"
"16015","M1","C4620083","14","799","C4620083 M1","reward",0.143007504202724,"799 reward","14 reward"
"16016","M1","C4620083","14","800","C4620083 M1","reward",0.142818695542673,"800 reward","14 reward"
"16017","M1","C4620083","14","801","C4620083 M1","reward",0.142462353730257,"801 reward","14 reward"
"16018","M1","C4620083","14","802","C4620083 M1","reward",0.142250885516765,"802 reward","14 reward"
"16019","M1","C4620083","14","803","C4620083 M1","reward",0.142183045035198,"803 reward","14 reward"
"16020","M1","C4620083","14","804","C4620083 M1","reward",0.141355625497396,"804 reward","14 reward"
"16021","M1","C4620083","14","805","C4620083 M1","reward",0.141347063064874,"805 reward","14 reward"
"16022","M1","C4620083","14","806","C4620083 M1","reward",0.141307583649766,"806 reward","14 reward"
"16023","M1","C4620083","14","807","C4620083 M1","reward",0.140908530838315,"807 reward","14 reward"
"16024","M1","C4620083","14","808","C4620083 M1","reward",0.140905193421163,"808 reward","14 reward"
"16025","M1","C4620083","14","809","C4620083 M1","reward",0.140888019665591,"809 reward","14 reward"
"16026","M1","C4620083","14","810","C4620083 M1","reward",0.140742190640303,"810 reward","14 reward"
"16027","M1","C4620083","14","811","C4620083 M1","reward",0.140641418296964,"811 reward","14 reward"
"16028","M1","C4620083","14","812","C4620083 M1","reward",0.140430152776538,"812 reward","14 reward"
"16029","M1","C4620083","14","813","C4620083 M1","reward",0.140365561286604,"813 reward","14 reward"
"16030","M1","C4620083","14","814","C4620083 M1","reward",0.140165179005371,"814 reward","14 reward"
"16031","M1","C4620083","14","815","C4620083 M1","reward",0.140091146773481,"815 reward","14 reward"
"16032","M1","C4620083","14","816","C4620083 M1","reward",0.13999842523581,"816 reward","14 reward"
"16033","M1","C4620083","14","817","C4620083 M1","reward",0.139971792206454,"817 reward","14 reward"
"16034","M1","C4620083","14","818","C4620083 M1","reward",0.139729438409743,"818 reward","14 reward"
"16035","M1","C4620083","14","819","C4620083 M1","reward",0.139680010464088,"819 reward","14 reward"
"16036","M1","C4620083","14","820","C4620083 M1","reward",0.139675118775885,"820 reward","14 reward"
"16037","M1","C4620083","14","821","C4620083 M1","reward",0.13959446276603,"821 reward","14 reward"
"16038","M1","C4620083","14","822","C4620083 M1","reward",0.139543178184961,"822 reward","14 reward"
"16039","M1","C4620083","14","823","C4620083 M1","reward",0.13944175290029,"823 reward","14 reward"
"16040","M1","C4620083","14","824","C4620083 M1","reward",0.139403245616092,"824 reward","14 reward"
"16041","M1","C4620083","14","825","C4620083 M1","reward",0.139345173839786,"825 reward","14 reward"
"16042","M1","C4620083","14","826","C4620083 M1","reward",0.139113566690034,"826 reward","14 reward"
"16043","M1","C4620083","14","827","C4620083 M1","reward",0.138961364934685,"827 reward","14 reward"
"16044","M1","C4620083","14","828","C4620083 M1","reward",0.138854028073688,"828 reward","14 reward"
"16045","M1","C4620083","14","829","C4620083 M1","reward",0.138705753200015,"829 reward","14 reward"
"16046","M1","C4620083","14","830","C4620083 M1","reward",0.138492990446518,"830 reward","14 reward"
"16047","M1","C4620083","14","831","C4620083 M1","reward",0.138471023573936,"831 reward","14 reward"
"16048","M1","C4620083","14","832","C4620083 M1","reward",0.13841326825771,"832 reward","14 reward"
"16049","M1","C4620083","14","833","C4620083 M1","reward",0.137547953355613,"833 reward","14 reward"
"16050","M1","C4620083","14","834","C4620083 M1","reward",0.137464283901498,"834 reward","14 reward"
"16051","M1","C4620083","14","835","C4620083 M1","reward",0.136866889748995,"835 reward","14 reward"
"16052","M1","C4620083","14","836","C4620083 M1","reward",0.136743310956149,"836 reward","14 reward"
"16053","M1","C4620083","14","837","C4620083 M1","reward",0.136575054910416,"837 reward","14 reward"
"16054","M1","C4620083","14","838","C4620083 M1","reward",0.136362055515111,"838 reward","14 reward"
"16055","M1","C4620083","14","839","C4620083 M1","reward",0.135762631431618,"839 reward","14 reward"
"16056","M1","C4620083","14","840","C4620083 M1","reward",0.135405199821556,"840 reward","14 reward"
"16057","M1","C4620083","14","841","C4620083 M1","reward",0.135291816263431,"841 reward","14 reward"
"16058","M1","C4620083","14","842","C4620083 M1","reward",0.13507355431744,"842 reward","14 reward"
"16059","M1","C4620083","14","843","C4620083 M1","reward",0.134974111295181,"843 reward","14 reward"
"16060","M1","C4620083","14","844","C4620083 M1","reward",0.1348511846379,"844 reward","14 reward"
"16061","M1","C4620083","14","845","C4620083 M1","reward",0.134744967254727,"845 reward","14 reward"
"16062","M1","C4620083","14","846","C4620083 M1","reward",0.134588778351951,"846 reward","14 reward"
"16063","M1","C4620083","14","847","C4620083 M1","reward",0.134551865051586,"847 reward","14 reward"
"16064","M1","C4620083","14","848","C4620083 M1","reward",0.134537651678445,"848 reward","14 reward"
"16065","M1","C4620083","14","849","C4620083 M1","reward",0.134091844030796,"849 reward","14 reward"
"16066","M1","C4620083","14","850","C4620083 M1","reward",0.133892412775299,"850 reward","14 reward"
"16067","M1","C4620083","14","851","C4620083 M1","reward",0.133398586348034,"851 reward","14 reward"
"16068","M1","C4620083","14","852","C4620083 M1","reward",0.133137078976461,"852 reward","14 reward"
"16069","M1","C4620083","14","853","C4620083 M1","reward",0.133117019320029,"853 reward","14 reward"
"16070","M1","C4620083","14","854","C4620083 M1","reward",0.133113276209042,"854 reward","14 reward"
"16071","M1","C4620083","14","855","C4620083 M1","reward",0.132912652814889,"855 reward","14 reward"
"16072","M1","C4620083","14","856","C4620083 M1","reward",0.132668767114277,"856 reward","14 reward"
"16073","M1","C4620083","14","857","C4620083 M1","reward",0.132662651536804,"857 reward","14 reward"
"16074","M1","C4620083","14","858","C4620083 M1","reward",0.132524296227778,"858 reward","14 reward"
"16075","M1","C4620083","14","859","C4620083 M1","reward",0.131670982401516,"859 reward","14 reward"
"16076","M1","C4620083","14","860","C4620083 M1","reward",0.131321535989772,"860 reward","14 reward"
"16077","M1","C4620083","14","861","C4620083 M1","reward",0.130998522560968,"861 reward","14 reward"
"16078","M1","C4620083","14","862","C4620083 M1","reward",0.130910383491941,"862 reward","14 reward"
"16079","M1","C4620083","14","863","C4620083 M1","reward",0.13077124360108,"863 reward","14 reward"
"16080","M1","C4620083","14","864","C4620083 M1","reward",0.130452291830764,"864 reward","14 reward"
"16081","M1","C4620083","14","865","C4620083 M1","reward",0.13034368931629,"865 reward","14 reward"
"16082","M1","C4620083","14","866","C4620083 M1","reward",0.129957766706103,"866 reward","14 reward"
"16083","M1","C4620083","14","867","C4620083 M1","reward",0.129706795300757,"867 reward","14 reward"
"16084","M1","C4620083","14","868","C4620083 M1","reward",0.12940693699473,"868 reward","14 reward"
"16085","M1","C4620083","14","869","C4620083 M1","reward",0.129386303802305,"869 reward","14 reward"
"16086","M1","C4620083","14","870","C4620083 M1","reward",0.129321458387755,"870 reward","14 reward"
"16087","M1","C4620083","14","871","C4620083 M1","reward",0.129079507710682,"871 reward","14 reward"
"16088","M1","C4620083","14","872","C4620083 M1","reward",0.128927517347844,"872 reward","14 reward"
"16089","M1","C4620083","14","873","C4620083 M1","reward",0.128854844309048,"873 reward","14 reward"
"16090","M1","C4620083","14","874","C4620083 M1","reward",0.128629679225911,"874 reward","14 reward"
"16091","M1","C4620083","14","875","C4620083 M1","reward",0.128530177610341,"875 reward","14 reward"
"16092","M1","C4620083","14","876","C4620083 M1","reward",0.128502592010177,"876 reward","14 reward"
"16093","M1","C4620083","14","877","C4620083 M1","reward",0.127946477848256,"877 reward","14 reward"
"16094","M1","C4620083","14","878","C4620083 M1","reward",0.127602884224083,"878 reward","14 reward"
"16095","M1","C4620083","14","879","C4620083 M1","reward",0.12736445423338,"879 reward","14 reward"
"16096","M1","C4620083","14","880","C4620083 M1","reward",0.127243053240472,"880 reward","14 reward"
"16097","M1","C4620083","14","881","C4620083 M1","reward",0.127159296751651,"881 reward","14 reward"
"16098","M1","C4620083","14","882","C4620083 M1","reward",0.12669182956229,"882 reward","14 reward"
"16099","M1","C4620083","14","883","C4620083 M1","reward",0.126604033968411,"883 reward","14 reward"
"16100","M1","C4620083","14","884","C4620083 M1","reward",0.126465267746496,"884 reward","14 reward"
"16101","M1","C4620083","14","885","C4620083 M1","reward",0.126117528183529,"885 reward","14 reward"
"16102","M1","C4620083","14","886","C4620083 M1","reward",0.126050746716657,"886 reward","14 reward"
"16103","M1","C4620083","14","887","C4620083 M1","reward",0.12598239994215,"887 reward","14 reward"
"16104","M1","C4620083","14","888","C4620083 M1","reward",0.125728332975346,"888 reward","14 reward"
"16105","M1","C4620083","14","889","C4620083 M1","reward",0.125656500200849,"889 reward","14 reward"
"16106","M1","C4620083","14","890","C4620083 M1","reward",0.125641951900717,"890 reward","14 reward"
"16107","M1","C4620083","14","891","C4620083 M1","reward",0.125402084712224,"891 reward","14 reward"
"16108","M1","C4620083","14","892","C4620083 M1","reward",0.125352251896785,"892 reward","14 reward"
"16109","M1","C4620083","14","893","C4620083 M1","reward",0.124244433442132,"893 reward","14 reward"
"16110","M1","C4620083","14","894","C4620083 M1","reward",0.124162068288828,"894 reward","14 reward"
"16111","M1","C4620083","14","895","C4620083 M1","reward",0.124114103206614,"895 reward","14 reward"
"16112","M1","C4620083","14","896","C4620083 M1","reward",0.123759060257669,"896 reward","14 reward"
"16113","M1","C4620083","14","897","C4620083 M1","reward",0.123549965236712,"897 reward","14 reward"
"16114","M1","C4620083","14","898","C4620083 M1","reward",0.123301045158774,"898 reward","14 reward"
"16115","M1","C4620083","14","899","C4620083 M1","reward",0.123276404250804,"899 reward","14 reward"
"16116","M1","C4620083","14","900","C4620083 M1","reward",0.122397476556311,"900 reward","14 reward"
"16117","M1","C4620083","14","901","C4620083 M1","reward",0.122259810892378,"901 reward","14 reward"
"16118","M1","C4620083","14","902","C4620083 M1","reward",0.122219831004228,"902 reward","14 reward"
"16119","M1","C4620083","14","903","C4620083 M1","reward",0.122179157269973,"903 reward","14 reward"
"16120","M1","C4620083","14","904","C4620083 M1","reward",0.122148986447067,"904 reward","14 reward"
"16121","M1","C4620083","14","905","C4620083 M1","reward",0.122087301994792,"905 reward","14 reward"
"16122","M1","C4620083","14","906","C4620083 M1","reward",0.122066859302451,"906 reward","14 reward"
"16123","M1","C4620083","14","907","C4620083 M1","reward",0.121933623597187,"907 reward","14 reward"
"16124","M1","C4620083","14","908","C4620083 M1","reward",0.121114721932801,"908 reward","14 reward"
"16125","M1","C4620083","14","909","C4620083 M1","reward",0.120959372606742,"909 reward","14 reward"
"16126","M1","C4620083","14","910","C4620083 M1","reward",0.120763393435835,"910 reward","14 reward"
"16127","M1","C4620083","14","911","C4620083 M1","reward",0.120636296513871,"911 reward","14 reward"
"16128","M1","C4620083","14","912","C4620083 M1","reward",0.120529127798863,"912 reward","14 reward"
"16129","M1","C4620083","14","913","C4620083 M1","reward",0.119846662778776,"913 reward","14 reward"
"16130","M1","C4620083","14","914","C4620083 M1","reward",0.118986564566671,"914 reward","14 reward"
"16131","M1","C4620083","14","915","C4620083 M1","reward",0.118778765288031,"915 reward","14 reward"
"16132","M1","C4620083","14","916","C4620083 M1","reward",0.118727826561503,"916 reward","14 reward"
"16133","M1","C4620083","14","917","C4620083 M1","reward",0.11870154814673,"917 reward","14 reward"
"16134","M1","C4620083","14","918","C4620083 M1","reward",0.118542240559307,"918 reward","14 reward"
"16135","M1","C4620083","14","919","C4620083 M1","reward",0.118533041429984,"919 reward","14 reward"
"16136","M1","C4620083","14","920","C4620083 M1","reward",0.11837936974492,"920 reward","14 reward"
"16137","M1","C4620083","14","921","C4620083 M1","reward",0.118081936753317,"921 reward","14 reward"
"16138","M1","C4620083","14","922","C4620083 M1","reward",0.118079343310725,"922 reward","14 reward"
"16139","M1","C4620083","14","923","C4620083 M1","reward",0.117969962069395,"923 reward","14 reward"
"16140","M1","C4620083","14","924","C4620083 M1","reward",0.117935113704735,"924 reward","14 reward"
"16141","M1","C4620083","14","925","C4620083 M1","reward",0.117779434560586,"925 reward","14 reward"
"16142","M1","C4620083","14","926","C4620083 M1","reward",0.117668519593278,"926 reward","14 reward"
"16143","M1","C4620083","14","927","C4620083 M1","reward",0.117600923864187,"927 reward","14 reward"
"16144","M1","C4620083","14","928","C4620083 M1","reward",0.117419785286003,"928 reward","14 reward"
"16145","M1","C4620083","14","929","C4620083 M1","reward",0.117086993834028,"929 reward","14 reward"
"16146","M1","C4620083","14","930","C4620083 M1","reward",0.117059670244224,"930 reward","14 reward"
"16147","M1","C4620083","14","931","C4620083 M1","reward",0.116572738745964,"931 reward","14 reward"
"16148","M1","C4620083","14","932","C4620083 M1","reward",0.116384182513012,"932 reward","14 reward"
"16149","M1","C4620083","14","933","C4620083 M1","reward",0.116093185984854,"933 reward","14 reward"
"16150","M1","C4620083","14","934","C4620083 M1","reward",0.115808918687538,"934 reward","14 reward"
"16151","M1","C4620083","14","935","C4620083 M1","reward",0.115561543738342,"935 reward","14 reward"
"16152","M1","C4620083","14","936","C4620083 M1","reward",0.115494441604189,"936 reward","14 reward"
"16153","M1","C4620083","14","937","C4620083 M1","reward",0.115331978617969,"937 reward","14 reward"
"16154","M1","C4620083","14","938","C4620083 M1","reward",0.11506734045205,"938 reward","14 reward"
"16155","M1","C4620083","14","939","C4620083 M1","reward",0.114397829415415,"939 reward","14 reward"
"16156","M1","C4620083","14","940","C4620083 M1","reward",0.113662610382858,"940 reward","14 reward"
"16157","M1","C4620083","14","941","C4620083 M1","reward",0.113522452828466,"941 reward","14 reward"
"16158","M1","C4620083","14","942","C4620083 M1","reward",0.113422828320108,"942 reward","14 reward"
"16159","M1","C4620083","14","943","C4620083 M1","reward",0.113289130855807,"943 reward","14 reward"
"16160","M1","C4620083","14","944","C4620083 M1","reward",0.112742577901987,"944 reward","14 reward"
"16161","M1","C4620083","14","945","C4620083 M1","reward",0.112575764218834,"945 reward","14 reward"
"16162","M1","C4620083","14","946","C4620083 M1","reward",0.112429545003179,"946 reward","14 reward"
"16163","M1","C4620083","14","947","C4620083 M1","reward",0.112244519306166,"947 reward","14 reward"
"16164","M1","C4620083","14","948","C4620083 M1","reward",0.112060095918296,"948 reward","14 reward"
"16165","M1","C4620083","14","949","C4620083 M1","reward",0.111145244580294,"949 reward","14 reward"
"16166","M1","C4620083","14","950","C4620083 M1","reward",0.111052127683199,"950 reward","14 reward"
"16167","M1","C4620083","14","951","C4620083 M1","reward",0.110990275946724,"951 reward","14 reward"
"16168","M1","C4620083","14","952","C4620083 M1","reward",0.110686666845219,"952 reward","14 reward"
"16169","M1","C4620083","14","953","C4620083 M1","reward",0.110626297400471,"953 reward","14 reward"
"16170","M1","C4620083","14","954","C4620083 M1","reward",0.110606215425276,"954 reward","14 reward"
"16171","M1","C4620083","14","955","C4620083 M1","reward",0.110008289855897,"955 reward","14 reward"
"16172","M1","C4620083","14","956","C4620083 M1","reward",0.109558965382377,"956 reward","14 reward"
"16173","M1","C4620083","14","957","C4620083 M1","reward",0.109318453928644,"957 reward","14 reward"
"16174","M1","C4620083","14","958","C4620083 M1","reward",0.109115150512901,"958 reward","14 reward"
"16175","M1","C4620083","14","959","C4620083 M1","reward",0.108524104216814,"959 reward","14 reward"
"16176","M1","C4620083","14","960","C4620083 M1","reward",0.108253197307401,"960 reward","14 reward"
"16177","M1","C4620083","14","961","C4620083 M1","reward",0.107949583330885,"961 reward","14 reward"
"16178","M1","C4620083","14","962","C4620083 M1","reward",0.107876490766842,"962 reward","14 reward"
"16179","M1","C4620083","14","963","C4620083 M1","reward",0.107618286266227,"963 reward","14 reward"
"16180","M1","C4620083","14","964","C4620083 M1","reward",0.107593292420747,"964 reward","14 reward"
"16181","M1","C4620083","14","965","C4620083 M1","reward",0.107435262120741,"965 reward","14 reward"
"16182","M1","C4620083","14","966","C4620083 M1","reward",0.1072515803171,"966 reward","14 reward"
"16183","M1","C4620083","14","967","C4620083 M1","reward",0.107137677975153,"967 reward","14 reward"
"16184","M1","C4620083","14","968","C4620083 M1","reward",0.106449043974308,"968 reward","14 reward"
"16185","M1","C4620083","14","969","C4620083 M1","reward",0.106067861354551,"969 reward","14 reward"
"16186","M1","C4620083","14","970","C4620083 M1","reward",0.105830973679073,"970 reward","14 reward"
"16187","M1","C4620083","14","971","C4620083 M1","reward",0.105455184892939,"971 reward","14 reward"
"16188","M1","C4620083","14","972","C4620083 M1","reward",0.105241938502344,"972 reward","14 reward"
"16189","M1","C4620083","14","973","C4620083 M1","reward",0.10522272728639,"973 reward","14 reward"
"16190","M1","C4620083","14","974","C4620083 M1","reward",0.105003994325483,"974 reward","14 reward"
"16191","M1","C4620083","14","975","C4620083 M1","reward",0.104850704716364,"975 reward","14 reward"
"16192","M1","C4620083","14","976","C4620083 M1","reward",0.104671073664792,"976 reward","14 reward"
"16193","M1","C4620083","14","977","C4620083 M1","reward",0.104471445278873,"977 reward","14 reward"
"16194","M1","C4620083","14","978","C4620083 M1","reward",0.104185768781281,"978 reward","14 reward"
"16195","M1","C4620083","14","979","C4620083 M1","reward",0.10349973655667,"979 reward","14 reward"
"16196","M1","C4620083","14","980","C4620083 M1","reward",0.103444225197385,"980 reward","14 reward"
"16197","M1","C4620083","14","981","C4620083 M1","reward",0.103427363665344,"981 reward","14 reward"
"16198","M1","C4620083","14","982","C4620083 M1","reward",0.103033162278984,"982 reward","14 reward"
"16199","M1","C4620083","14","983","C4620083 M1","reward",0.102823433805092,"983 reward","14 reward"
"16200","M1","C4620083","14","984","C4620083 M1","reward",0.102660951048112,"984 reward","14 reward"
"16201","M1","C4620083","14","985","C4620083 M1","reward",0.102469742110877,"985 reward","14 reward"
"16202","M1","C4620083","14","986","C4620083 M1","reward",0.102234582446569,"986 reward","14 reward"
"16203","M1","C4620083","14","987","C4620083 M1","reward",0.101639152691311,"987 reward","14 reward"
"16204","M1","C4620083","14","988","C4620083 M1","reward",0.100539793910772,"988 reward","14 reward"
"16205","M1","C4620083","14","989","C4620083 M1","reward",0.100045560862849,"989 reward","14 reward"
"16206","M1","C4620083","14","990","C4620083 M1","reward",0.0993896846270415,"990 reward","14 reward"
"16207","M1","C4620083","14","991","C4620083 M1","reward",0.0992933902065544,"991 reward","14 reward"
"16208","M1","C4620083","14","992","C4620083 M1","reward",0.0984639655476815,"992 reward","14 reward"
"16209","M1","C4620083","14","993","C4620083 M1","reward",0.0980960461085854,"993 reward","14 reward"
"16210","M1","C4620083","14","994","C4620083 M1","reward",0.0980361230448104,"994 reward","14 reward"
"16211","M1","C4620083","14","995","C4620083 M1","reward",0.0978018712998917,"995 reward","14 reward"
"16212","M1","C4620083","14","996","C4620083 M1","reward",0.0977949737439043,"996 reward","14 reward"
"16213","M1","C4620083","14","997","C4620083 M1","reward",0.0976682863030821,"997 reward","14 reward"
"16214","M1","C4620083","14","998","C4620083 M1","reward",0.0968899525590955,"998 reward","14 reward"
"16215","M1","C4620083","14","999","C4620083 M1","reward",0.0968639702111971,"999 reward","14 reward"
"16216","M1","C4620083","14","1000","C4620083 M1","reward",0.0967484960011334,"1000 reward","14 reward"
"16217","M1","C4620083","14","1001","C4620083 M1","reward",0.0967306326148083,"1001 reward","14 reward"
"16218","M1","C4620083","14","1002","C4620083 M1","reward",0.0955524556554359,"1002 reward","14 reward"
"16219","M1","C4620083","14","1003","C4620083 M1","reward",0.0955476885358531,"1003 reward","14 reward"
"16220","M1","C4620083","14","1004","C4620083 M1","reward",0.0937714684045576,"1004 reward","14 reward"
"16221","M1","C4620083","14","1005","C4620083 M1","reward",0.0937275103286425,"1005 reward","14 reward"
"16222","M1","C4620083","14","1006","C4620083 M1","reward",0.0933553572440078,"1006 reward","14 reward"
"16223","M1","C4620083","14","1007","C4620083 M1","reward",0.092190160149666,"1007 reward","14 reward"
"16224","M1","C4620083","14","1008","C4620083 M1","reward",0.0917969332079302,"1008 reward","14 reward"
"16225","M1","C4620083","14","1009","C4620083 M1","reward",0.091657922806482,"1009 reward","14 reward"
"16226","M1","C4620083","14","1010","C4620083 M1","reward",0.0911392357139812,"1010 reward","14 reward"
"16227","M1","C4620083","14","1011","C4620083 M1","reward",0.0911277296039414,"1011 reward","14 reward"
"16228","M1","C4620083","14","1012","C4620083 M1","reward",0.0908842578220675,"1012 reward","14 reward"
"16229","M1","C4620083","14","1013","C4620083 M1","reward",0.0907627434338215,"1013 reward","14 reward"
"16230","M1","C4620083","14","1014","C4620083 M1","reward",0.0903766247573408,"1014 reward","14 reward"
"16231","M1","C4620083","14","1015","C4620083 M1","reward",0.0902276342829923,"1015 reward","14 reward"
"16232","M1","C4620083","14","1016","C4620083 M1","reward",0.0899479081725841,"1016 reward","14 reward"
"16233","M1","C4620083","14","1017","C4620083 M1","reward",0.0896499847509476,"1017 reward","14 reward"
"16234","M1","C4620083","14","1018","C4620083 M1","reward",0.0891703858900612,"1018 reward","14 reward"
"16235","M1","C4620083","14","1019","C4620083 M1","reward",0.0887974927978166,"1019 reward","14 reward"
"16236","M1","C4620083","14","1020","C4620083 M1","reward",0.0887584936466685,"1020 reward","14 reward"
"16237","M1","C4620083","14","1021","C4620083 M1","reward",0.0884616350600295,"1021 reward","14 reward"
"16238","M1","C4620083","14","1022","C4620083 M1","reward",0.087768703407133,"1022 reward","14 reward"
"16239","M1","C4620083","14","1023","C4620083 M1","reward",0.087694059088957,"1023 reward","14 reward"
"16240","M1","C4620083","14","1024","C4620083 M1","reward",0.0876648802302872,"1024 reward","14 reward"
"16241","M1","C4620083","14","1025","C4620083 M1","reward",0.0873071139903736,"1025 reward","14 reward"
"16242","M1","C4620083","14","1026","C4620083 M1","reward",0.0861504860000366,"1026 reward","14 reward"
"16243","M1","C4620083","14","1027","C4620083 M1","reward",0.0857463545222284,"1027 reward","14 reward"
"16244","M1","C4620083","14","1028","C4620083 M1","reward",0.0847846504238883,"1028 reward","14 reward"
"16245","M1","C4620083","14","1029","C4620083 M1","reward",0.0847369162922513,"1029 reward","14 reward"
"16246","M1","C4620083","14","1030","C4620083 M1","reward",0.0845706165415945,"1030 reward","14 reward"
"16247","M1","C4620083","14","1031","C4620083 M1","reward",0.0842544710295299,"1031 reward","14 reward"
"16248","M1","C4620083","14","1032","C4620083 M1","reward",0.0839623989601889,"1032 reward","14 reward"
"16249","M1","C4620083","14","1033","C4620083 M1","reward",0.0838018939758343,"1033 reward","14 reward"
"16250","M1","C4620083","14","1034","C4620083 M1","reward",0.0836918846407156,"1034 reward","14 reward"
"16251","M1","C4620083","14","1035","C4620083 M1","reward",0.0836809449650711,"1035 reward","14 reward"
"16252","M1","C4620083","14","1036","C4620083 M1","reward",0.0830036048734716,"1036 reward","14 reward"
"16253","M1","C4620083","14","1037","C4620083 M1","reward",0.0829226727541642,"1037 reward","14 reward"
"16254","M1","C4620083","14","1038","C4620083 M1","reward",0.0825495036623193,"1038 reward","14 reward"
"16255","M1","C4620083","14","1039","C4620083 M1","reward",0.0825355355481114,"1039 reward","14 reward"
"16256","M1","C4620083","14","1040","C4620083 M1","reward",0.0822348254344563,"1040 reward","14 reward"
"16257","M1","C4620083","14","1041","C4620083 M1","reward",0.0818432552453339,"1041 reward","14 reward"
"16258","M1","C4620083","14","1042","C4620083 M1","reward",0.0817020122804844,"1042 reward","14 reward"
"16259","M1","C4620083","14","1043","C4620083 M1","reward",0.0815295249870831,"1043 reward","14 reward"
"16260","M1","C4620083","14","1044","C4620083 M1","reward",0.0815270378598241,"1044 reward","14 reward"
"16261","M1","C4620083","14","1045","C4620083 M1","reward",0.0810775690048569,"1045 reward","14 reward"
"16262","M1","C4620083","14","1046","C4620083 M1","reward",0.0802915107833549,"1046 reward","14 reward"
"16263","M1","C4620083","14","1047","C4620083 M1","reward",0.0802458872476291,"1047 reward","14 reward"
"16264","M1","C4620083","14","1048","C4620083 M1","reward",0.0802278362590424,"1048 reward","14 reward"
"16265","M1","C4620083","14","1049","C4620083 M1","reward",0.0802132408276737,"1049 reward","14 reward"
"16266","M1","C4620083","14","1050","C4620083 M1","reward",0.0802108428563652,"1050 reward","14 reward"
"16267","M1","C4620083","14","1051","C4620083 M1","reward",0.0796717738035289,"1051 reward","14 reward"
"16268","M1","C4620083","14","1052","C4620083 M1","reward",0.0794543809489278,"1052 reward","14 reward"
"16269","M1","C4620083","14","1053","C4620083 M1","reward",0.0793859969820264,"1053 reward","14 reward"
"16270","M1","C4620083","14","1054","C4620083 M1","reward",0.079307227838286,"1054 reward","14 reward"
"16271","M1","C4620083","14","1055","C4620083 M1","reward",0.0782005738076361,"1055 reward","14 reward"
"16272","M1","C4620083","14","1056","C4620083 M1","reward",0.0780101299131295,"1056 reward","14 reward"
"16273","M1","C4620083","14","1057","C4620083 M1","reward",0.0779596116487291,"1057 reward","14 reward"
"16274","M1","C4620083","14","1058","C4620083 M1","reward",0.0779556808564697,"1058 reward","14 reward"
"16275","M1","C4620083","14","1059","C4620083 M1","reward",0.0777281531225029,"1059 reward","14 reward"
"16276","M1","C4620083","14","1060","C4620083 M1","reward",0.0767612768614295,"1060 reward","14 reward"
"16277","M1","C4620083","14","1061","C4620083 M1","reward",0.076001188657715,"1061 reward","14 reward"
"16278","M1","C4620083","14","1062","C4620083 M1","reward",0.0759169347626137,"1062 reward","14 reward"
"16279","M1","C4620083","14","1063","C4620083 M1","reward",0.0751264224812299,"1063 reward","14 reward"
"16280","M1","C4620083","14","1064","C4620083 M1","reward",0.074900316482159,"1064 reward","14 reward"
"16281","M1","C4620083","14","1065","C4620083 M1","reward",0.0744585438258022,"1065 reward","14 reward"
"16282","M1","C4620083","14","1066","C4620083 M1","reward",0.0741751669505322,"1066 reward","14 reward"
"16283","M1","C4620083","14","1067","C4620083 M1","reward",0.0740535621425948,"1067 reward","14 reward"
"16284","M1","C4620083","14","1068","C4620083 M1","reward",0.0738339656200445,"1068 reward","14 reward"
"16285","M1","C4620083","14","1069","C4620083 M1","reward",0.0734881057001834,"1069 reward","14 reward"
"16286","M1","C4620083","14","1070","C4620083 M1","reward",0.0724783745352299,"1070 reward","14 reward"
"16287","M1","C4620083","14","1071","C4620083 M1","reward",0.0724506265628635,"1071 reward","14 reward"
"16288","M1","C4620083","14","1072","C4620083 M1","reward",0.0721488624238871,"1072 reward","14 reward"
"16289","M1","C4620083","14","1073","C4620083 M1","reward",0.0709028192466617,"1073 reward","14 reward"
"16290","M1","C4620083","14","1074","C4620083 M1","reward",0.0707921631813004,"1074 reward","14 reward"
"16291","M1","C4620083","14","1075","C4620083 M1","reward",0.0706348440374543,"1075 reward","14 reward"
"16292","M1","C4620083","14","1076","C4620083 M1","reward",0.0702426280619264,"1076 reward","14 reward"
"16293","M1","C4620083","14","1077","C4620083 M1","reward",0.0690006450407594,"1077 reward","14 reward"
"16294","M1","C4620083","14","1078","C4620083 M1","reward",0.0682410250588898,"1078 reward","14 reward"
"16295","M1","C4620083","14","1079","C4620083 M1","reward",0.0680624143883259,"1079 reward","14 reward"
"16296","M1","C4620083","14","1080","C4620083 M1","reward",0.0676303546594067,"1080 reward","14 reward"
"16297","M1","C4620083","14","1081","C4620083 M1","reward",0.067059996690721,"1081 reward","14 reward"
"16298","M1","C4620083","14","1082","C4620083 M1","reward",0.0667338315745911,"1082 reward","14 reward"
"16299","M1","C4620083","14","1083","C4620083 M1","reward",0.0664723201958493,"1083 reward","14 reward"
"16300","M1","C4620083","14","1084","C4620083 M1","reward",0.0662398442958442,"1084 reward","14 reward"
"16301","M1","C4620083","14","1085","C4620083 M1","reward",0.064910756326613,"1085 reward","14 reward"
"16302","M1","C4620083","14","1086","C4620083 M1","reward",0.064672968703723,"1086 reward","14 reward"
"16303","M1","C4620083","14","1087","C4620083 M1","reward",0.0640731133981593,"1087 reward","14 reward"
"16304","M1","C4620083","14","1088","C4620083 M1","reward",0.0638919112364398,"1088 reward","14 reward"
"16305","M1","C4620083","14","1089","C4620083 M1","reward",0.0631420052725335,"1089 reward","14 reward"
"16306","M1","C4620083","14","1090","C4620083 M1","reward",0.0626610394124026,"1090 reward","14 reward"
"16307","M1","C4620083","14","1091","C4620083 M1","reward",0.0625825700540916,"1091 reward","14 reward"
"16308","M1","C4620083","14","1092","C4620083 M1","reward",0.0599557547337267,"1092 reward","14 reward"
"16309","M1","C4620083","14","1093","C4620083 M1","reward",0.0597503499337657,"1093 reward","14 reward"
"16310","M1","C4620083","14","1094","C4620083 M1","reward",0.0593755471919117,"1094 reward","14 reward"
"16311","M1","C4620083","14","1095","C4620083 M1","reward",0.0587620257747307,"1095 reward","14 reward"
"16312","M1","C4620083","14","1096","C4620083 M1","reward",0.0584349009926626,"1096 reward","14 reward"
"16313","M1","C4620083","14","1097","C4620083 M1","reward",0.0580500232295868,"1097 reward","14 reward"
"16314","M1","C4620083","14","1098","C4620083 M1","reward",0.0578237223236192,"1098 reward","14 reward"
"16315","M1","C4620083","14","1099","C4620083 M1","reward",0.057538900223398,"1099 reward","14 reward"
"16316","M1","C4620083","14","1100","C4620083 M1","reward",0.0571512129164306,"1100 reward","14 reward"
"16317","M1","C4620083","14","1101","C4620083 M1","reward",0.0562548545520829,"1101 reward","14 reward"
"16318","M1","C4620083","14","1102","C4620083 M1","reward",0.0552547103430968,"1102 reward","14 reward"
"16319","M1","C4620083","14","1103","C4620083 M1","reward",0.0552032204696169,"1103 reward","14 reward"
"16320","M1","C4620083","14","1104","C4620083 M1","reward",0.0550914859675622,"1104 reward","14 reward"
"16321","M1","C4620083","14","1105","C4620083 M1","reward",0.0539308547727008,"1105 reward","14 reward"
"16322","M1","C4620083","14","1106","C4620083 M1","reward",0.0532564534076899,"1106 reward","14 reward"
"16323","M1","C4620083","14","1107","C4620083 M1","reward",0.0532308878680057,"1107 reward","14 reward"
"16324","M1","C4620083","14","1108","C4620083 M1","reward",0.053225706083732,"1108 reward","14 reward"
"16325","M1","C4620083","14","1109","C4620083 M1","reward",0.0527102251553473,"1109 reward","14 reward"
"16326","M1","C4620083","14","1110","C4620083 M1","reward",0.0526139292561059,"1110 reward","14 reward"
"16327","M1","C4620083","14","1111","C4620083 M1","reward",0.052578955043834,"1111 reward","14 reward"
"16328","M1","C4620083","14","1112","C4620083 M1","reward",0.0524361405965499,"1112 reward","14 reward"
"16329","M1","C4620083","14","1113","C4620083 M1","reward",0.0522809667750516,"1113 reward","14 reward"
"16330","M1","C4620083","14","1114","C4620083 M1","reward",0.0520967136705822,"1114 reward","14 reward"
"16331","M1","C4620083","14","1115","C4620083 M1","reward",0.0515782673261035,"1115 reward","14 reward"
"16332","M1","C4620083","14","1116","C4620083 M1","reward",0.0514825115374167,"1116 reward","14 reward"
"16333","M1","C4620083","14","1117","C4620083 M1","reward",0.0494520817614779,"1117 reward","14 reward"
"16334","M1","C4620083","14","1118","C4620083 M1","reward",0.0490706365583974,"1118 reward","14 reward"
"16335","M1","C4620083","14","1119","C4620083 M1","reward",0.0489788884980712,"1119 reward","14 reward"
"16336","M1","C4620083","14","1120","C4620083 M1","reward",0.0488553187131566,"1120 reward","14 reward"
"16337","M1","C4620083","14","1121","C4620083 M1","reward",0.0482139947996918,"1121 reward","14 reward"
"16338","M1","C4620083","14","1122","C4620083 M1","reward",0.0477914996698421,"1122 reward","14 reward"
"16339","M1","C4620083","14","1123","C4620083 M1","reward",0.0468107499703759,"1123 reward","14 reward"
"16340","M1","C4620083","14","1124","C4620083 M1","reward",0.0464703774032694,"1124 reward","14 reward"
"16341","M1","C4620083","14","1125","C4620083 M1","reward",0.0462944461167288,"1125 reward","14 reward"
"16342","M1","C4620083","14","1126","C4620083 M1","reward",0.0460445259390506,"1126 reward","14 reward"
"16343","M1","C4620083","14","1127","C4620083 M1","reward",0.0456911619269219,"1127 reward","14 reward"
"16344","M1","C4620083","14","1128","C4620083 M1","reward",0.0452877246482408,"1128 reward","14 reward"
"16345","M1","C4620083","14","1129","C4620083 M1","reward",0.0444025854217148,"1129 reward","14 reward"
"16346","M1","C4620083","14","1130","C4620083 M1","reward",0.0437916779744774,"1130 reward","14 reward"
"16347","M1","C4620083","14","1131","C4620083 M1","reward",0.0433020093845558,"1131 reward","14 reward"
"16348","M1","C4620083","14","1132","C4620083 M1","reward",0.0428494426448792,"1132 reward","14 reward"
"16349","M1","C4620083","14","1133","C4620083 M1","reward",0.042622944296375,"1133 reward","14 reward"
"16350","M1","C4620083","14","1134","C4620083 M1","reward",0.0413017285516028,"1134 reward","14 reward"
"16351","M1","C4620083","14","1135","C4620083 M1","reward",0.0410950580604325,"1135 reward","14 reward"
"16352","M1","C4620083","14","1136","C4620083 M1","reward",0.0401046921964839,"1136 reward","14 reward"
"16353","M1","C4620083","14","1137","C4620083 M1","reward",0.0394241061175625,"1137 reward","14 reward"
"16354","M1","C4620083","14","1138","C4620083 M1","reward",0.0387962802911498,"1138 reward","14 reward"
"16355","M1","C4620083","14","1139","C4620083 M1","reward",0.0387518911066945,"1139 reward","14 reward"
"16356","M1","C4620083","14","1140","C4620083 M1","reward",0.0381560858151191,"1140 reward","14 reward"
"16357","M1","C4620083","14","1141","C4620083 M1","reward",0.0374728520052073,"1141 reward","14 reward"
"16358","M1","C4620083","14","1142","C4620083 M1","reward",0.0368627534325847,"1142 reward","14 reward"
"16359","M1","C4620083","14","1143","C4620083 M1","reward",0.0367737809374232,"1143 reward","14 reward"
"16360","M1","C4620083","14","1144","C4620083 M1","reward",0.0360776155453926,"1144 reward","14 reward"
"16361","M1","C4620083","14","1145","C4620083 M1","reward",0.0346703703763581,"1145 reward","14 reward"
"16362","M1","C4620083","14","1146","C4620083 M1","reward",0.031890986674561,"1146 reward","14 reward"
"16363","M1","C4620083","14","1147","C4620083 M1","reward",0.0315763993261891,"1147 reward","14 reward"
"16364","M1","C4620083","14","1148","C4620083 M1","reward",0.0305548903818217,"1148 reward","14 reward"
"16365","M1","C4620083","14","1149","C4620083 M1","reward",0.0305149086905823,"1149 reward","14 reward"
"16366","M1","C4620083","14","1150","C4620083 M1","reward",0.0299030054583921,"1150 reward","14 reward"
"16367","M1","C4620083","14","1151","C4620083 M1","reward",0.0297807205604384,"1151 reward","14 reward"
"16368","M1","C4620083","14","1152","C4620083 M1","reward",0.0297709564374717,"1152 reward","14 reward"
"16369","M1","C4620083","14","1153","C4620083 M1","reward",0.0295682454472576,"1153 reward","14 reward"
"16370","M1","C4620083","14","1154","C4620083 M1","reward",0.0294822729149668,"1154 reward","14 reward"
"16371","M1","C4620083","14","1155","C4620083 M1","reward",0.0284103075073192,"1155 reward","14 reward"
"16372","M1","C4620083","14","1156","C4620083 M1","reward",0.0281907723094099,"1156 reward","14 reward"
"16373","M1","C4620083","14","1157","C4620083 M1","reward",0.0273955686843382,"1157 reward","14 reward"
"16374","M1","C4620083","14","1158","C4620083 M1","reward",0.0252732541506277,"1158 reward","14 reward"
"16375","M1","C4620083","14","1159","C4620083 M1","reward",0.0241371319574517,"1159 reward","14 reward"
"16376","M1","C4620083","14","1160","C4620083 M1","reward",0.0222707368172507,"1160 reward","14 reward"
"16377","M1","C4620083","14","1161","C4620083 M1","reward",0.0204085360756238,"1161 reward","14 reward"
"16378","M1","C4620083","14","1162","C4620083 M1","reward",0.0203773087733908,"1162 reward","14 reward"
"16379","M1","C4620083","14","1163","C4620083 M1","reward",0.0203738804119398,"1163 reward","14 reward"
"16380","M1","C4620083","14","1164","C4620083 M1","reward",0.0203177720315723,"1164 reward","14 reward"
"16381","M1","C4620083","14","1165","C4620083 M1","reward",0.01739636687863,"1165 reward","14 reward"
"16382","M1","C4620083","14","1166","C4620083 M1","reward",0.0161818607249143,"1166 reward","14 reward"
"16383","M1","C4620083","14","1167","C4620083 M1","reward",0.0139651316865788,"1167 reward","14 reward"
"16384","M1","C4620083","14","1168","C4620083 M1","reward",0.0119130148887754,"1168 reward","14 reward"
"16385","M1","C4620083","14","1169","C4620083 M1","reward",0.0112453266807332,"1169 reward","14 reward"
"16386","M1","C4620083","14","1170","C4620083 M1","reward",0.0108513870921959,"1170 reward","14 reward"
"16387","M1","C4620083","14","1171","C4620083 M1","reward",0.0104340704123538,"1171 reward","14 reward"
"16388","M1","C4620083","14","1172","C4620083 M1","reward",0.00834414129429183,"1172 reward","14 reward"
"16389","M1","C4620083","14","1173","C4620083 M1","reward",0.00700014668404131,"1173 reward","14 reward"
"16390","M1","C4620083","14","1174","C4620083 M1","reward",0.00679534512294501,"1174 reward","14 reward"
"16391","M1","C4620083","14","1175","C4620083 M1","reward",0.00616934207828942,"1175 reward","14 reward"
"16392","M1","C4620083","14","1176","C4620083 M1","reward",0.00530778065764943,"1176 reward","14 reward"
"16393","M1","C4620083","14","1177","C4620083 M1","reward",0.004715166623546,"1177 reward","14 reward"
"16394","M1","C4620083","14","1178","C4620083 M1","reward",0.00391178655266872,"1178 reward","14 reward"
"16395","M1","C4620083","14","1179","C4620083 M1","reward",0.00358971595409792,"1179 reward","14 reward"
"16396","M1","C4620083","14","1180","C4620083 M1","reward",0.00209211722468383,"1180 reward","14 reward"
"16397","M1","C4620083","14","1181","C4620083 M1","reward",0.00150607002897451,"1181 reward","14 reward"
"16398","M1","C4620083","14","1182","C4620083 M1","reward",0.00112244651711603,"1182 reward","14 reward"
"16399","M1","C4620083","14","1183","C4620083 M1","reward",-0.000119930484125928,"1183 reward","14 reward"
"16400","M1","C4620083","14","1184","C4620083 M1","reward",-0.00727024689620154,"1184 reward","14 reward"
"16401","M1","C4620083","14","1185","C4620083 M1","reward",-0.020341401860203,"1185 reward","14 reward"
"16402","M1","C4620083","14","1186","C4620083 M1","reward",-0.023854327639253,"1186 reward","14 reward"
"16403","M1","C4620083","14","1187","C4620083 M1","reward",-0.0323977714383067,"1187 reward","14 reward"
"16404","M1","C4620083","14","1188","C4620083 M1","reward",-0.0392258495115144,"1188 reward","14 reward"
"16405","M1","C4620083","14","1189","C4620083 M1","reward",-0.0412033302320757,"1189 reward","14 reward"
"16406","M1","C4620083","14","1190","C4620083 M1","reward",-0.0480501743479082,"1190 reward","14 reward"
"16407","M1","C4620083","14","1191","C4620083 M1","reward",-0.0578761602308159,"1191 reward","14 reward"
"16408","M1","C4620083","14","1192","C4620083 M1","reward",-0.0635089737781031,"1192 reward","14 reward"
"16409","M1","C4620083","14","1193","C4620083 M1","reward",-0.0841078455602119,"1193 reward","14 reward"
"16410","M1","C4620083","14","1194","C4620083 M1","reward",-0.0924937263570001,"1194 reward","14 reward"
"16411","M1","C4620083","14","1195","C4620083 M1","reward",-0.109093746403715,"1195 reward","14 reward"
"16412","M2","C4620083","14","0","C4620083 M2","reward",0.0780997050169063,"0 reward","14 reward"
"16413","M2","C4620083","14","1","C4620083 M2","reward",0.0750600082659853,"1 reward","14 reward"
"16414","M2","C4620083","14","2","C4620083 M2","reward",0.0727108205946469,"2 reward","14 reward"
"16415","M2","C4620083","14","3","C4620083 M2","reward",0.065579702418531,"3 reward","14 reward"
"16416","M2","C4620083","14","4","C4620083 M2","reward",0.0651878184858581,"4 reward","14 reward"
"16417","M2","C4620083","14","5","C4620083 M2","reward",0.0643522026259656,"5 reward","14 reward"
"16418","M2","C4620083","14","6","C4620083 M2","reward",0.0617493226407212,"6 reward","14 reward"
"16419","M2","C4620083","14","7","C4620083 M2","reward",0.0615115332327872,"7 reward","14 reward"
"16420","M2","C4620083","14","8","C4620083 M2","reward",0.0611735196409498,"8 reward","14 reward"
"16421","M2","C4620083","14","9","C4620083 M2","reward",0.0608477480183052,"9 reward","14 reward"
"16422","M2","C4620083","14","10","C4620083 M2","reward",0.0596061606306173,"10 reward","14 reward"
"16423","M2","C4620083","14","11","C4620083 M2","reward",0.0595340688316474,"11 reward","14 reward"
"16424","M2","C4620083","14","12","C4620083 M2","reward",0.0579856765257775,"12 reward","14 reward"
"16425","M2","C4620083","14","13","C4620083 M2","reward",0.0577741351648773,"13 reward","14 reward"
"16426","M2","C4620083","14","14","C4620083 M2","reward",0.057374532518236,"14 reward","14 reward"
"16427","M2","C4620083","14","15","C4620083 M2","reward",0.0558022323195078,"15 reward","14 reward"
"16428","M2","C4620083","14","16","C4620083 M2","reward",0.0557911727515986,"16 reward","14 reward"
"16429","M2","C4620083","14","17","C4620083 M2","reward",0.0548313891474148,"17 reward","14 reward"
"16430","M2","C4620083","14","18","C4620083 M2","reward",0.0544650222666696,"18 reward","14 reward"
"16431","M2","C4620083","14","19","C4620083 M2","reward",0.0540164091836875,"19 reward","14 reward"
"16432","M2","C4620083","14","20","C4620083 M2","reward",0.0536559663011778,"20 reward","14 reward"
"16433","M2","C4620083","14","21","C4620083 M2","reward",0.0533110027917537,"21 reward","14 reward"
"16434","M2","C4620083","14","22","C4620083 M2","reward",0.0532967971183455,"22 reward","14 reward"
"16435","M2","C4620083","14","23","C4620083 M2","reward",0.0531447962199461,"23 reward","14 reward"
"16436","M2","C4620083","14","24","C4620083 M2","reward",0.0526500205118712,"24 reward","14 reward"
"16437","M2","C4620083","14","25","C4620083 M2","reward",0.0525067924332278,"25 reward","14 reward"
"16438","M2","C4620083","14","26","C4620083 M2","reward",0.0521283219999289,"26 reward","14 reward"
"16439","M2","C4620083","14","27","C4620083 M2","reward",0.0520436325283718,"27 reward","14 reward"
"16440","M2","C4620083","14","28","C4620083 M2","reward",0.0515589086732568,"28 reward","14 reward"
"16441","M2","C4620083","14","29","C4620083 M2","reward",0.0514980100375527,"29 reward","14 reward"
"16442","M2","C4620083","14","30","C4620083 M2","reward",0.0509766530538715,"30 reward","14 reward"
"16443","M2","C4620083","14","31","C4620083 M2","reward",0.0508462472543299,"31 reward","14 reward"
"16444","M2","C4620083","14","32","C4620083 M2","reward",0.0500996784709947,"32 reward","14 reward"
"16445","M2","C4620083","14","33","C4620083 M2","reward",0.0499367228826158,"33 reward","14 reward"
"16446","M2","C4620083","14","34","C4620083 M2","reward",0.0498667782115094,"34 reward","14 reward"
"16447","M2","C4620083","14","35","C4620083 M2","reward",0.0494182870340718,"35 reward","14 reward"
"16448","M2","C4620083","14","36","C4620083 M2","reward",0.0493093466858189,"36 reward","14 reward"
"16449","M2","C4620083","14","37","C4620083 M2","reward",0.0489095974631454,"37 reward","14 reward"
"16450","M2","C4620083","14","38","C4620083 M2","reward",0.0487892571084407,"38 reward","14 reward"
"16451","M2","C4620083","14","39","C4620083 M2","reward",0.0487857826511317,"39 reward","14 reward"
"16452","M2","C4620083","14","40","C4620083 M2","reward",0.0487467919736301,"40 reward","14 reward"
"16453","M2","C4620083","14","41","C4620083 M2","reward",0.0481860384195906,"41 reward","14 reward"
"16454","M2","C4620083","14","42","C4620083 M2","reward",0.0480714286502811,"42 reward","14 reward"
"16455","M2","C4620083","14","43","C4620083 M2","reward",0.047890644358051,"43 reward","14 reward"
"16456","M2","C4620083","14","44","C4620083 M2","reward",0.0476053552314977,"44 reward","14 reward"
"16457","M2","C4620083","14","45","C4620083 M2","reward",0.047195116740511,"45 reward","14 reward"
"16458","M2","C4620083","14","46","C4620083 M2","reward",0.047052180620154,"46 reward","14 reward"
"16459","M2","C4620083","14","47","C4620083 M2","reward",0.0469407446431115,"47 reward","14 reward"
"16460","M2","C4620083","14","48","C4620083 M2","reward",0.0468485967695747,"48 reward","14 reward"
"16461","M2","C4620083","14","49","C4620083 M2","reward",0.0465028975135307,"49 reward","14 reward"
"16462","M2","C4620083","14","50","C4620083 M2","reward",0.0463755196227577,"50 reward","14 reward"
"16463","M2","C4620083","14","51","C4620083 M2","reward",0.0462907738868796,"51 reward","14 reward"
"16464","M2","C4620083","14","52","C4620083 M2","reward",0.0461061154658395,"52 reward","14 reward"
"16465","M2","C4620083","14","53","C4620083 M2","reward",0.04559969047614,"53 reward","14 reward"
"16466","M2","C4620083","14","54","C4620083 M2","reward",0.0455752539916414,"54 reward","14 reward"
"16467","M2","C4620083","14","55","C4620083 M2","reward",0.0454362527971321,"55 reward","14 reward"
"16468","M2","C4620083","14","56","C4620083 M2","reward",0.044916054889259,"56 reward","14 reward"
"16469","M2","C4620083","14","57","C4620083 M2","reward",0.0448947239042244,"57 reward","14 reward"
"16470","M2","C4620083","14","58","C4620083 M2","reward",0.044831047590128,"58 reward","14 reward"
"16471","M2","C4620083","14","59","C4620083 M2","reward",0.0443620074038045,"59 reward","14 reward"
"16472","M2","C4620083","14","60","C4620083 M2","reward",0.0441906968097032,"60 reward","14 reward"
"16473","M2","C4620083","14","61","C4620083 M2","reward",0.0437755444145414,"61 reward","14 reward"
"16474","M2","C4620083","14","62","C4620083 M2","reward",0.0437219492695982,"62 reward","14 reward"
"16475","M2","C4620083","14","63","C4620083 M2","reward",0.0429950778769271,"63 reward","14 reward"
"16476","M2","C4620083","14","64","C4620083 M2","reward",0.0427361741880103,"64 reward","14 reward"
"16477","M2","C4620083","14","65","C4620083 M2","reward",0.0427192788341335,"65 reward","14 reward"
"16478","M2","C4620083","14","66","C4620083 M2","reward",0.0426232606608987,"66 reward","14 reward"
"16479","M2","C4620083","14","67","C4620083 M2","reward",0.0425477347452337,"67 reward","14 reward"
"16480","M2","C4620083","14","68","C4620083 M2","reward",0.0425210606401705,"68 reward","14 reward"
"16481","M2","C4620083","14","69","C4620083 M2","reward",0.0424119726858775,"69 reward","14 reward"
"16482","M2","C4620083","14","70","C4620083 M2","reward",0.0424074927341401,"70 reward","14 reward"
"16483","M2","C4620083","14","71","C4620083 M2","reward",0.0420795278093279,"71 reward","14 reward"
"16484","M2","C4620083","14","72","C4620083 M2","reward",0.0418516910226425,"72 reward","14 reward"
"16485","M2","C4620083","14","73","C4620083 M2","reward",0.0418448170009778,"73 reward","14 reward"
"16486","M2","C4620083","14","74","C4620083 M2","reward",0.0418102875365456,"74 reward","14 reward"
"16487","M2","C4620083","14","75","C4620083 M2","reward",0.0417043330466141,"75 reward","14 reward"
"16488","M2","C4620083","14","76","C4620083 M2","reward",0.0416656205046231,"76 reward","14 reward"
"16489","M2","C4620083","14","77","C4620083 M2","reward",0.0416016347457631,"77 reward","14 reward"
"16490","M2","C4620083","14","78","C4620083 M2","reward",0.0415957517840276,"78 reward","14 reward"
"16491","M2","C4620083","14","79","C4620083 M2","reward",0.0409073597428601,"79 reward","14 reward"
"16492","M2","C4620083","14","80","C4620083 M2","reward",0.040815013985288,"80 reward","14 reward"
"16493","M2","C4620083","14","81","C4620083 M2","reward",0.0406992339601006,"81 reward","14 reward"
"16494","M2","C4620083","14","82","C4620083 M2","reward",0.0406314326751812,"82 reward","14 reward"
"16495","M2","C4620083","14","83","C4620083 M2","reward",0.0404957992925402,"83 reward","14 reward"
"16496","M2","C4620083","14","84","C4620083 M2","reward",0.040445818038935,"84 reward","14 reward"
"16497","M2","C4620083","14","85","C4620083 M2","reward",0.0404405504074803,"85 reward","14 reward"
"16498","M2","C4620083","14","86","C4620083 M2","reward",0.0403618921269351,"86 reward","14 reward"
"16499","M2","C4620083","14","87","C4620083 M2","reward",0.0403368943602284,"87 reward","14 reward"
"16500","M2","C4620083","14","88","C4620083 M2","reward",0.0402296648237456,"88 reward","14 reward"
"16501","M2","C4620083","14","89","C4620083 M2","reward",0.0400768883394333,"89 reward","14 reward"
"16502","M2","C4620083","14","90","C4620083 M2","reward",0.039896730863039,"90 reward","14 reward"
"16503","M2","C4620083","14","91","C4620083 M2","reward",0.0398792842731943,"91 reward","14 reward"
"16504","M2","C4620083","14","92","C4620083 M2","reward",0.0397928227238069,"92 reward","14 reward"
"16505","M2","C4620083","14","93","C4620083 M2","reward",0.0397925090647686,"93 reward","14 reward"
"16506","M2","C4620083","14","94","C4620083 M2","reward",0.0396632111487263,"94 reward","14 reward"
"16507","M2","C4620083","14","95","C4620083 M2","reward",0.0396009523785952,"95 reward","14 reward"
"16508","M2","C4620083","14","96","C4620083 M2","reward",0.0394376116993801,"96 reward","14 reward"
"16509","M2","C4620083","14","97","C4620083 M2","reward",0.0394147601868203,"97 reward","14 reward"
"16510","M2","C4620083","14","98","C4620083 M2","reward",0.0393349763887359,"98 reward","14 reward"
"16511","M2","C4620083","14","99","C4620083 M2","reward",0.0392487740353152,"99 reward","14 reward"
"16512","M2","C4620083","14","100","C4620083 M2","reward",0.0391515331408739,"100 reward","14 reward"
"16513","M2","C4620083","14","101","C4620083 M2","reward",0.0390416747347545,"101 reward","14 reward"
"16514","M2","C4620083","14","102","C4620083 M2","reward",0.0390251180674291,"102 reward","14 reward"
"16515","M2","C4620083","14","103","C4620083 M2","reward",0.0389798280592304,"103 reward","14 reward"
"16516","M2","C4620083","14","104","C4620083 M2","reward",0.0386023993180085,"104 reward","14 reward"
"16517","M2","C4620083","14","105","C4620083 M2","reward",0.0385600665878695,"105 reward","14 reward"
"16518","M2","C4620083","14","106","C4620083 M2","reward",0.0385460992826076,"106 reward","14 reward"
"16519","M2","C4620083","14","107","C4620083 M2","reward",0.0381325777771543,"107 reward","14 reward"
"16520","M2","C4620083","14","108","C4620083 M2","reward",0.0377474475465937,"108 reward","14 reward"
"16521","M2","C4620083","14","109","C4620083 M2","reward",0.037712708620224,"109 reward","14 reward"
"16522","M2","C4620083","14","110","C4620083 M2","reward",0.0376954445795334,"110 reward","14 reward"
"16523","M2","C4620083","14","111","C4620083 M2","reward",0.037693885478605,"111 reward","14 reward"
"16524","M2","C4620083","14","112","C4620083 M2","reward",0.0374928084912828,"112 reward","14 reward"
"16525","M2","C4620083","14","113","C4620083 M2","reward",0.037261826269766,"113 reward","14 reward"
"16526","M2","C4620083","14","114","C4620083 M2","reward",0.03722061147332,"114 reward","14 reward"
"16527","M2","C4620083","14","115","C4620083 M2","reward",0.0369322993620163,"115 reward","14 reward"
"16528","M2","C4620083","14","116","C4620083 M2","reward",0.0368687747246362,"116 reward","14 reward"
"16529","M2","C4620083","14","117","C4620083 M2","reward",0.0368277594116259,"117 reward","14 reward"
"16530","M2","C4620083","14","118","C4620083 M2","reward",0.0367709362399648,"118 reward","14 reward"
"16531","M2","C4620083","14","119","C4620083 M2","reward",0.0367620309547455,"119 reward","14 reward"
"16532","M2","C4620083","14","120","C4620083 M2","reward",0.036573302329975,"120 reward","14 reward"
"16533","M2","C4620083","14","121","C4620083 M2","reward",0.0365501995673081,"121 reward","14 reward"
"16534","M2","C4620083","14","122","C4620083 M2","reward",0.0365363743200758,"122 reward","14 reward"
"16535","M2","C4620083","14","123","C4620083 M2","reward",0.0365179844963845,"123 reward","14 reward"
"16536","M2","C4620083","14","124","C4620083 M2","reward",0.0363845326236269,"124 reward","14 reward"
"16537","M2","C4620083","14","125","C4620083 M2","reward",0.0361943766058299,"125 reward","14 reward"
"16538","M2","C4620083","14","126","C4620083 M2","reward",0.0361127379132129,"126 reward","14 reward"
"16539","M2","C4620083","14","127","C4620083 M2","reward",0.0360083213781284,"127 reward","14 reward"
"16540","M2","C4620083","14","128","C4620083 M2","reward",0.0358307727535107,"128 reward","14 reward"
"16541","M2","C4620083","14","129","C4620083 M2","reward",0.0356982878252662,"129 reward","14 reward"
"16542","M2","C4620083","14","130","C4620083 M2","reward",0.0356519819366699,"130 reward","14 reward"
"16543","M2","C4620083","14","131","C4620083 M2","reward",0.0352942164013525,"131 reward","14 reward"
"16544","M2","C4620083","14","132","C4620083 M2","reward",0.0352779095367147,"132 reward","14 reward"
"16545","M2","C4620083","14","133","C4620083 M2","reward",0.0352738326222201,"133 reward","14 reward"
"16546","M2","C4620083","14","134","C4620083 M2","reward",0.0350436594297139,"134 reward","14 reward"
"16547","M2","C4620083","14","135","C4620083 M2","reward",0.0350085388133834,"135 reward","14 reward"
"16548","M2","C4620083","14","136","C4620083 M2","reward",0.0349530503427431,"136 reward","14 reward"
"16549","M2","C4620083","14","137","C4620083 M2","reward",0.0347693970926199,"137 reward","14 reward"
"16550","M2","C4620083","14","138","C4620083 M2","reward",0.0347576067491363,"138 reward","14 reward"
"16551","M2","C4620083","14","139","C4620083 M2","reward",0.0346315971578403,"139 reward","14 reward"
"16552","M2","C4620083","14","140","C4620083 M2","reward",0.0345306739913684,"140 reward","14 reward"
"16553","M2","C4620083","14","141","C4620083 M2","reward",0.034011068698457,"141 reward","14 reward"
"16554","M2","C4620083","14","142","C4620083 M2","reward",0.0339558521890431,"142 reward","14 reward"
"16555","M2","C4620083","14","143","C4620083 M2","reward",0.0339326458486749,"143 reward","14 reward"
"16556","M2","C4620083","14","144","C4620083 M2","reward",0.0338028248208116,"144 reward","14 reward"
"16557","M2","C4620083","14","145","C4620083 M2","reward",0.0336410975559821,"145 reward","14 reward"
"16558","M2","C4620083","14","146","C4620083 M2","reward",0.033607926260284,"146 reward","14 reward"
"16559","M2","C4620083","14","147","C4620083 M2","reward",0.0334288404231364,"147 reward","14 reward"
"16560","M2","C4620083","14","148","C4620083 M2","reward",0.0330688827142485,"148 reward","14 reward"
"16561","M2","C4620083","14","149","C4620083 M2","reward",0.0330280922339865,"149 reward","14 reward"
"16562","M2","C4620083","14","150","C4620083 M2","reward",0.0330273415854138,"150 reward","14 reward"
"16563","M2","C4620083","14","151","C4620083 M2","reward",0.0329553990164278,"151 reward","14 reward"
"16564","M2","C4620083","14","152","C4620083 M2","reward",0.0328328333917082,"152 reward","14 reward"
"16565","M2","C4620083","14","153","C4620083 M2","reward",0.0328082349401871,"153 reward","14 reward"
"16566","M2","C4620083","14","154","C4620083 M2","reward",0.0327705008588705,"154 reward","14 reward"
"16567","M2","C4620083","14","155","C4620083 M2","reward",0.0325295051865636,"155 reward","14 reward"
"16568","M2","C4620083","14","156","C4620083 M2","reward",0.0324704358776146,"156 reward","14 reward"
"16569","M2","C4620083","14","157","C4620083 M2","reward",0.0324687724812904,"157 reward","14 reward"
"16570","M2","C4620083","14","158","C4620083 M2","reward",0.0324253605412758,"158 reward","14 reward"
"16571","M2","C4620083","14","159","C4620083 M2","reward",0.0323316741459701,"159 reward","14 reward"
"16572","M2","C4620083","14","160","C4620083 M2","reward",0.0321592873492636,"160 reward","14 reward"
"16573","M2","C4620083","14","161","C4620083 M2","reward",0.0320441277494215,"161 reward","14 reward"
"16574","M2","C4620083","14","162","C4620083 M2","reward",0.0319885218153211,"162 reward","14 reward"
"16575","M2","C4620083","14","163","C4620083 M2","reward",0.0319538801289115,"163 reward","14 reward"
"16576","M2","C4620083","14","164","C4620083 M2","reward",0.0317255086078015,"164 reward","14 reward"
"16577","M2","C4620083","14","165","C4620083 M2","reward",0.0317192856822538,"165 reward","14 reward"
"16578","M2","C4620083","14","166","C4620083 M2","reward",0.0316933357682227,"166 reward","14 reward"
"16579","M2","C4620083","14","167","C4620083 M2","reward",0.0316227143231401,"167 reward","14 reward"
"16580","M2","C4620083","14","168","C4620083 M2","reward",0.0314927596892647,"168 reward","14 reward"
"16581","M2","C4620083","14","169","C4620083 M2","reward",0.0314762322446398,"169 reward","14 reward"
"16582","M2","C4620083","14","170","C4620083 M2","reward",0.0313405348053982,"170 reward","14 reward"
"16583","M2","C4620083","14","171","C4620083 M2","reward",0.0313202463673395,"171 reward","14 reward"
"16584","M2","C4620083","14","172","C4620083 M2","reward",0.0312985928865476,"172 reward","14 reward"
"16585","M2","C4620083","14","173","C4620083 M2","reward",0.031212863574384,"173 reward","14 reward"
"16586","M2","C4620083","14","174","C4620083 M2","reward",0.0312012745147999,"174 reward","14 reward"
"16587","M2","C4620083","14","175","C4620083 M2","reward",0.0311605966383497,"175 reward","14 reward"
"16588","M2","C4620083","14","176","C4620083 M2","reward",0.0310323935728536,"176 reward","14 reward"
"16589","M2","C4620083","14","177","C4620083 M2","reward",0.0307191103438299,"177 reward","14 reward"
"16590","M2","C4620083","14","178","C4620083 M2","reward",0.0306235914793993,"178 reward","14 reward"
"16591","M2","C4620083","14","179","C4620083 M2","reward",0.0305216621241372,"179 reward","14 reward"
"16592","M2","C4620083","14","180","C4620083 M2","reward",0.0304427230599293,"180 reward","14 reward"
"16593","M2","C4620083","14","181","C4620083 M2","reward",0.0303333854044362,"181 reward","14 reward"
"16594","M2","C4620083","14","182","C4620083 M2","reward",0.0302607020719467,"182 reward","14 reward"
"16595","M2","C4620083","14","183","C4620083 M2","reward",0.0302510335864253,"183 reward","14 reward"
"16596","M2","C4620083","14","184","C4620083 M2","reward",0.0300292305474368,"184 reward","14 reward"
"16597","M2","C4620083","14","185","C4620083 M2","reward",0.03002045697494,"185 reward","14 reward"
"16598","M2","C4620083","14","186","C4620083 M2","reward",0.0300071835212149,"186 reward","14 reward"
"16599","M2","C4620083","14","187","C4620083 M2","reward",0.0300042913579368,"187 reward","14 reward"
"16600","M2","C4620083","14","188","C4620083 M2","reward",0.0297338829498174,"188 reward","14 reward"
"16601","M2","C4620083","14","189","C4620083 M2","reward",0.0296496508301872,"189 reward","14 reward"
"16602","M2","C4620083","14","190","C4620083 M2","reward",0.0294457024443731,"190 reward","14 reward"
"16603","M2","C4620083","14","191","C4620083 M2","reward",0.029389435279652,"191 reward","14 reward"
"16604","M2","C4620083","14","192","C4620083 M2","reward",0.0293503247259369,"192 reward","14 reward"
"16605","M2","C4620083","14","193","C4620083 M2","reward",0.0292752922991149,"193 reward","14 reward"
"16606","M2","C4620083","14","194","C4620083 M2","reward",0.0292217486834743,"194 reward","14 reward"
"16607","M2","C4620083","14","195","C4620083 M2","reward",0.02914456770985,"195 reward","14 reward"
"16608","M2","C4620083","14","196","C4620083 M2","reward",0.0290670118278117,"196 reward","14 reward"
"16609","M2","C4620083","14","197","C4620083 M2","reward",0.0289871316891323,"197 reward","14 reward"
"16610","M2","C4620083","14","198","C4620083 M2","reward",0.0289195460961564,"198 reward","14 reward"
"16611","M2","C4620083","14","199","C4620083 M2","reward",0.0289139666940962,"199 reward","14 reward"
"16612","M2","C4620083","14","200","C4620083 M2","reward",0.0289104134393321,"200 reward","14 reward"
"16613","M2","C4620083","14","201","C4620083 M2","reward",0.0287967305988837,"201 reward","14 reward"
"16614","M2","C4620083","14","202","C4620083 M2","reward",0.0287330008907451,"202 reward","14 reward"
"16615","M2","C4620083","14","203","C4620083 M2","reward",0.0286835838842239,"203 reward","14 reward"
"16616","M2","C4620083","14","204","C4620083 M2","reward",0.0286456478019467,"204 reward","14 reward"
"16617","M2","C4620083","14","205","C4620083 M2","reward",0.028578024161074,"205 reward","14 reward"
"16618","M2","C4620083","14","206","C4620083 M2","reward",0.0284976777657737,"206 reward","14 reward"
"16619","M2","C4620083","14","207","C4620083 M2","reward",0.0284808399993226,"207 reward","14 reward"
"16620","M2","C4620083","14","208","C4620083 M2","reward",0.0284488888642177,"208 reward","14 reward"
"16621","M2","C4620083","14","209","C4620083 M2","reward",0.028277642755135,"209 reward","14 reward"
"16622","M2","C4620083","14","210","C4620083 M2","reward",0.0282681185264604,"210 reward","14 reward"
"16623","M2","C4620083","14","211","C4620083 M2","reward",0.0282447496159894,"211 reward","14 reward"
"16624","M2","C4620083","14","212","C4620083 M2","reward",0.0282322336899341,"212 reward","14 reward"
"16625","M2","C4620083","14","213","C4620083 M2","reward",0.0281968437896817,"213 reward","14 reward"
"16626","M2","C4620083","14","214","C4620083 M2","reward",0.0280337584493684,"214 reward","14 reward"
"16627","M2","C4620083","14","215","C4620083 M2","reward",0.0278710945946221,"215 reward","14 reward"
"16628","M2","C4620083","14","216","C4620083 M2","reward",0.0278696340979557,"216 reward","14 reward"
"16629","M2","C4620083","14","217","C4620083 M2","reward",0.0278265351978306,"217 reward","14 reward"
"16630","M2","C4620083","14","218","C4620083 M2","reward",0.0277666752657273,"218 reward","14 reward"
"16631","M2","C4620083","14","219","C4620083 M2","reward",0.0277471079539351,"219 reward","14 reward"
"16632","M2","C4620083","14","220","C4620083 M2","reward",0.0277324657908664,"220 reward","14 reward"
"16633","M2","C4620083","14","221","C4620083 M2","reward",0.0276072580466793,"221 reward","14 reward"
"16634","M2","C4620083","14","222","C4620083 M2","reward",0.0275421292305516,"222 reward","14 reward"
"16635","M2","C4620083","14","223","C4620083 M2","reward",0.0273902579538409,"223 reward","14 reward"
"16636","M2","C4620083","14","224","C4620083 M2","reward",0.0273533064766399,"224 reward","14 reward"
"16637","M2","C4620083","14","225","C4620083 M2","reward",0.0272802926326924,"225 reward","14 reward"
"16638","M2","C4620083","14","226","C4620083 M2","reward",0.0268867634635916,"226 reward","14 reward"
"16639","M2","C4620083","14","227","C4620083 M2","reward",0.0268323815291958,"227 reward","14 reward"
"16640","M2","C4620083","14","228","C4620083 M2","reward",0.026815264922054,"228 reward","14 reward"
"16641","M2","C4620083","14","229","C4620083 M2","reward",0.0268129110303396,"229 reward","14 reward"
"16642","M2","C4620083","14","230","C4620083 M2","reward",0.0265207561185001,"230 reward","14 reward"
"16643","M2","C4620083","14","231","C4620083 M2","reward",0.0264634490106469,"231 reward","14 reward"
"16644","M2","C4620083","14","232","C4620083 M2","reward",0.0261064939997316,"232 reward","14 reward"
"16645","M2","C4620083","14","233","C4620083 M2","reward",0.0260868040862809,"233 reward","14 reward"
"16646","M2","C4620083","14","234","C4620083 M2","reward",0.0260736520439652,"234 reward","14 reward"
"16647","M2","C4620083","14","235","C4620083 M2","reward",0.0260517719863067,"235 reward","14 reward"
"16648","M2","C4620083","14","236","C4620083 M2","reward",0.0260306714751449,"236 reward","14 reward"
"16649","M2","C4620083","14","237","C4620083 M2","reward",0.0259588880362506,"237 reward","14 reward"
"16650","M2","C4620083","14","238","C4620083 M2","reward",0.0258078820706543,"238 reward","14 reward"
"16651","M2","C4620083","14","239","C4620083 M2","reward",0.0255437253433795,"239 reward","14 reward"
"16652","M2","C4620083","14","240","C4620083 M2","reward",0.025336369012229,"240 reward","14 reward"
"16653","M2","C4620083","14","241","C4620083 M2","reward",0.0252915300903236,"241 reward","14 reward"
"16654","M2","C4620083","14","242","C4620083 M2","reward",0.025245930430391,"242 reward","14 reward"
"16655","M2","C4620083","14","243","C4620083 M2","reward",0.0251633464680579,"243 reward","14 reward"
"16656","M2","C4620083","14","244","C4620083 M2","reward",0.0250396132669965,"244 reward","14 reward"
"16657","M2","C4620083","14","245","C4620083 M2","reward",0.0249413356388745,"245 reward","14 reward"
"16658","M2","C4620083","14","246","C4620083 M2","reward",0.0249269531101094,"246 reward","14 reward"
"16659","M2","C4620083","14","247","C4620083 M2","reward",0.0247912955355402,"247 reward","14 reward"
"16660","M2","C4620083","14","248","C4620083 M2","reward",0.0247500855329221,"248 reward","14 reward"
"16661","M2","C4620083","14","249","C4620083 M2","reward",0.0246533286226602,"249 reward","14 reward"
"16662","M2","C4620083","14","250","C4620083 M2","reward",0.0245023083580823,"250 reward","14 reward"
"16663","M2","C4620083","14","251","C4620083 M2","reward",0.0244735414313648,"251 reward","14 reward"
"16664","M2","C4620083","14","252","C4620083 M2","reward",0.0239978481845976,"252 reward","14 reward"
"16665","M2","C4620083","14","253","C4620083 M2","reward",0.0239567538028015,"253 reward","14 reward"
"16666","M2","C4620083","14","254","C4620083 M2","reward",0.0239231925317254,"254 reward","14 reward"
"16667","M2","C4620083","14","255","C4620083 M2","reward",0.0238083882848844,"255 reward","14 reward"
"16668","M2","C4620083","14","256","C4620083 M2","reward",0.0237652404714523,"256 reward","14 reward"
"16669","M2","C4620083","14","257","C4620083 M2","reward",0.0237258631156013,"257 reward","14 reward"
"16670","M2","C4620083","14","258","C4620083 M2","reward",0.0237103478624055,"258 reward","14 reward"
"16671","M2","C4620083","14","259","C4620083 M2","reward",0.0237070925665507,"259 reward","14 reward"
"16672","M2","C4620083","14","260","C4620083 M2","reward",0.0236739556238239,"260 reward","14 reward"
"16673","M2","C4620083","14","261","C4620083 M2","reward",0.023271928208299,"261 reward","14 reward"
"16674","M2","C4620083","14","262","C4620083 M2","reward",0.0232691482430942,"262 reward","14 reward"
"16675","M2","C4620083","14","263","C4620083 M2","reward",0.0232361309743459,"263 reward","14 reward"
"16676","M2","C4620083","14","264","C4620083 M2","reward",0.0230128556642352,"264 reward","14 reward"
"16677","M2","C4620083","14","265","C4620083 M2","reward",0.0228932650614243,"265 reward","14 reward"
"16678","M2","C4620083","14","266","C4620083 M2","reward",0.0228348560509872,"266 reward","14 reward"
"16679","M2","C4620083","14","267","C4620083 M2","reward",0.0227654781971478,"267 reward","14 reward"
"16680","M2","C4620083","14","268","C4620083 M2","reward",0.0225730272231865,"268 reward","14 reward"
"16681","M2","C4620083","14","269","C4620083 M2","reward",0.0225304479652276,"269 reward","14 reward"
"16682","M2","C4620083","14","270","C4620083 M2","reward",0.0225054407124952,"270 reward","14 reward"
"16683","M2","C4620083","14","271","C4620083 M2","reward",0.022350807132602,"271 reward","14 reward"
"16684","M2","C4620083","14","272","C4620083 M2","reward",0.0223318355639901,"272 reward","14 reward"
"16685","M2","C4620083","14","273","C4620083 M2","reward",0.0222588466305733,"273 reward","14 reward"
"16686","M2","C4620083","14","274","C4620083 M2","reward",0.0221262240717494,"274 reward","14 reward"
"16687","M2","C4620083","14","275","C4620083 M2","reward",0.0220952169596504,"275 reward","14 reward"
"16688","M2","C4620083","14","276","C4620083 M2","reward",0.0219816908928589,"276 reward","14 reward"
"16689","M2","C4620083","14","277","C4620083 M2","reward",0.021955148946827,"277 reward","14 reward"
"16690","M2","C4620083","14","278","C4620083 M2","reward",0.0219431894645989,"278 reward","14 reward"
"16691","M2","C4620083","14","279","C4620083 M2","reward",0.0218188718519803,"279 reward","14 reward"
"16692","M2","C4620083","14","280","C4620083 M2","reward",0.0217484898169515,"280 reward","14 reward"
"16693","M2","C4620083","14","281","C4620083 M2","reward",0.0217470389441759,"281 reward","14 reward"
"16694","M2","C4620083","14","282","C4620083 M2","reward",0.0216760634050313,"282 reward","14 reward"
"16695","M2","C4620083","14","283","C4620083 M2","reward",0.0212588321877793,"283 reward","14 reward"
"16696","M2","C4620083","14","284","C4620083 M2","reward",0.0212516641321977,"284 reward","14 reward"
"16697","M2","C4620083","14","285","C4620083 M2","reward",0.0211523408669193,"285 reward","14 reward"
"16698","M2","C4620083","14","286","C4620083 M2","reward",0.0210960206972152,"286 reward","14 reward"
"16699","M2","C4620083","14","287","C4620083 M2","reward",0.0209268458855331,"287 reward","14 reward"
"16700","M2","C4620083","14","288","C4620083 M2","reward",0.0207508545914022,"288 reward","14 reward"
"16701","M2","C4620083","14","289","C4620083 M2","reward",0.0206975511716931,"289 reward","14 reward"
"16702","M2","C4620083","14","290","C4620083 M2","reward",0.0206775975326735,"290 reward","14 reward"
"16703","M2","C4620083","14","291","C4620083 M2","reward",0.0206138735048956,"291 reward","14 reward"
"16704","M2","C4620083","14","292","C4620083 M2","reward",0.0206022350368097,"292 reward","14 reward"
"16705","M2","C4620083","14","293","C4620083 M2","reward",0.0205976037126037,"293 reward","14 reward"
"16706","M2","C4620083","14","294","C4620083 M2","reward",0.0205017217936427,"294 reward","14 reward"
"16707","M2","C4620083","14","295","C4620083 M2","reward",0.0204916674206157,"295 reward","14 reward"
"16708","M2","C4620083","14","296","C4620083 M2","reward",0.0203728030989749,"296 reward","14 reward"
"16709","M2","C4620083","14","297","C4620083 M2","reward",0.0201323112788793,"297 reward","14 reward"
"16710","M2","C4620083","14","298","C4620083 M2","reward",0.0200215406394505,"298 reward","14 reward"
"16711","M2","C4620083","14","299","C4620083 M2","reward",0.0198311010381547,"299 reward","14 reward"
"16712","M2","C4620083","14","300","C4620083 M2","reward",0.0197977878049929,"300 reward","14 reward"
"16713","M2","C4620083","14","301","C4620083 M2","reward",0.0197661911935337,"301 reward","14 reward"
"16714","M2","C4620083","14","302","C4620083 M2","reward",0.0197065316266433,"302 reward","14 reward"
"16715","M2","C4620083","14","303","C4620083 M2","reward",0.0196854099532686,"303 reward","14 reward"
"16716","M2","C4620083","14","304","C4620083 M2","reward",0.01943816885943,"304 reward","14 reward"
"16717","M2","C4620083","14","305","C4620083 M2","reward",0.019361055610993,"305 reward","14 reward"
"16718","M2","C4620083","14","306","C4620083 M2","reward",0.019353550399399,"306 reward","14 reward"
"16719","M2","C4620083","14","307","C4620083 M2","reward",0.0192796486857192,"307 reward","14 reward"
"16720","M2","C4620083","14","308","C4620083 M2","reward",0.0192141721546411,"308 reward","14 reward"
"16721","M2","C4620083","14","309","C4620083 M2","reward",0.0191773744079062,"309 reward","14 reward"
"16722","M2","C4620083","14","310","C4620083 M2","reward",0.0191666766573488,"310 reward","14 reward"
"16723","M2","C4620083","14","311","C4620083 M2","reward",0.0190134153067654,"311 reward","14 reward"
"16724","M2","C4620083","14","312","C4620083 M2","reward",0.0189343484776972,"312 reward","14 reward"
"16725","M2","C4620083","14","313","C4620083 M2","reward",0.0189019882974704,"313 reward","14 reward"
"16726","M2","C4620083","14","314","C4620083 M2","reward",0.0185925837403798,"314 reward","14 reward"
"16727","M2","C4620083","14","315","C4620083 M2","reward",0.0185368767704322,"315 reward","14 reward"
"16728","M2","C4620083","14","316","C4620083 M2","reward",0.0184856304905585,"316 reward","14 reward"
"16729","M2","C4620083","14","317","C4620083 M2","reward",0.0184170082934432,"317 reward","14 reward"
"16730","M2","C4620083","14","318","C4620083 M2","reward",0.0183947853214561,"318 reward","14 reward"
"16731","M2","C4620083","14","319","C4620083 M2","reward",0.0183647812017852,"319 reward","14 reward"
"16732","M2","C4620083","14","320","C4620083 M2","reward",0.0183264895724751,"320 reward","14 reward"
"16733","M2","C4620083","14","321","C4620083 M2","reward",0.01817255968901,"321 reward","14 reward"
"16734","M2","C4620083","14","322","C4620083 M2","reward",0.0179875448032624,"322 reward","14 reward"
"16735","M2","C4620083","14","323","C4620083 M2","reward",0.017977681589872,"323 reward","14 reward"
"16736","M2","C4620083","14","324","C4620083 M2","reward",0.0179401591494787,"324 reward","14 reward"
"16737","M2","C4620083","14","325","C4620083 M2","reward",0.0178938017578962,"325 reward","14 reward"
"16738","M2","C4620083","14","326","C4620083 M2","reward",0.0178437602308745,"326 reward","14 reward"
"16739","M2","C4620083","14","327","C4620083 M2","reward",0.0178383812672392,"327 reward","14 reward"
"16740","M2","C4620083","14","328","C4620083 M2","reward",0.0177305908550969,"328 reward","14 reward"
"16741","M2","C4620083","14","329","C4620083 M2","reward",0.0176951875483515,"329 reward","14 reward"
"16742","M2","C4620083","14","330","C4620083 M2","reward",0.0175472369145756,"330 reward","14 reward"
"16743","M2","C4620083","14","331","C4620083 M2","reward",0.0174942201785631,"331 reward","14 reward"
"16744","M2","C4620083","14","332","C4620083 M2","reward",0.0174343919576368,"332 reward","14 reward"
"16745","M2","C4620083","14","333","C4620083 M2","reward",0.0174096012045246,"333 reward","14 reward"
"16746","M2","C4620083","14","334","C4620083 M2","reward",0.0174015487321184,"334 reward","14 reward"
"16747","M2","C4620083","14","335","C4620083 M2","reward",0.0173994499380707,"335 reward","14 reward"
"16748","M2","C4620083","14","336","C4620083 M2","reward",0.0171204247842499,"336 reward","14 reward"
"16749","M2","C4620083","14","337","C4620083 M2","reward",0.0170907342220164,"337 reward","14 reward"
"16750","M2","C4620083","14","338","C4620083 M2","reward",0.0167126454969213,"338 reward","14 reward"
"16751","M2","C4620083","14","339","C4620083 M2","reward",0.0163663248318028,"339 reward","14 reward"
"16752","M2","C4620083","14","340","C4620083 M2","reward",0.0163332298947683,"340 reward","14 reward"
"16753","M2","C4620083","14","341","C4620083 M2","reward",0.0163180597666823,"341 reward","14 reward"
"16754","M2","C4620083","14","342","C4620083 M2","reward",0.0160090764803346,"342 reward","14 reward"
"16755","M2","C4620083","14","343","C4620083 M2","reward",0.0159000055249699,"343 reward","14 reward"
"16756","M2","C4620083","14","344","C4620083 M2","reward",0.0157280604760234,"344 reward","14 reward"
"16757","M2","C4620083","14","345","C4620083 M2","reward",0.0157254642301733,"345 reward","14 reward"
"16758","M2","C4620083","14","346","C4620083 M2","reward",0.0157031317427368,"346 reward","14 reward"
"16759","M2","C4620083","14","347","C4620083 M2","reward",0.0156924829849925,"347 reward","14 reward"
"16760","M2","C4620083","14","348","C4620083 M2","reward",0.0156447476246821,"348 reward","14 reward"
"16761","M2","C4620083","14","349","C4620083 M2","reward",0.0154583887354234,"349 reward","14 reward"
"16762","M2","C4620083","14","350","C4620083 M2","reward",0.0154183346738995,"350 reward","14 reward"
"16763","M2","C4620083","14","351","C4620083 M2","reward",0.0153611382041298,"351 reward","14 reward"
"16764","M2","C4620083","14","352","C4620083 M2","reward",0.0153333675432941,"352 reward","14 reward"
"16765","M2","C4620083","14","353","C4620083 M2","reward",0.0151865115662487,"353 reward","14 reward"
"16766","M2","C4620083","14","354","C4620083 M2","reward",0.015155015877862,"354 reward","14 reward"
"16767","M2","C4620083","14","355","C4620083 M2","reward",0.0149929056402293,"355 reward","14 reward"
"16768","M2","C4620083","14","356","C4620083 M2","reward",0.0148515725127213,"356 reward","14 reward"
"16769","M2","C4620083","14","357","C4620083 M2","reward",0.0148111242570159,"357 reward","14 reward"
"16770","M2","C4620083","14","358","C4620083 M2","reward",0.0145308957344208,"358 reward","14 reward"
"16771","M2","C4620083","14","359","C4620083 M2","reward",0.0142866166060796,"359 reward","14 reward"
"16772","M2","C4620083","14","360","C4620083 M2","reward",0.014149744428984,"360 reward","14 reward"
"16773","M2","C4620083","14","361","C4620083 M2","reward",0.0141088432884106,"361 reward","14 reward"
"16774","M2","C4620083","14","362","C4620083 M2","reward",0.0140248201616298,"362 reward","14 reward"
"16775","M2","C4620083","14","363","C4620083 M2","reward",0.013650260924481,"363 reward","14 reward"
"16776","M2","C4620083","14","364","C4620083 M2","reward",0.0135431769849203,"364 reward","14 reward"
"16777","M2","C4620083","14","365","C4620083 M2","reward",0.0133521300558957,"365 reward","14 reward"
"16778","M2","C4620083","14","366","C4620083 M2","reward",0.0132832644450948,"366 reward","14 reward"
"16779","M2","C4620083","14","367","C4620083 M2","reward",0.0132615002588155,"367 reward","14 reward"
"16780","M2","C4620083","14","368","C4620083 M2","reward",0.0132306831681518,"368 reward","14 reward"
"16781","M2","C4620083","14","369","C4620083 M2","reward",0.0132302111582081,"369 reward","14 reward"
"16782","M2","C4620083","14","370","C4620083 M2","reward",0.0131729716579752,"370 reward","14 reward"
"16783","M2","C4620083","14","371","C4620083 M2","reward",0.0130696801973788,"371 reward","14 reward"
"16784","M2","C4620083","14","372","C4620083 M2","reward",0.0129660876994501,"372 reward","14 reward"
"16785","M2","C4620083","14","373","C4620083 M2","reward",0.0127444277141614,"373 reward","14 reward"
"16786","M2","C4620083","14","374","C4620083 M2","reward",0.0124116922032782,"374 reward","14 reward"
"16787","M2","C4620083","14","375","C4620083 M2","reward",0.0123214146409675,"375 reward","14 reward"
"16788","M2","C4620083","14","376","C4620083 M2","reward",0.0122674077393185,"376 reward","14 reward"
"16789","M2","C4620083","14","377","C4620083 M2","reward",0.0122086515115525,"377 reward","14 reward"
"16790","M2","C4620083","14","378","C4620083 M2","reward",0.0116703518722384,"378 reward","14 reward"
"16791","M2","C4620083","14","379","C4620083 M2","reward",0.0115303669640263,"379 reward","14 reward"
"16792","M2","C4620083","14","380","C4620083 M2","reward",0.0111992123249629,"380 reward","14 reward"
"16793","M2","C4620083","14","381","C4620083 M2","reward",0.0111762775171169,"381 reward","14 reward"
"16794","M2","C4620083","14","382","C4620083 M2","reward",0.0110582459494089,"382 reward","14 reward"
"16795","M2","C4620083","14","383","C4620083 M2","reward",0.0109869676015354,"383 reward","14 reward"
"16796","M2","C4620083","14","384","C4620083 M2","reward",0.0109507907876416,"384 reward","14 reward"
"16797","M2","C4620083","14","385","C4620083 M2","reward",0.0108215263796555,"385 reward","14 reward"
"16798","M2","C4620083","14","386","C4620083 M2","reward",0.0108003651317761,"386 reward","14 reward"
"16799","M2","C4620083","14","387","C4620083 M2","reward",0.0107207736638686,"387 reward","14 reward"
"16800","M2","C4620083","14","388","C4620083 M2","reward",0.0106913474342251,"388 reward","14 reward"
"16801","M2","C4620083","14","389","C4620083 M2","reward",0.0106459896861229,"389 reward","14 reward"
"16802","M2","C4620083","14","390","C4620083 M2","reward",0.0106183796631874,"390 reward","14 reward"
"16803","M2","C4620083","14","391","C4620083 M2","reward",0.0105985771602948,"391 reward","14 reward"
"16804","M2","C4620083","14","392","C4620083 M2","reward",0.0105834785501895,"392 reward","14 reward"
"16805","M2","C4620083","14","393","C4620083 M2","reward",0.0102494853628233,"393 reward","14 reward"
"16806","M2","C4620083","14","394","C4620083 M2","reward",0.0101852225986958,"394 reward","14 reward"
"16807","M2","C4620083","14","395","C4620083 M2","reward",0.0101603218638597,"395 reward","14 reward"
"16808","M2","C4620083","14","396","C4620083 M2","reward",0.00985320104779034,"396 reward","14 reward"
"16809","M2","C4620083","14","397","C4620083 M2","reward",0.00969999364111053,"397 reward","14 reward"
"16810","M2","C4620083","14","398","C4620083 M2","reward",0.00947774814036167,"398 reward","14 reward"
"16811","M2","C4620083","14","399","C4620083 M2","reward",0.00915437930502175,"399 reward","14 reward"
"16812","M2","C4620083","14","400","C4620083 M2","reward",0.00897029377353181,"400 reward","14 reward"
"16813","M2","C4620083","14","401","C4620083 M2","reward",0.00881615284113646,"401 reward","14 reward"
"16814","M2","C4620083","14","402","C4620083 M2","reward",0.00858705425975526,"402 reward","14 reward"
"16815","M2","C4620083","14","403","C4620083 M2","reward",0.00814851969394259,"403 reward","14 reward"
"16816","M2","C4620083","14","404","C4620083 M2","reward",0.00806216074474243,"404 reward","14 reward"
"16817","M2","C4620083","14","405","C4620083 M2","reward",0.00800161395188958,"405 reward","14 reward"
"16818","M2","C4620083","14","406","C4620083 M2","reward",0.00799610267482086,"406 reward","14 reward"
"16819","M2","C4620083","14","407","C4620083 M2","reward",0.00798360205805447,"407 reward","14 reward"
"16820","M2","C4620083","14","408","C4620083 M2","reward",0.00796462048462627,"408 reward","14 reward"
"16821","M2","C4620083","14","409","C4620083 M2","reward",0.00774754725900845,"409 reward","14 reward"
"16822","M2","C4620083","14","410","C4620083 M2","reward",0.00769445658051329,"410 reward","14 reward"
"16823","M2","C4620083","14","411","C4620083 M2","reward",0.00763665287669131,"411 reward","14 reward"
"16824","M2","C4620083","14","412","C4620083 M2","reward",0.00743041343054738,"412 reward","14 reward"
"16825","M2","C4620083","14","413","C4620083 M2","reward",0.00712951580587983,"413 reward","14 reward"
"16826","M2","C4620083","14","414","C4620083 M2","reward",0.0065860031658662,"414 reward","14 reward"
"16827","M2","C4620083","14","415","C4620083 M2","reward",0.00651180659752535,"415 reward","14 reward"
"16828","M2","C4620083","14","416","C4620083 M2","reward",0.0064892364264771,"416 reward","14 reward"
"16829","M2","C4620083","14","417","C4620083 M2","reward",0.0064165798217608,"417 reward","14 reward"
"16830","M2","C4620083","14","418","C4620083 M2","reward",0.00563472090345341,"418 reward","14 reward"
"16831","M2","C4620083","14","419","C4620083 M2","reward",0.00550017284561731,"419 reward","14 reward"
"16832","M2","C4620083","14","420","C4620083 M2","reward",0.00495122192692983,"420 reward","14 reward"
"16833","M2","C4620083","14","421","C4620083 M2","reward",0.00481154794386001,"421 reward","14 reward"
"16834","M2","C4620083","14","422","C4620083 M2","reward",0.0047624758362022,"422 reward","14 reward"
"16835","M2","C4620083","14","423","C4620083 M2","reward",0.00470908111792173,"423 reward","14 reward"
"16836","M2","C4620083","14","424","C4620083 M2","reward",0.00460535612460172,"424 reward","14 reward"
"16837","M2","C4620083","14","425","C4620083 M2","reward",0.00440033054986125,"425 reward","14 reward"
"16838","M2","C4620083","14","426","C4620083 M2","reward",0.00436729459245561,"426 reward","14 reward"
"16839","M2","C4620083","14","427","C4620083 M2","reward",0.00424660061332915,"427 reward","14 reward"
"16840","M2","C4620083","14","428","C4620083 M2","reward",0.00419690895658688,"428 reward","14 reward"
"16841","M2","C4620083","14","429","C4620083 M2","reward",0.00412317603413711,"429 reward","14 reward"
"16842","M2","C4620083","14","430","C4620083 M2","reward",0.00390816044150817,"430 reward","14 reward"
"16843","M2","C4620083","14","431","C4620083 M2","reward",0.00368677874771995,"431 reward","14 reward"
"16844","M2","C4620083","14","432","C4620083 M2","reward",0.00321954407746621,"432 reward","14 reward"
"16845","M2","C4620083","14","433","C4620083 M2","reward",0.00281154007588871,"433 reward","14 reward"
"16846","M2","C4620083","14","434","C4620083 M2","reward",0.0028080340697328,"434 reward","14 reward"
"16847","M2","C4620083","14","435","C4620083 M2","reward",0.00233517147241029,"435 reward","14 reward"
"16848","M2","C4620083","14","436","C4620083 M2","reward",0.00232519129675768,"436 reward","14 reward"
"16849","M2","C4620083","14","437","C4620083 M2","reward",0.00176837780293425,"437 reward","14 reward"
"16850","M2","C4620083","14","438","C4620083 M2","reward",0.00145138334752997,"438 reward","14 reward"
"16851","M2","C4620083","14","439","C4620083 M2","reward",0.00131715029876457,"439 reward","14 reward"
"16852","M2","C4620083","14","440","C4620083 M2","reward",0.00101671029808112,"440 reward","14 reward"
"16853","M2","C4620083","14","441","C4620083 M2","reward",0.000976454413460427,"441 reward","14 reward"
"16854","M2","C4620083","14","442","C4620083 M2","reward",0.000856657854353294,"442 reward","14 reward"
"16855","M2","C4620083","14","443","C4620083 M2","reward",0.000816344242781698,"443 reward","14 reward"
"16856","M2","C4620083","14","444","C4620083 M2","reward",0.000755003760183656,"444 reward","14 reward"
"16857","M2","C4620083","14","445","C4620083 M2","reward",0.000490886045062844,"445 reward","14 reward"
"16858","M2","C4620083","14","446","C4620083 M2","reward",0.000277643075790845,"446 reward","14 reward"
"16859","M2","C4620083","14","447","C4620083 M2","reward",-0.000283461163089929,"447 reward","14 reward"
"16860","M2","C4620083","14","448","C4620083 M2","reward",-0.000781549865109473,"448 reward","14 reward"
"16861","M2","C4620083","14","449","C4620083 M2","reward",-0.000965931327437823,"449 reward","14 reward"
"16862","M2","C4620083","14","450","C4620083 M2","reward",-0.00108633885814793,"450 reward","14 reward"
"16863","M2","C4620083","14","451","C4620083 M2","reward",-0.00211922576928332,"451 reward","14 reward"
"16864","M2","C4620083","14","452","C4620083 M2","reward",-0.00293742338867745,"452 reward","14 reward"
"16865","M2","C4620083","14","453","C4620083 M2","reward",-0.00413899751713102,"453 reward","14 reward"
"16866","M2","C4620083","14","454","C4620083 M2","reward",-0.00445619461588572,"454 reward","14 reward"
"16867","M2","C4620083","14","455","C4620083 M2","reward",-0.00485254706341195,"455 reward","14 reward"
"16868","M2","C4620083","14","456","C4620083 M2","reward",-0.00541743864457804,"456 reward","14 reward"
"16869","M2","C4620083","14","457","C4620083 M2","reward",-0.00548726298925257,"457 reward","14 reward"
"16870","M2","C4620083","14","458","C4620083 M2","reward",-0.00607511947577976,"458 reward","14 reward"
"16871","M2","C4620083","14","459","C4620083 M2","reward",-0.00703884509835265,"459 reward","14 reward"
"16872","M2","C4620083","14","460","C4620083 M2","reward",-0.00811074715882094,"460 reward","14 reward"
"16873","M3","C4620083","14","0","C4620083 M3","reward",0.212214545618044,"0 reward","14 reward"
"16874","M3","C4620083","14","1","C4620083 M3","reward",0.206737086329877,"1 reward","14 reward"
"16875","M3","C4620083","14","2","C4620083 M3","reward",0.202016487590289,"2 reward","14 reward"
"16876","M3","C4620083","14","3","C4620083 M3","reward",0.194063693449231,"3 reward","14 reward"
"16877","M3","C4620083","14","4","C4620083 M3","reward",0.193650593668661,"4 reward","14 reward"
"16878","M3","C4620083","14","5","C4620083 M3","reward",0.188173426303878,"5 reward","14 reward"
"16879","M3","C4620083","14","6","C4620083 M3","reward",0.187146639444871,"6 reward","14 reward"
"16880","M3","C4620083","14","7","C4620083 M3","reward",0.186247185040085,"7 reward","14 reward"
"16881","M3","C4620083","14","8","C4620083 M3","reward",0.18506247335604,"8 reward","14 reward"
"16882","M3","C4620083","14","9","C4620083 M3","reward",0.184714391721707,"9 reward","14 reward"
"16883","M3","C4620083","14","10","C4620083 M3","reward",0.183917938811182,"10 reward","14 reward"
"16884","M3","C4620083","14","11","C4620083 M3","reward",0.183473428142844,"11 reward","14 reward"
"16885","M3","C4620083","14","12","C4620083 M3","reward",0.183066390749082,"12 reward","14 reward"
"16886","M3","C4620083","14","13","C4620083 M3","reward",0.181270241389226,"13 reward","14 reward"
"16887","M3","C4620083","14","14","C4620083 M3","reward",0.181025904741312,"14 reward","14 reward"
"16888","M3","C4620083","14","15","C4620083 M3","reward",0.180247220268987,"15 reward","14 reward"
"16889","M3","C4620083","14","16","C4620083 M3","reward",0.178710878171308,"16 reward","14 reward"
"16890","M3","C4620083","14","17","C4620083 M3","reward",0.176997925431489,"17 reward","14 reward"
"16891","M3","C4620083","14","18","C4620083 M3","reward",0.176612833709879,"18 reward","14 reward"
"16892","M3","C4620083","14","19","C4620083 M3","reward",0.176225697240003,"19 reward","14 reward"
"16893","M3","C4620083","14","20","C4620083 M3","reward",0.17391179620065,"20 reward","14 reward"
"16894","M3","C4620083","14","21","C4620083 M3","reward",0.173085837340513,"21 reward","14 reward"
"16895","M3","C4620083","14","22","C4620083 M3","reward",0.171966006361843,"22 reward","14 reward"
"16896","M3","C4620083","14","23","C4620083 M3","reward",0.169021048514305,"23 reward","14 reward"
"16897","M3","C4620083","14","24","C4620083 M3","reward",0.168490272040904,"24 reward","14 reward"
"16898","M3","C4620083","14","25","C4620083 M3","reward",0.166500455493208,"25 reward","14 reward"
"16899","M3","C4620083","14","26","C4620083 M3","reward",0.164912258306623,"26 reward","14 reward"
"16900","M3","C4620083","14","27","C4620083 M3","reward",0.163644588035998,"27 reward","14 reward"
"16901","M3","C4620083","14","28","C4620083 M3","reward",0.162765219297008,"28 reward","14 reward"
"16902","M3","C4620083","14","29","C4620083 M3","reward",0.160102629382901,"29 reward","14 reward"
"16903","M3","C4620083","14","30","C4620083 M3","reward",0.159866389175467,"30 reward","14 reward"
"16904","M3","C4620083","14","31","C4620083 M3","reward",0.159279013657838,"31 reward","14 reward"
"16905","M3","C4620083","14","32","C4620083 M3","reward",0.157911595874449,"32 reward","14 reward"
"16906","M3","C4620083","14","33","C4620083 M3","reward",0.157798276011753,"33 reward","14 reward"
"16907","M3","C4620083","14","34","C4620083 M3","reward",0.155913019299837,"34 reward","14 reward"
"16908","M3","C4620083","14","35","C4620083 M3","reward",0.155724200618502,"35 reward","14 reward"
"16909","M3","C4620083","14","36","C4620083 M3","reward",0.154493883587059,"36 reward","14 reward"
"16910","M3","C4620083","14","37","C4620083 M3","reward",0.15372447955625,"37 reward","14 reward"
"16911","M3","C4620083","14","38","C4620083 M3","reward",0.153204492474508,"38 reward","14 reward"
"16912","M3","C4620083","14","39","C4620083 M3","reward",0.151925542409454,"39 reward","14 reward"
"16913","M3","C4620083","14","40","C4620083 M3","reward",0.151736595786354,"40 reward","14 reward"
"16914","M3","C4620083","14","41","C4620083 M3","reward",0.151183345553493,"41 reward","14 reward"
"16915","M3","C4620083","14","42","C4620083 M3","reward",0.151116729672786,"42 reward","14 reward"
"16916","M3","C4620083","14","43","C4620083 M3","reward",0.149920709185735,"43 reward","14 reward"
"16917","M3","C4620083","14","44","C4620083 M3","reward",0.147791297811152,"44 reward","14 reward"
"16918","M3","C4620083","14","45","C4620083 M3","reward",0.146451232687633,"45 reward","14 reward"
"16919","M3","C4620083","14","46","C4620083 M3","reward",0.146378847114804,"46 reward","14 reward"
"16920","M3","C4620083","14","47","C4620083 M3","reward",0.146198184273244,"47 reward","14 reward"
"16921","M3","C4620083","14","48","C4620083 M3","reward",0.146104552701334,"48 reward","14 reward"
"16922","M3","C4620083","14","49","C4620083 M3","reward",0.145780011549893,"49 reward","14 reward"
"16923","M3","C4620083","14","50","C4620083 M3","reward",0.145634960779729,"50 reward","14 reward"
"16924","M3","C4620083","14","51","C4620083 M3","reward",0.145488321636374,"51 reward","14 reward"
"16925","M3","C4620083","14","52","C4620083 M3","reward",0.145326503931386,"52 reward","14 reward"
"16926","M3","C4620083","14","53","C4620083 M3","reward",0.14485424053111,"53 reward","14 reward"
"16927","M3","C4620083","14","54","C4620083 M3","reward",0.144834740342245,"54 reward","14 reward"
"16928","M3","C4620083","14","55","C4620083 M3","reward",0.144700611012642,"55 reward","14 reward"
"16929","M3","C4620083","14","56","C4620083 M3","reward",0.144512862560869,"56 reward","14 reward"
"16930","M3","C4620083","14","57","C4620083 M3","reward",0.143482236532615,"57 reward","14 reward"
"16931","M3","C4620083","14","58","C4620083 M3","reward",0.143408269652554,"58 reward","14 reward"
"16932","M3","C4620083","14","59","C4620083 M3","reward",0.142997527609908,"59 reward","14 reward"
"16933","M3","C4620083","14","60","C4620083 M3","reward",0.142861027110207,"60 reward","14 reward"
"16934","M3","C4620083","14","61","C4620083 M3","reward",0.142110538296889,"61 reward","14 reward"
"16935","M3","C4620083","14","62","C4620083 M3","reward",0.141508747931427,"62 reward","14 reward"
"16936","M3","C4620083","14","63","C4620083 M3","reward",0.141197851306937,"63 reward","14 reward"
"16937","M3","C4620083","14","64","C4620083 M3","reward",0.141116365027878,"64 reward","14 reward"
"16938","M3","C4620083","14","65","C4620083 M3","reward",0.140587699147074,"65 reward","14 reward"
"16939","M3","C4620083","14","66","C4620083 M3","reward",0.140322211112959,"66 reward","14 reward"
"16940","M3","C4620083","14","67","C4620083 M3","reward",0.140229105646028,"67 reward","14 reward"
"16941","M3","C4620083","14","68","C4620083 M3","reward",0.139997938468332,"68 reward","14 reward"
"16942","M3","C4620083","14","69","C4620083 M3","reward",0.139873184685038,"69 reward","14 reward"
"16943","M3","C4620083","14","70","C4620083 M3","reward",0.13986754709805,"70 reward","14 reward"
"16944","M3","C4620083","14","71","C4620083 M3","reward",0.139833134279182,"71 reward","14 reward"
"16945","M3","C4620083","14","72","C4620083 M3","reward",0.139743356128799,"72 reward","14 reward"
"16946","M3","C4620083","14","73","C4620083 M3","reward",0.139161635721065,"73 reward","14 reward"
"16947","M3","C4620083","14","74","C4620083 M3","reward",0.137824857383221,"74 reward","14 reward"
"16948","M3","C4620083","14","75","C4620083 M3","reward",0.137575515407431,"75 reward","14 reward"
"16949","M3","C4620083","14","76","C4620083 M3","reward",0.135922806216968,"76 reward","14 reward"
"16950","M3","C4620083","14","77","C4620083 M3","reward",0.135445202872456,"77 reward","14 reward"
"16951","M3","C4620083","14","78","C4620083 M3","reward",0.134107054292912,"78 reward","14 reward"
"16952","M3","C4620083","14","79","C4620083 M3","reward",0.133875053342012,"79 reward","14 reward"
"16953","M3","C4620083","14","80","C4620083 M3","reward",0.133568314967345,"80 reward","14 reward"
"16954","M3","C4620083","14","81","C4620083 M3","reward",0.133098566415694,"81 reward","14 reward"
"16955","M3","C4620083","14","82","C4620083 M3","reward",0.13288743885277,"82 reward","14 reward"
"16956","M3","C4620083","14","83","C4620083 M3","reward",0.13269208300965,"83 reward","14 reward"
"16957","M3","C4620083","14","84","C4620083 M3","reward",0.132571565853741,"84 reward","14 reward"
"16958","M3","C4620083","14","85","C4620083 M3","reward",0.13225613938993,"85 reward","14 reward"
"16959","M3","C4620083","14","86","C4620083 M3","reward",0.131835774641441,"86 reward","14 reward"
"16960","M3","C4620083","14","87","C4620083 M3","reward",0.131722407565391,"87 reward","14 reward"
"16961","M3","C4620083","14","88","C4620083 M3","reward",0.131243678685263,"88 reward","14 reward"
"16962","M3","C4620083","14","89","C4620083 M3","reward",0.131219309614245,"89 reward","14 reward"
"16963","M3","C4620083","14","90","C4620083 M3","reward",0.130298033994231,"90 reward","14 reward"
"16964","M3","C4620083","14","91","C4620083 M3","reward",0.130241264906066,"91 reward","14 reward"
"16965","M3","C4620083","14","92","C4620083 M3","reward",0.129181750751218,"92 reward","14 reward"
"16966","M3","C4620083","14","93","C4620083 M3","reward",0.128941741036568,"93 reward","14 reward"
"16967","M3","C4620083","14","94","C4620083 M3","reward",0.128755082794025,"94 reward","14 reward"
"16968","M3","C4620083","14","95","C4620083 M3","reward",0.127646558885754,"95 reward","14 reward"
"16969","M3","C4620083","14","96","C4620083 M3","reward",0.127640708892845,"96 reward","14 reward"
"16970","M3","C4620083","14","97","C4620083 M3","reward",0.127246001123417,"97 reward","14 reward"
"16971","M3","C4620083","14","98","C4620083 M3","reward",0.127105893998109,"98 reward","14 reward"
"16972","M3","C4620083","14","99","C4620083 M3","reward",0.126928327266864,"99 reward","14 reward"
"16973","M3","C4620083","14","100","C4620083 M3","reward",0.126899516785808,"100 reward","14 reward"
"16974","M3","C4620083","14","101","C4620083 M3","reward",0.125912109395225,"101 reward","14 reward"
"16975","M3","C4620083","14","102","C4620083 M3","reward",0.125429028883068,"102 reward","14 reward"
"16976","M3","C4620083","14","103","C4620083 M3","reward",0.12532893033371,"103 reward","14 reward"
"16977","M3","C4620083","14","104","C4620083 M3","reward",0.124770844717835,"104 reward","14 reward"
"16978","M3","C4620083","14","105","C4620083 M3","reward",0.124628351784637,"105 reward","14 reward"
"16979","M3","C4620083","14","106","C4620083 M3","reward",0.12284323678226,"106 reward","14 reward"
"16980","M3","C4620083","14","107","C4620083 M3","reward",0.122104228791841,"107 reward","14 reward"
"16981","M3","C4620083","14","108","C4620083 M3","reward",0.12201532874106,"108 reward","14 reward"
"16982","M3","C4620083","14","109","C4620083 M3","reward",0.121912345818376,"109 reward","14 reward"
"16983","M3","C4620083","14","110","C4620083 M3","reward",0.121827739586919,"110 reward","14 reward"
"16984","M3","C4620083","14","111","C4620083 M3","reward",0.12124325348893,"111 reward","14 reward"
"16985","M3","C4620083","14","112","C4620083 M3","reward",0.121216041525935,"112 reward","14 reward"
"16986","M3","C4620083","14","113","C4620083 M3","reward",0.120328920268678,"113 reward","14 reward"
"16987","M3","C4620083","14","114","C4620083 M3","reward",0.12011900485674,"114 reward","14 reward"
"16988","M3","C4620083","14","115","C4620083 M3","reward",0.119752262444105,"115 reward","14 reward"
"16989","M3","C4620083","14","116","C4620083 M3","reward",0.119310897258287,"116 reward","14 reward"
"16990","M3","C4620083","14","117","C4620083 M3","reward",0.11908737315932,"117 reward","14 reward"
"16991","M3","C4620083","14","118","C4620083 M3","reward",0.118912806374712,"118 reward","14 reward"
"16992","M3","C4620083","14","119","C4620083 M3","reward",0.118857761995974,"119 reward","14 reward"
"16993","M3","C4620083","14","120","C4620083 M3","reward",0.117529820008485,"120 reward","14 reward"
"16994","M3","C4620083","14","121","C4620083 M3","reward",0.117263338802647,"121 reward","14 reward"
"16995","M3","C4620083","14","122","C4620083 M3","reward",0.117010209086898,"122 reward","14 reward"
"16996","M3","C4620083","14","123","C4620083 M3","reward",0.116859560183916,"123 reward","14 reward"
"16997","M3","C4620083","14","124","C4620083 M3","reward",0.116693819492236,"124 reward","14 reward"
"16998","M3","C4620083","14","125","C4620083 M3","reward",0.116359410370362,"125 reward","14 reward"
"16999","M3","C4620083","14","126","C4620083 M3","reward",0.115734324848823,"126 reward","14 reward"
"17000","M3","C4620083","14","127","C4620083 M3","reward",0.115597038937077,"127 reward","14 reward"
"17001","M3","C4620083","14","128","C4620083 M3","reward",0.114111395096608,"128 reward","14 reward"
"17002","M3","C4620083","14","129","C4620083 M3","reward",0.113726765455503,"129 reward","14 reward"
"17003","M3","C4620083","14","130","C4620083 M3","reward",0.112983139545191,"130 reward","14 reward"
"17004","M3","C4620083","14","131","C4620083 M3","reward",0.112663653351076,"131 reward","14 reward"
"17005","M3","C4620083","14","132","C4620083 M3","reward",0.112607485896075,"132 reward","14 reward"
"17006","M3","C4620083","14","133","C4620083 M3","reward",0.1125532136239,"133 reward","14 reward"
"17007","M3","C4620083","14","134","C4620083 M3","reward",0.112011942931652,"134 reward","14 reward"
"17008","M3","C4620083","14","135","C4620083 M3","reward",0.111958848077498,"135 reward","14 reward"
"17009","M3","C4620083","14","136","C4620083 M3","reward",0.111492057590225,"136 reward","14 reward"
"17010","M3","C4620083","14","137","C4620083 M3","reward",0.111314424772084,"137 reward","14 reward"
"17011","M3","C4620083","14","138","C4620083 M3","reward",0.111215521383437,"138 reward","14 reward"
"17012","M3","C4620083","14","139","C4620083 M3","reward",0.110448144862567,"139 reward","14 reward"
"17013","M3","C4620083","14","140","C4620083 M3","reward",0.110426334156735,"140 reward","14 reward"
"17014","M3","C4620083","14","141","C4620083 M3","reward",0.110339484371291,"141 reward","14 reward"
"17015","M3","C4620083","14","142","C4620083 M3","reward",0.109363096104151,"142 reward","14 reward"
"17016","M3","C4620083","14","143","C4620083 M3","reward",0.109326799861209,"143 reward","14 reward"
"17017","M3","C4620083","14","144","C4620083 M3","reward",0.108867887396944,"144 reward","14 reward"
"17018","M3","C4620083","14","145","C4620083 M3","reward",0.108422619962184,"145 reward","14 reward"
"17019","M3","C4620083","14","146","C4620083 M3","reward",0.10788993998461,"146 reward","14 reward"
"17020","M3","C4620083","14","147","C4620083 M3","reward",0.107667852432819,"147 reward","14 reward"
"17021","M3","C4620083","14","148","C4620083 M3","reward",0.10743807696211,"148 reward","14 reward"
"17022","M3","C4620083","14","149","C4620083 M3","reward",0.107003295217312,"149 reward","14 reward"
"17023","M3","C4620083","14","150","C4620083 M3","reward",0.106682018077425,"150 reward","14 reward"
"17024","M3","C4620083","14","151","C4620083 M3","reward",0.105896569790681,"151 reward","14 reward"
"17025","M3","C4620083","14","152","C4620083 M3","reward",0.105868994946238,"152 reward","14 reward"
"17026","M3","C4620083","14","153","C4620083 M3","reward",0.105196872765658,"153 reward","14 reward"
"17027","M3","C4620083","14","154","C4620083 M3","reward",0.104826213855523,"154 reward","14 reward"
"17028","M3","C4620083","14","155","C4620083 M3","reward",0.103801466113633,"155 reward","14 reward"
"17029","M3","C4620083","14","156","C4620083 M3","reward",0.103735013281551,"156 reward","14 reward"
"17030","M3","C4620083","14","157","C4620083 M3","reward",0.10356917736258,"157 reward","14 reward"
"17031","M3","C4620083","14","158","C4620083 M3","reward",0.102983683139468,"158 reward","14 reward"
"17032","M3","C4620083","14","159","C4620083 M3","reward",0.102825792286386,"159 reward","14 reward"
"17033","M3","C4620083","14","160","C4620083 M3","reward",0.102529646056491,"160 reward","14 reward"
"17034","M3","C4620083","14","161","C4620083 M3","reward",0.102295361269846,"161 reward","14 reward"
"17035","M3","C4620083","14","162","C4620083 M3","reward",0.101643884668552,"162 reward","14 reward"
"17036","M3","C4620083","14","163","C4620083 M3","reward",0.101341128403347,"163 reward","14 reward"
"17037","M3","C4620083","14","164","C4620083 M3","reward",0.101253458618163,"164 reward","14 reward"
"17038","M3","C4620083","14","165","C4620083 M3","reward",0.100427999937021,"165 reward","14 reward"
"17039","M3","C4620083","14","166","C4620083 M3","reward",0.0985226290389087,"166 reward","14 reward"
"17040","M3","C4620083","14","167","C4620083 M3","reward",0.0976751862488909,"167 reward","14 reward"
"17041","M3","C4620083","14","168","C4620083 M3","reward",0.0975924716312932,"168 reward","14 reward"
"17042","M3","C4620083","14","169","C4620083 M3","reward",0.0965266416451324,"169 reward","14 reward"
"17043","M3","C4620083","14","170","C4620083 M3","reward",0.0958274995412869,"170 reward","14 reward"
"17044","M3","C4620083","14","171","C4620083 M3","reward",0.0952036853189392,"171 reward","14 reward"
"17045","M3","C4620083","14","172","C4620083 M3","reward",0.0940861772381598,"172 reward","14 reward"
"17046","M3","C4620083","14","173","C4620083 M3","reward",0.0940768740018453,"173 reward","14 reward"
"17047","M3","C4620083","14","174","C4620083 M3","reward",0.0931036735958537,"174 reward","14 reward"
"17048","M3","C4620083","14","175","C4620083 M3","reward",0.0926989843964123,"175 reward","14 reward"
"17049","M3","C4620083","14","176","C4620083 M3","reward",0.0926352269665123,"176 reward","14 reward"
"17050","M3","C4620083","14","177","C4620083 M3","reward",0.0922403134057105,"177 reward","14 reward"
"17051","M3","C4620083","14","178","C4620083 M3","reward",0.0910197249849456,"178 reward","14 reward"
"17052","M3","C4620083","14","179","C4620083 M3","reward",0.0899548859933644,"179 reward","14 reward"
"17053","M3","C4620083","14","180","C4620083 M3","reward",0.08933115334767,"180 reward","14 reward"
"17054","M3","C4620083","14","181","C4620083 M3","reward",0.0880145681053356,"181 reward","14 reward"
"17055","M3","C4620083","14","182","C4620083 M3","reward",0.0873854735492396,"182 reward","14 reward"
"17056","M3","C4620083","14","183","C4620083 M3","reward",0.0872910500386188,"183 reward","14 reward"
"17057","M3","C4620083","14","184","C4620083 M3","reward",0.0859947388319396,"184 reward","14 reward"
"17058","M3","C4620083","14","185","C4620083 M3","reward",0.0828952813397912,"185 reward","14 reward"
"17059","M3","C4620083","14","186","C4620083 M3","reward",0.0824761882952125,"186 reward","14 reward"
"17060","M3","C4620083","14","187","C4620083 M3","reward",0.0817715749601981,"187 reward","14 reward"
"17061","M3","C4620083","14","188","C4620083 M3","reward",0.0816839147943802,"188 reward","14 reward"
"17062","M3","C4620083","14","189","C4620083 M3","reward",0.0816378006494377,"189 reward","14 reward"
"17063","M3","C4620083","14","190","C4620083 M3","reward",0.0811260826767741,"190 reward","14 reward"
"17064","M3","C4620083","14","191","C4620083 M3","reward",0.0808700826213869,"191 reward","14 reward"
"17065","M3","C4620083","14","192","C4620083 M3","reward",0.080828742209303,"192 reward","14 reward"
"17066","M3","C4620083","14","193","C4620083 M3","reward",0.0792464091531754,"193 reward","14 reward"
"17067","M3","C4620083","14","194","C4620083 M3","reward",0.0786521204870321,"194 reward","14 reward"
"17068","M3","C4620083","14","195","C4620083 M3","reward",0.0786149428226295,"195 reward","14 reward"
"17069","M3","C4620083","14","196","C4620083 M3","reward",0.0779589096627213,"196 reward","14 reward"
"17070","M3","C4620083","14","197","C4620083 M3","reward",0.0772969711940938,"197 reward","14 reward"
"17071","M3","C4620083","14","198","C4620083 M3","reward",0.0772773495645938,"198 reward","14 reward"
"17072","M3","C4620083","14","199","C4620083 M3","reward",0.0770221602686008,"199 reward","14 reward"
"17073","M3","C4620083","14","200","C4620083 M3","reward",0.0756189599771306,"200 reward","14 reward"
"17074","M3","C4620083","14","201","C4620083 M3","reward",0.0755292540217144,"201 reward","14 reward"
"17075","M3","C4620083","14","202","C4620083 M3","reward",0.074768806962652,"202 reward","14 reward"
"17076","M3","C4620083","14","203","C4620083 M3","reward",0.0737849057594533,"203 reward","14 reward"
"17077","M3","C4620083","14","204","C4620083 M3","reward",0.0732859661375906,"204 reward","14 reward"
"17078","M3","C4620083","14","205","C4620083 M3","reward",0.0732281529141692,"205 reward","14 reward"
"17079","M3","C4620083","14","206","C4620083 M3","reward",0.0730371550674037,"206 reward","14 reward"
"17080","M3","C4620083","14","207","C4620083 M3","reward",0.0719193860824246,"207 reward","14 reward"
"17081","M3","C4620083","14","208","C4620083 M3","reward",0.0711234826970203,"208 reward","14 reward"
"17082","M3","C4620083","14","209","C4620083 M3","reward",0.0706931055003117,"209 reward","14 reward"
"17083","M3","C4620083","14","210","C4620083 M3","reward",0.0702230704762416,"210 reward","14 reward"
"17084","M3","C4620083","14","211","C4620083 M3","reward",0.069663721244943,"211 reward","14 reward"
"17085","M3","C4620083","14","212","C4620083 M3","reward",0.0694967894776806,"212 reward","14 reward"
"17086","M3","C4620083","14","213","C4620083 M3","reward",0.0673303178114402,"213 reward","14 reward"
"17087","M3","C4620083","14","214","C4620083 M3","reward",0.0669241786241156,"214 reward","14 reward"
"17088","M3","C4620083","14","215","C4620083 M3","reward",0.0660678936357389,"215 reward","14 reward"
"17089","M3","C4620083","14","216","C4620083 M3","reward",0.0653624535142793,"216 reward","14 reward"
"17090","M3","C4620083","14","217","C4620083 M3","reward",0.0652259633776765,"217 reward","14 reward"
"17091","M3","C4620083","14","218","C4620083 M3","reward",0.0646190343914549,"218 reward","14 reward"
"17092","M3","C4620083","14","219","C4620083 M3","reward",0.0629111841053056,"219 reward","14 reward"
"17093","M3","C4620083","14","220","C4620083 M3","reward",0.0605511822582952,"220 reward","14 reward"
"17094","M3","C4620083","14","221","C4620083 M3","reward",0.0597419355468895,"221 reward","14 reward"
"17095","M3","C4620083","14","222","C4620083 M3","reward",0.0593343086888811,"222 reward","14 reward"
"17096","M3","C4620083","14","223","C4620083 M3","reward",0.0591436216809177,"223 reward","14 reward"
"17097","M3","C4620083","14","224","C4620083 M3","reward",0.0582489663607692,"224 reward","14 reward"
"17098","M3","C4620083","14","225","C4620083 M3","reward",0.0579679223504251,"225 reward","14 reward"
"17099","M3","C4620083","14","226","C4620083 M3","reward",0.0572922593893197,"226 reward","14 reward"
"17100","M3","C4620083","14","227","C4620083 M3","reward",0.057003165238946,"227 reward","14 reward"
"17101","M3","C4620083","14","228","C4620083 M3","reward",0.0565679799407045,"228 reward","14 reward"
"17102","M3","C4620083","14","229","C4620083 M3","reward",0.0564824208434655,"229 reward","14 reward"
"17103","M3","C4620083","14","230","C4620083 M3","reward",0.0555276823833906,"230 reward","14 reward"
"17104","M3","C4620083","14","231","C4620083 M3","reward",0.054105911367583,"231 reward","14 reward"
"17105","M3","C4620083","14","232","C4620083 M3","reward",0.0540719427788844,"232 reward","14 reward"
"17106","M3","C4620083","14","233","C4620083 M3","reward",0.0536986559893999,"233 reward","14 reward"
"17107","M3","C4620083","14","234","C4620083 M3","reward",0.0518217099066829,"234 reward","14 reward"
"17108","M3","C4620083","14","235","C4620083 M3","reward",0.0508171078671094,"235 reward","14 reward"
"17109","M3","C4620083","14","236","C4620083 M3","reward",0.0495539717866571,"236 reward","14 reward"
"17110","M3","C4620083","14","237","C4620083 M3","reward",0.0490736890541034,"237 reward","14 reward"
"17111","M3","C4620083","14","238","C4620083 M3","reward",0.0472582023300037,"238 reward","14 reward"
"17112","M3","C4620083","14","239","C4620083 M3","reward",0.0471078618550564,"239 reward","14 reward"
"17113","M3","C4620083","14","240","C4620083 M3","reward",0.0462038964230591,"240 reward","14 reward"
"17114","M3","C4620083","14","241","C4620083 M3","reward",0.0457087730293146,"241 reward","14 reward"
"17115","M3","C4620083","14","242","C4620083 M3","reward",0.045402657805867,"242 reward","14 reward"
"17116","M3","C4620083","14","243","C4620083 M3","reward",0.0452729993960066,"243 reward","14 reward"
"17117","M3","C4620083","14","244","C4620083 M3","reward",0.044962404786252,"244 reward","14 reward"
"17118","M3","C4620083","14","245","C4620083 M3","reward",0.0447084152276988,"245 reward","14 reward"
"17119","M3","C4620083","14","246","C4620083 M3","reward",0.0442642738397057,"246 reward","14 reward"
"17120","M3","C4620083","14","247","C4620083 M3","reward",0.038320218960186,"247 reward","14 reward"
"17121","M3","C4620083","14","248","C4620083 M3","reward",0.0382128255072466,"248 reward","14 reward"
"17122","M3","C4620083","14","249","C4620083 M3","reward",0.0370608612038087,"249 reward","14 reward"
"17123","M3","C4620083","14","250","C4620083 M3","reward",0.0355638256258999,"250 reward","14 reward"
"17124","M3","C4620083","14","251","C4620083 M3","reward",0.0347776631975377,"251 reward","14 reward"
"17125","M3","C4620083","14","252","C4620083 M3","reward",0.0346631462099167,"252 reward","14 reward"
"17126","M3","C4620083","14","253","C4620083 M3","reward",0.0317743177828338,"253 reward","14 reward"
"17127","M3","C4620083","14","254","C4620083 M3","reward",0.0311616529424397,"254 reward","14 reward"
"17128","M3","C4620083","14","255","C4620083 M3","reward",0.02138779637808,"255 reward","14 reward"
"17129","M3","C4620083","14","256","C4620083 M3","reward",0.0115490053267319,"256 reward","14 reward"
"17130","M3","C4620083","14","257","C4620083 M3","reward",0.0101397139943721,"257 reward","14 reward"
"17131","M3","C4620083","14","258","C4620083 M3","reward",0.00592920132571641,"258 reward","14 reward"
"17132","M3","C4620083","14","259","C4620083 M3","reward",0.00495771172198126,"259 reward","14 reward"
"17133","M3","C4620083","14","260","C4620083 M3","reward",0.00338343839087853,"260 reward","14 reward"
"17134","M3","C4620083","14","261","C4620083 M3","reward",0.00159389831874975,"261 reward","14 reward"
"17135","M3","C4620083","14","262","C4620083 M3","reward",0.00137457573913861,"262 reward","14 reward"
"17136","M3","C4620083","14","263","C4620083 M3","reward",0.0013518301265358,"263 reward","14 reward"
"17137","M3","C4620083","14","264","C4620083 M3","reward",-0.000385685107249505,"264 reward","14 reward"
"17138","M3","C4620083","14","265","C4620083 M3","reward",-0.00123114749667458,"265 reward","14 reward"
"17139","M3","C4620083","14","266","C4620083 M3","reward",-0.00267034121577098,"266 reward","14 reward"
"17140","M3","C4620083","14","267","C4620083 M3","reward",-0.00726559029032491,"267 reward","14 reward"
"17141","M3","C4620083","14","268","C4620083 M3","reward",-0.00801469155488295,"268 reward","14 reward"
"17142","M3","C4620083","14","269","C4620083 M3","reward",-0.0103727779468521,"269 reward","14 reward"
"17143","M3","C4620083","14","270","C4620083 M3","reward",-0.0206050682885689,"270 reward","14 reward"
"17144","M3","C4620083","14","271","C4620083 M3","reward",-0.0257767542673164,"271 reward","14 reward"
"17145","M3","C4620083","14","272","C4620083 M3","reward",-0.0586263438858456,"272 reward","14 reward"
"17146","M3","C4620083","14","273","C4620083 M3","reward",-0.0627153641945503,"273 reward","14 reward"
"17147","M3","C4620083","14","274","C4620083 M3","reward",-0.0715112541301627,"274 reward","14 reward"
"17148","M3","C4620083","14","275","C4620083 M3","reward",-0.090359457732997,"275 reward","14 reward"
"17149","M1","C4620081","7","0","C4620081 M1","reward",0.0582912457832073,"0 reward","7 reward"
"17150","M1","C4620081","7","1","C4620081 M1","reward",0.0580840643382634,"1 reward","7 reward"
"17151","M1","C4620081","7","2","C4620081 M1","reward",0.0550688483715774,"2 reward","7 reward"
"17152","M1","C4620081","7","3","C4620081 M1","reward",0.0541653757245788,"3 reward","7 reward"
"17153","M1","C4620081","7","4","C4620081 M1","reward",0.0538926401719009,"4 reward","7 reward"
"17154","M1","C4620081","7","5","C4620081 M1","reward",0.0536873297086621,"5 reward","7 reward"
"17155","M1","C4620081","7","6","C4620081 M1","reward",0.0535164074955574,"6 reward","7 reward"
"17156","M1","C4620081","7","7","C4620081 M1","reward",0.0503896954118089,"7 reward","7 reward"
"17157","M1","C4620081","7","8","C4620081 M1","reward",0.0496562388696447,"8 reward","7 reward"
"17158","M1","C4620081","7","9","C4620081 M1","reward",0.0496032191331274,"9 reward","7 reward"
"17159","M1","C4620081","7","10","C4620081 M1","reward",0.0486715843674008,"10 reward","7 reward"
"17160","M1","C4620081","7","11","C4620081 M1","reward",0.0486028042833158,"11 reward","7 reward"
"17161","M1","C4620081","7","12","C4620081 M1","reward",0.0478484038381134,"12 reward","7 reward"
"17162","M1","C4620081","7","13","C4620081 M1","reward",0.047410546054404,"13 reward","7 reward"
"17163","M1","C4620081","7","14","C4620081 M1","reward",0.046949623819344,"14 reward","7 reward"
"17164","M1","C4620081","7","15","C4620081 M1","reward",0.0468947696170382,"15 reward","7 reward"
"17165","M1","C4620081","7","16","C4620081 M1","reward",0.0467265184850523,"16 reward","7 reward"
"17166","M1","C4620081","7","17","C4620081 M1","reward",0.0463120389009713,"17 reward","7 reward"
"17167","M1","C4620081","7","18","C4620081 M1","reward",0.0462648212986164,"18 reward","7 reward"
"17168","M1","C4620081","7","19","C4620081 M1","reward",0.0458165790260471,"19 reward","7 reward"
"17169","M1","C4620081","7","20","C4620081 M1","reward",0.0457057747452626,"20 reward","7 reward"
"17170","M1","C4620081","7","21","C4620081 M1","reward",0.045477002511179,"21 reward","7 reward"
"17171","M1","C4620081","7","22","C4620081 M1","reward",0.0446720463328663,"22 reward","7 reward"
"17172","M1","C4620081","7","23","C4620081 M1","reward",0.0446015381254212,"23 reward","7 reward"
"17173","M1","C4620081","7","24","C4620081 M1","reward",0.0445816298372988,"24 reward","7 reward"
"17174","M1","C4620081","7","25","C4620081 M1","reward",0.0440228606533325,"25 reward","7 reward"
"17175","M1","C4620081","7","26","C4620081 M1","reward",0.0436767792976035,"26 reward","7 reward"
"17176","M1","C4620081","7","27","C4620081 M1","reward",0.0432751908575315,"27 reward","7 reward"
"17177","M1","C4620081","7","28","C4620081 M1","reward",0.0432576046869285,"28 reward","7 reward"
"17178","M1","C4620081","7","29","C4620081 M1","reward",0.0430487193628127,"29 reward","7 reward"
"17179","M1","C4620081","7","30","C4620081 M1","reward",0.0427519008463561,"30 reward","7 reward"
"17180","M1","C4620081","7","31","C4620081 M1","reward",0.0426728510718721,"31 reward","7 reward"
"17181","M1","C4620081","7","32","C4620081 M1","reward",0.0426284441700268,"32 reward","7 reward"
"17182","M1","C4620081","7","33","C4620081 M1","reward",0.0425839979988416,"33 reward","7 reward"
"17183","M1","C4620081","7","34","C4620081 M1","reward",0.0421796756040388,"34 reward","7 reward"
"17184","M1","C4620081","7","35","C4620081 M1","reward",0.0420880821027885,"35 reward","7 reward"
"17185","M1","C4620081","7","36","C4620081 M1","reward",0.0418950481851025,"36 reward","7 reward"
"17186","M1","C4620081","7","37","C4620081 M1","reward",0.0411124332962111,"37 reward","7 reward"
"17187","M1","C4620081","7","38","C4620081 M1","reward",0.0409181165471237,"38 reward","7 reward"
"17188","M1","C4620081","7","39","C4620081 M1","reward",0.0405473516464573,"39 reward","7 reward"
"17189","M1","C4620081","7","40","C4620081 M1","reward",0.0405306021513387,"40 reward","7 reward"
"17190","M1","C4620081","7","41","C4620081 M1","reward",0.0400362719749263,"41 reward","7 reward"
"17191","M1","C4620081","7","42","C4620081 M1","reward",0.039985543480968,"42 reward","7 reward"
"17192","M1","C4620081","7","43","C4620081 M1","reward",0.0397549226902803,"43 reward","7 reward"
"17193","M1","C4620081","7","44","C4620081 M1","reward",0.0396582202854832,"44 reward","7 reward"
"17194","M1","C4620081","7","45","C4620081 M1","reward",0.039634206427,"45 reward","7 reward"
"17195","M1","C4620081","7","46","C4620081 M1","reward",0.0396215521873309,"46 reward","7 reward"
"17196","M1","C4620081","7","47","C4620081 M1","reward",0.0395285030376271,"47 reward","7 reward"
"17197","M1","C4620081","7","48","C4620081 M1","reward",0.0393639783837903,"48 reward","7 reward"
"17198","M1","C4620081","7","49","C4620081 M1","reward",0.0392196085979878,"49 reward","7 reward"
"17199","M1","C4620081","7","50","C4620081 M1","reward",0.0391880689549683,"50 reward","7 reward"
"17200","M1","C4620081","7","51","C4620081 M1","reward",0.039001612687274,"51 reward","7 reward"
"17201","M1","C4620081","7","52","C4620081 M1","reward",0.0389435162296188,"52 reward","7 reward"
"17202","M1","C4620081","7","53","C4620081 M1","reward",0.038698915360353,"53 reward","7 reward"
"17203","M1","C4620081","7","54","C4620081 M1","reward",0.0386538178459722,"54 reward","7 reward"
"17204","M1","C4620081","7","55","C4620081 M1","reward",0.0379543716341451,"55 reward","7 reward"
"17205","M1","C4620081","7","56","C4620081 M1","reward",0.0379362858839217,"56 reward","7 reward"
"17206","M1","C4620081","7","57","C4620081 M1","reward",0.0378907011451933,"57 reward","7 reward"
"17207","M1","C4620081","7","58","C4620081 M1","reward",0.0377640662117203,"58 reward","7 reward"
"17208","M1","C4620081","7","59","C4620081 M1","reward",0.0376707146720291,"59 reward","7 reward"
"17209","M1","C4620081","7","60","C4620081 M1","reward",0.0375676875293835,"60 reward","7 reward"
"17210","M1","C4620081","7","61","C4620081 M1","reward",0.037521848767168,"61 reward","7 reward"
"17211","M1","C4620081","7","62","C4620081 M1","reward",0.0373281012187183,"62 reward","7 reward"
"17212","M1","C4620081","7","63","C4620081 M1","reward",0.036728847493105,"63 reward","7 reward"
"17213","M1","C4620081","7","64","C4620081 M1","reward",0.0367118088668645,"64 reward","7 reward"
"17214","M1","C4620081","7","65","C4620081 M1","reward",0.0366423381476329,"65 reward","7 reward"
"17215","M1","C4620081","7","66","C4620081 M1","reward",0.0364685555334601,"66 reward","7 reward"
"17216","M1","C4620081","7","67","C4620081 M1","reward",0.0362959482645996,"67 reward","7 reward"
"17217","M1","C4620081","7","68","C4620081 M1","reward",0.0360385504008791,"68 reward","7 reward"
"17218","M1","C4620081","7","69","C4620081 M1","reward",0.0357492673011993,"69 reward","7 reward"
"17219","M1","C4620081","7","70","C4620081 M1","reward",0.035699425470979,"70 reward","7 reward"
"17220","M1","C4620081","7","71","C4620081 M1","reward",0.0356453056148915,"71 reward","7 reward"
"17221","M1","C4620081","7","72","C4620081 M1","reward",0.0354680043342863,"72 reward","7 reward"
"17222","M1","C4620081","7","73","C4620081 M1","reward",0.0352129902226133,"73 reward","7 reward"
"17223","M1","C4620081","7","74","C4620081 M1","reward",0.0350783663284901,"74 reward","7 reward"
"17224","M1","C4620081","7","75","C4620081 M1","reward",0.03492968196594,"75 reward","7 reward"
"17225","M1","C4620081","7","76","C4620081 M1","reward",0.034892910214524,"76 reward","7 reward"
"17226","M1","C4620081","7","77","C4620081 M1","reward",0.0346907537529849,"77 reward","7 reward"
"17227","M1","C4620081","7","78","C4620081 M1","reward",0.0346166951994457,"78 reward","7 reward"
"17228","M1","C4620081","7","79","C4620081 M1","reward",0.0345329125935663,"79 reward","7 reward"
"17229","M1","C4620081","7","80","C4620081 M1","reward",0.0344834708497346,"80 reward","7 reward"
"17230","M1","C4620081","7","81","C4620081 M1","reward",0.0344441164179874,"81 reward","7 reward"
"17231","M1","C4620081","7","82","C4620081 M1","reward",0.0343226528262536,"82 reward","7 reward"
"17232","M1","C4620081","7","83","C4620081 M1","reward",0.0336705749397903,"83 reward","7 reward"
"17233","M1","C4620081","7","84","C4620081 M1","reward",0.0335140057295469,"84 reward","7 reward"
"17234","M1","C4620081","7","85","C4620081 M1","reward",0.0334684777021458,"85 reward","7 reward"
"17235","M1","C4620081","7","86","C4620081 M1","reward",0.0330660318399507,"86 reward","7 reward"
"17236","M1","C4620081","7","87","C4620081 M1","reward",0.033024862863181,"87 reward","7 reward"
"17237","M1","C4620081","7","88","C4620081 M1","reward",0.0328723882040605,"88 reward","7 reward"
"17238","M1","C4620081","7","89","C4620081 M1","reward",0.0328326654762985,"89 reward","7 reward"
"17239","M1","C4620081","7","90","C4620081 M1","reward",0.0327910075652864,"90 reward","7 reward"
"17240","M1","C4620081","7","91","C4620081 M1","reward",0.0327667353725855,"91 reward","7 reward"
"17241","M1","C4620081","7","92","C4620081 M1","reward",0.0326802195762295,"92 reward","7 reward"
"17242","M1","C4620081","7","93","C4620081 M1","reward",0.0325715407237588,"93 reward","7 reward"
"17243","M1","C4620081","7","94","C4620081 M1","reward",0.0324435675879681,"94 reward","7 reward"
"17244","M1","C4620081","7","95","C4620081 M1","reward",0.0322723201414552,"95 reward","7 reward"
"17245","M1","C4620081","7","96","C4620081 M1","reward",0.0321406611087612,"96 reward","7 reward"
"17246","M1","C4620081","7","97","C4620081 M1","reward",0.0320806509992593,"97 reward","7 reward"
"17247","M1","C4620081","7","98","C4620081 M1","reward",0.0319971894144726,"98 reward","7 reward"
"17248","M1","C4620081","7","99","C4620081 M1","reward",0.0319728539047705,"99 reward","7 reward"
"17249","M1","C4620081","7","100","C4620081 M1","reward",0.0317861615192581,"100 reward","7 reward"
"17250","M1","C4620081","7","101","C4620081 M1","reward",0.0316990084452229,"101 reward","7 reward"
"17251","M1","C4620081","7","102","C4620081 M1","reward",0.0312224934149527,"102 reward","7 reward"
"17252","M1","C4620081","7","103","C4620081 M1","reward",0.0311806116639465,"103 reward","7 reward"
"17253","M1","C4620081","7","104","C4620081 M1","reward",0.0311604574637546,"104 reward","7 reward"
"17254","M1","C4620081","7","105","C4620081 M1","reward",0.0311074396460711,"105 reward","7 reward"
"17255","M1","C4620081","7","106","C4620081 M1","reward",0.0310298651595254,"106 reward","7 reward"
"17256","M1","C4620081","7","107","C4620081 M1","reward",0.0309895573632826,"107 reward","7 reward"
"17257","M1","C4620081","7","108","C4620081 M1","reward",0.0309064926084218,"108 reward","7 reward"
"17258","M1","C4620081","7","109","C4620081 M1","reward",0.0307466698846729,"109 reward","7 reward"
"17259","M1","C4620081","7","110","C4620081 M1","reward",0.0307375130171467,"110 reward","7 reward"
"17260","M1","C4620081","7","111","C4620081 M1","reward",0.0306426937486606,"111 reward","7 reward"
"17261","M1","C4620081","7","112","C4620081 M1","reward",0.0306366612178928,"112 reward","7 reward"
"17262","M1","C4620081","7","113","C4620081 M1","reward",0.0306015849145379,"113 reward","7 reward"
"17263","M1","C4620081","7","114","C4620081 M1","reward",0.0304965782784924,"114 reward","7 reward"
"17264","M1","C4620081","7","115","C4620081 M1","reward",0.0303946954061521,"115 reward","7 reward"
"17265","M1","C4620081","7","116","C4620081 M1","reward",0.0303898911911755,"116 reward","7 reward"
"17266","M1","C4620081","7","117","C4620081 M1","reward",0.0302257503209881,"117 reward","7 reward"
"17267","M1","C4620081","7","118","C4620081 M1","reward",0.0302126322178831,"118 reward","7 reward"
"17268","M1","C4620081","7","119","C4620081 M1","reward",0.0298545411301696,"119 reward","7 reward"
"17269","M1","C4620081","7","120","C4620081 M1","reward",0.0296255838391995,"120 reward","7 reward"
"17270","M1","C4620081","7","121","C4620081 M1","reward",0.0295728530073624,"121 reward","7 reward"
"17271","M1","C4620081","7","122","C4620081 M1","reward",0.0294980544903814,"122 reward","7 reward"
"17272","M1","C4620081","7","123","C4620081 M1","reward",0.0293484888126162,"123 reward","7 reward"
"17273","M1","C4620081","7","124","C4620081 M1","reward",0.0293339588860229,"124 reward","7 reward"
"17274","M1","C4620081","7","125","C4620081 M1","reward",0.0293265973940373,"125 reward","7 reward"
"17275","M1","C4620081","7","126","C4620081 M1","reward",0.0292468204751236,"126 reward","7 reward"
"17276","M1","C4620081","7","127","C4620081 M1","reward",0.0292281948306757,"127 reward","7 reward"
"17277","M1","C4620081","7","128","C4620081 M1","reward",0.0292193465622058,"128 reward","7 reward"
"17278","M1","C4620081","7","129","C4620081 M1","reward",0.0292087497475475,"129 reward","7 reward"
"17279","M1","C4620081","7","130","C4620081 M1","reward",0.029092220028267,"130 reward","7 reward"
"17280","M1","C4620081","7","131","C4620081 M1","reward",0.0289888861614974,"131 reward","7 reward"
"17281","M1","C4620081","7","132","C4620081 M1","reward",0.0289489429681611,"132 reward","7 reward"
"17282","M1","C4620081","7","133","C4620081 M1","reward",0.0288553134464642,"133 reward","7 reward"
"17283","M1","C4620081","7","134","C4620081 M1","reward",0.0287991331182287,"134 reward","7 reward"
"17284","M1","C4620081","7","135","C4620081 M1","reward",0.0286821839745067,"135 reward","7 reward"
"17285","M1","C4620081","7","136","C4620081 M1","reward",0.0286332485007937,"136 reward","7 reward"
"17286","M1","C4620081","7","137","C4620081 M1","reward",0.0285395547168107,"137 reward","7 reward"
"17287","M1","C4620081","7","138","C4620081 M1","reward",0.0285276284287132,"138 reward","7 reward"
"17288","M1","C4620081","7","139","C4620081 M1","reward",0.02843925903851,"139 reward","7 reward"
"17289","M1","C4620081","7","140","C4620081 M1","reward",0.0282639542892366,"140 reward","7 reward"
"17290","M1","C4620081","7","141","C4620081 M1","reward",0.0281978661955374,"141 reward","7 reward"
"17291","M1","C4620081","7","142","C4620081 M1","reward",0.0280685782916467,"142 reward","7 reward"
"17292","M1","C4620081","7","143","C4620081 M1","reward",0.0277000047819949,"143 reward","7 reward"
"17293","M1","C4620081","7","144","C4620081 M1","reward",0.0276687659732643,"144 reward","7 reward"
"17294","M1","C4620081","7","145","C4620081 M1","reward",0.0275723733289541,"145 reward","7 reward"
"17295","M1","C4620081","7","146","C4620081 M1","reward",0.0275275304876491,"146 reward","7 reward"
"17296","M1","C4620081","7","147","C4620081 M1","reward",0.0275097987873041,"147 reward","7 reward"
"17297","M1","C4620081","7","148","C4620081 M1","reward",0.0273065525485083,"148 reward","7 reward"
"17298","M1","C4620081","7","149","C4620081 M1","reward",0.0272195500547838,"149 reward","7 reward"
"17299","M1","C4620081","7","150","C4620081 M1","reward",0.0270472146350012,"150 reward","7 reward"
"17300","M1","C4620081","7","151","C4620081 M1","reward",0.0270460998043049,"151 reward","7 reward"
"17301","M1","C4620081","7","152","C4620081 M1","reward",0.0270385668934198,"152 reward","7 reward"
"17302","M1","C4620081","7","153","C4620081 M1","reward",0.0269467475952704,"153 reward","7 reward"
"17303","M1","C4620081","7","154","C4620081 M1","reward",0.0267538814674652,"154 reward","7 reward"
"17304","M1","C4620081","7","155","C4620081 M1","reward",0.026435139796322,"155 reward","7 reward"
"17305","M1","C4620081","7","156","C4620081 M1","reward",0.0264137631561248,"156 reward","7 reward"
"17306","M1","C4620081","7","157","C4620081 M1","reward",0.0263561906540911,"157 reward","7 reward"
"17307","M1","C4620081","7","158","C4620081 M1","reward",0.026241417642402,"158 reward","7 reward"
"17308","M1","C4620081","7","159","C4620081 M1","reward",0.0262372287437814,"159 reward","7 reward"
"17309","M1","C4620081","7","160","C4620081 M1","reward",0.0261351889580614,"160 reward","7 reward"
"17310","M1","C4620081","7","161","C4620081 M1","reward",0.0260604039343292,"161 reward","7 reward"
"17311","M1","C4620081","7","162","C4620081 M1","reward",0.0260096702425494,"162 reward","7 reward"
"17312","M1","C4620081","7","163","C4620081 M1","reward",0.0258318787118996,"163 reward","7 reward"
"17313","M1","C4620081","7","164","C4620081 M1","reward",0.0258192992105369,"164 reward","7 reward"
"17314","M1","C4620081","7","165","C4620081 M1","reward",0.025613014539028,"165 reward","7 reward"
"17315","M1","C4620081","7","166","C4620081 M1","reward",0.0254396323324934,"166 reward","7 reward"
"17316","M1","C4620081","7","167","C4620081 M1","reward",0.0254285939644823,"167 reward","7 reward"
"17317","M1","C4620081","7","168","C4620081 M1","reward",0.0254027461539296,"168 reward","7 reward"
"17318","M1","C4620081","7","169","C4620081 M1","reward",0.0253442954468903,"169 reward","7 reward"
"17319","M1","C4620081","7","170","C4620081 M1","reward",0.0253236362828202,"170 reward","7 reward"
"17320","M1","C4620081","7","171","C4620081 M1","reward",0.0252512595706406,"171 reward","7 reward"
"17321","M1","C4620081","7","172","C4620081 M1","reward",0.0252246249868196,"172 reward","7 reward"
"17322","M1","C4620081","7","173","C4620081 M1","reward",0.0251743298020229,"173 reward","7 reward"
"17323","M1","C4620081","7","174","C4620081 M1","reward",0.0251357796044722,"174 reward","7 reward"
"17324","M1","C4620081","7","175","C4620081 M1","reward",0.0251282452523158,"175 reward","7 reward"
"17325","M1","C4620081","7","176","C4620081 M1","reward",0.0251230338650934,"176 reward","7 reward"
"17326","M1","C4620081","7","177","C4620081 M1","reward",0.0249721357225423,"177 reward","7 reward"
"17327","M1","C4620081","7","178","C4620081 M1","reward",0.0248297982969781,"178 reward","7 reward"
"17328","M1","C4620081","7","179","C4620081 M1","reward",0.0246809120474662,"179 reward","7 reward"
"17329","M1","C4620081","7","180","C4620081 M1","reward",0.024636774742209,"180 reward","7 reward"
"17330","M1","C4620081","7","181","C4620081 M1","reward",0.0246172493488355,"181 reward","7 reward"
"17331","M1","C4620081","7","182","C4620081 M1","reward",0.0244896497635392,"182 reward","7 reward"
"17332","M1","C4620081","7","183","C4620081 M1","reward",0.0244524271468507,"183 reward","7 reward"
"17333","M1","C4620081","7","184","C4620081 M1","reward",0.0244407120010352,"184 reward","7 reward"
"17334","M1","C4620081","7","185","C4620081 M1","reward",0.0244390673549508,"185 reward","7 reward"
"17335","M1","C4620081","7","186","C4620081 M1","reward",0.0244123732766539,"186 reward","7 reward"
"17336","M1","C4620081","7","187","C4620081 M1","reward",0.0242934985590902,"187 reward","7 reward"
"17337","M1","C4620081","7","188","C4620081 M1","reward",0.0242856694223719,"188 reward","7 reward"
"17338","M1","C4620081","7","189","C4620081 M1","reward",0.024274861370403,"189 reward","7 reward"
"17339","M1","C4620081","7","190","C4620081 M1","reward",0.0242028549693619,"190 reward","7 reward"
"17340","M1","C4620081","7","191","C4620081 M1","reward",0.0242024280581261,"191 reward","7 reward"
"17341","M1","C4620081","7","192","C4620081 M1","reward",0.0241690179858211,"192 reward","7 reward"
"17342","M1","C4620081","7","193","C4620081 M1","reward",0.0240948837017889,"193 reward","7 reward"
"17343","M1","C4620081","7","194","C4620081 M1","reward",0.0239611615772425,"194 reward","7 reward"
"17344","M1","C4620081","7","195","C4620081 M1","reward",0.0238324833218083,"195 reward","7 reward"
"17345","M1","C4620081","7","196","C4620081 M1","reward",0.0237588565340196,"196 reward","7 reward"
"17346","M1","C4620081","7","197","C4620081 M1","reward",0.0235544304218875,"197 reward","7 reward"
"17347","M1","C4620081","7","198","C4620081 M1","reward",0.0235039509351978,"198 reward","7 reward"
"17348","M1","C4620081","7","199","C4620081 M1","reward",0.0234802306205108,"199 reward","7 reward"
"17349","M1","C4620081","7","200","C4620081 M1","reward",0.0234073892973779,"200 reward","7 reward"
"17350","M1","C4620081","7","201","C4620081 M1","reward",0.0233780260873514,"201 reward","7 reward"
"17351","M1","C4620081","7","202","C4620081 M1","reward",0.0233730723382431,"202 reward","7 reward"
"17352","M1","C4620081","7","203","C4620081 M1","reward",0.0231704983420282,"203 reward","7 reward"
"17353","M1","C4620081","7","204","C4620081 M1","reward",0.0231679504581956,"204 reward","7 reward"
"17354","M1","C4620081","7","205","C4620081 M1","reward",0.0229505345467385,"205 reward","7 reward"
"17355","M1","C4620081","7","206","C4620081 M1","reward",0.0228075415754906,"206 reward","7 reward"
"17356","M1","C4620081","7","207","C4620081 M1","reward",0.0227755589112239,"207 reward","7 reward"
"17357","M1","C4620081","7","208","C4620081 M1","reward",0.0226554366243512,"208 reward","7 reward"
"17358","M1","C4620081","7","209","C4620081 M1","reward",0.0225743951689448,"209 reward","7 reward"
"17359","M1","C4620081","7","210","C4620081 M1","reward",0.0224997722708967,"210 reward","7 reward"
"17360","M1","C4620081","7","211","C4620081 M1","reward",0.0224725498216654,"211 reward","7 reward"
"17361","M1","C4620081","7","212","C4620081 M1","reward",0.0224618076652646,"212 reward","7 reward"
"17362","M1","C4620081","7","213","C4620081 M1","reward",0.0224408169164283,"213 reward","7 reward"
"17363","M1","C4620081","7","214","C4620081 M1","reward",0.0224407357834829,"214 reward","7 reward"
"17364","M1","C4620081","7","215","C4620081 M1","reward",0.0224007304290824,"215 reward","7 reward"
"17365","M1","C4620081","7","216","C4620081 M1","reward",0.0221803371804429,"216 reward","7 reward"
"17366","M1","C4620081","7","217","C4620081 M1","reward",0.022177856961245,"217 reward","7 reward"
"17367","M1","C4620081","7","218","C4620081 M1","reward",0.0221628590696523,"218 reward","7 reward"
"17368","M1","C4620081","7","219","C4620081 M1","reward",0.0221532376425841,"219 reward","7 reward"
"17369","M1","C4620081","7","220","C4620081 M1","reward",0.0220272900251933,"220 reward","7 reward"
"17370","M1","C4620081","7","221","C4620081 M1","reward",0.0220182896781606,"221 reward","7 reward"
"17371","M1","C4620081","7","222","C4620081 M1","reward",0.0219220208832605,"222 reward","7 reward"
"17372","M1","C4620081","7","223","C4620081 M1","reward",0.0219118210512,"223 reward","7 reward"
"17373","M1","C4620081","7","224","C4620081 M1","reward",0.0218682462380307,"224 reward","7 reward"
"17374","M1","C4620081","7","225","C4620081 M1","reward",0.0217016605568967,"225 reward","7 reward"
"17375","M1","C4620081","7","226","C4620081 M1","reward",0.0216853795703843,"226 reward","7 reward"
"17376","M1","C4620081","7","227","C4620081 M1","reward",0.0216082899234774,"227 reward","7 reward"
"17377","M1","C4620081","7","228","C4620081 M1","reward",0.0215672584694149,"228 reward","7 reward"
"17378","M1","C4620081","7","229","C4620081 M1","reward",0.021522281521191,"229 reward","7 reward"
"17379","M1","C4620081","7","230","C4620081 M1","reward",0.0213980997530319,"230 reward","7 reward"
"17380","M1","C4620081","7","231","C4620081 M1","reward",0.021369111490839,"231 reward","7 reward"
"17381","M1","C4620081","7","232","C4620081 M1","reward",0.0212562334658998,"232 reward","7 reward"
"17382","M1","C4620081","7","233","C4620081 M1","reward",0.021178956429787,"233 reward","7 reward"
"17383","M1","C4620081","7","234","C4620081 M1","reward",0.021145512732836,"234 reward","7 reward"
"17384","M1","C4620081","7","235","C4620081 M1","reward",0.021082293878497,"235 reward","7 reward"
"17385","M1","C4620081","7","236","C4620081 M1","reward",0.0208865474380966,"236 reward","7 reward"
"17386","M1","C4620081","7","237","C4620081 M1","reward",0.0208521336589738,"237 reward","7 reward"
"17387","M1","C4620081","7","238","C4620081 M1","reward",0.0208338194282614,"238 reward","7 reward"
"17388","M1","C4620081","7","239","C4620081 M1","reward",0.0208224663115031,"239 reward","7 reward"
"17389","M1","C4620081","7","240","C4620081 M1","reward",0.0207854885053319,"240 reward","7 reward"
"17390","M1","C4620081","7","241","C4620081 M1","reward",0.0207495658091752,"241 reward","7 reward"
"17391","M1","C4620081","7","242","C4620081 M1","reward",0.0206239275637424,"242 reward","7 reward"
"17392","M1","C4620081","7","243","C4620081 M1","reward",0.0204667859963985,"243 reward","7 reward"
"17393","M1","C4620081","7","244","C4620081 M1","reward",0.0204133742043053,"244 reward","7 reward"
"17394","M1","C4620081","7","245","C4620081 M1","reward",0.0203418127618764,"245 reward","7 reward"
"17395","M1","C4620081","7","246","C4620081 M1","reward",0.0203265618925069,"246 reward","7 reward"
"17396","M1","C4620081","7","247","C4620081 M1","reward",0.0202923192394497,"247 reward","7 reward"
"17397","M1","C4620081","7","248","C4620081 M1","reward",0.0199598649719971,"248 reward","7 reward"
"17398","M1","C4620081","7","249","C4620081 M1","reward",0.0198722297064452,"249 reward","7 reward"
"17399","M1","C4620081","7","250","C4620081 M1","reward",0.0198573607665703,"250 reward","7 reward"
"17400","M1","C4620081","7","251","C4620081 M1","reward",0.0196956085144583,"251 reward","7 reward"
"17401","M1","C4620081","7","252","C4620081 M1","reward",0.0194975546811874,"252 reward","7 reward"
"17402","M1","C4620081","7","253","C4620081 M1","reward",0.0194470788617223,"253 reward","7 reward"
"17403","M1","C4620081","7","254","C4620081 M1","reward",0.0194097638390476,"254 reward","7 reward"
"17404","M1","C4620081","7","255","C4620081 M1","reward",0.0193422217239881,"255 reward","7 reward"
"17405","M1","C4620081","7","256","C4620081 M1","reward",0.0190879212606425,"256 reward","7 reward"
"17406","M1","C4620081","7","257","C4620081 M1","reward",0.0190599137319806,"257 reward","7 reward"
"17407","M1","C4620081","7","258","C4620081 M1","reward",0.0189841651703265,"258 reward","7 reward"
"17408","M1","C4620081","7","259","C4620081 M1","reward",0.0189622715541896,"259 reward","7 reward"
"17409","M1","C4620081","7","260","C4620081 M1","reward",0.0188899805737233,"260 reward","7 reward"
"17410","M1","C4620081","7","261","C4620081 M1","reward",0.018808583199091,"261 reward","7 reward"
"17411","M1","C4620081","7","262","C4620081 M1","reward",0.0186867453731108,"262 reward","7 reward"
"17412","M1","C4620081","7","263","C4620081 M1","reward",0.0186535259829385,"263 reward","7 reward"
"17413","M1","C4620081","7","264","C4620081 M1","reward",0.0186247106869718,"264 reward","7 reward"
"17414","M1","C4620081","7","265","C4620081 M1","reward",0.0185554143261466,"265 reward","7 reward"
"17415","M1","C4620081","7","266","C4620081 M1","reward",0.0185246854147551,"266 reward","7 reward"
"17416","M1","C4620081","7","267","C4620081 M1","reward",0.0184815959880549,"267 reward","7 reward"
"17417","M1","C4620081","7","268","C4620081 M1","reward",0.018286371524048,"268 reward","7 reward"
"17418","M1","C4620081","7","269","C4620081 M1","reward",0.0182041970781653,"269 reward","7 reward"
"17419","M1","C4620081","7","270","C4620081 M1","reward",0.0181933945872689,"270 reward","7 reward"
"17420","M1","C4620081","7","271","C4620081 M1","reward",0.0181583263339612,"271 reward","7 reward"
"17421","M1","C4620081","7","272","C4620081 M1","reward",0.0177707576804453,"272 reward","7 reward"
"17422","M1","C4620081","7","273","C4620081 M1","reward",0.0177552421743946,"273 reward","7 reward"
"17423","M1","C4620081","7","274","C4620081 M1","reward",0.0177510378071298,"274 reward","7 reward"
"17424","M1","C4620081","7","275","C4620081 M1","reward",0.0177508928875357,"275 reward","7 reward"
"17425","M1","C4620081","7","276","C4620081 M1","reward",0.017742768048185,"276 reward","7 reward"
"17426","M1","C4620081","7","277","C4620081 M1","reward",0.0177200649494612,"277 reward","7 reward"
"17427","M1","C4620081","7","278","C4620081 M1","reward",0.0177188847810086,"278 reward","7 reward"
"17428","M1","C4620081","7","279","C4620081 M1","reward",0.0176633315286401,"279 reward","7 reward"
"17429","M1","C4620081","7","280","C4620081 M1","reward",0.0172938726117158,"280 reward","7 reward"
"17430","M1","C4620081","7","281","C4620081 M1","reward",0.0172863411102788,"281 reward","7 reward"
"17431","M1","C4620081","7","282","C4620081 M1","reward",0.0170712443922086,"282 reward","7 reward"
"17432","M1","C4620081","7","283","C4620081 M1","reward",0.0169782093392282,"283 reward","7 reward"
"17433","M1","C4620081","7","284","C4620081 M1","reward",0.0169582504417948,"284 reward","7 reward"
"17434","M1","C4620081","7","285","C4620081 M1","reward",0.0169309534897985,"285 reward","7 reward"
"17435","M1","C4620081","7","286","C4620081 M1","reward",0.0169279192519723,"286 reward","7 reward"
"17436","M1","C4620081","7","287","C4620081 M1","reward",0.016899664307903,"287 reward","7 reward"
"17437","M1","C4620081","7","288","C4620081 M1","reward",0.0167587385195368,"288 reward","7 reward"
"17438","M1","C4620081","7","289","C4620081 M1","reward",0.0167103690491557,"289 reward","7 reward"
"17439","M1","C4620081","7","290","C4620081 M1","reward",0.0167074313251762,"290 reward","7 reward"
"17440","M1","C4620081","7","291","C4620081 M1","reward",0.0166790243537032,"291 reward","7 reward"
"17441","M1","C4620081","7","292","C4620081 M1","reward",0.0166322414640106,"292 reward","7 reward"
"17442","M1","C4620081","7","293","C4620081 M1","reward",0.0166317538587419,"293 reward","7 reward"
"17443","M1","C4620081","7","294","C4620081 M1","reward",0.0164926431091597,"294 reward","7 reward"
"17444","M1","C4620081","7","295","C4620081 M1","reward",0.0164691556026368,"295 reward","7 reward"
"17445","M1","C4620081","7","296","C4620081 M1","reward",0.016447300627593,"296 reward","7 reward"
"17446","M1","C4620081","7","297","C4620081 M1","reward",0.016427219805082,"297 reward","7 reward"
"17447","M1","C4620081","7","298","C4620081 M1","reward",0.016334481685479,"298 reward","7 reward"
"17448","M1","C4620081","7","299","C4620081 M1","reward",0.0161733391328163,"299 reward","7 reward"
"17449","M1","C4620081","7","300","C4620081 M1","reward",0.0160775502041606,"300 reward","7 reward"
"17450","M1","C4620081","7","301","C4620081 M1","reward",0.0159899437416938,"301 reward","7 reward"
"17451","M1","C4620081","7","302","C4620081 M1","reward",0.0159581429947095,"302 reward","7 reward"
"17452","M1","C4620081","7","303","C4620081 M1","reward",0.0157395665764497,"303 reward","7 reward"
"17453","M1","C4620081","7","304","C4620081 M1","reward",0.0157142821418939,"304 reward","7 reward"
"17454","M1","C4620081","7","305","C4620081 M1","reward",0.0156021415668516,"305 reward","7 reward"
"17455","M1","C4620081","7","306","C4620081 M1","reward",0.0155870015848201,"306 reward","7 reward"
"17456","M1","C4620081","7","307","C4620081 M1","reward",0.0155577274627462,"307 reward","7 reward"
"17457","M1","C4620081","7","308","C4620081 M1","reward",0.0154868050733286,"308 reward","7 reward"
"17458","M1","C4620081","7","309","C4620081 M1","reward",0.0153751849895429,"309 reward","7 reward"
"17459","M1","C4620081","7","310","C4620081 M1","reward",0.0152773748807715,"310 reward","7 reward"
"17460","M1","C4620081","7","311","C4620081 M1","reward",0.0151890322808283,"311 reward","7 reward"
"17461","M1","C4620081","7","312","C4620081 M1","reward",0.0151245298205585,"312 reward","7 reward"
"17462","M1","C4620081","7","313","C4620081 M1","reward",0.0150522438331281,"313 reward","7 reward"
"17463","M1","C4620081","7","314","C4620081 M1","reward",0.0150356020100525,"314 reward","7 reward"
"17464","M1","C4620081","7","315","C4620081 M1","reward",0.0149134070819619,"315 reward","7 reward"
"17465","M1","C4620081","7","316","C4620081 M1","reward",0.0148469886915901,"316 reward","7 reward"
"17466","M1","C4620081","7","317","C4620081 M1","reward",0.0148103052928112,"317 reward","7 reward"
"17467","M1","C4620081","7","318","C4620081 M1","reward",0.0146836737773481,"318 reward","7 reward"
"17468","M1","C4620081","7","319","C4620081 M1","reward",0.0145654221866361,"319 reward","7 reward"
"17469","M1","C4620081","7","320","C4620081 M1","reward",0.0144111313630964,"320 reward","7 reward"
"17470","M1","C4620081","7","321","C4620081 M1","reward",0.0143953572726351,"321 reward","7 reward"
"17471","M1","C4620081","7","322","C4620081 M1","reward",0.0143013293035722,"322 reward","7 reward"
"17472","M1","C4620081","7","323","C4620081 M1","reward",0.0143002595734168,"323 reward","7 reward"
"17473","M1","C4620081","7","324","C4620081 M1","reward",0.0142053074048821,"324 reward","7 reward"
"17474","M1","C4620081","7","325","C4620081 M1","reward",0.0141815916046912,"325 reward","7 reward"
"17475","M1","C4620081","7","326","C4620081 M1","reward",0.0141792595312448,"326 reward","7 reward"
"17476","M1","C4620081","7","327","C4620081 M1","reward",0.0141542591616514,"327 reward","7 reward"
"17477","M1","C4620081","7","328","C4620081 M1","reward",0.0141243155312922,"328 reward","7 reward"
"17478","M1","C4620081","7","329","C4620081 M1","reward",0.0140935449854163,"329 reward","7 reward"
"17479","M1","C4620081","7","330","C4620081 M1","reward",0.0140570994813492,"330 reward","7 reward"
"17480","M1","C4620081","7","331","C4620081 M1","reward",0.0139968095485699,"331 reward","7 reward"
"17481","M1","C4620081","7","332","C4620081 M1","reward",0.0137885702692106,"332 reward","7 reward"
"17482","M1","C4620081","7","333","C4620081 M1","reward",0.0137677833398183,"333 reward","7 reward"
"17483","M1","C4620081","7","334","C4620081 M1","reward",0.0136933359688972,"334 reward","7 reward"
"17484","M1","C4620081","7","335","C4620081 M1","reward",0.0136625855029141,"335 reward","7 reward"
"17485","M1","C4620081","7","336","C4620081 M1","reward",0.0136531126656968,"336 reward","7 reward"
"17486","M1","C4620081","7","337","C4620081 M1","reward",0.0136501431763689,"337 reward","7 reward"
"17487","M1","C4620081","7","338","C4620081 M1","reward",0.012908908346887,"338 reward","7 reward"
"17488","M1","C4620081","7","339","C4620081 M1","reward",0.0128949820998921,"339 reward","7 reward"
"17489","M1","C4620081","7","340","C4620081 M1","reward",0.012866732490215,"340 reward","7 reward"
"17490","M1","C4620081","7","341","C4620081 M1","reward",0.0128454734916146,"341 reward","7 reward"
"17491","M1","C4620081","7","342","C4620081 M1","reward",0.0128268857798615,"342 reward","7 reward"
"17492","M1","C4620081","7","343","C4620081 M1","reward",0.0127847124251694,"343 reward","7 reward"
"17493","M1","C4620081","7","344","C4620081 M1","reward",0.0126856927273844,"344 reward","7 reward"
"17494","M1","C4620081","7","345","C4620081 M1","reward",0.0125510200361953,"345 reward","7 reward"
"17495","M1","C4620081","7","346","C4620081 M1","reward",0.0124828220944225,"346 reward","7 reward"
"17496","M1","C4620081","7","347","C4620081 M1","reward",0.0123950647165825,"347 reward","7 reward"
"17497","M1","C4620081","7","348","C4620081 M1","reward",0.0121009714135546,"348 reward","7 reward"
"17498","M1","C4620081","7","349","C4620081 M1","reward",0.0119914628376188,"349 reward","7 reward"
"17499","M1","C4620081","7","350","C4620081 M1","reward",0.011987490566566,"350 reward","7 reward"
"17500","M1","C4620081","7","351","C4620081 M1","reward",0.0119226444942258,"351 reward","7 reward"
"17501","M1","C4620081","7","352","C4620081 M1","reward",0.0118885237531876,"352 reward","7 reward"
"17502","M1","C4620081","7","353","C4620081 M1","reward",0.0118522565693524,"353 reward","7 reward"
"17503","M1","C4620081","7","354","C4620081 M1","reward",0.01157607555914,"354 reward","7 reward"
"17504","M1","C4620081","7","355","C4620081 M1","reward",0.011463741175187,"355 reward","7 reward"
"17505","M1","C4620081","7","356","C4620081 M1","reward",0.0111680291236765,"356 reward","7 reward"
"17506","M1","C4620081","7","357","C4620081 M1","reward",0.0107352972517361,"357 reward","7 reward"
"17507","M1","C4620081","7","358","C4620081 M1","reward",0.0104860883612291,"358 reward","7 reward"
"17508","M1","C4620081","7","359","C4620081 M1","reward",0.0104062254900949,"359 reward","7 reward"
"17509","M1","C4620081","7","360","C4620081 M1","reward",0.0103856930608621,"360 reward","7 reward"
"17510","M1","C4620081","7","361","C4620081 M1","reward",0.0103190102599628,"361 reward","7 reward"
"17511","M1","C4620081","7","362","C4620081 M1","reward",0.0101428937758697,"362 reward","7 reward"
"17512","M1","C4620081","7","363","C4620081 M1","reward",0.0100268599916478,"363 reward","7 reward"
"17513","M1","C4620081","7","364","C4620081 M1","reward",0.0099172675450564,"364 reward","7 reward"
"17514","M1","C4620081","7","365","C4620081 M1","reward",0.00984427465656318,"365 reward","7 reward"
"17515","M1","C4620081","7","366","C4620081 M1","reward",0.00976997406524101,"366 reward","7 reward"
"17516","M1","C4620081","7","367","C4620081 M1","reward",0.00973911939696739,"367 reward","7 reward"
"17517","M1","C4620081","7","368","C4620081 M1","reward",0.00959409916817499,"368 reward","7 reward"
"17518","M1","C4620081","7","369","C4620081 M1","reward",0.00957117257083402,"369 reward","7 reward"
"17519","M1","C4620081","7","370","C4620081 M1","reward",0.0093518790400342,"370 reward","7 reward"
"17520","M1","C4620081","7","371","C4620081 M1","reward",0.00925459938409005,"371 reward","7 reward"
"17521","M1","C4620081","7","372","C4620081 M1","reward",0.00911702802678853,"372 reward","7 reward"
"17522","M1","C4620081","7","373","C4620081 M1","reward",0.00900587589357676,"373 reward","7 reward"
"17523","M1","C4620081","7","374","C4620081 M1","reward",0.0088414805813621,"374 reward","7 reward"
"17524","M1","C4620081","7","375","C4620081 M1","reward",0.00881894466291525,"375 reward","7 reward"
"17525","M1","C4620081","7","376","C4620081 M1","reward",0.00879985280066796,"376 reward","7 reward"
"17526","M1","C4620081","7","377","C4620081 M1","reward",0.00848295325455375,"377 reward","7 reward"
"17527","M1","C4620081","7","378","C4620081 M1","reward",0.00821982069263413,"378 reward","7 reward"
"17528","M1","C4620081","7","379","C4620081 M1","reward",0.00812049260181856,"379 reward","7 reward"
"17529","M1","C4620081","7","380","C4620081 M1","reward",0.00805331630464493,"380 reward","7 reward"
"17530","M1","C4620081","7","381","C4620081 M1","reward",0.00802807881961518,"381 reward","7 reward"
"17531","M1","C4620081","7","382","C4620081 M1","reward",0.00779445213104501,"382 reward","7 reward"
"17532","M1","C4620081","7","383","C4620081 M1","reward",0.00776618035763538,"383 reward","7 reward"
"17533","M1","C4620081","7","384","C4620081 M1","reward",0.00744184170852526,"384 reward","7 reward"
"17534","M1","C4620081","7","385","C4620081 M1","reward",0.007410215767937,"385 reward","7 reward"
"17535","M1","C4620081","7","386","C4620081 M1","reward",0.0073183919145744,"386 reward","7 reward"
"17536","M1","C4620081","7","387","C4620081 M1","reward",0.00722027151736931,"387 reward","7 reward"
"17537","M1","C4620081","7","388","C4620081 M1","reward",0.00720699561427765,"388 reward","7 reward"
"17538","M1","C4620081","7","389","C4620081 M1","reward",0.00700618269956746,"389 reward","7 reward"
"17539","M1","C4620081","7","390","C4620081 M1","reward",0.00700295480739269,"390 reward","7 reward"
"17540","M1","C4620081","7","391","C4620081 M1","reward",0.00682521908847877,"391 reward","7 reward"
"17541","M1","C4620081","7","392","C4620081 M1","reward",0.0067912573750287,"392 reward","7 reward"
"17542","M1","C4620081","7","393","C4620081 M1","reward",0.00676197879993841,"393 reward","7 reward"
"17543","M1","C4620081","7","394","C4620081 M1","reward",0.0067588172659944,"394 reward","7 reward"
"17544","M1","C4620081","7","395","C4620081 M1","reward",0.00670843236568756,"395 reward","7 reward"
"17545","M1","C4620081","7","396","C4620081 M1","reward",0.00652909074288385,"396 reward","7 reward"
"17546","M1","C4620081","7","397","C4620081 M1","reward",0.00623688147543654,"397 reward","7 reward"
"17547","M1","C4620081","7","398","C4620081 M1","reward",0.0059415620918811,"398 reward","7 reward"
"17548","M1","C4620081","7","399","C4620081 M1","reward",0.00561786705137718,"399 reward","7 reward"
"17549","M1","C4620081","7","400","C4620081 M1","reward",0.00561062102631423,"400 reward","7 reward"
"17550","M1","C4620081","7","401","C4620081 M1","reward",0.0055727762002508,"401 reward","7 reward"
"17551","M1","C4620081","7","402","C4620081 M1","reward",0.00511738037987008,"402 reward","7 reward"
"17552","M1","C4620081","7","403","C4620081 M1","reward",0.00479690652760685,"403 reward","7 reward"
"17553","M1","C4620081","7","404","C4620081 M1","reward",0.00477091509703632,"404 reward","7 reward"
"17554","M1","C4620081","7","405","C4620081 M1","reward",0.00467725196940209,"405 reward","7 reward"
"17555","M1","C4620081","7","406","C4620081 M1","reward",0.00459187013341494,"406 reward","7 reward"
"17556","M1","C4620081","7","407","C4620081 M1","reward",0.00438565103814548,"407 reward","7 reward"
"17557","M1","C4620081","7","408","C4620081 M1","reward",0.00413906315866198,"408 reward","7 reward"
"17558","M1","C4620081","7","409","C4620081 M1","reward",0.00378070681667506,"409 reward","7 reward"
"17559","M1","C4620081","7","410","C4620081 M1","reward",0.00337520699040939,"410 reward","7 reward"
"17560","M1","C4620081","7","411","C4620081 M1","reward",0.0029989458156665,"411 reward","7 reward"
"17561","M1","C4620081","7","412","C4620081 M1","reward",0.00243957902672652,"412 reward","7 reward"
"17562","M1","C4620081","7","413","C4620081 M1","reward",0.00202096469587662,"413 reward","7 reward"
"17563","M1","C4620081","7","414","C4620081 M1","reward",0.00177581549544871,"414 reward","7 reward"
"17564","M1","C4620081","7","415","C4620081 M1","reward",0.001701490293294,"415 reward","7 reward"
"17565","M1","C4620081","7","416","C4620081 M1","reward",0.00136619771698792,"416 reward","7 reward"
"17566","M1","C4620081","7","417","C4620081 M1","reward",0.00115319057089946,"417 reward","7 reward"
"17567","M1","C4620081","7","418","C4620081 M1","reward",0.000931172108588248,"418 reward","7 reward"
"17568","M1","C4620081","7","419","C4620081 M1","reward",0.000878472758727349,"419 reward","7 reward"
"17569","M1","C4620081","7","420","C4620081 M1","reward",0.000589633752003615,"420 reward","7 reward"
"17570","M1","C4620081","7","421","C4620081 M1","reward",0.000480280619448026,"421 reward","7 reward"
"17571","M1","C4620081","7","422","C4620081 M1","reward",-0.000108127596549395,"422 reward","7 reward"
"17572","M1","C4620081","7","423","C4620081 M1","reward",-0.000161438447748888,"423 reward","7 reward"
"17573","M1","C4620081","7","424","C4620081 M1","reward",-0.000535700362305403,"424 reward","7 reward"
"17574","M1","C4620081","7","425","C4620081 M1","reward",-0.000560957253867632,"425 reward","7 reward"
"17575","M1","C4620081","7","426","C4620081 M1","reward",-0.00139822406408164,"426 reward","7 reward"
"17576","M1","C4620081","7","427","C4620081 M1","reward",-0.00229538997818429,"427 reward","7 reward"
"17577","M1","C4620081","7","428","C4620081 M1","reward",-0.0033920343507155,"428 reward","7 reward"
"17578","M1","C4620081","7","429","C4620081 M1","reward",-0.0034663711995825,"429 reward","7 reward"
"17579","M1","C4620081","7","430","C4620081 M1","reward",-0.00369805185798454,"430 reward","7 reward"
"17580","M1","C4620081","7","431","C4620081 M1","reward",-0.00450830475785339,"431 reward","7 reward"
"17581","M1","C4620081","7","432","C4620081 M1","reward",-0.00472291365456423,"432 reward","7 reward"
"17582","M1","C4620081","7","433","C4620081 M1","reward",-0.00558287121818765,"433 reward","7 reward"
"17583","M1","C4620081","7","434","C4620081 M1","reward",-0.0070499458590635,"434 reward","7 reward"
"17584","M1","C4620081","7","435","C4620081 M1","reward",-0.0082852459214078,"435 reward","7 reward"
"17585","M1","C4620081","7","436","C4620081 M1","reward",-0.00885913539489832,"436 reward","7 reward"
"17586","M1","C4620081","7","437","C4620081 M1","reward",-0.0118013974662948,"437 reward","7 reward"
"17587","M1","C4620081","7","438","C4620081 M1","reward",-0.0151749573974209,"438 reward","7 reward"
"17588","M1","C4620083","7","0","C4620083 M1","reward",0.345649435225973,"0 reward","7 reward"
"17589","M1","C4620083","7","1","C4620083 M1","reward",0.345538630636708,"1 reward","7 reward"
"17590","M1","C4620083","7","2","C4620083 M1","reward",0.335047598731366,"2 reward","7 reward"
"17591","M1","C4620083","7","3","C4620083 M1","reward",0.326317662003855,"3 reward","7 reward"
"17592","M1","C4620083","7","4","C4620083 M1","reward",0.325175375371884,"4 reward","7 reward"
"17593","M1","C4620083","7","5","C4620083 M1","reward",0.319141924851381,"5 reward","7 reward"
"17594","M1","C4620083","7","6","C4620083 M1","reward",0.314271334039502,"6 reward","7 reward"
"17595","M1","C4620083","7","7","C4620083 M1","reward",0.311133668326071,"7 reward","7 reward"
"17596","M1","C4620083","7","8","C4620083 M1","reward",0.305531580701122,"8 reward","7 reward"
"17597","M1","C4620083","7","9","C4620083 M1","reward",0.305244023411246,"9 reward","7 reward"
"17598","M1","C4620083","7","10","C4620083 M1","reward",0.305093766233446,"10 reward","7 reward"
"17599","M1","C4620083","7","11","C4620083 M1","reward",0.303274597296561,"11 reward","7 reward"
"17600","M1","C4620083","7","12","C4620083 M1","reward",0.30078715174334,"12 reward","7 reward"
"17601","M1","C4620083","7","13","C4620083 M1","reward",0.29998267820517,"13 reward","7 reward"
"17602","M1","C4620083","7","14","C4620083 M1","reward",0.299915946263744,"14 reward","7 reward"
"17603","M1","C4620083","7","15","C4620083 M1","reward",0.299087973137889,"15 reward","7 reward"
"17604","M1","C4620083","7","16","C4620083 M1","reward",0.29840695640643,"16 reward","7 reward"
"17605","M1","C4620083","7","17","C4620083 M1","reward",0.296435052307446,"17 reward","7 reward"
"17606","M1","C4620083","7","18","C4620083 M1","reward",0.295109952129602,"18 reward","7 reward"
"17607","M1","C4620083","7","19","C4620083 M1","reward",0.29458796171641,"19 reward","7 reward"
"17608","M1","C4620083","7","20","C4620083 M1","reward",0.291671282123854,"20 reward","7 reward"
"17609","M1","C4620083","7","21","C4620083 M1","reward",0.28823627308659,"21 reward","7 reward"
"17610","M1","C4620083","7","22","C4620083 M1","reward",0.287213182205292,"22 reward","7 reward"
"17611","M1","C4620083","7","23","C4620083 M1","reward",0.286577045842283,"23 reward","7 reward"
"17612","M1","C4620083","7","24","C4620083 M1","reward",0.286046897253413,"24 reward","7 reward"
"17613","M1","C4620083","7","25","C4620083 M1","reward",0.285971032997952,"25 reward","7 reward"
"17614","M1","C4620083","7","26","C4620083 M1","reward",0.285169311585249,"26 reward","7 reward"
"17615","M1","C4620083","7","27","C4620083 M1","reward",0.284573496000171,"27 reward","7 reward"
"17616","M1","C4620083","7","28","C4620083 M1","reward",0.284374555871014,"28 reward","7 reward"
"17617","M1","C4620083","7","29","C4620083 M1","reward",0.283649825091692,"29 reward","7 reward"
"17618","M1","C4620083","7","30","C4620083 M1","reward",0.28243863724872,"30 reward","7 reward"
"17619","M1","C4620083","7","31","C4620083 M1","reward",0.281715135222513,"31 reward","7 reward"
"17620","M1","C4620083","7","32","C4620083 M1","reward",0.281619129207256,"32 reward","7 reward"
"17621","M1","C4620083","7","33","C4620083 M1","reward",0.281185991767911,"33 reward","7 reward"
"17622","M1","C4620083","7","34","C4620083 M1","reward",0.278759278606564,"34 reward","7 reward"
"17623","M1","C4620083","7","35","C4620083 M1","reward",0.278672304678398,"35 reward","7 reward"
"17624","M1","C4620083","7","36","C4620083 M1","reward",0.278162530616719,"36 reward","7 reward"
"17625","M1","C4620083","7","37","C4620083 M1","reward",0.277601894552578,"37 reward","7 reward"
"17626","M1","C4620083","7","38","C4620083 M1","reward",0.275943704981855,"38 reward","7 reward"
"17627","M1","C4620083","7","39","C4620083 M1","reward",0.275357039850363,"39 reward","7 reward"
"17628","M1","C4620083","7","40","C4620083 M1","reward",0.27449764290554,"40 reward","7 reward"
"17629","M1","C4620083","7","41","C4620083 M1","reward",0.273166693513144,"41 reward","7 reward"
"17630","M1","C4620083","7","42","C4620083 M1","reward",0.272554723456749,"42 reward","7 reward"
"17631","M1","C4620083","7","43","C4620083 M1","reward",0.271889903361741,"43 reward","7 reward"
"17632","M1","C4620083","7","44","C4620083 M1","reward",0.271704821656027,"44 reward","7 reward"
"17633","M1","C4620083","7","45","C4620083 M1","reward",0.271592376931582,"45 reward","7 reward"
"17634","M1","C4620083","7","46","C4620083 M1","reward",0.27096272778539,"46 reward","7 reward"
"17635","M1","C4620083","7","47","C4620083 M1","reward",0.270495299266438,"47 reward","7 reward"
"17636","M1","C4620083","7","48","C4620083 M1","reward",0.269834380322754,"48 reward","7 reward"
"17637","M1","C4620083","7","49","C4620083 M1","reward",0.269399708989482,"49 reward","7 reward"
"17638","M1","C4620083","7","50","C4620083 M1","reward",0.269242890574823,"50 reward","7 reward"
"17639","M1","C4620083","7","51","C4620083 M1","reward",0.267836381050624,"51 reward","7 reward"
"17640","M1","C4620083","7","52","C4620083 M1","reward",0.267554248272397,"52 reward","7 reward"
"17641","M1","C4620083","7","53","C4620083 M1","reward",0.267285840275594,"53 reward","7 reward"
"17642","M1","C4620083","7","54","C4620083 M1","reward",0.266610821302662,"54 reward","7 reward"
"17643","M1","C4620083","7","55","C4620083 M1","reward",0.264927121934235,"55 reward","7 reward"
"17644","M1","C4620083","7","56","C4620083 M1","reward",0.264884602996029,"56 reward","7 reward"
"17645","M1","C4620083","7","57","C4620083 M1","reward",0.264576581085592,"57 reward","7 reward"
"17646","M1","C4620083","7","58","C4620083 M1","reward",0.264566881476827,"58 reward","7 reward"
"17647","M1","C4620083","7","59","C4620083 M1","reward",0.263501737625325,"59 reward","7 reward"
"17648","M1","C4620083","7","60","C4620083 M1","reward",0.262944371161636,"60 reward","7 reward"
"17649","M1","C4620083","7","61","C4620083 M1","reward",0.262910397573242,"61 reward","7 reward"
"17650","M1","C4620083","7","62","C4620083 M1","reward",0.261748828890467,"62 reward","7 reward"
"17651","M1","C4620083","7","63","C4620083 M1","reward",0.260861713297116,"63 reward","7 reward"
"17652","M1","C4620083","7","64","C4620083 M1","reward",0.260394352257648,"64 reward","7 reward"
"17653","M1","C4620083","7","65","C4620083 M1","reward",0.260050339422132,"65 reward","7 reward"
"17654","M1","C4620083","7","66","C4620083 M1","reward",0.2599440944985,"66 reward","7 reward"
"17655","M1","C4620083","7","67","C4620083 M1","reward",0.259831612818016,"67 reward","7 reward"
"17656","M1","C4620083","7","68","C4620083 M1","reward",0.259651288160381,"68 reward","7 reward"
"17657","M1","C4620083","7","69","C4620083 M1","reward",0.259278839876929,"69 reward","7 reward"
"17658","M1","C4620083","7","70","C4620083 M1","reward",0.259153705090216,"70 reward","7 reward"
"17659","M1","C4620083","7","71","C4620083 M1","reward",0.258521797958994,"71 reward","7 reward"
"17660","M1","C4620083","7","72","C4620083 M1","reward",0.257322098230405,"72 reward","7 reward"
"17661","M1","C4620083","7","73","C4620083 M1","reward",0.257001669504327,"73 reward","7 reward"
"17662","M1","C4620083","7","74","C4620083 M1","reward",0.256201823731567,"74 reward","7 reward"
"17663","M1","C4620083","7","75","C4620083 M1","reward",0.256181918661242,"75 reward","7 reward"
"17664","M1","C4620083","7","76","C4620083 M1","reward",0.254009311609448,"76 reward","7 reward"
"17665","M1","C4620083","7","77","C4620083 M1","reward",0.253964261797926,"77 reward","7 reward"
"17666","M1","C4620083","7","78","C4620083 M1","reward",0.253815179032109,"78 reward","7 reward"
"17667","M1","C4620083","7","79","C4620083 M1","reward",0.253210871871594,"79 reward","7 reward"
"17668","M1","C4620083","7","80","C4620083 M1","reward",0.253080404003635,"80 reward","7 reward"
"17669","M1","C4620083","7","81","C4620083 M1","reward",0.252392417477627,"81 reward","7 reward"
"17670","M1","C4620083","7","82","C4620083 M1","reward",0.252313242752935,"82 reward","7 reward"
"17671","M1","C4620083","7","83","C4620083 M1","reward",0.251245721018888,"83 reward","7 reward"
"17672","M1","C4620083","7","84","C4620083 M1","reward",0.251211895368178,"84 reward","7 reward"
"17673","M1","C4620083","7","85","C4620083 M1","reward",0.25083322496803,"85 reward","7 reward"
"17674","M1","C4620083","7","86","C4620083 M1","reward",0.250812740720047,"86 reward","7 reward"
"17675","M1","C4620083","7","87","C4620083 M1","reward",0.250607381478817,"87 reward","7 reward"
"17676","M1","C4620083","7","88","C4620083 M1","reward",0.249658172018197,"88 reward","7 reward"
"17677","M1","C4620083","7","89","C4620083 M1","reward",0.249362877742076,"89 reward","7 reward"
"17678","M1","C4620083","7","90","C4620083 M1","reward",0.249191961385562,"90 reward","7 reward"
"17679","M1","C4620083","7","91","C4620083 M1","reward",0.248937052220644,"91 reward","7 reward"
"17680","M1","C4620083","7","92","C4620083 M1","reward",0.248757636405664,"92 reward","7 reward"
"17681","M1","C4620083","7","93","C4620083 M1","reward",0.248741732997336,"93 reward","7 reward"
"17682","M1","C4620083","7","94","C4620083 M1","reward",0.248616423731379,"94 reward","7 reward"
"17683","M1","C4620083","7","95","C4620083 M1","reward",0.247730243128076,"95 reward","7 reward"
"17684","M1","C4620083","7","96","C4620083 M1","reward",0.2473329010658,"96 reward","7 reward"
"17685","M1","C4620083","7","97","C4620083 M1","reward",0.246424123066918,"97 reward","7 reward"
"17686","M1","C4620083","7","98","C4620083 M1","reward",0.246254620098298,"98 reward","7 reward"
"17687","M1","C4620083","7","99","C4620083 M1","reward",0.244726216964226,"99 reward","7 reward"
"17688","M1","C4620083","7","100","C4620083 M1","reward",0.244214664774757,"100 reward","7 reward"
"17689","M1","C4620083","7","101","C4620083 M1","reward",0.244000039589928,"101 reward","7 reward"
"17690","M1","C4620083","7","102","C4620083 M1","reward",0.243101987384703,"102 reward","7 reward"
"17691","M1","C4620083","7","103","C4620083 M1","reward",0.243020599441857,"103 reward","7 reward"
"17692","M1","C4620083","7","104","C4620083 M1","reward",0.24299743246484,"104 reward","7 reward"
"17693","M1","C4620083","7","105","C4620083 M1","reward",0.242901780405526,"105 reward","7 reward"
"17694","M1","C4620083","7","106","C4620083 M1","reward",0.242844095450838,"106 reward","7 reward"
"17695","M1","C4620083","7","107","C4620083 M1","reward",0.242833660370885,"107 reward","7 reward"
"17696","M1","C4620083","7","108","C4620083 M1","reward",0.242513443770886,"108 reward","7 reward"
"17697","M1","C4620083","7","109","C4620083 M1","reward",0.242347784888982,"109 reward","7 reward"
"17698","M1","C4620083","7","110","C4620083 M1","reward",0.242341072779951,"110 reward","7 reward"
"17699","M1","C4620083","7","111","C4620083 M1","reward",0.242249528814331,"111 reward","7 reward"
"17700","M1","C4620083","7","112","C4620083 M1","reward",0.241810103490205,"112 reward","7 reward"
"17701","M1","C4620083","7","113","C4620083 M1","reward",0.241221187668887,"113 reward","7 reward"
"17702","M1","C4620083","7","114","C4620083 M1","reward",0.241124179552302,"114 reward","7 reward"
"17703","M1","C4620083","7","115","C4620083 M1","reward",0.240374078069895,"115 reward","7 reward"
"17704","M1","C4620083","7","116","C4620083 M1","reward",0.238352842273281,"116 reward","7 reward"
"17705","M1","C4620083","7","117","C4620083 M1","reward",0.238298333098677,"117 reward","7 reward"
"17706","M1","C4620083","7","118","C4620083 M1","reward",0.238263224959678,"118 reward","7 reward"
"17707","M1","C4620083","7","119","C4620083 M1","reward",0.237810148322295,"119 reward","7 reward"
"17708","M1","C4620083","7","120","C4620083 M1","reward",0.237686541313724,"120 reward","7 reward"
"17709","M1","C4620083","7","121","C4620083 M1","reward",0.237512817104059,"121 reward","7 reward"
"17710","M1","C4620083","7","122","C4620083 M1","reward",0.237383979278166,"122 reward","7 reward"
"17711","M1","C4620083","7","123","C4620083 M1","reward",0.236676184109793,"123 reward","7 reward"
"17712","M1","C4620083","7","124","C4620083 M1","reward",0.236667854091879,"124 reward","7 reward"
"17713","M1","C4620083","7","125","C4620083 M1","reward",0.236406628106394,"125 reward","7 reward"
"17714","M1","C4620083","7","126","C4620083 M1","reward",0.235975511290315,"126 reward","7 reward"
"17715","M1","C4620083","7","127","C4620083 M1","reward",0.235600181932388,"127 reward","7 reward"
"17716","M1","C4620083","7","128","C4620083 M1","reward",0.235376930550732,"128 reward","7 reward"
"17717","M1","C4620083","7","129","C4620083 M1","reward",0.235274540535257,"129 reward","7 reward"
"17718","M1","C4620083","7","130","C4620083 M1","reward",0.235064504622095,"130 reward","7 reward"
"17719","M1","C4620083","7","131","C4620083 M1","reward",0.234662472805508,"131 reward","7 reward"
"17720","M1","C4620083","7","132","C4620083 M1","reward",0.234469783127334,"132 reward","7 reward"
"17721","M1","C4620083","7","133","C4620083 M1","reward",0.234221659823568,"133 reward","7 reward"
"17722","M1","C4620083","7","134","C4620083 M1","reward",0.233890015773571,"134 reward","7 reward"
"17723","M1","C4620083","7","135","C4620083 M1","reward",0.233834187262356,"135 reward","7 reward"
"17724","M1","C4620083","7","136","C4620083 M1","reward",0.233154585848788,"136 reward","7 reward"
"17725","M1","C4620083","7","137","C4620083 M1","reward",0.232810136982894,"137 reward","7 reward"
"17726","M1","C4620083","7","138","C4620083 M1","reward",0.232694096733862,"138 reward","7 reward"
"17727","M1","C4620083","7","139","C4620083 M1","reward",0.232010879322983,"139 reward","7 reward"
"17728","M1","C4620083","7","140","C4620083 M1","reward",0.231669559920969,"140 reward","7 reward"
"17729","M1","C4620083","7","141","C4620083 M1","reward",0.231636163502072,"141 reward","7 reward"
"17730","M1","C4620083","7","142","C4620083 M1","reward",0.23162679836806,"142 reward","7 reward"
"17731","M1","C4620083","7","143","C4620083 M1","reward",0.231048056981238,"143 reward","7 reward"
"17732","M1","C4620083","7","144","C4620083 M1","reward",0.230837857022182,"144 reward","7 reward"
"17733","M1","C4620083","7","145","C4620083 M1","reward",0.230647366460731,"145 reward","7 reward"
"17734","M1","C4620083","7","146","C4620083 M1","reward",0.229684154076274,"146 reward","7 reward"
"17735","M1","C4620083","7","147","C4620083 M1","reward",0.229498571204654,"147 reward","7 reward"
"17736","M1","C4620083","7","148","C4620083 M1","reward",0.229340616339359,"148 reward","7 reward"
"17737","M1","C4620083","7","149","C4620083 M1","reward",0.229162039221599,"149 reward","7 reward"
"17738","M1","C4620083","7","150","C4620083 M1","reward",0.228239780208441,"150 reward","7 reward"
"17739","M1","C4620083","7","151","C4620083 M1","reward",0.227955903606944,"151 reward","7 reward"
"17740","M1","C4620083","7","152","C4620083 M1","reward",0.227907088228224,"152 reward","7 reward"
"17741","M1","C4620083","7","153","C4620083 M1","reward",0.227772937226576,"153 reward","7 reward"
"17742","M1","C4620083","7","154","C4620083 M1","reward",0.227689925270705,"154 reward","7 reward"
"17743","M1","C4620083","7","155","C4620083 M1","reward",0.227442874584901,"155 reward","7 reward"
"17744","M1","C4620083","7","156","C4620083 M1","reward",0.227027264541553,"156 reward","7 reward"
"17745","M1","C4620083","7","157","C4620083 M1","reward",0.226960319644122,"157 reward","7 reward"
"17746","M1","C4620083","7","158","C4620083 M1","reward",0.226865988360937,"158 reward","7 reward"
"17747","M1","C4620083","7","159","C4620083 M1","reward",0.226728641435475,"159 reward","7 reward"
"17748","M1","C4620083","7","160","C4620083 M1","reward",0.226688069216195,"160 reward","7 reward"
"17749","M1","C4620083","7","161","C4620083 M1","reward",0.226304875334397,"161 reward","7 reward"
"17750","M1","C4620083","7","162","C4620083 M1","reward",0.225903463021186,"162 reward","7 reward"
"17751","M1","C4620083","7","163","C4620083 M1","reward",0.225707736036103,"163 reward","7 reward"
"17752","M1","C4620083","7","164","C4620083 M1","reward",0.22505934101087,"164 reward","7 reward"
"17753","M1","C4620083","7","165","C4620083 M1","reward",0.224904773089778,"165 reward","7 reward"
"17754","M1","C4620083","7","166","C4620083 M1","reward",0.223977810090526,"166 reward","7 reward"
"17755","M1","C4620083","7","167","C4620083 M1","reward",0.223601919323497,"167 reward","7 reward"
"17756","M1","C4620083","7","168","C4620083 M1","reward",0.223433943976119,"168 reward","7 reward"
"17757","M1","C4620083","7","169","C4620083 M1","reward",0.223358019268554,"169 reward","7 reward"
"17758","M1","C4620083","7","170","C4620083 M1","reward",0.222783080426156,"170 reward","7 reward"
"17759","M1","C4620083","7","171","C4620083 M1","reward",0.222524450542636,"171 reward","7 reward"
"17760","M1","C4620083","7","172","C4620083 M1","reward",0.222379721388516,"172 reward","7 reward"
"17761","M1","C4620083","7","173","C4620083 M1","reward",0.221733225733256,"173 reward","7 reward"
"17762","M1","C4620083","7","174","C4620083 M1","reward",0.221298765153755,"174 reward","7 reward"
"17763","M1","C4620083","7","175","C4620083 M1","reward",0.221160761796764,"175 reward","7 reward"
"17764","M1","C4620083","7","176","C4620083 M1","reward",0.22078738747505,"176 reward","7 reward"
"17765","M1","C4620083","7","177","C4620083 M1","reward",0.220161464445753,"177 reward","7 reward"
"17766","M1","C4620083","7","178","C4620083 M1","reward",0.219773046833195,"178 reward","7 reward"
"17767","M1","C4620083","7","179","C4620083 M1","reward",0.219730083645357,"179 reward","7 reward"
"17768","M1","C4620083","7","180","C4620083 M1","reward",0.219301393627212,"180 reward","7 reward"
"17769","M1","C4620083","7","181","C4620083 M1","reward",0.219298822354871,"181 reward","7 reward"
"17770","M1","C4620083","7","182","C4620083 M1","reward",0.219239303543781,"182 reward","7 reward"
"17771","M1","C4620083","7","183","C4620083 M1","reward",0.219102111385565,"183 reward","7 reward"
"17772","M1","C4620083","7","184","C4620083 M1","reward",0.219071392813324,"184 reward","7 reward"
"17773","M1","C4620083","7","185","C4620083 M1","reward",0.218303891847178,"185 reward","7 reward"
"17774","M1","C4620083","7","186","C4620083 M1","reward",0.218107322885519,"186 reward","7 reward"
"17775","M1","C4620083","7","187","C4620083 M1","reward",0.217849931850028,"187 reward","7 reward"
"17776","M1","C4620083","7","188","C4620083 M1","reward",0.217730705840337,"188 reward","7 reward"
"17777","M1","C4620083","7","189","C4620083 M1","reward",0.21753719710518,"189 reward","7 reward"
"17778","M1","C4620083","7","190","C4620083 M1","reward",0.217383780421734,"190 reward","7 reward"
"17779","M1","C4620083","7","191","C4620083 M1","reward",0.217338435481755,"191 reward","7 reward"
"17780","M1","C4620083","7","192","C4620083 M1","reward",0.217043183882224,"192 reward","7 reward"
"17781","M1","C4620083","7","193","C4620083 M1","reward",0.216985959625727,"193 reward","7 reward"
"17782","M1","C4620083","7","194","C4620083 M1","reward",0.216979592239565,"194 reward","7 reward"
"17783","M1","C4620083","7","195","C4620083 M1","reward",0.216616353911262,"195 reward","7 reward"
"17784","M1","C4620083","7","196","C4620083 M1","reward",0.216388039320333,"196 reward","7 reward"
"17785","M1","C4620083","7","197","C4620083 M1","reward",0.215954548913315,"197 reward","7 reward"
"17786","M1","C4620083","7","198","C4620083 M1","reward",0.215807703428969,"198 reward","7 reward"
"17787","M1","C4620083","7","199","C4620083 M1","reward",0.215675506381671,"199 reward","7 reward"
"17788","M1","C4620083","7","200","C4620083 M1","reward",0.215549554098417,"200 reward","7 reward"
"17789","M1","C4620083","7","201","C4620083 M1","reward",0.215246556199047,"201 reward","7 reward"
"17790","M1","C4620083","7","202","C4620083 M1","reward",0.215100770531614,"202 reward","7 reward"
"17791","M1","C4620083","7","203","C4620083 M1","reward",0.214950020477297,"203 reward","7 reward"
"17792","M1","C4620083","7","204","C4620083 M1","reward",0.214740823690714,"204 reward","7 reward"
"17793","M1","C4620083","7","205","C4620083 M1","reward",0.214694328740226,"205 reward","7 reward"
"17794","M1","C4620083","7","206","C4620083 M1","reward",0.214628930259273,"206 reward","7 reward"
"17795","M1","C4620083","7","207","C4620083 M1","reward",0.214385304976936,"207 reward","7 reward"
"17796","M1","C4620083","7","208","C4620083 M1","reward",0.214349745229764,"208 reward","7 reward"
"17797","M1","C4620083","7","209","C4620083 M1","reward",0.213737204651342,"209 reward","7 reward"
"17798","M1","C4620083","7","210","C4620083 M1","reward",0.213464954458291,"210 reward","7 reward"
"17799","M1","C4620083","7","211","C4620083 M1","reward",0.213290853872652,"211 reward","7 reward"
"17800","M1","C4620083","7","212","C4620083 M1","reward",0.213160739892643,"212 reward","7 reward"
"17801","M1","C4620083","7","213","C4620083 M1","reward",0.213142736951876,"213 reward","7 reward"
"17802","M1","C4620083","7","214","C4620083 M1","reward",0.212374506854152,"214 reward","7 reward"
"17803","M1","C4620083","7","215","C4620083 M1","reward",0.21200763802632,"215 reward","7 reward"
"17804","M1","C4620083","7","216","C4620083 M1","reward",0.211898408822432,"216 reward","7 reward"
"17805","M1","C4620083","7","217","C4620083 M1","reward",0.211724138137913,"217 reward","7 reward"
"17806","M1","C4620083","7","218","C4620083 M1","reward",0.211359854463401,"218 reward","7 reward"
"17807","M1","C4620083","7","219","C4620083 M1","reward",0.211204336725405,"219 reward","7 reward"
"17808","M1","C4620083","7","220","C4620083 M1","reward",0.211045734063426,"220 reward","7 reward"
"17809","M1","C4620083","7","221","C4620083 M1","reward",0.210832330710205,"221 reward","7 reward"
"17810","M1","C4620083","7","222","C4620083 M1","reward",0.210786514270179,"222 reward","7 reward"
"17811","M1","C4620083","7","223","C4620083 M1","reward",0.210420859313675,"223 reward","7 reward"
"17812","M1","C4620083","7","224","C4620083 M1","reward",0.209974373345312,"224 reward","7 reward"
"17813","M1","C4620083","7","225","C4620083 M1","reward",0.209940158606821,"225 reward","7 reward"
"17814","M1","C4620083","7","226","C4620083 M1","reward",0.209867130329385,"226 reward","7 reward"
"17815","M1","C4620083","7","227","C4620083 M1","reward",0.209773370714497,"227 reward","7 reward"
"17816","M1","C4620083","7","228","C4620083 M1","reward",0.209574738203853,"228 reward","7 reward"
"17817","M1","C4620083","7","229","C4620083 M1","reward",0.20877744516581,"229 reward","7 reward"
"17818","M1","C4620083","7","230","C4620083 M1","reward",0.208520380032524,"230 reward","7 reward"
"17819","M1","C4620083","7","231","C4620083 M1","reward",0.208460809308313,"231 reward","7 reward"
"17820","M1","C4620083","7","232","C4620083 M1","reward",0.208414207733891,"232 reward","7 reward"
"17821","M1","C4620083","7","233","C4620083 M1","reward",0.20808681416875,"233 reward","7 reward"
"17822","M1","C4620083","7","234","C4620083 M1","reward",0.207159385243865,"234 reward","7 reward"
"17823","M1","C4620083","7","235","C4620083 M1","reward",0.207058002157477,"235 reward","7 reward"
"17824","M1","C4620083","7","236","C4620083 M1","reward",0.206723223736462,"236 reward","7 reward"
"17825","M1","C4620083","7","237","C4620083 M1","reward",0.206668500516457,"237 reward","7 reward"
"17826","M1","C4620083","7","238","C4620083 M1","reward",0.206584114651117,"238 reward","7 reward"
"17827","M1","C4620083","7","239","C4620083 M1","reward",0.206583051965978,"239 reward","7 reward"
"17828","M1","C4620083","7","240","C4620083 M1","reward",0.206008783508156,"240 reward","7 reward"
"17829","M1","C4620083","7","241","C4620083 M1","reward",0.205889694156956,"241 reward","7 reward"
"17830","M1","C4620083","7","242","C4620083 M1","reward",0.205600391121864,"242 reward","7 reward"
"17831","M1","C4620083","7","243","C4620083 M1","reward",0.205518335961325,"243 reward","7 reward"
"17832","M1","C4620083","7","244","C4620083 M1","reward",0.205312089556017,"244 reward","7 reward"
"17833","M1","C4620083","7","245","C4620083 M1","reward",0.204679785735382,"245 reward","7 reward"
"17834","M1","C4620083","7","246","C4620083 M1","reward",0.204596573220564,"246 reward","7 reward"
"17835","M1","C4620083","7","247","C4620083 M1","reward",0.204511443735914,"247 reward","7 reward"
"17836","M1","C4620083","7","248","C4620083 M1","reward",0.203925784289068,"248 reward","7 reward"
"17837","M1","C4620083","7","249","C4620083 M1","reward",0.203906201861775,"249 reward","7 reward"
"17838","M1","C4620083","7","250","C4620083 M1","reward",0.203634248397564,"250 reward","7 reward"
"17839","M1","C4620083","7","251","C4620083 M1","reward",0.203561372867968,"251 reward","7 reward"
"17840","M1","C4620083","7","252","C4620083 M1","reward",0.203337813321225,"252 reward","7 reward"
"17841","M1","C4620083","7","253","C4620083 M1","reward",0.20318938907331,"253 reward","7 reward"
"17842","M1","C4620083","7","254","C4620083 M1","reward",0.203155797806897,"254 reward","7 reward"
"17843","M1","C4620083","7","255","C4620083 M1","reward",0.203128840230993,"255 reward","7 reward"
"17844","M1","C4620083","7","256","C4620083 M1","reward",0.202923583346763,"256 reward","7 reward"
"17845","M1","C4620083","7","257","C4620083 M1","reward",0.202189019293957,"257 reward","7 reward"
"17846","M1","C4620083","7","258","C4620083 M1","reward",0.201733309949438,"258 reward","7 reward"
"17847","M1","C4620083","7","259","C4620083 M1","reward",0.201510987221874,"259 reward","7 reward"
"17848","M1","C4620083","7","260","C4620083 M1","reward",0.201412276523159,"260 reward","7 reward"
"17849","M1","C4620083","7","261","C4620083 M1","reward",0.201283159829424,"261 reward","7 reward"
"17850","M1","C4620083","7","262","C4620083 M1","reward",0.201101029634289,"262 reward","7 reward"
"17851","M1","C4620083","7","263","C4620083 M1","reward",0.200939114455345,"263 reward","7 reward"
"17852","M1","C4620083","7","264","C4620083 M1","reward",0.200195530211133,"264 reward","7 reward"
"17853","M1","C4620083","7","265","C4620083 M1","reward",0.200169703772196,"265 reward","7 reward"
"17854","M1","C4620083","7","266","C4620083 M1","reward",0.199811854201982,"266 reward","7 reward"
"17855","M1","C4620083","7","267","C4620083 M1","reward",0.199466761846084,"267 reward","7 reward"
"17856","M1","C4620083","7","268","C4620083 M1","reward",0.1990591240112,"268 reward","7 reward"
"17857","M1","C4620083","7","269","C4620083 M1","reward",0.198753506483058,"269 reward","7 reward"
"17858","M1","C4620083","7","270","C4620083 M1","reward",0.198499042053495,"270 reward","7 reward"
"17859","M1","C4620083","7","271","C4620083 M1","reward",0.198392457989159,"271 reward","7 reward"
"17860","M1","C4620083","7","272","C4620083 M1","reward",0.198353949534027,"272 reward","7 reward"
"17861","M1","C4620083","7","273","C4620083 M1","reward",0.198282106750234,"273 reward","7 reward"
"17862","M1","C4620083","7","274","C4620083 M1","reward",0.198054543130482,"274 reward","7 reward"
"17863","M1","C4620083","7","275","C4620083 M1","reward",0.197888047845898,"275 reward","7 reward"
"17864","M1","C4620083","7","276","C4620083 M1","reward",0.19786941700536,"276 reward","7 reward"
"17865","M1","C4620083","7","277","C4620083 M1","reward",0.197827110651329,"277 reward","7 reward"
"17866","M1","C4620083","7","278","C4620083 M1","reward",0.197579971273039,"278 reward","7 reward"
"17867","M1","C4620083","7","279","C4620083 M1","reward",0.197339995725155,"279 reward","7 reward"
"17868","M1","C4620083","7","280","C4620083 M1","reward",0.197029344682699,"280 reward","7 reward"
"17869","M1","C4620083","7","281","C4620083 M1","reward",0.196889332375532,"281 reward","7 reward"
"17870","M1","C4620083","7","282","C4620083 M1","reward",0.196757027906557,"282 reward","7 reward"
"17871","M1","C4620083","7","283","C4620083 M1","reward",0.196604364839078,"283 reward","7 reward"
"17872","M1","C4620083","7","284","C4620083 M1","reward",0.196575507012995,"284 reward","7 reward"
"17873","M1","C4620083","7","285","C4620083 M1","reward",0.196046160113647,"285 reward","7 reward"
"17874","M1","C4620083","7","286","C4620083 M1","reward",0.195972887010544,"286 reward","7 reward"
"17875","M1","C4620083","7","287","C4620083 M1","reward",0.195930795274253,"287 reward","7 reward"
"17876","M1","C4620083","7","288","C4620083 M1","reward",0.195117263697323,"288 reward","7 reward"
"17877","M1","C4620083","7","289","C4620083 M1","reward",0.195068718372428,"289 reward","7 reward"
"17878","M1","C4620083","7","290","C4620083 M1","reward",0.194998314507171,"290 reward","7 reward"
"17879","M1","C4620083","7","291","C4620083 M1","reward",0.194470788125998,"291 reward","7 reward"
"17880","M1","C4620083","7","292","C4620083 M1","reward",0.194281990114115,"292 reward","7 reward"
"17881","M1","C4620083","7","293","C4620083 M1","reward",0.193930298376624,"293 reward","7 reward"
"17882","M1","C4620083","7","294","C4620083 M1","reward",0.193715181236285,"294 reward","7 reward"
"17883","M1","C4620083","7","295","C4620083 M1","reward",0.193399918430039,"295 reward","7 reward"
"17884","M1","C4620083","7","296","C4620083 M1","reward",0.192657773379781,"296 reward","7 reward"
"17885","M1","C4620083","7","297","C4620083 M1","reward",0.191905111048558,"297 reward","7 reward"
"17886","M1","C4620083","7","298","C4620083 M1","reward",0.191881935255384,"298 reward","7 reward"
"17887","M1","C4620083","7","299","C4620083 M1","reward",0.190792688382697,"299 reward","7 reward"
"17888","M1","C4620083","7","300","C4620083 M1","reward",0.19078993100755,"300 reward","7 reward"
"17889","M1","C4620083","7","301","C4620083 M1","reward",0.190728196176938,"301 reward","7 reward"
"17890","M1","C4620083","7","302","C4620083 M1","reward",0.190674402306752,"302 reward","7 reward"
"17891","M1","C4620083","7","303","C4620083 M1","reward",0.190625184653946,"303 reward","7 reward"
"17892","M1","C4620083","7","304","C4620083 M1","reward",0.190104505971202,"304 reward","7 reward"
"17893","M1","C4620083","7","305","C4620083 M1","reward",0.189474654385002,"305 reward","7 reward"
"17894","M1","C4620083","7","306","C4620083 M1","reward",0.189327267857164,"306 reward","7 reward"
"17895","M1","C4620083","7","307","C4620083 M1","reward",0.189042826055736,"307 reward","7 reward"
"17896","M1","C4620083","7","308","C4620083 M1","reward",0.188412452070594,"308 reward","7 reward"
"17897","M1","C4620083","7","309","C4620083 M1","reward",0.188393737006851,"309 reward","7 reward"
"17898","M1","C4620083","7","310","C4620083 M1","reward",0.188358418085766,"310 reward","7 reward"
"17899","M1","C4620083","7","311","C4620083 M1","reward",0.188263690863302,"311 reward","7 reward"
"17900","M1","C4620083","7","312","C4620083 M1","reward",0.188065018776618,"312 reward","7 reward"
"17901","M1","C4620083","7","313","C4620083 M1","reward",0.188030651873646,"313 reward","7 reward"
"17902","M1","C4620083","7","314","C4620083 M1","reward",0.187939339578259,"314 reward","7 reward"
"17903","M1","C4620083","7","315","C4620083 M1","reward",0.187197400273165,"315 reward","7 reward"
"17904","M1","C4620083","7","316","C4620083 M1","reward",0.187114227489851,"316 reward","7 reward"
"17905","M1","C4620083","7","317","C4620083 M1","reward",0.186667806599731,"317 reward","7 reward"
"17906","M1","C4620083","7","318","C4620083 M1","reward",0.186053923508183,"318 reward","7 reward"
"17907","M1","C4620083","7","319","C4620083 M1","reward",0.185887306759026,"319 reward","7 reward"
"17908","M1","C4620083","7","320","C4620083 M1","reward",0.185768615304181,"320 reward","7 reward"
"17909","M1","C4620083","7","321","C4620083 M1","reward",0.185303592549065,"321 reward","7 reward"
"17910","M1","C4620083","7","322","C4620083 M1","reward",0.185012912573859,"322 reward","7 reward"
"17911","M1","C4620083","7","323","C4620083 M1","reward",0.184644529085039,"323 reward","7 reward"
"17912","M1","C4620083","7","324","C4620083 M1","reward",0.184630847829388,"324 reward","7 reward"
"17913","M1","C4620083","7","325","C4620083 M1","reward",0.184261806986965,"325 reward","7 reward"
"17914","M1","C4620083","7","326","C4620083 M1","reward",0.184247000543621,"326 reward","7 reward"
"17915","M1","C4620083","7","327","C4620083 M1","reward",0.184223328611942,"327 reward","7 reward"
"17916","M1","C4620083","7","328","C4620083 M1","reward",0.183873118396644,"328 reward","7 reward"
"17917","M1","C4620083","7","329","C4620083 M1","reward",0.1835474802126,"329 reward","7 reward"
"17918","M1","C4620083","7","330","C4620083 M1","reward",0.183330279264856,"330 reward","7 reward"
"17919","M1","C4620083","7","331","C4620083 M1","reward",0.182832067065588,"331 reward","7 reward"
"17920","M1","C4620083","7","332","C4620083 M1","reward",0.182794620656889,"332 reward","7 reward"
"17921","M1","C4620083","7","333","C4620083 M1","reward",0.182376399819796,"333 reward","7 reward"
"17922","M1","C4620083","7","334","C4620083 M1","reward",0.182312514356327,"334 reward","7 reward"
"17923","M1","C4620083","7","335","C4620083 M1","reward",0.181634958924802,"335 reward","7 reward"
"17924","M1","C4620083","7","336","C4620083 M1","reward",0.18076019354389,"336 reward","7 reward"
"17925","M1","C4620083","7","337","C4620083 M1","reward",0.180575237196323,"337 reward","7 reward"
"17926","M1","C4620083","7","338","C4620083 M1","reward",0.180301399866709,"338 reward","7 reward"
"17927","M1","C4620083","7","339","C4620083 M1","reward",0.180096118963307,"339 reward","7 reward"
"17928","M1","C4620083","7","340","C4620083 M1","reward",0.179696325637895,"340 reward","7 reward"
"17929","M1","C4620083","7","341","C4620083 M1","reward",0.179322807365964,"341 reward","7 reward"
"17930","M1","C4620083","7","342","C4620083 M1","reward",0.178976376764206,"342 reward","7 reward"
"17931","M1","C4620083","7","343","C4620083 M1","reward",0.178551782191646,"343 reward","7 reward"
"17932","M1","C4620083","7","344","C4620083 M1","reward",0.178498736249438,"344 reward","7 reward"
"17933","M1","C4620083","7","345","C4620083 M1","reward",0.178479344483163,"345 reward","7 reward"
"17934","M1","C4620083","7","346","C4620083 M1","reward",0.178477011379511,"346 reward","7 reward"
"17935","M1","C4620083","7","347","C4620083 M1","reward",0.177815953730715,"347 reward","7 reward"
"17936","M1","C4620083","7","348","C4620083 M1","reward",0.177684172122363,"348 reward","7 reward"
"17937","M1","C4620083","7","349","C4620083 M1","reward",0.177470766964277,"349 reward","7 reward"
"17938","M1","C4620083","7","350","C4620083 M1","reward",0.176625778497853,"350 reward","7 reward"
"17939","M1","C4620083","7","351","C4620083 M1","reward",0.176338857713271,"351 reward","7 reward"
"17940","M1","C4620083","7","352","C4620083 M1","reward",0.175957328746269,"352 reward","7 reward"
"17941","M1","C4620083","7","353","C4620083 M1","reward",0.175714293102709,"353 reward","7 reward"
"17942","M1","C4620083","7","354","C4620083 M1","reward",0.175512356553131,"354 reward","7 reward"
"17943","M1","C4620083","7","355","C4620083 M1","reward",0.175435744288199,"355 reward","7 reward"
"17944","M1","C4620083","7","356","C4620083 M1","reward",0.174900885278929,"356 reward","7 reward"
"17945","M1","C4620083","7","357","C4620083 M1","reward",0.174851255424691,"357 reward","7 reward"
"17946","M1","C4620083","7","358","C4620083 M1","reward",0.174401474690038,"358 reward","7 reward"
"17947","M1","C4620083","7","359","C4620083 M1","reward",0.174340697981242,"359 reward","7 reward"
"17948","M1","C4620083","7","360","C4620083 M1","reward",0.174114201746459,"360 reward","7 reward"
"17949","M1","C4620083","7","361","C4620083 M1","reward",0.173982987616284,"361 reward","7 reward"
"17950","M1","C4620083","7","362","C4620083 M1","reward",0.173966307300071,"362 reward","7 reward"
"17951","M1","C4620083","7","363","C4620083 M1","reward",0.173936907645383,"363 reward","7 reward"
"17952","M1","C4620083","7","364","C4620083 M1","reward",0.173833030599151,"364 reward","7 reward"
"17953","M1","C4620083","7","365","C4620083 M1","reward",0.173797466931038,"365 reward","7 reward"
"17954","M1","C4620083","7","366","C4620083 M1","reward",0.173696009149434,"366 reward","7 reward"
"17955","M1","C4620083","7","367","C4620083 M1","reward",0.173353049408554,"367 reward","7 reward"
"17956","M1","C4620083","7","368","C4620083 M1","reward",0.173253844035221,"368 reward","7 reward"
"17957","M1","C4620083","7","369","C4620083 M1","reward",0.172774880357624,"369 reward","7 reward"
"17958","M1","C4620083","7","370","C4620083 M1","reward",0.17252801044651,"370 reward","7 reward"
"17959","M1","C4620083","7","371","C4620083 M1","reward",0.172117781863657,"371 reward","7 reward"
"17960","M1","C4620083","7","372","C4620083 M1","reward",0.172076908638911,"372 reward","7 reward"
"17961","M1","C4620083","7","373","C4620083 M1","reward",0.171309253578798,"373 reward","7 reward"
"17962","M1","C4620083","7","374","C4620083 M1","reward",0.171027750612648,"374 reward","7 reward"
"17963","M1","C4620083","7","375","C4620083 M1","reward",0.170647730129437,"375 reward","7 reward"
"17964","M1","C4620083","7","376","C4620083 M1","reward",0.170259349979731,"376 reward","7 reward"
"17965","M1","C4620083","7","377","C4620083 M1","reward",0.170048076535344,"377 reward","7 reward"
"17966","M1","C4620083","7","378","C4620083 M1","reward",0.169347165267052,"378 reward","7 reward"
"17967","M1","C4620083","7","379","C4620083 M1","reward",0.169117607698864,"379 reward","7 reward"
"17968","M1","C4620083","7","380","C4620083 M1","reward",0.168879822899973,"380 reward","7 reward"
"17969","M1","C4620083","7","381","C4620083 M1","reward",0.168879253669883,"381 reward","7 reward"
"17970","M1","C4620083","7","382","C4620083 M1","reward",0.168806585647802,"382 reward","7 reward"
"17971","M1","C4620083","7","383","C4620083 M1","reward",0.168507844426052,"383 reward","7 reward"
"17972","M1","C4620083","7","384","C4620083 M1","reward",0.168044252753738,"384 reward","7 reward"
"17973","M1","C4620083","7","385","C4620083 M1","reward",0.167642675374259,"385 reward","7 reward"
"17974","M1","C4620083","7","386","C4620083 M1","reward",0.167586590755947,"386 reward","7 reward"
"17975","M1","C4620083","7","387","C4620083 M1","reward",0.167336465960453,"387 reward","7 reward"
"17976","M1","C4620083","7","388","C4620083 M1","reward",0.167109221515894,"388 reward","7 reward"
"17977","M1","C4620083","7","389","C4620083 M1","reward",0.16677763715538,"389 reward","7 reward"
"17978","M1","C4620083","7","390","C4620083 M1","reward",0.16649306073236,"390 reward","7 reward"
"17979","M1","C4620083","7","391","C4620083 M1","reward",0.165759347010671,"391 reward","7 reward"
"17980","M1","C4620083","7","392","C4620083 M1","reward",0.165687054036711,"392 reward","7 reward"
"17981","M1","C4620083","7","393","C4620083 M1","reward",0.165611971439284,"393 reward","7 reward"
"17982","M1","C4620083","7","394","C4620083 M1","reward",0.164881968502641,"394 reward","7 reward"
"17983","M1","C4620083","7","395","C4620083 M1","reward",0.164606030407462,"395 reward","7 reward"
"17984","M1","C4620083","7","396","C4620083 M1","reward",0.164475507195721,"396 reward","7 reward"
"17985","M1","C4620083","7","397","C4620083 M1","reward",0.164429809859888,"397 reward","7 reward"
"17986","M1","C4620083","7","398","C4620083 M1","reward",0.164412948081553,"398 reward","7 reward"
"17987","M1","C4620083","7","399","C4620083 M1","reward",0.164172360456998,"399 reward","7 reward"
"17988","M1","C4620083","7","400","C4620083 M1","reward",0.162431308948917,"400 reward","7 reward"
"17989","M1","C4620083","7","401","C4620083 M1","reward",0.162091670372183,"401 reward","7 reward"
"17990","M1","C4620083","7","402","C4620083 M1","reward",0.161729513050547,"402 reward","7 reward"
"17991","M1","C4620083","7","403","C4620083 M1","reward",0.16154394530029,"403 reward","7 reward"
"17992","M1","C4620083","7","404","C4620083 M1","reward",0.160892142932689,"404 reward","7 reward"
"17993","M1","C4620083","7","405","C4620083 M1","reward",0.16077889192134,"405 reward","7 reward"
"17994","M1","C4620083","7","406","C4620083 M1","reward",0.160744701885585,"406 reward","7 reward"
"17995","M1","C4620083","7","407","C4620083 M1","reward",0.160517377084859,"407 reward","7 reward"
"17996","M1","C4620083","7","408","C4620083 M1","reward",0.160385092073995,"408 reward","7 reward"
"17997","M1","C4620083","7","409","C4620083 M1","reward",0.160092879916017,"409 reward","7 reward"
"17998","M1","C4620083","7","410","C4620083 M1","reward",0.159647533628687,"410 reward","7 reward"
"17999","M1","C4620083","7","411","C4620083 M1","reward",0.159542741781471,"411 reward","7 reward"
"18000","M1","C4620083","7","412","C4620083 M1","reward",0.15936291725618,"412 reward","7 reward"
"18001","M1","C4620083","7","413","C4620083 M1","reward",0.158828458809561,"413 reward","7 reward"
"18002","M1","C4620083","7","414","C4620083 M1","reward",0.158641488412831,"414 reward","7 reward"
"18003","M1","C4620083","7","415","C4620083 M1","reward",0.158499482826205,"415 reward","7 reward"
"18004","M1","C4620083","7","416","C4620083 M1","reward",0.158263810182215,"416 reward","7 reward"
"18005","M1","C4620083","7","417","C4620083 M1","reward",0.158093099086903,"417 reward","7 reward"
"18006","M1","C4620083","7","418","C4620083 M1","reward",0.157633227109249,"418 reward","7 reward"
"18007","M1","C4620083","7","419","C4620083 M1","reward",0.157571837819727,"419 reward","7 reward"
"18008","M1","C4620083","7","420","C4620083 M1","reward",0.15746928316361,"420 reward","7 reward"
"18009","M1","C4620083","7","421","C4620083 M1","reward",0.157220762493713,"421 reward","7 reward"
"18010","M1","C4620083","7","422","C4620083 M1","reward",0.157161129921562,"422 reward","7 reward"
"18011","M1","C4620083","7","423","C4620083 M1","reward",0.157157486596745,"423 reward","7 reward"
"18012","M1","C4620083","7","424","C4620083 M1","reward",0.157081548496601,"424 reward","7 reward"
"18013","M1","C4620083","7","425","C4620083 M1","reward",0.157047800240952,"425 reward","7 reward"
"18014","M1","C4620083","7","426","C4620083 M1","reward",0.15699144138456,"426 reward","7 reward"
"18015","M1","C4620083","7","427","C4620083 M1","reward",0.156986011999609,"427 reward","7 reward"
"18016","M1","C4620083","7","428","C4620083 M1","reward",0.15617538371329,"428 reward","7 reward"
"18017","M1","C4620083","7","429","C4620083 M1","reward",0.155673626698641,"429 reward","7 reward"
"18018","M1","C4620083","7","430","C4620083 M1","reward",0.155617201656217,"430 reward","7 reward"
"18019","M1","C4620083","7","431","C4620083 M1","reward",0.1553244003743,"431 reward","7 reward"
"18020","M1","C4620083","7","432","C4620083 M1","reward",0.155053136887505,"432 reward","7 reward"
"18021","M1","C4620083","7","433","C4620083 M1","reward",0.154552393544872,"433 reward","7 reward"
"18022","M1","C4620083","7","434","C4620083 M1","reward",0.154282825732257,"434 reward","7 reward"
"18023","M1","C4620083","7","435","C4620083 M1","reward",0.154115210528097,"435 reward","7 reward"
"18024","M1","C4620083","7","436","C4620083 M1","reward",0.154107301902849,"436 reward","7 reward"
"18025","M1","C4620083","7","437","C4620083 M1","reward",0.153728066486654,"437 reward","7 reward"
"18026","M1","C4620083","7","438","C4620083 M1","reward",0.153294733771333,"438 reward","7 reward"
"18027","M1","C4620083","7","439","C4620083 M1","reward",0.152427666436507,"439 reward","7 reward"
"18028","M1","C4620083","7","440","C4620083 M1","reward",0.152376993081671,"440 reward","7 reward"
"18029","M1","C4620083","7","441","C4620083 M1","reward",0.15086921337526,"441 reward","7 reward"
"18030","M1","C4620083","7","442","C4620083 M1","reward",0.15080212474913,"442 reward","7 reward"
"18031","M1","C4620083","7","443","C4620083 M1","reward",0.150556201521802,"443 reward","7 reward"
"18032","M1","C4620083","7","444","C4620083 M1","reward",0.150546893770631,"444 reward","7 reward"
"18033","M1","C4620083","7","445","C4620083 M1","reward",0.149985295702519,"445 reward","7 reward"
"18034","M1","C4620083","7","446","C4620083 M1","reward",0.14998067921543,"446 reward","7 reward"
"18035","M1","C4620083","7","447","C4620083 M1","reward",0.149863803649687,"447 reward","7 reward"
"18036","M1","C4620083","7","448","C4620083 M1","reward",0.149653283257618,"448 reward","7 reward"
"18037","M1","C4620083","7","449","C4620083 M1","reward",0.149084753407768,"449 reward","7 reward"
"18038","M1","C4620083","7","450","C4620083 M1","reward",0.14795556751672,"450 reward","7 reward"
"18039","M1","C4620083","7","451","C4620083 M1","reward",0.147251039620785,"451 reward","7 reward"
"18040","M1","C4620083","7","452","C4620083 M1","reward",0.146975744886472,"452 reward","7 reward"
"18041","M1","C4620083","7","453","C4620083 M1","reward",0.146943767193757,"453 reward","7 reward"
"18042","M1","C4620083","7","454","C4620083 M1","reward",0.145655283167064,"454 reward","7 reward"
"18043","M1","C4620083","7","455","C4620083 M1","reward",0.145358168213801,"455 reward","7 reward"
"18044","M1","C4620083","7","456","C4620083 M1","reward",0.144481420572724,"456 reward","7 reward"
"18045","M1","C4620083","7","457","C4620083 M1","reward",0.143560571993526,"457 reward","7 reward"
"18046","M1","C4620083","7","458","C4620083 M1","reward",0.143190117325561,"458 reward","7 reward"
"18047","M1","C4620083","7","459","C4620083 M1","reward",0.143182639587438,"459 reward","7 reward"
"18048","M1","C4620083","7","460","C4620083 M1","reward",0.142794647866731,"460 reward","7 reward"
"18049","M1","C4620083","7","461","C4620083 M1","reward",0.142793929214445,"461 reward","7 reward"
"18050","M1","C4620083","7","462","C4620083 M1","reward",0.142116065285315,"462 reward","7 reward"
"18051","M1","C4620083","7","463","C4620083 M1","reward",0.14152812847895,"463 reward","7 reward"
"18052","M1","C4620083","7","464","C4620083 M1","reward",0.139964138056905,"464 reward","7 reward"
"18053","M1","C4620083","7","465","C4620083 M1","reward",0.139919594124153,"465 reward","7 reward"
"18054","M1","C4620083","7","466","C4620083 M1","reward",0.139670082904417,"466 reward","7 reward"
"18055","M1","C4620083","7","467","C4620083 M1","reward",0.138874379905105,"467 reward","7 reward"
"18056","M1","C4620083","7","468","C4620083 M1","reward",0.1381037180359,"468 reward","7 reward"
"18057","M1","C4620083","7","469","C4620083 M1","reward",0.137610314170878,"469 reward","7 reward"
"18058","M1","C4620083","7","470","C4620083 M1","reward",0.137412756306306,"470 reward","7 reward"
"18059","M1","C4620083","7","471","C4620083 M1","reward",0.134844421014626,"471 reward","7 reward"
"18060","M1","C4620083","7","472","C4620083 M1","reward",0.134322549251393,"472 reward","7 reward"
"18061","M1","C4620083","7","473","C4620083 M1","reward",0.133947855226549,"473 reward","7 reward"
"18062","M1","C4620083","7","474","C4620083 M1","reward",0.13299982998567,"474 reward","7 reward"
"18063","M1","C4620083","7","475","C4620083 M1","reward",0.132224920178251,"475 reward","7 reward"
"18064","M1","C4620083","7","476","C4620083 M1","reward",0.130873238096999,"476 reward","7 reward"
"18065","M1","C4620083","7","477","C4620083 M1","reward",0.129494939129829,"477 reward","7 reward"
"18066","M1","C4620083","7","478","C4620083 M1","reward",0.128626362328789,"478 reward","7 reward"
"18067","M1","C4620083","7","479","C4620083 M1","reward",0.128181900286011,"479 reward","7 reward"
"18068","M1","C4620083","7","480","C4620083 M1","reward",0.127685995695575,"480 reward","7 reward"
"18069","M1","C4620083","7","481","C4620083 M1","reward",0.126889701695136,"481 reward","7 reward"
"18070","M1","C4620083","7","482","C4620083 M1","reward",0.126640770270424,"482 reward","7 reward"
"18071","M1","C4620083","7","483","C4620083 M1","reward",0.125975290411403,"483 reward","7 reward"
"18072","M1","C4620083","7","484","C4620083 M1","reward",0.12595214617565,"484 reward","7 reward"
"18073","M1","C4620083","7","485","C4620083 M1","reward",0.124996357020444,"485 reward","7 reward"
"18074","M1","C4620083","7","486","C4620083 M1","reward",0.124378937588138,"486 reward","7 reward"
"18075","M1","C4620083","7","487","C4620083 M1","reward",0.123874156356257,"487 reward","7 reward"
"18076","M1","C4620083","7","488","C4620083 M1","reward",0.123535482163933,"488 reward","7 reward"
"18077","M1","C4620083","7","489","C4620083 M1","reward",0.123334766730298,"489 reward","7 reward"
"18078","M1","C4620083","7","490","C4620083 M1","reward",0.122152986266035,"490 reward","7 reward"
"18079","M1","C4620083","7","491","C4620083 M1","reward",0.121732140970765,"491 reward","7 reward"
"18080","M1","C4620083","7","492","C4620083 M1","reward",0.120487881612154,"492 reward","7 reward"
"18081","M1","C4620083","7","493","C4620083 M1","reward",0.120251131131199,"493 reward","7 reward"
"18082","M1","C4620083","7","494","C4620083 M1","reward",0.119702992672969,"494 reward","7 reward"
"18083","M1","C4620083","7","495","C4620083 M1","reward",0.118071793298093,"495 reward","7 reward"
"18084","M1","C4620083","7","496","C4620083 M1","reward",0.117602135324768,"496 reward","7 reward"
"18085","M1","C4620083","7","497","C4620083 M1","reward",0.117055952496985,"497 reward","7 reward"
"18086","M1","C4620083","7","498","C4620083 M1","reward",0.116707041410281,"498 reward","7 reward"
"18087","M1","C4620083","7","499","C4620083 M1","reward",0.116437200163721,"499 reward","7 reward"
"18088","M1","C4620083","7","500","C4620083 M1","reward",0.114819835939325,"500 reward","7 reward"
"18089","M1","C4620083","7","501","C4620083 M1","reward",0.11464304802191,"501 reward","7 reward"
"18090","M1","C4620083","7","502","C4620083 M1","reward",0.112994178255545,"502 reward","7 reward"
"18091","M1","C4620083","7","503","C4620083 M1","reward",0.111440966656824,"503 reward","7 reward"
"18092","M1","C4620083","7","504","C4620083 M1","reward",0.110987921566578,"504 reward","7 reward"
"18093","M1","C4620083","7","505","C4620083 M1","reward",0.106318088262356,"505 reward","7 reward"
"18094","M1","C4620083","7","506","C4620083 M1","reward",0.105562799920931,"506 reward","7 reward"
"18095","M1","C4620083","7","507","C4620083 M1","reward",0.104787513582851,"507 reward","7 reward"
"18096","M1","C4620083","7","508","C4620083 M1","reward",0.104407853146686,"508 reward","7 reward"
"18097","M1","C4620083","7","509","C4620083 M1","reward",0.103716358839883,"509 reward","7 reward"
"18098","M1","C4620083","7","510","C4620083 M1","reward",0.101726735393364,"510 reward","7 reward"
"18099","M1","C4620083","7","511","C4620083 M1","reward",0.101151816516939,"511 reward","7 reward"
"18100","M1","C4620083","7","512","C4620083 M1","reward",0.10074994685568,"512 reward","7 reward"
"18101","M1","C4620083","7","513","C4620083 M1","reward",0.099547954822057,"513 reward","7 reward"
"18102","M1","C4620083","7","514","C4620083 M1","reward",0.0993940707947554,"514 reward","7 reward"
"18103","M1","C4620083","7","515","C4620083 M1","reward",0.0978007390161642,"515 reward","7 reward"
"18104","M1","C4620083","7","516","C4620083 M1","reward",0.0975966460969736,"516 reward","7 reward"
"18105","M1","C4620083","7","517","C4620083 M1","reward",0.0973007854377255,"517 reward","7 reward"
"18106","M1","C4620083","7","518","C4620083 M1","reward",0.0964610560711101,"518 reward","7 reward"
"18107","M1","C4620083","7","519","C4620083 M1","reward",0.0948779831472939,"519 reward","7 reward"
"18108","M1","C4620083","7","520","C4620083 M1","reward",0.0938773313873609,"520 reward","7 reward"
"18109","M1","C4620083","7","521","C4620083 M1","reward",0.0924079283354004,"521 reward","7 reward"
"18110","M1","C4620083","7","522","C4620083 M1","reward",0.0878606277224332,"522 reward","7 reward"
"18111","M1","C4620083","7","523","C4620083 M1","reward",0.0836782446821124,"523 reward","7 reward"
"18112","M1","C4620083","7","524","C4620083 M1","reward",0.0826067581099345,"524 reward","7 reward"
"18113","M1","C4620083","7","525","C4620083 M1","reward",0.0788702014267167,"525 reward","7 reward"
"18114","M1","C4620083","7","526","C4620083 M1","reward",0.0774086245202688,"526 reward","7 reward"
"18115","M1","C4620083","7","527","C4620083 M1","reward",0.0755208414765513,"527 reward","7 reward"
"18116","M1","C4620083","7","528","C4620083 M1","reward",0.0741464469423829,"528 reward","7 reward"
"18117","M1","C4620083","7","529","C4620083 M1","reward",0.0733854999933943,"529 reward","7 reward"
"18118","M1","C4620083","7","530","C4620083 M1","reward",0.0698104820411783,"530 reward","7 reward"
"18119","M1","C4620083","7","531","C4620083 M1","reward",0.0647617169263902,"531 reward","7 reward"
"18120","M1","C4620083","7","532","C4620083 M1","reward",0.0588725332690098,"532 reward","7 reward"
"18121","M1","C4620083","7","533","C4620083 M1","reward",0.0542560893149951,"533 reward","7 reward"
"18122","M1","C4620083","7","534","C4620083 M1","reward",0.0528856301840053,"534 reward","7 reward"
"18123","M1","C4620083","7","535","C4620083 M1","reward",0.0489194555887403,"535 reward","7 reward"
"18124","M1","C4620083","7","536","C4620083 M1","reward",0.0387483443536159,"536 reward","7 reward"
"18125","M1","C4620083","7","537","C4620083 M1","reward",0.0375838444775249,"537 reward","7 reward"
"18126","M1","C4620083","7","538","C4620083 M1","reward",0.0351193888948039,"538 reward","7 reward"
"18127","M1","C4620083","7","539","C4620083 M1","reward",0.0078286927800977,"539 reward","7 reward"
"18128","M1","C4620083","7","540","C4620083 M1","reward",-0.0019509655383839,"540 reward","7 reward"
"18129","M1","C4620083","7","541","C4620083 M1","reward",-0.0035915824056414,"541 reward","7 reward"
"18130","M1","C4620083","7","542","C4620083 M1","reward",-0.00836232258147579,"542 reward","7 reward"
"18131","M2","C4620083","7","0","C4620083 M2","reward",0.10507068961052,"0 reward","7 reward"
"18132","M2","C4620083","7","1","C4620083 M2","reward",0.0986516240228491,"1 reward","7 reward"
"18133","M2","C4620083","7","2","C4620083 M2","reward",0.093695872417713,"2 reward","7 reward"
"18134","M2","C4620083","7","3","C4620083 M2","reward",0.0927024420844424,"3 reward","7 reward"
"18135","M2","C4620083","7","4","C4620083 M2","reward",0.0887794418197527,"4 reward","7 reward"
"18136","M2","C4620083","7","5","C4620083 M2","reward",0.0874589257678212,"5 reward","7 reward"
"18137","M2","C4620083","7","6","C4620083 M2","reward",0.0856006261372421,"6 reward","7 reward"
"18138","M2","C4620083","7","7","C4620083 M2","reward",0.0852672689739749,"7 reward","7 reward"
"18139","M2","C4620083","7","8","C4620083 M2","reward",0.0852040973977162,"8 reward","7 reward"
"18140","M2","C4620083","7","9","C4620083 M2","reward",0.082568825895241,"9 reward","7 reward"
"18141","M2","C4620083","7","10","C4620083 M2","reward",0.0821732377861791,"10 reward","7 reward"
"18142","M2","C4620083","7","11","C4620083 M2","reward",0.0817530393800324,"11 reward","7 reward"
"18143","M2","C4620083","7","12","C4620083 M2","reward",0.0803202591390907,"12 reward","7 reward"
"18144","M2","C4620083","7","13","C4620083 M2","reward",0.0788597279249794,"13 reward","7 reward"
"18145","M2","C4620083","7","14","C4620083 M2","reward",0.078630631352264,"14 reward","7 reward"
"18146","M2","C4620083","7","15","C4620083 M2","reward",0.0782861423119402,"15 reward","7 reward"
"18147","M2","C4620083","7","16","C4620083 M2","reward",0.0776774573702856,"16 reward","7 reward"
"18148","M2","C4620083","7","17","C4620083 M2","reward",0.0776767741314461,"17 reward","7 reward"
"18149","M2","C4620083","7","18","C4620083 M2","reward",0.0769328147034469,"18 reward","7 reward"
"18150","M2","C4620083","7","19","C4620083 M2","reward",0.0760595725080099,"19 reward","7 reward"
"18151","M2","C4620083","7","20","C4620083 M2","reward",0.0757632495977184,"20 reward","7 reward"
"18152","M2","C4620083","7","21","C4620083 M2","reward",0.0750028900384379,"21 reward","7 reward"
"18153","M2","C4620083","7","22","C4620083 M2","reward",0.0744443841822853,"22 reward","7 reward"
"18154","M2","C4620083","7","23","C4620083 M2","reward",0.074013380629791,"23 reward","7 reward"
"18155","M2","C4620083","7","24","C4620083 M2","reward",0.0739707164083702,"24 reward","7 reward"
"18156","M2","C4620083","7","25","C4620083 M2","reward",0.0731957364547693,"25 reward","7 reward"
"18157","M2","C4620083","7","26","C4620083 M2","reward",0.0731917817776411,"26 reward","7 reward"
"18158","M2","C4620083","7","27","C4620083 M2","reward",0.0719499282464223,"27 reward","7 reward"
"18159","M2","C4620083","7","28","C4620083 M2","reward",0.0718481258220965,"28 reward","7 reward"
"18160","M2","C4620083","7","29","C4620083 M2","reward",0.071842727862531,"29 reward","7 reward"
"18161","M2","C4620083","7","30","C4620083 M2","reward",0.0710377183844203,"30 reward","7 reward"
"18162","M2","C4620083","7","31","C4620083 M2","reward",0.0709051733725848,"31 reward","7 reward"
"18163","M2","C4620083","7","32","C4620083 M2","reward",0.0705361849470992,"32 reward","7 reward"
"18164","M2","C4620083","7","33","C4620083 M2","reward",0.0694770616413073,"33 reward","7 reward"
"18165","M2","C4620083","7","34","C4620083 M2","reward",0.068995323850961,"34 reward","7 reward"
"18166","M2","C4620083","7","35","C4620083 M2","reward",0.0689370247199517,"35 reward","7 reward"
"18167","M2","C4620083","7","36","C4620083 M2","reward",0.0687404917806314,"36 reward","7 reward"
"18168","M2","C4620083","7","37","C4620083 M2","reward",0.0680862025946216,"37 reward","7 reward"
"18169","M2","C4620083","7","38","C4620083 M2","reward",0.0678042731721727,"38 reward","7 reward"
"18170","M2","C4620083","7","39","C4620083 M2","reward",0.0676446971989627,"39 reward","7 reward"
"18171","M2","C4620083","7","40","C4620083 M2","reward",0.0672134692964393,"40 reward","7 reward"
"18172","M2","C4620083","7","41","C4620083 M2","reward",0.0671841394095375,"41 reward","7 reward"
"18173","M2","C4620083","7","42","C4620083 M2","reward",0.0670710872254202,"42 reward","7 reward"
"18174","M2","C4620083","7","43","C4620083 M2","reward",0.066712729084739,"43 reward","7 reward"
"18175","M2","C4620083","7","44","C4620083 M2","reward",0.0664782248043203,"44 reward","7 reward"
"18176","M2","C4620083","7","45","C4620083 M2","reward",0.0664150528338143,"45 reward","7 reward"
"18177","M2","C4620083","7","46","C4620083 M2","reward",0.0659373775681993,"46 reward","7 reward"
"18178","M2","C4620083","7","47","C4620083 M2","reward",0.0659128707572319,"47 reward","7 reward"
"18179","M2","C4620083","7","48","C4620083 M2","reward",0.065142288869854,"48 reward","7 reward"
"18180","M2","C4620083","7","49","C4620083 M2","reward",0.0637339252682852,"49 reward","7 reward"
"18181","M2","C4620083","7","50","C4620083 M2","reward",0.0635919750269203,"50 reward","7 reward"
"18182","M2","C4620083","7","51","C4620083 M2","reward",0.0633085813958386,"51 reward","7 reward"
"18183","M2","C4620083","7","52","C4620083 M2","reward",0.0628880353245203,"52 reward","7 reward"
"18184","M2","C4620083","7","53","C4620083 M2","reward",0.0622506109251868,"53 reward","7 reward"
"18185","M2","C4620083","7","54","C4620083 M2","reward",0.062100630395079,"54 reward","7 reward"
"18186","M2","C4620083","7","55","C4620083 M2","reward",0.0619241588180828,"55 reward","7 reward"
"18187","M2","C4620083","7","56","C4620083 M2","reward",0.0618584824769475,"56 reward","7 reward"
"18188","M2","C4620083","7","57","C4620083 M2","reward",0.0613938536731409,"57 reward","7 reward"
"18189","M2","C4620083","7","58","C4620083 M2","reward",0.0613410646494567,"58 reward","7 reward"
"18190","M2","C4620083","7","59","C4620083 M2","reward",0.0610709975826988,"59 reward","7 reward"
"18191","M2","C4620083","7","60","C4620083 M2","reward",0.0601492926618007,"60 reward","7 reward"
"18192","M2","C4620083","7","61","C4620083 M2","reward",0.0601440226732634,"61 reward","7 reward"
"18193","M2","C4620083","7","62","C4620083 M2","reward",0.0599279147156329,"62 reward","7 reward"
"18194","M2","C4620083","7","63","C4620083 M2","reward",0.059806052085671,"63 reward","7 reward"
"18195","M2","C4620083","7","64","C4620083 M2","reward",0.0597589238997281,"64 reward","7 reward"
"18196","M2","C4620083","7","65","C4620083 M2","reward",0.0592438880768642,"65 reward","7 reward"
"18197","M2","C4620083","7","66","C4620083 M2","reward",0.0592410281803902,"66 reward","7 reward"
"18198","M2","C4620083","7","67","C4620083 M2","reward",0.0589578200082026,"67 reward","7 reward"
"18199","M2","C4620083","7","68","C4620083 M2","reward",0.0587878591062522,"68 reward","7 reward"
"18200","M2","C4620083","7","69","C4620083 M2","reward",0.0587857087258908,"69 reward","7 reward"
"18201","M2","C4620083","7","70","C4620083 M2","reward",0.0585619174222631,"70 reward","7 reward"
"18202","M2","C4620083","7","71","C4620083 M2","reward",0.0583606458836375,"71 reward","7 reward"
"18203","M2","C4620083","7","72","C4620083 M2","reward",0.0583237594617412,"72 reward","7 reward"
"18204","M2","C4620083","7","73","C4620083 M2","reward",0.0579431824634275,"73 reward","7 reward"
"18205","M2","C4620083","7","74","C4620083 M2","reward",0.0576455410818371,"74 reward","7 reward"
"18206","M2","C4620083","7","75","C4620083 M2","reward",0.0572760593037352,"75 reward","7 reward"
"18207","M2","C4620083","7","76","C4620083 M2","reward",0.0572023509850267,"76 reward","7 reward"
"18208","M2","C4620083","7","77","C4620083 M2","reward",0.0571377461673407,"77 reward","7 reward"
"18209","M2","C4620083","7","78","C4620083 M2","reward",0.0570472032917163,"78 reward","7 reward"
"18210","M2","C4620083","7","79","C4620083 M2","reward",0.0563350569144012,"79 reward","7 reward"
"18211","M2","C4620083","7","80","C4620083 M2","reward",0.0558948151798072,"80 reward","7 reward"
"18212","M2","C4620083","7","81","C4620083 M2","reward",0.0555888167962207,"81 reward","7 reward"
"18213","M2","C4620083","7","82","C4620083 M2","reward",0.0555733220453917,"82 reward","7 reward"
"18214","M2","C4620083","7","83","C4620083 M2","reward",0.0553176068824208,"83 reward","7 reward"
"18215","M2","C4620083","7","84","C4620083 M2","reward",0.0552538991668294,"84 reward","7 reward"
"18216","M2","C4620083","7","85","C4620083 M2","reward",0.0548158737670536,"85 reward","7 reward"
"18217","M2","C4620083","7","86","C4620083 M2","reward",0.0546010890941253,"86 reward","7 reward"
"18218","M2","C4620083","7","87","C4620083 M2","reward",0.0544778295065852,"87 reward","7 reward"
"18219","M2","C4620083","7","88","C4620083 M2","reward",0.0544091998657917,"88 reward","7 reward"
"18220","M2","C4620083","7","89","C4620083 M2","reward",0.0539751832728336,"89 reward","7 reward"
"18221","M2","C4620083","7","90","C4620083 M2","reward",0.0537407353993015,"90 reward","7 reward"
"18222","M2","C4620083","7","91","C4620083 M2","reward",0.0537330304519288,"91 reward","7 reward"
"18223","M2","C4620083","7","92","C4620083 M2","reward",0.0536740430480899,"92 reward","7 reward"
"18224","M2","C4620083","7","93","C4620083 M2","reward",0.0535888907432782,"93 reward","7 reward"
"18225","M2","C4620083","7","94","C4620083 M2","reward",0.0534438708345736,"94 reward","7 reward"
"18226","M2","C4620083","7","95","C4620083 M2","reward",0.0534392558271633,"95 reward","7 reward"
"18227","M2","C4620083","7","96","C4620083 M2","reward",0.0530445227991564,"96 reward","7 reward"
"18228","M2","C4620083","7","97","C4620083 M2","reward",0.0527320692765747,"97 reward","7 reward"
"18229","M2","C4620083","7","98","C4620083 M2","reward",0.0525977571075341,"98 reward","7 reward"
"18230","M2","C4620083","7","99","C4620083 M2","reward",0.0525358298847052,"99 reward","7 reward"
"18231","M2","C4620083","7","100","C4620083 M2","reward",0.0524685472326803,"100 reward","7 reward"
"18232","M2","C4620083","7","101","C4620083 M2","reward",0.0522037253320976,"101 reward","7 reward"
"18233","M2","C4620083","7","102","C4620083 M2","reward",0.0521041162353508,"102 reward","7 reward"
"18234","M2","C4620083","7","103","C4620083 M2","reward",0.0520887724105307,"103 reward","7 reward"
"18235","M2","C4620083","7","104","C4620083 M2","reward",0.052048191321834,"104 reward","7 reward"
"18236","M2","C4620083","7","105","C4620083 M2","reward",0.0520375847139799,"105 reward","7 reward"
"18237","M2","C4620083","7","106","C4620083 M2","reward",0.0516510817045056,"106 reward","7 reward"
"18238","M2","C4620083","7","107","C4620083 M2","reward",0.0515446622735183,"107 reward","7 reward"
"18239","M2","C4620083","7","108","C4620083 M2","reward",0.0512164963855923,"108 reward","7 reward"
"18240","M2","C4620083","7","109","C4620083 M2","reward",0.0510276659984944,"109 reward","7 reward"
"18241","M2","C4620083","7","110","C4620083 M2","reward",0.051014491841395,"110 reward","7 reward"
"18242","M2","C4620083","7","111","C4620083 M2","reward",0.0508496461022243,"111 reward","7 reward"
"18243","M2","C4620083","7","112","C4620083 M2","reward",0.0507249700297924,"112 reward","7 reward"
"18244","M2","C4620083","7","113","C4620083 M2","reward",0.0505764217091433,"113 reward","7 reward"
"18245","M2","C4620083","7","114","C4620083 M2","reward",0.0504928398968138,"114 reward","7 reward"
"18246","M2","C4620083","7","115","C4620083 M2","reward",0.0504081374563558,"115 reward","7 reward"
"18247","M2","C4620083","7","116","C4620083 M2","reward",0.0502000573541401,"116 reward","7 reward"
"18248","M2","C4620083","7","117","C4620083 M2","reward",0.0501135026144603,"117 reward","7 reward"
"18249","M2","C4620083","7","118","C4620083 M2","reward",0.0497564469953341,"118 reward","7 reward"
"18250","M2","C4620083","7","119","C4620083 M2","reward",0.0497349871734709,"119 reward","7 reward"
"18251","M2","C4620083","7","120","C4620083 M2","reward",0.0497151540142369,"120 reward","7 reward"
"18252","M2","C4620083","7","121","C4620083 M2","reward",0.0497016785794741,"121 reward","7 reward"
"18253","M2","C4620083","7","122","C4620083 M2","reward",0.0496841465768182,"122 reward","7 reward"
"18254","M2","C4620083","7","123","C4620083 M2","reward",0.0496625966051391,"123 reward","7 reward"
"18255","M2","C4620083","7","124","C4620083 M2","reward",0.0496357975523054,"124 reward","7 reward"
"18256","M2","C4620083","7","125","C4620083 M2","reward",0.049493785908845,"125 reward","7 reward"
"18257","M2","C4620083","7","126","C4620083 M2","reward",0.0493558503655373,"126 reward","7 reward"
"18258","M2","C4620083","7","127","C4620083 M2","reward",0.0492403764164157,"127 reward","7 reward"
"18259","M2","C4620083","7","128","C4620083 M2","reward",0.0490575311971259,"128 reward","7 reward"
"18260","M2","C4620083","7","129","C4620083 M2","reward",0.0488342002066113,"129 reward","7 reward"
"18261","M2","C4620083","7","130","C4620083 M2","reward",0.0482853725953333,"130 reward","7 reward"
"18262","M2","C4620083","7","131","C4620083 M2","reward",0.0480367393215873,"131 reward","7 reward"
"18263","M2","C4620083","7","132","C4620083 M2","reward",0.0480071342989648,"132 reward","7 reward"
"18264","M2","C4620083","7","133","C4620083 M2","reward",0.0479666383937205,"133 reward","7 reward"
"18265","M2","C4620083","7","134","C4620083 M2","reward",0.0477793653038721,"134 reward","7 reward"
"18266","M2","C4620083","7","135","C4620083 M2","reward",0.0477135393716326,"135 reward","7 reward"
"18267","M2","C4620083","7","136","C4620083 M2","reward",0.0475720109428246,"136 reward","7 reward"
"18268","M2","C4620083","7","137","C4620083 M2","reward",0.0467256495919383,"137 reward","7 reward"
"18269","M2","C4620083","7","138","C4620083 M2","reward",0.0465597930388058,"138 reward","7 reward"
"18270","M2","C4620083","7","139","C4620083 M2","reward",0.0463385338487265,"139 reward","7 reward"
"18271","M2","C4620083","7","140","C4620083 M2","reward",0.0462240103503587,"140 reward","7 reward"
"18272","M2","C4620083","7","141","C4620083 M2","reward",0.0461081018366396,"141 reward","7 reward"
"18273","M2","C4620083","7","142","C4620083 M2","reward",0.0461003119845582,"142 reward","7 reward"
"18274","M2","C4620083","7","143","C4620083 M2","reward",0.0460857396955076,"143 reward","7 reward"
"18275","M2","C4620083","7","144","C4620083 M2","reward",0.0459558527382832,"144 reward","7 reward"
"18276","M2","C4620083","7","145","C4620083 M2","reward",0.0458477538925382,"145 reward","7 reward"
"18277","M2","C4620083","7","146","C4620083 M2","reward",0.0458391265768931,"146 reward","7 reward"
"18278","M2","C4620083","7","147","C4620083 M2","reward",0.0457123018260023,"147 reward","7 reward"
"18279","M2","C4620083","7","148","C4620083 M2","reward",0.0456901738177949,"148 reward","7 reward"
"18280","M2","C4620083","7","149","C4620083 M2","reward",0.0456374126309138,"149 reward","7 reward"
"18281","M2","C4620083","7","150","C4620083 M2","reward",0.0455599265195544,"150 reward","7 reward"
"18282","M2","C4620083","7","151","C4620083 M2","reward",0.0455135192717411,"151 reward","7 reward"
"18283","M2","C4620083","7","152","C4620083 M2","reward",0.0453932770490362,"152 reward","7 reward"
"18284","M2","C4620083","7","153","C4620083 M2","reward",0.0453489507527183,"153 reward","7 reward"
"18285","M2","C4620083","7","154","C4620083 M2","reward",0.0452671939199478,"154 reward","7 reward"
"18286","M2","C4620083","7","155","C4620083 M2","reward",0.0450161029785481,"155 reward","7 reward"
"18287","M2","C4620083","7","156","C4620083 M2","reward",0.0448777481699499,"156 reward","7 reward"
"18288","M2","C4620083","7","157","C4620083 M2","reward",0.0447825667043724,"157 reward","7 reward"
"18289","M2","C4620083","7","158","C4620083 M2","reward",0.044720351565646,"158 reward","7 reward"
"18290","M2","C4620083","7","159","C4620083 M2","reward",0.0446284480097248,"159 reward","7 reward"
"18291","M2","C4620083","7","160","C4620083 M2","reward",0.0445176693045215,"160 reward","7 reward"
"18292","M2","C4620083","7","161","C4620083 M2","reward",0.0442865847625522,"161 reward","7 reward"
"18293","M2","C4620083","7","162","C4620083 M2","reward",0.0441701474682188,"162 reward","7 reward"
"18294","M2","C4620083","7","163","C4620083 M2","reward",0.044095789151207,"163 reward","7 reward"
"18295","M2","C4620083","7","164","C4620083 M2","reward",0.0437876360921007,"164 reward","7 reward"
"18296","M2","C4620083","7","165","C4620083 M2","reward",0.0436870544086203,"165 reward","7 reward"
"18297","M2","C4620083","7","166","C4620083 M2","reward",0.0435872514861306,"166 reward","7 reward"
"18298","M2","C4620083","7","167","C4620083 M2","reward",0.0435610253387596,"167 reward","7 reward"
"18299","M2","C4620083","7","168","C4620083 M2","reward",0.0430414192619247,"168 reward","7 reward"
"18300","M2","C4620083","7","169","C4620083 M2","reward",0.0429984161648739,"169 reward","7 reward"
"18301","M2","C4620083","7","170","C4620083 M2","reward",0.0429166860371361,"170 reward","7 reward"
"18302","M2","C4620083","7","171","C4620083 M2","reward",0.0429080853665762,"171 reward","7 reward"
"18303","M2","C4620083","7","172","C4620083 M2","reward",0.0427974089232314,"172 reward","7 reward"
"18304","M2","C4620083","7","173","C4620083 M2","reward",0.0426208167193739,"173 reward","7 reward"
"18305","M2","C4620083","7","174","C4620083 M2","reward",0.0425676984977564,"174 reward","7 reward"
"18306","M2","C4620083","7","175","C4620083 M2","reward",0.0425359164811242,"175 reward","7 reward"
"18307","M2","C4620083","7","176","C4620083 M2","reward",0.0424651496518902,"176 reward","7 reward"
"18308","M2","C4620083","7","177","C4620083 M2","reward",0.0424434418979254,"177 reward","7 reward"
"18309","M2","C4620083","7","178","C4620083 M2","reward",0.0421397458119752,"178 reward","7 reward"
"18310","M2","C4620083","7","179","C4620083 M2","reward",0.0421275368064619,"179 reward","7 reward"
"18311","M2","C4620083","7","180","C4620083 M2","reward",0.0420212145271906,"180 reward","7 reward"
"18312","M2","C4620083","7","181","C4620083 M2","reward",0.0418786952344887,"181 reward","7 reward"
"18313","M2","C4620083","7","182","C4620083 M2","reward",0.0418495700190359,"182 reward","7 reward"
"18314","M2","C4620083","7","183","C4620083 M2","reward",0.0415498346047483,"183 reward","7 reward"
"18315","M2","C4620083","7","184","C4620083 M2","reward",0.041517429926571,"184 reward","7 reward"
"18316","M2","C4620083","7","185","C4620083 M2","reward",0.0414198841516802,"185 reward","7 reward"
"18317","M2","C4620083","7","186","C4620083 M2","reward",0.0410234890240565,"186 reward","7 reward"
"18318","M2","C4620083","7","187","C4620083 M2","reward",0.0409711331555077,"187 reward","7 reward"
"18319","M2","C4620083","7","188","C4620083 M2","reward",0.0409189956789438,"188 reward","7 reward"
"18320","M2","C4620083","7","189","C4620083 M2","reward",0.0408707669983686,"189 reward","7 reward"
"18321","M2","C4620083","7","190","C4620083 M2","reward",0.0403546735279403,"190 reward","7 reward"
"18322","M2","C4620083","7","191","C4620083 M2","reward",0.0400610449888604,"191 reward","7 reward"
"18323","M2","C4620083","7","192","C4620083 M2","reward",0.0400573303052901,"192 reward","7 reward"
"18324","M2","C4620083","7","193","C4620083 M2","reward",0.0399805101006403,"193 reward","7 reward"
"18325","M2","C4620083","7","194","C4620083 M2","reward",0.0399705722402268,"194 reward","7 reward"
"18326","M2","C4620083","7","195","C4620083 M2","reward",0.0395820916136131,"195 reward","7 reward"
"18327","M2","C4620083","7","196","C4620083 M2","reward",0.039572532672524,"196 reward","7 reward"
"18328","M2","C4620083","7","197","C4620083 M2","reward",0.0395326704204199,"197 reward","7 reward"
"18329","M2","C4620083","7","198","C4620083 M2","reward",0.0393947415714209,"198 reward","7 reward"
"18330","M2","C4620083","7","199","C4620083 M2","reward",0.039246279065452,"199 reward","7 reward"
"18331","M2","C4620083","7","200","C4620083 M2","reward",0.0389917750678064,"200 reward","7 reward"
"18332","M2","C4620083","7","201","C4620083 M2","reward",0.0388459058336378,"201 reward","7 reward"
"18333","M2","C4620083","7","202","C4620083 M2","reward",0.0387954305353157,"202 reward","7 reward"
"18334","M2","C4620083","7","203","C4620083 M2","reward",0.0384760261919212,"203 reward","7 reward"
"18335","M2","C4620083","7","204","C4620083 M2","reward",0.038321856194052,"204 reward","7 reward"
"18336","M2","C4620083","7","205","C4620083 M2","reward",0.0382979262494243,"205 reward","7 reward"
"18337","M2","C4620083","7","206","C4620083 M2","reward",0.0382763653476257,"206 reward","7 reward"
"18338","M2","C4620083","7","207","C4620083 M2","reward",0.038203186521848,"207 reward","7 reward"
"18339","M2","C4620083","7","208","C4620083 M2","reward",0.038169481066345,"208 reward","7 reward"
"18340","M2","C4620083","7","209","C4620083 M2","reward",0.0381591189420266,"209 reward","7 reward"
"18341","M2","C4620083","7","210","C4620083 M2","reward",0.0381375903152051,"210 reward","7 reward"
"18342","M2","C4620083","7","211","C4620083 M2","reward",0.0381291740014892,"211 reward","7 reward"
"18343","M2","C4620083","7","212","C4620083 M2","reward",0.0381113285287606,"212 reward","7 reward"
"18344","M2","C4620083","7","213","C4620083 M2","reward",0.0379558169219004,"213 reward","7 reward"
"18345","M2","C4620083","7","214","C4620083 M2","reward",0.0376930515152122,"214 reward","7 reward"
"18346","M2","C4620083","7","215","C4620083 M2","reward",0.0376885306343655,"215 reward","7 reward"
"18347","M2","C4620083","7","216","C4620083 M2","reward",0.037659954901617,"216 reward","7 reward"
"18348","M2","C4620083","7","217","C4620083 M2","reward",0.0375337710819546,"217 reward","7 reward"
"18349","M2","C4620083","7","218","C4620083 M2","reward",0.0374361043513374,"218 reward","7 reward"
"18350","M2","C4620083","7","219","C4620083 M2","reward",0.0370991652231759,"219 reward","7 reward"
"18351","M2","C4620083","7","220","C4620083 M2","reward",0.0368176665613474,"220 reward","7 reward"
"18352","M2","C4620083","7","221","C4620083 M2","reward",0.0367775344377035,"221 reward","7 reward"
"18353","M2","C4620083","7","222","C4620083 M2","reward",0.0366100350193632,"222 reward","7 reward"
"18354","M2","C4620083","7","223","C4620083 M2","reward",0.0365479052645113,"223 reward","7 reward"
"18355","M2","C4620083","7","224","C4620083 M2","reward",0.036535116504703,"224 reward","7 reward"
"18356","M2","C4620083","7","225","C4620083 M2","reward",0.0365334233442163,"225 reward","7 reward"
"18357","M2","C4620083","7","226","C4620083 M2","reward",0.036363234882326,"226 reward","7 reward"
"18358","M2","C4620083","7","227","C4620083 M2","reward",0.036342247762152,"227 reward","7 reward"
"18359","M2","C4620083","7","228","C4620083 M2","reward",0.035853147028571,"228 reward","7 reward"
"18360","M2","C4620083","7","229","C4620083 M2","reward",0.0358199405412905,"229 reward","7 reward"
"18361","M2","C4620083","7","230","C4620083 M2","reward",0.0357812259306803,"230 reward","7 reward"
"18362","M2","C4620083","7","231","C4620083 M2","reward",0.0357119864455954,"231 reward","7 reward"
"18363","M2","C4620083","7","232","C4620083 M2","reward",0.0356952469562338,"232 reward","7 reward"
"18364","M2","C4620083","7","233","C4620083 M2","reward",0.0354932549811053,"233 reward","7 reward"
"18365","M2","C4620083","7","234","C4620083 M2","reward",0.0353939593650609,"234 reward","7 reward"
"18366","M2","C4620083","7","235","C4620083 M2","reward",0.0346589078890422,"235 reward","7 reward"
"18367","M2","C4620083","7","236","C4620083 M2","reward",0.0344723496915685,"236 reward","7 reward"
"18368","M2","C4620083","7","237","C4620083 M2","reward",0.0344504668907509,"237 reward","7 reward"
"18369","M2","C4620083","7","238","C4620083 M2","reward",0.0344421106615241,"238 reward","7 reward"
"18370","M2","C4620083","7","239","C4620083 M2","reward",0.0344191948390004,"239 reward","7 reward"
"18371","M2","C4620083","7","240","C4620083 M2","reward",0.0338229731613851,"240 reward","7 reward"
"18372","M2","C4620083","7","241","C4620083 M2","reward",0.0336562291609002,"241 reward","7 reward"
"18373","M2","C4620083","7","242","C4620083 M2","reward",0.0333901866292017,"242 reward","7 reward"
"18374","M2","C4620083","7","243","C4620083 M2","reward",0.0333385905899017,"243 reward","7 reward"
"18375","M2","C4620083","7","244","C4620083 M2","reward",0.0331843275136681,"244 reward","7 reward"
"18376","M2","C4620083","7","245","C4620083 M2","reward",0.0329804493841923,"245 reward","7 reward"
"18377","M2","C4620083","7","246","C4620083 M2","reward",0.0329770789076655,"246 reward","7 reward"
"18378","M2","C4620083","7","247","C4620083 M2","reward",0.0329370520858982,"247 reward","7 reward"
"18379","M2","C4620083","7","248","C4620083 M2","reward",0.0328559473760172,"248 reward","7 reward"
"18380","M2","C4620083","7","249","C4620083 M2","reward",0.0328393104671045,"249 reward","7 reward"
"18381","M2","C4620083","7","250","C4620083 M2","reward",0.0327341298533193,"250 reward","7 reward"
"18382","M2","C4620083","7","251","C4620083 M2","reward",0.0325430160798455,"251 reward","7 reward"
"18383","M2","C4620083","7","252","C4620083 M2","reward",0.0325130805064199,"252 reward","7 reward"
"18384","M2","C4620083","7","253","C4620083 M2","reward",0.0325024348846015,"253 reward","7 reward"
"18385","M2","C4620083","7","254","C4620083 M2","reward",0.0325023928388663,"254 reward","7 reward"
"18386","M2","C4620083","7","255","C4620083 M2","reward",0.0324574644466426,"255 reward","7 reward"
"18387","M2","C4620083","7","256","C4620083 M2","reward",0.0323053263830198,"256 reward","7 reward"
"18388","M2","C4620083","7","257","C4620083 M2","reward",0.0322533652138093,"257 reward","7 reward"
"18389","M2","C4620083","7","258","C4620083 M2","reward",0.0322423034019287,"258 reward","7 reward"
"18390","M2","C4620083","7","259","C4620083 M2","reward",0.032140770744159,"259 reward","7 reward"
"18391","M2","C4620083","7","260","C4620083 M2","reward",0.0320452087478191,"260 reward","7 reward"
"18392","M2","C4620083","7","261","C4620083 M2","reward",0.0319495035072774,"261 reward","7 reward"
"18393","M2","C4620083","7","262","C4620083 M2","reward",0.0318475507611724,"262 reward","7 reward"
"18394","M2","C4620083","7","263","C4620083 M2","reward",0.0318162135031066,"263 reward","7 reward"
"18395","M2","C4620083","7","264","C4620083 M2","reward",0.0317851443885384,"264 reward","7 reward"
"18396","M2","C4620083","7","265","C4620083 M2","reward",0.0316212255206921,"265 reward","7 reward"
"18397","M2","C4620083","7","266","C4620083 M2","reward",0.0315841606158613,"266 reward","7 reward"
"18398","M2","C4620083","7","267","C4620083 M2","reward",0.0315797567654702,"267 reward","7 reward"
"18399","M2","C4620083","7","268","C4620083 M2","reward",0.0315015402093748,"268 reward","7 reward"
"18400","M2","C4620083","7","269","C4620083 M2","reward",0.0314648119866058,"269 reward","7 reward"
"18401","M2","C4620083","7","270","C4620083 M2","reward",0.0313163244440517,"270 reward","7 reward"
"18402","M2","C4620083","7","271","C4620083 M2","reward",0.031304122640892,"271 reward","7 reward"
"18403","M2","C4620083","7","272","C4620083 M2","reward",0.0309381757154781,"272 reward","7 reward"
"18404","M2","C4620083","7","273","C4620083 M2","reward",0.0308681102364235,"273 reward","7 reward"
"18405","M2","C4620083","7","274","C4620083 M2","reward",0.0306056903674446,"274 reward","7 reward"
"18406","M2","C4620083","7","275","C4620083 M2","reward",0.0303929653151964,"275 reward","7 reward"
"18407","M2","C4620083","7","276","C4620083 M2","reward",0.0303669244086973,"276 reward","7 reward"
"18408","M2","C4620083","7","277","C4620083 M2","reward",0.0303203855564674,"277 reward","7 reward"
"18409","M2","C4620083","7","278","C4620083 M2","reward",0.0303192105082677,"278 reward","7 reward"
"18410","M2","C4620083","7","279","C4620083 M2","reward",0.0301271402768697,"279 reward","7 reward"
"18411","M2","C4620083","7","280","C4620083 M2","reward",0.0299371155053272,"280 reward","7 reward"
"18412","M2","C4620083","7","281","C4620083 M2","reward",0.0298071958218786,"281 reward","7 reward"
"18413","M2","C4620083","7","282","C4620083 M2","reward",0.0297691051481269,"282 reward","7 reward"
"18414","M2","C4620083","7","283","C4620083 M2","reward",0.0294497868416805,"283 reward","7 reward"
"18415","M2","C4620083","7","284","C4620083 M2","reward",0.0293883357775889,"284 reward","7 reward"
"18416","M2","C4620083","7","285","C4620083 M2","reward",0.0293458624466492,"285 reward","7 reward"
"18417","M2","C4620083","7","286","C4620083 M2","reward",0.0293184730565319,"286 reward","7 reward"
"18418","M2","C4620083","7","287","C4620083 M2","reward",0.0292695804632977,"287 reward","7 reward"
"18419","M2","C4620083","7","288","C4620083 M2","reward",0.029190308020488,"288 reward","7 reward"
"18420","M2","C4620083","7","289","C4620083 M2","reward",0.0287842353107985,"289 reward","7 reward"
"18421","M2","C4620083","7","290","C4620083 M2","reward",0.0286409677384698,"290 reward","7 reward"
"18422","M2","C4620083","7","291","C4620083 M2","reward",0.028535337328597,"291 reward","7 reward"
"18423","M2","C4620083","7","292","C4620083 M2","reward",0.0284953562768118,"292 reward","7 reward"
"18424","M2","C4620083","7","293","C4620083 M2","reward",0.0284910217145514,"293 reward","7 reward"
"18425","M2","C4620083","7","294","C4620083 M2","reward",0.0284087925309184,"294 reward","7 reward"
"18426","M2","C4620083","7","295","C4620083 M2","reward",0.0282970119573923,"295 reward","7 reward"
"18427","M2","C4620083","7","296","C4620083 M2","reward",0.0281487785539099,"296 reward","7 reward"
"18428","M2","C4620083","7","297","C4620083 M2","reward",0.027937912812044,"297 reward","7 reward"
"18429","M2","C4620083","7","298","C4620083 M2","reward",0.0279014743061506,"298 reward","7 reward"
"18430","M2","C4620083","7","299","C4620083 M2","reward",0.0278746451627856,"299 reward","7 reward"
"18431","M2","C4620083","7","300","C4620083 M2","reward",0.027798191987837,"300 reward","7 reward"
"18432","M2","C4620083","7","301","C4620083 M2","reward",0.0277118971713489,"301 reward","7 reward"
"18433","M2","C4620083","7","302","C4620083 M2","reward",0.0276729579510998,"302 reward","7 reward"
"18434","M2","C4620083","7","303","C4620083 M2","reward",0.0276545007812474,"303 reward","7 reward"
"18435","M2","C4620083","7","304","C4620083 M2","reward",0.0274509534860431,"304 reward","7 reward"
"18436","M2","C4620083","7","305","C4620083 M2","reward",0.0273524516597049,"305 reward","7 reward"
"18437","M2","C4620083","7","306","C4620083 M2","reward",0.0273374871532929,"306 reward","7 reward"
"18438","M2","C4620083","7","307","C4620083 M2","reward",0.0271936321714961,"307 reward","7 reward"
"18439","M2","C4620083","7","308","C4620083 M2","reward",0.0271905561203541,"308 reward","7 reward"
"18440","M2","C4620083","7","309","C4620083 M2","reward",0.0271523709709596,"309 reward","7 reward"
"18441","M2","C4620083","7","310","C4620083 M2","reward",0.0270829310377055,"310 reward","7 reward"
"18442","M2","C4620083","7","311","C4620083 M2","reward",0.0269255643459898,"311 reward","7 reward"
"18443","M2","C4620083","7","312","C4620083 M2","reward",0.0268161205166034,"312 reward","7 reward"
"18444","M2","C4620083","7","313","C4620083 M2","reward",0.0264410804349396,"313 reward","7 reward"
"18445","M2","C4620083","7","314","C4620083 M2","reward",0.0263851529887546,"314 reward","7 reward"
"18446","M2","C4620083","7","315","C4620083 M2","reward",0.0263022592071117,"315 reward","7 reward"
"18447","M2","C4620083","7","316","C4620083 M2","reward",0.0261860082016967,"316 reward","7 reward"
"18448","M2","C4620083","7","317","C4620083 M2","reward",0.0261236749345401,"317 reward","7 reward"
"18449","M2","C4620083","7","318","C4620083 M2","reward",0.0260065953088904,"318 reward","7 reward"
"18450","M2","C4620083","7","319","C4620083 M2","reward",0.025750629063366,"319 reward","7 reward"
"18451","M2","C4620083","7","320","C4620083 M2","reward",0.0254683670841066,"320 reward","7 reward"
"18452","M2","C4620083","7","321","C4620083 M2","reward",0.0254523861065619,"321 reward","7 reward"
"18453","M2","C4620083","7","322","C4620083 M2","reward",0.0254189356473846,"322 reward","7 reward"
"18454","M2","C4620083","7","323","C4620083 M2","reward",0.0254115911525956,"323 reward","7 reward"
"18455","M2","C4620083","7","324","C4620083 M2","reward",0.0252910831796815,"324 reward","7 reward"
"18456","M2","C4620083","7","325","C4620083 M2","reward",0.0251924158671198,"325 reward","7 reward"
"18457","M2","C4620083","7","326","C4620083 M2","reward",0.0251499130604437,"326 reward","7 reward"
"18458","M2","C4620083","7","327","C4620083 M2","reward",0.0250776096159112,"327 reward","7 reward"
"18459","M2","C4620083","7","328","C4620083 M2","reward",0.025006361820401,"328 reward","7 reward"
"18460","M2","C4620083","7","329","C4620083 M2","reward",0.0249608264971016,"329 reward","7 reward"
"18461","M2","C4620083","7","330","C4620083 M2","reward",0.0249560289641786,"330 reward","7 reward"
"18462","M2","C4620083","7","331","C4620083 M2","reward",0.0247476482894513,"331 reward","7 reward"
"18463","M2","C4620083","7","332","C4620083 M2","reward",0.0246750419149279,"332 reward","7 reward"
"18464","M2","C4620083","7","333","C4620083 M2","reward",0.0245634723810079,"333 reward","7 reward"
"18465","M2","C4620083","7","334","C4620083 M2","reward",0.0245507453666522,"334 reward","7 reward"
"18466","M2","C4620083","7","335","C4620083 M2","reward",0.0243064672424046,"335 reward","7 reward"
"18467","M2","C4620083","7","336","C4620083 M2","reward",0.0240769299501924,"336 reward","7 reward"
"18468","M2","C4620083","7","337","C4620083 M2","reward",0.0238426365860537,"337 reward","7 reward"
"18469","M2","C4620083","7","338","C4620083 M2","reward",0.0237087612952803,"338 reward","7 reward"
"18470","M2","C4620083","7","339","C4620083 M2","reward",0.0233803074478354,"339 reward","7 reward"
"18471","M2","C4620083","7","340","C4620083 M2","reward",0.0233685608606072,"340 reward","7 reward"
"18472","M2","C4620083","7","341","C4620083 M2","reward",0.0233606192335926,"341 reward","7 reward"
"18473","M2","C4620083","7","342","C4620083 M2","reward",0.0233240956607191,"342 reward","7 reward"
"18474","M2","C4620083","7","343","C4620083 M2","reward",0.0232033967659592,"343 reward","7 reward"
"18475","M2","C4620083","7","344","C4620083 M2","reward",0.0230659752056239,"344 reward","7 reward"
"18476","M2","C4620083","7","345","C4620083 M2","reward",0.0225813761633342,"345 reward","7 reward"
"18477","M2","C4620083","7","346","C4620083 M2","reward",0.0223292100462844,"346 reward","7 reward"
"18478","M2","C4620083","7","347","C4620083 M2","reward",0.0219354582627529,"347 reward","7 reward"
"18479","M2","C4620083","7","348","C4620083 M2","reward",0.0218902207579532,"348 reward","7 reward"
"18480","M2","C4620083","7","349","C4620083 M2","reward",0.0218404132526229,"349 reward","7 reward"
"18481","M2","C4620083","7","350","C4620083 M2","reward",0.0217042443252356,"350 reward","7 reward"
"18482","M2","C4620083","7","351","C4620083 M2","reward",0.0215694747313213,"351 reward","7 reward"
"18483","M2","C4620083","7","352","C4620083 M2","reward",0.0215145013710341,"352 reward","7 reward"
"18484","M2","C4620083","7","353","C4620083 M2","reward",0.0214457484288015,"353 reward","7 reward"
"18485","M2","C4620083","7","354","C4620083 M2","reward",0.0213988769676052,"354 reward","7 reward"
"18486","M2","C4620083","7","355","C4620083 M2","reward",0.0213094264930748,"355 reward","7 reward"
"18487","M2","C4620083","7","356","C4620083 M2","reward",0.0210612936515293,"356 reward","7 reward"
"18488","M2","C4620083","7","357","C4620083 M2","reward",0.0209035285365507,"357 reward","7 reward"
"18489","M2","C4620083","7","358","C4620083 M2","reward",0.0208695234002333,"358 reward","7 reward"
"18490","M2","C4620083","7","359","C4620083 M2","reward",0.0206331726442762,"359 reward","7 reward"
"18491","M2","C4620083","7","360","C4620083 M2","reward",0.0202742928533325,"360 reward","7 reward"
"18492","M2","C4620083","7","361","C4620083 M2","reward",0.0202617720393313,"361 reward","7 reward"
"18493","M2","C4620083","7","362","C4620083 M2","reward",0.0201240151039328,"362 reward","7 reward"
"18494","M2","C4620083","7","363","C4620083 M2","reward",0.0200349387777006,"363 reward","7 reward"
"18495","M2","C4620083","7","364","C4620083 M2","reward",0.0199341438932353,"364 reward","7 reward"
"18496","M2","C4620083","7","365","C4620083 M2","reward",0.0198634703856105,"365 reward","7 reward"
"18497","M2","C4620083","7","366","C4620083 M2","reward",0.0197357997500665,"366 reward","7 reward"
"18498","M2","C4620083","7","367","C4620083 M2","reward",0.019695531842999,"367 reward","7 reward"
"18499","M2","C4620083","7","368","C4620083 M2","reward",0.0195888271757427,"368 reward","7 reward"
"18500","M2","C4620083","7","369","C4620083 M2","reward",0.0195545029510953,"369 reward","7 reward"
"18501","M2","C4620083","7","370","C4620083 M2","reward",0.0195461374298692,"370 reward","7 reward"
"18502","M2","C4620083","7","371","C4620083 M2","reward",0.0195239194299794,"371 reward","7 reward"
"18503","M2","C4620083","7","372","C4620083 M2","reward",0.019408528207481,"372 reward","7 reward"
"18504","M2","C4620083","7","373","C4620083 M2","reward",0.0192275090439394,"373 reward","7 reward"
"18505","M2","C4620083","7","374","C4620083 M2","reward",0.0190124900626223,"374 reward","7 reward"
"18506","M2","C4620083","7","375","C4620083 M2","reward",0.0189521402422117,"375 reward","7 reward"
"18507","M2","C4620083","7","376","C4620083 M2","reward",0.0189010062117052,"376 reward","7 reward"
"18508","M2","C4620083","7","377","C4620083 M2","reward",0.0188817974927191,"377 reward","7 reward"
"18509","M2","C4620083","7","378","C4620083 M2","reward",0.0186207936011644,"378 reward","7 reward"
"18510","M2","C4620083","7","379","C4620083 M2","reward",0.0185357180627818,"379 reward","7 reward"
"18511","M2","C4620083","7","380","C4620083 M2","reward",0.0185237619942273,"380 reward","7 reward"
"18512","M2","C4620083","7","381","C4620083 M2","reward",0.0184238107357793,"381 reward","7 reward"
"18513","M2","C4620083","7","382","C4620083 M2","reward",0.0183804175067229,"382 reward","7 reward"
"18514","M2","C4620083","7","383","C4620083 M2","reward",0.0182518145410264,"383 reward","7 reward"
"18515","M2","C4620083","7","384","C4620083 M2","reward",0.0182420648576366,"384 reward","7 reward"
"18516","M2","C4620083","7","385","C4620083 M2","reward",0.0181019009590235,"385 reward","7 reward"
"18517","M2","C4620083","7","386","C4620083 M2","reward",0.0178977135928959,"386 reward","7 reward"
"18518","M2","C4620083","7","387","C4620083 M2","reward",0.0178079007412663,"387 reward","7 reward"
"18519","M2","C4620083","7","388","C4620083 M2","reward",0.0176826076329061,"388 reward","7 reward"
"18520","M2","C4620083","7","389","C4620083 M2","reward",0.0175768441061097,"389 reward","7 reward"
"18521","M2","C4620083","7","390","C4620083 M2","reward",0.0175583924773082,"390 reward","7 reward"
"18522","M2","C4620083","7","391","C4620083 M2","reward",0.0174650680948268,"391 reward","7 reward"
"18523","M2","C4620083","7","392","C4620083 M2","reward",0.0173896252679,"392 reward","7 reward"
"18524","M2","C4620083","7","393","C4620083 M2","reward",0.0160569381870174,"393 reward","7 reward"
"18525","M2","C4620083","7","394","C4620083 M2","reward",0.0160480348304337,"394 reward","7 reward"
"18526","M2","C4620083","7","395","C4620083 M2","reward",0.0160380710897612,"395 reward","7 reward"
"18527","M2","C4620083","7","396","C4620083 M2","reward",0.0159696882545673,"396 reward","7 reward"
"18528","M2","C4620083","7","397","C4620083 M2","reward",0.0158048351756803,"397 reward","7 reward"
"18529","M2","C4620083","7","398","C4620083 M2","reward",0.0156005532211591,"398 reward","7 reward"
"18530","M2","C4620083","7","399","C4620083 M2","reward",0.0149120814148286,"399 reward","7 reward"
"18531","M2","C4620083","7","400","C4620083 M2","reward",0.0146148176434231,"400 reward","7 reward"
"18532","M2","C4620083","7","401","C4620083 M2","reward",0.0144014315775851,"401 reward","7 reward"
"18533","M2","C4620083","7","402","C4620083 M2","reward",0.0143565701541569,"402 reward","7 reward"
"18534","M2","C4620083","7","403","C4620083 M2","reward",0.0141790136595409,"403 reward","7 reward"
"18535","M2","C4620083","7","404","C4620083 M2","reward",0.0141067584456525,"404 reward","7 reward"
"18536","M2","C4620083","7","405","C4620083 M2","reward",0.0141010797788789,"405 reward","7 reward"
"18537","M2","C4620083","7","406","C4620083 M2","reward",0.014000951849724,"406 reward","7 reward"
"18538","M2","C4620083","7","407","C4620083 M2","reward",0.0138132188343538,"407 reward","7 reward"
"18539","M2","C4620083","7","408","C4620083 M2","reward",0.0137491760950475,"408 reward","7 reward"
"18540","M2","C4620083","7","409","C4620083 M2","reward",0.0136393006483309,"409 reward","7 reward"
"18541","M2","C4620083","7","410","C4620083 M2","reward",0.0135593124282581,"410 reward","7 reward"
"18542","M2","C4620083","7","411","C4620083 M2","reward",0.0135021025987973,"411 reward","7 reward"
"18543","M2","C4620083","7","412","C4620083 M2","reward",0.0134940960482558,"412 reward","7 reward"
"18544","M2","C4620083","7","413","C4620083 M2","reward",0.0134750321129472,"413 reward","7 reward"
"18545","M2","C4620083","7","414","C4620083 M2","reward",0.013338862601864,"414 reward","7 reward"
"18546","M2","C4620083","7","415","C4620083 M2","reward",0.01325290878636,"415 reward","7 reward"
"18547","M2","C4620083","7","416","C4620083 M2","reward",0.0131843597313592,"416 reward","7 reward"
"18548","M2","C4620083","7","417","C4620083 M2","reward",0.0125714485765856,"417 reward","7 reward"
"18549","M2","C4620083","7","418","C4620083 M2","reward",0.0119664999211419,"418 reward","7 reward"
"18550","M2","C4620083","7","419","C4620083 M2","reward",0.0119397496375507,"419 reward","7 reward"
"18551","M2","C4620083","7","420","C4620083 M2","reward",0.0118481032198694,"420 reward","7 reward"
"18552","M2","C4620083","7","421","C4620083 M2","reward",0.0117415773905866,"421 reward","7 reward"
"18553","M2","C4620083","7","422","C4620083 M2","reward",0.0115814277894675,"422 reward","7 reward"
"18554","M2","C4620083","7","423","C4620083 M2","reward",0.011553287172928,"423 reward","7 reward"
"18555","M2","C4620083","7","424","C4620083 M2","reward",0.0111969765375398,"424 reward","7 reward"
"18556","M2","C4620083","7","425","C4620083 M2","reward",0.0111902500573291,"425 reward","7 reward"
"18557","M2","C4620083","7","426","C4620083 M2","reward",0.0111777823638309,"426 reward","7 reward"
"18558","M2","C4620083","7","427","C4620083 M2","reward",0.0111277767562757,"427 reward","7 reward"
"18559","M2","C4620083","7","428","C4620083 M2","reward",0.0110845242681042,"428 reward","7 reward"
"18560","M2","C4620083","7","429","C4620083 M2","reward",0.0110354848031722,"429 reward","7 reward"
"18561","M2","C4620083","7","430","C4620083 M2","reward",0.011028881475566,"430 reward","7 reward"
"18562","M2","C4620083","7","431","C4620083 M2","reward",0.0109601882255006,"431 reward","7 reward"
"18563","M2","C4620083","7","432","C4620083 M2","reward",0.0109337078674702,"432 reward","7 reward"
"18564","M2","C4620083","7","433","C4620083 M2","reward",0.0105933473018077,"433 reward","7 reward"
"18565","M2","C4620083","7","434","C4620083 M2","reward",0.0105456540678243,"434 reward","7 reward"
"18566","M2","C4620083","7","435","C4620083 M2","reward",0.0102390820481502,"435 reward","7 reward"
"18567","M2","C4620083","7","436","C4620083 M2","reward",0.0100522600546985,"436 reward","7 reward"
"18568","M2","C4620083","7","437","C4620083 M2","reward",0.00984991725319624,"437 reward","7 reward"
"18569","M2","C4620083","7","438","C4620083 M2","reward",0.00937746877566096,"438 reward","7 reward"
"18570","M2","C4620083","7","439","C4620083 M2","reward",0.00926281037938522,"439 reward","7 reward"
"18571","M2","C4620083","7","440","C4620083 M2","reward",0.00918012096525371,"440 reward","7 reward"
"18572","M2","C4620083","7","441","C4620083 M2","reward",0.00917715282952808,"441 reward","7 reward"
"18573","M2","C4620083","7","442","C4620083 M2","reward",0.00915654735600901,"442 reward","7 reward"
"18574","M2","C4620083","7","443","C4620083 M2","reward",0.00913824986713843,"443 reward","7 reward"
"18575","M2","C4620083","7","444","C4620083 M2","reward",0.00907278982379498,"444 reward","7 reward"
"18576","M2","C4620083","7","445","C4620083 M2","reward",0.0090272732840441,"445 reward","7 reward"
"18577","M2","C4620083","7","446","C4620083 M2","reward",0.00887813346890654,"446 reward","7 reward"
"18578","M2","C4620083","7","447","C4620083 M2","reward",0.00866810546876982,"447 reward","7 reward"
"18579","M2","C4620083","7","448","C4620083 M2","reward",0.00852030623507802,"448 reward","7 reward"
"18580","M2","C4620083","7","449","C4620083 M2","reward",0.00819980604011804,"449 reward","7 reward"
"18581","M2","C4620083","7","450","C4620083 M2","reward",0.00815680481905405,"450 reward","7 reward"
"18582","M2","C4620083","7","451","C4620083 M2","reward",0.00805685125225964,"451 reward","7 reward"
"18583","M2","C4620083","7","452","C4620083 M2","reward",0.00779459752624314,"452 reward","7 reward"
"18584","M2","C4620083","7","453","C4620083 M2","reward",0.00771526188382629,"453 reward","7 reward"
"18585","M2","C4620083","7","454","C4620083 M2","reward",0.00769459741863652,"454 reward","7 reward"
"18586","M2","C4620083","7","455","C4620083 M2","reward",0.00716546073723392,"455 reward","7 reward"
"18587","M2","C4620083","7","456","C4620083 M2","reward",0.00710964272049429,"456 reward","7 reward"
"18588","M2","C4620083","7","457","C4620083 M2","reward",0.00698215330390391,"457 reward","7 reward"
"18589","M2","C4620083","7","458","C4620083 M2","reward",0.00686818150737715,"458 reward","7 reward"
"18590","M2","C4620083","7","459","C4620083 M2","reward",0.00679093973400758,"459 reward","7 reward"
"18591","M2","C4620083","7","460","C4620083 M2","reward",0.00641043538034404,"460 reward","7 reward"
"18592","M2","C4620083","7","461","C4620083 M2","reward",0.00630821263748072,"461 reward","7 reward"
"18593","M2","C4620083","7","462","C4620083 M2","reward",0.00629408755133742,"462 reward","7 reward"
"18594","M2","C4620083","7","463","C4620083 M2","reward",0.00629198305096828,"463 reward","7 reward"
"18595","M2","C4620083","7","464","C4620083 M2","reward",0.00600861705492119,"464 reward","7 reward"
"18596","M2","C4620083","7","465","C4620083 M2","reward",0.00565656617621614,"465 reward","7 reward"
"18597","M2","C4620083","7","466","C4620083 M2","reward",0.00549699440520871,"466 reward","7 reward"
"18598","M2","C4620083","7","467","C4620083 M2","reward",0.00537792519977322,"467 reward","7 reward"
"18599","M2","C4620083","7","468","C4620083 M2","reward",0.00537493941781272,"468 reward","7 reward"
"18600","M2","C4620083","7","469","C4620083 M2","reward",0.00458732057141248,"469 reward","7 reward"
"18601","M2","C4620083","7","470","C4620083 M2","reward",0.00437896703963848,"470 reward","7 reward"
"18602","M2","C4620083","7","471","C4620083 M2","reward",0.00428531326574233,"471 reward","7 reward"
"18603","M2","C4620083","7","472","C4620083 M2","reward",0.00381954969277793,"472 reward","7 reward"
"18604","M2","C4620083","7","473","C4620083 M2","reward",0.00366896871957807,"473 reward","7 reward"
"18605","M2","C4620083","7","474","C4620083 M2","reward",0.00359258968370633,"474 reward","7 reward"
"18606","M2","C4620083","7","475","C4620083 M2","reward",0.00333628799022066,"475 reward","7 reward"
"18607","M2","C4620083","7","476","C4620083 M2","reward",0.00287769424392926,"476 reward","7 reward"
"18608","M2","C4620083","7","477","C4620083 M2","reward",0.00275460131367201,"477 reward","7 reward"
"18609","M2","C4620083","7","478","C4620083 M2","reward",0.00266112122613051,"478 reward","7 reward"
"18610","M2","C4620083","7","479","C4620083 M2","reward",0.00233374939948959,"479 reward","7 reward"
"18611","M2","C4620083","7","480","C4620083 M2","reward",0.00230971922780419,"480 reward","7 reward"
"18612","M2","C4620083","7","481","C4620083 M2","reward",0.00141777740585414,"481 reward","7 reward"
"18613","M2","C4620083","7","482","C4620083 M2","reward",0.000711583667388687,"482 reward","7 reward"
"18614","M2","C4620083","7","483","C4620083 M2","reward",0.000629396716636387,"483 reward","7 reward"
"18615","M2","C4620083","7","484","C4620083 M2","reward",0.000415031662358934,"484 reward","7 reward"
"18616","M2","C4620083","7","485","C4620083 M2","reward",-0.000172758825380187,"485 reward","7 reward"
"18617","M2","C4620083","7","486","C4620083 M2","reward",-0.00018369495846353,"486 reward","7 reward"
"18618","M2","C4620083","7","487","C4620083 M2","reward",-0.000342397977048986,"487 reward","7 reward"
"18619","M2","C4620083","7","488","C4620083 M2","reward",-0.000353985659498994,"488 reward","7 reward"
"18620","M2","C4620083","7","489","C4620083 M2","reward",-0.000504535392893773,"489 reward","7 reward"
"18621","M2","C4620083","7","490","C4620083 M2","reward",-0.00124640798124368,"490 reward","7 reward"
"18622","M2","C4620083","7","491","C4620083 M2","reward",-0.00138999436399202,"491 reward","7 reward"
"18623","M2","C4620083","7","492","C4620083 M2","reward",-0.00165426125001388,"492 reward","7 reward"
"18624","M2","C4620083","7","493","C4620083 M2","reward",-0.00167323993591836,"493 reward","7 reward"
"18625","M2","C4620083","7","494","C4620083 M2","reward",-0.00238024213223976,"494 reward","7 reward"
"18626","M2","C4620083","7","495","C4620083 M2","reward",-0.00238537057241384,"495 reward","7 reward"
"18627","M2","C4620083","7","496","C4620083 M2","reward",-0.00240226658857702,"496 reward","7 reward"
"18628","M2","C4620083","7","497","C4620083 M2","reward",-0.00252865308328813,"497 reward","7 reward"
"18629","M2","C4620083","7","498","C4620083 M2","reward",-0.00280614861987719,"498 reward","7 reward"
"18630","M2","C4620083","7","499","C4620083 M2","reward",-0.00301276967801798,"499 reward","7 reward"
"18631","M2","C4620083","7","500","C4620083 M2","reward",-0.00464986694262021,"500 reward","7 reward"
"18632","M2","C4620083","7","501","C4620083 M2","reward",-0.00518456164158715,"501 reward","7 reward"
"18633","M2","C4620083","7","502","C4620083 M2","reward",-0.00536291068936024,"502 reward","7 reward"
"18634","M2","C4620083","7","503","C4620083 M2","reward",-0.00758499919730739,"503 reward","7 reward"
"18635","M2","C4620083","7","504","C4620083 M2","reward",-0.00860552917951714,"504 reward","7 reward"
"18636","M2","C4620083","7","505","C4620083 M2","reward",-0.010252327492214,"505 reward","7 reward"
"18637","M2","C4620083","7","506","C4620083 M2","reward",-0.012159271389518,"506 reward","7 reward"
"18638","M2","C4620083","7","507","C4620083 M2","reward",-0.0123023931109128,"507 reward","7 reward"
"18639","M2","C4620083","7","508","C4620083 M2","reward",-0.0128787086162229,"508 reward","7 reward"
"18640","M2","C4620083","7","509","C4620083 M2","reward",-0.0129292503991032,"509 reward","7 reward"
"18641","M2","C4620083","7","510","C4620083 M2","reward",-0.0134252572442951,"510 reward","7 reward"
"18642","M3","C4620083","7","0","C4620083 M3","reward",0.572430906160191,"0 reward","7 reward"
"18643","M3","C4620083","7","1","C4620083 M3","reward",0.571462464187649,"1 reward","7 reward"
"18644","M3","C4620083","7","2","C4620083 M3","reward",0.566204357200535,"2 reward","7 reward"
"18645","M3","C4620083","7","3","C4620083 M3","reward",0.564885963939471,"3 reward","7 reward"
"18646","M3","C4620083","7","4","C4620083 M3","reward",0.562346444428821,"4 reward","7 reward"
"18647","M3","C4620083","7","5","C4620083 M3","reward",0.561845339447056,"5 reward","7 reward"
"18648","M3","C4620083","7","6","C4620083 M3","reward",0.561229536849089,"6 reward","7 reward"
"18649","M3","C4620083","7","7","C4620083 M3","reward",0.559991711409458,"7 reward","7 reward"
"18650","M3","C4620083","7","8","C4620083 M3","reward",0.559651859318507,"8 reward","7 reward"
"18651","M3","C4620083","7","9","C4620083 M3","reward",0.557996152482396,"9 reward","7 reward"
"18652","M3","C4620083","7","10","C4620083 M3","reward",0.557733229503131,"10 reward","7 reward"
"18653","M3","C4620083","7","11","C4620083 M3","reward",0.551872365696493,"11 reward","7 reward"
"18654","M3","C4620083","7","12","C4620083 M3","reward",0.546697010493618,"12 reward","7 reward"
"18655","M3","C4620083","7","13","C4620083 M3","reward",0.544835904536705,"13 reward","7 reward"
"18656","M3","C4620083","7","14","C4620083 M3","reward",0.544685294864406,"14 reward","7 reward"
"18657","M3","C4620083","7","15","C4620083 M3","reward",0.544148141476315,"15 reward","7 reward"
"18658","M3","C4620083","7","16","C4620083 M3","reward",0.543769764367585,"16 reward","7 reward"
"18659","M3","C4620083","7","17","C4620083 M3","reward",0.540307653409338,"17 reward","7 reward"
"18660","M3","C4620083","7","18","C4620083 M3","reward",0.540224593123683,"18 reward","7 reward"
"18661","M3","C4620083","7","19","C4620083 M3","reward",0.539829985250213,"19 reward","7 reward"
"18662","M3","C4620083","7","20","C4620083 M3","reward",0.539100213316884,"20 reward","7 reward"
"18663","M3","C4620083","7","21","C4620083 M3","reward",0.538580786518753,"21 reward","7 reward"
"18664","M3","C4620083","7","22","C4620083 M3","reward",0.538437716039567,"22 reward","7 reward"
"18665","M3","C4620083","7","23","C4620083 M3","reward",0.537117819304448,"23 reward","7 reward"
"18666","M3","C4620083","7","24","C4620083 M3","reward",0.534980587887296,"24 reward","7 reward"
"18667","M3","C4620083","7","25","C4620083 M3","reward",0.533176987257221,"25 reward","7 reward"
"18668","M3","C4620083","7","26","C4620083 M3","reward",0.532060702831405,"26 reward","7 reward"
"18669","M3","C4620083","7","27","C4620083 M3","reward",0.530933504018801,"27 reward","7 reward"
"18670","M3","C4620083","7","28","C4620083 M3","reward",0.530382796666987,"28 reward","7 reward"
"18671","M3","C4620083","7","29","C4620083 M3","reward",0.529313263765488,"29 reward","7 reward"
"18672","M3","C4620083","7","30","C4620083 M3","reward",0.529165684050434,"30 reward","7 reward"
"18673","M3","C4620083","7","31","C4620083 M3","reward",0.527053503433419,"31 reward","7 reward"
"18674","M3","C4620083","7","32","C4620083 M3","reward",0.526422176096859,"32 reward","7 reward"
"18675","M3","C4620083","7","33","C4620083 M3","reward",0.525025813316455,"33 reward","7 reward"
"18676","M3","C4620083","7","34","C4620083 M3","reward",0.524288180742213,"34 reward","7 reward"
"18677","M3","C4620083","7","35","C4620083 M3","reward",0.522975299109197,"35 reward","7 reward"
"18678","M3","C4620083","7","36","C4620083 M3","reward",0.522697452427595,"36 reward","7 reward"
"18679","M3","C4620083","7","37","C4620083 M3","reward",0.521698285727561,"37 reward","7 reward"
"18680","M3","C4620083","7","38","C4620083 M3","reward",0.520143948765032,"38 reward","7 reward"
"18681","M3","C4620083","7","39","C4620083 M3","reward",0.518300820266107,"39 reward","7 reward"
"18682","M3","C4620083","7","40","C4620083 M3","reward",0.51814868391337,"40 reward","7 reward"
"18683","M3","C4620083","7","41","C4620083 M3","reward",0.517484070035852,"41 reward","7 reward"
"18684","M3","C4620083","7","42","C4620083 M3","reward",0.516945503593473,"42 reward","7 reward"
"18685","M3","C4620083","7","43","C4620083 M3","reward",0.514749428040362,"43 reward","7 reward"
"18686","M3","C4620083","7","44","C4620083 M3","reward",0.513720352175232,"44 reward","7 reward"
"18687","M3","C4620083","7","45","C4620083 M3","reward",0.513480152388367,"45 reward","7 reward"
"18688","M3","C4620083","7","46","C4620083 M3","reward",0.513215995150562,"46 reward","7 reward"
"18689","M3","C4620083","7","47","C4620083 M3","reward",0.512565245515664,"47 reward","7 reward"
"18690","M3","C4620083","7","48","C4620083 M3","reward",0.512375343801185,"48 reward","7 reward"
"18691","M3","C4620083","7","49","C4620083 M3","reward",0.510926492349352,"49 reward","7 reward"
"18692","M3","C4620083","7","50","C4620083 M3","reward",0.509614826287909,"50 reward","7 reward"
"18693","M3","C4620083","7","51","C4620083 M3","reward",0.509571003039567,"51 reward","7 reward"
"18694","M3","C4620083","7","52","C4620083 M3","reward",0.50865350653233,"52 reward","7 reward"
"18695","M3","C4620083","7","53","C4620083 M3","reward",0.508252317848821,"53 reward","7 reward"
"18696","M3","C4620083","7","54","C4620083 M3","reward",0.507292419902745,"54 reward","7 reward"
"18697","M3","C4620083","7","55","C4620083 M3","reward",0.506071027758291,"55 reward","7 reward"
"18698","M3","C4620083","7","56","C4620083 M3","reward",0.50579657844463,"56 reward","7 reward"
"18699","M3","C4620083","7","57","C4620083 M3","reward",0.505592474255418,"57 reward","7 reward"
"18700","M3","C4620083","7","58","C4620083 M3","reward",0.504241176906442,"58 reward","7 reward"
"18701","M3","C4620083","7","59","C4620083 M3","reward",0.504211375038378,"59 reward","7 reward"
"18702","M3","C4620083","7","60","C4620083 M3","reward",0.50401980954501,"60 reward","7 reward"
"18703","M3","C4620083","7","61","C4620083 M3","reward",0.503437460526717,"61 reward","7 reward"
"18704","M3","C4620083","7","62","C4620083 M3","reward",0.503383509269701,"62 reward","7 reward"
"18705","M3","C4620083","7","63","C4620083 M3","reward",0.502982541705449,"63 reward","7 reward"
"18706","M3","C4620083","7","64","C4620083 M3","reward",0.502770640310333,"64 reward","7 reward"
"18707","M3","C4620083","7","65","C4620083 M3","reward",0.501309724009378,"65 reward","7 reward"
"18708","M3","C4620083","7","66","C4620083 M3","reward",0.501017875834301,"66 reward","7 reward"
"18709","M3","C4620083","7","67","C4620083 M3","reward",0.5010099006629,"67 reward","7 reward"
"18710","M3","C4620083","7","68","C4620083 M3","reward",0.499586042223066,"68 reward","7 reward"
"18711","M3","C4620083","7","69","C4620083 M3","reward",0.498859914078667,"69 reward","7 reward"
"18712","M3","C4620083","7","70","C4620083 M3","reward",0.496752012266946,"70 reward","7 reward"
"18713","M3","C4620083","7","71","C4620083 M3","reward",0.496683736473694,"71 reward","7 reward"
"18714","M3","C4620083","7","72","C4620083 M3","reward",0.496669978383558,"72 reward","7 reward"
"18715","M3","C4620083","7","73","C4620083 M3","reward",0.496071280002231,"73 reward","7 reward"
"18716","M3","C4620083","7","74","C4620083 M3","reward",0.495571847186201,"74 reward","7 reward"
"18717","M3","C4620083","7","75","C4620083 M3","reward",0.495559406077186,"75 reward","7 reward"
"18718","M3","C4620083","7","76","C4620083 M3","reward",0.495557381310963,"76 reward","7 reward"
"18719","M3","C4620083","7","77","C4620083 M3","reward",0.495211567015696,"77 reward","7 reward"
"18720","M3","C4620083","7","78","C4620083 M3","reward",0.494626895006067,"78 reward","7 reward"
"18721","M3","C4620083","7","79","C4620083 M3","reward",0.494605884780784,"79 reward","7 reward"
"18722","M3","C4620083","7","80","C4620083 M3","reward",0.494454024432517,"80 reward","7 reward"
"18723","M3","C4620083","7","81","C4620083 M3","reward",0.493743576082408,"81 reward","7 reward"
"18724","M3","C4620083","7","82","C4620083 M3","reward",0.493519486826235,"82 reward","7 reward"
"18725","M3","C4620083","7","83","C4620083 M3","reward",0.491926736861941,"83 reward","7 reward"
"18726","M3","C4620083","7","84","C4620083 M3","reward",0.49171535509044,"84 reward","7 reward"
"18727","M3","C4620083","7","85","C4620083 M3","reward",0.491539922072065,"85 reward","7 reward"
"18728","M3","C4620083","7","86","C4620083 M3","reward",0.491035781991389,"86 reward","7 reward"
"18729","M3","C4620083","7","87","C4620083 M3","reward",0.490117756300675,"87 reward","7 reward"
"18730","M3","C4620083","7","88","C4620083 M3","reward",0.489524491841599,"88 reward","7 reward"
"18731","M3","C4620083","7","89","C4620083 M3","reward",0.488597034397353,"89 reward","7 reward"
"18732","M3","C4620083","7","90","C4620083 M3","reward",0.488522714435777,"90 reward","7 reward"
"18733","M3","C4620083","7","91","C4620083 M3","reward",0.488319123478879,"91 reward","7 reward"
"18734","M3","C4620083","7","92","C4620083 M3","reward",0.488098912590738,"92 reward","7 reward"
"18735","M3","C4620083","7","93","C4620083 M3","reward",0.487461088207731,"93 reward","7 reward"
"18736","M3","C4620083","7","94","C4620083 M3","reward",0.486063162326924,"94 reward","7 reward"
"18737","M3","C4620083","7","95","C4620083 M3","reward",0.484533294417769,"95 reward","7 reward"
"18738","M3","C4620083","7","96","C4620083 M3","reward",0.484039786634216,"96 reward","7 reward"
"18739","M3","C4620083","7","97","C4620083 M3","reward",0.482902873614917,"97 reward","7 reward"
"18740","M3","C4620083","7","98","C4620083 M3","reward",0.482859622337719,"98 reward","7 reward"
"18741","M3","C4620083","7","99","C4620083 M3","reward",0.482528459023364,"99 reward","7 reward"
"18742","M3","C4620083","7","100","C4620083 M3","reward",0.482433338393006,"100 reward","7 reward"
"18743","M3","C4620083","7","101","C4620083 M3","reward",0.480113133741262,"101 reward","7 reward"
"18744","M3","C4620083","7","102","C4620083 M3","reward",0.4792154694914,"102 reward","7 reward"
"18745","M3","C4620083","7","103","C4620083 M3","reward",0.478922010885295,"103 reward","7 reward"
"18746","M3","C4620083","7","104","C4620083 M3","reward",0.475740145865424,"104 reward","7 reward"
"18747","M3","C4620083","7","105","C4620083 M3","reward",0.475118773281826,"105 reward","7 reward"
"18748","M3","C4620083","7","106","C4620083 M3","reward",0.473966135108492,"106 reward","7 reward"
"18749","M3","C4620083","7","107","C4620083 M3","reward",0.472249463185866,"107 reward","7 reward"
"18750","M3","C4620083","7","108","C4620083 M3","reward",0.471243122773545,"108 reward","7 reward"
"18751","M3","C4620083","7","109","C4620083 M3","reward",0.470773929079808,"109 reward","7 reward"
"18752","M3","C4620083","7","110","C4620083 M3","reward",0.469035607345178,"110 reward","7 reward"
"18753","M3","C4620083","7","111","C4620083 M3","reward",0.467528993664002,"111 reward","7 reward"
"18754","M3","C4620083","7","112","C4620083 M3","reward",0.466917434163083,"112 reward","7 reward"
"18755","M3","C4620083","7","113","C4620083 M3","reward",0.466615361777215,"113 reward","7 reward"
"18756","M3","C4620083","7","114","C4620083 M3","reward",0.465820671976677,"114 reward","7 reward"
"18757","M3","C4620083","7","115","C4620083 M3","reward",0.465582982899172,"115 reward","7 reward"
"18758","M3","C4620083","7","116","C4620083 M3","reward",0.465508570167368,"116 reward","7 reward"
"18759","M3","C4620083","7","117","C4620083 M3","reward",0.464438420055127,"117 reward","7 reward"
"18760","M3","C4620083","7","118","C4620083 M3","reward",0.464229093649979,"118 reward","7 reward"
"18761","M3","C4620083","7","119","C4620083 M3","reward",0.462430969844035,"119 reward","7 reward"
"18762","M3","C4620083","7","120","C4620083 M3","reward",0.461241269722122,"120 reward","7 reward"
"18763","M3","C4620083","7","121","C4620083 M3","reward",0.460489240177596,"121 reward","7 reward"
"18764","M3","C4620083","7","122","C4620083 M3","reward",0.459648316370848,"122 reward","7 reward"
"18765","M3","C4620083","7","123","C4620083 M3","reward",0.459600611941109,"123 reward","7 reward"
"18766","M3","C4620083","7","124","C4620083 M3","reward",0.459408787945414,"124 reward","7 reward"
"18767","M3","C4620083","7","125","C4620083 M3","reward",0.459038235822859,"125 reward","7 reward"
"18768","M3","C4620083","7","126","C4620083 M3","reward",0.458485546174528,"126 reward","7 reward"
"18769","M3","C4620083","7","127","C4620083 M3","reward",0.457179007165661,"127 reward","7 reward"
"18770","M3","C4620083","7","128","C4620083 M3","reward",0.455577126796862,"128 reward","7 reward"
"18771","M3","C4620083","7","129","C4620083 M3","reward",0.454846518066434,"129 reward","7 reward"
"18772","M3","C4620083","7","130","C4620083 M3","reward",0.453911881995793,"130 reward","7 reward"
"18773","M3","C4620083","7","131","C4620083 M3","reward",0.453140848599462,"131 reward","7 reward"
"18774","M3","C4620083","7","132","C4620083 M3","reward",0.450815345551548,"132 reward","7 reward"
"18775","M3","C4620083","7","133","C4620083 M3","reward",0.44919184408682,"133 reward","7 reward"
"18776","M3","C4620083","7","134","C4620083 M3","reward",0.448876017748959,"134 reward","7 reward"
"18777","M3","C4620083","7","135","C4620083 M3","reward",0.446454257773368,"135 reward","7 reward"
"18778","M3","C4620083","7","136","C4620083 M3","reward",0.446426714488983,"136 reward","7 reward"
"18779","M3","C4620083","7","137","C4620083 M3","reward",0.445873753858227,"137 reward","7 reward"
"18780","M3","C4620083","7","138","C4620083 M3","reward",0.445555080376659,"138 reward","7 reward"
"18781","M3","C4620083","7","139","C4620083 M3","reward",0.443513842434303,"139 reward","7 reward"
"18782","M3","C4620083","7","140","C4620083 M3","reward",0.443272033892956,"140 reward","7 reward"
"18783","M3","C4620083","7","141","C4620083 M3","reward",0.441658977026668,"141 reward","7 reward"
"18784","M3","C4620083","7","142","C4620083 M3","reward",0.441087834834247,"142 reward","7 reward"
"18785","M3","C4620083","7","143","C4620083 M3","reward",0.440513346969298,"143 reward","7 reward"
"18786","M3","C4620083","7","144","C4620083 M3","reward",0.44014788618118,"144 reward","7 reward"
"18787","M3","C4620083","7","145","C4620083 M3","reward",0.439647678355174,"145 reward","7 reward"
"18788","M3","C4620083","7","146","C4620083 M3","reward",0.439355831281035,"146 reward","7 reward"
"18789","M3","C4620083","7","147","C4620083 M3","reward",0.439087107023409,"147 reward","7 reward"
"18790","M3","C4620083","7","148","C4620083 M3","reward",0.436692783712138,"148 reward","7 reward"
"18791","M3","C4620083","7","149","C4620083 M3","reward",0.435516021241133,"149 reward","7 reward"
"18792","M3","C4620083","7","150","C4620083 M3","reward",0.435498518093338,"150 reward","7 reward"
"18793","M3","C4620083","7","151","C4620083 M3","reward",0.434021224856174,"151 reward","7 reward"
"18794","M3","C4620083","7","152","C4620083 M3","reward",0.432162488334717,"152 reward","7 reward"
"18795","M3","C4620083","7","153","C4620083 M3","reward",0.431244879699709,"153 reward","7 reward"
"18796","M3","C4620083","7","154","C4620083 M3","reward",0.429871228268383,"154 reward","7 reward"
"18797","M3","C4620083","7","155","C4620083 M3","reward",0.428798357123608,"155 reward","7 reward"
"18798","M3","C4620083","7","156","C4620083 M3","reward",0.428650824172668,"156 reward","7 reward"
"18799","M3","C4620083","7","157","C4620083 M3","reward",0.426142377186398,"157 reward","7 reward"
"18800","M3","C4620083","7","158","C4620083 M3","reward",0.425751462999887,"158 reward","7 reward"
"18801","M3","C4620083","7","159","C4620083 M3","reward",0.425327730937067,"159 reward","7 reward"
"18802","M3","C4620083","7","160","C4620083 M3","reward",0.425267331782289,"160 reward","7 reward"
"18803","M3","C4620083","7","161","C4620083 M3","reward",0.424427610897175,"161 reward","7 reward"
"18804","M3","C4620083","7","162","C4620083 M3","reward",0.42295483360248,"162 reward","7 reward"
"18805","M3","C4620083","7","163","C4620083 M3","reward",0.422591457122064,"163 reward","7 reward"
"18806","M3","C4620083","7","164","C4620083 M3","reward",0.421869187506223,"164 reward","7 reward"
"18807","M3","C4620083","7","165","C4620083 M3","reward",0.421692580625587,"165 reward","7 reward"
"18808","M3","C4620083","7","166","C4620083 M3","reward",0.421611879824234,"166 reward","7 reward"
"18809","M3","C4620083","7","167","C4620083 M3","reward",0.421035077717289,"167 reward","7 reward"
"18810","M3","C4620083","7","168","C4620083 M3","reward",0.419231231104063,"168 reward","7 reward"
"18811","M3","C4620083","7","169","C4620083 M3","reward",0.419013354434413,"169 reward","7 reward"
"18812","M3","C4620083","7","170","C4620083 M3","reward",0.417529633135182,"170 reward","7 reward"
"18813","M3","C4620083","7","171","C4620083 M3","reward",0.414997425511125,"171 reward","7 reward"
"18814","M3","C4620083","7","172","C4620083 M3","reward",0.414382148595437,"172 reward","7 reward"
"18815","M3","C4620083","7","173","C4620083 M3","reward",0.414143577483722,"173 reward","7 reward"
"18816","M3","C4620083","7","174","C4620083 M3","reward",0.413988193553064,"174 reward","7 reward"
"18817","M3","C4620083","7","175","C4620083 M3","reward",0.412786972745167,"175 reward","7 reward"
"18818","M3","C4620083","7","176","C4620083 M3","reward",0.412238210055146,"176 reward","7 reward"
"18819","M3","C4620083","7","177","C4620083 M3","reward",0.411484233776777,"177 reward","7 reward"
"18820","M3","C4620083","7","178","C4620083 M3","reward",0.410588680910539,"178 reward","7 reward"
"18821","M3","C4620083","7","179","C4620083 M3","reward",0.409925684514032,"179 reward","7 reward"
"18822","M3","C4620083","7","180","C4620083 M3","reward",0.408479564052606,"180 reward","7 reward"
"18823","M3","C4620083","7","181","C4620083 M3","reward",0.40575316692963,"181 reward","7 reward"
"18824","M3","C4620083","7","182","C4620083 M3","reward",0.405360708396375,"182 reward","7 reward"
"18825","M3","C4620083","7","183","C4620083 M3","reward",0.404922174546147,"183 reward","7 reward"
"18826","M3","C4620083","7","184","C4620083 M3","reward",0.404802618285465,"184 reward","7 reward"
"18827","M3","C4620083","7","185","C4620083 M3","reward",0.403670243918355,"185 reward","7 reward"
"18828","M3","C4620083","7","186","C4620083 M3","reward",0.401352808826351,"186 reward","7 reward"
"18829","M3","C4620083","7","187","C4620083 M3","reward",0.400554629087454,"187 reward","7 reward"
"18830","M3","C4620083","7","188","C4620083 M3","reward",0.399379948168996,"188 reward","7 reward"
"18831","M3","C4620083","7","189","C4620083 M3","reward",0.39687811866569,"189 reward","7 reward"
"18832","M3","C4620083","7","190","C4620083 M3","reward",0.395918064302418,"190 reward","7 reward"
"18833","M3","C4620083","7","191","C4620083 M3","reward",0.395342496853631,"191 reward","7 reward"
"18834","M3","C4620083","7","192","C4620083 M3","reward",0.395224588344324,"192 reward","7 reward"
"18835","M3","C4620083","7","193","C4620083 M3","reward",0.394625713837709,"193 reward","7 reward"
"18836","M3","C4620083","7","194","C4620083 M3","reward",0.392970581040382,"194 reward","7 reward"
"18837","M3","C4620083","7","195","C4620083 M3","reward",0.392025676050834,"195 reward","7 reward"
"18838","M3","C4620083","7","196","C4620083 M3","reward",0.390434736976135,"196 reward","7 reward"
"18839","M3","C4620083","7","197","C4620083 M3","reward",0.387719883539268,"197 reward","7 reward"
"18840","M3","C4620083","7","198","C4620083 M3","reward",0.386483725281541,"198 reward","7 reward"
"18841","M3","C4620083","7","199","C4620083 M3","reward",0.385181139350077,"199 reward","7 reward"
"18842","M3","C4620083","7","200","C4620083 M3","reward",0.385139295768518,"200 reward","7 reward"
"18843","M3","C4620083","7","201","C4620083 M3","reward",0.382348913785039,"201 reward","7 reward"
"18844","M3","C4620083","7","202","C4620083 M3","reward",0.376527047945779,"202 reward","7 reward"
"18845","M3","C4620083","7","203","C4620083 M3","reward",0.376487266736762,"203 reward","7 reward"
"18846","M3","C4620083","7","204","C4620083 M3","reward",0.375727767522764,"204 reward","7 reward"
"18847","M3","C4620083","7","205","C4620083 M3","reward",0.375637776234545,"205 reward","7 reward"
"18848","M3","C4620083","7","206","C4620083 M3","reward",0.374743219897942,"206 reward","7 reward"
"18849","M3","C4620083","7","207","C4620083 M3","reward",0.374727599768036,"207 reward","7 reward"
"18850","M3","C4620083","7","208","C4620083 M3","reward",0.37421972657501,"208 reward","7 reward"
"18851","M3","C4620083","7","209","C4620083 M3","reward",0.374138213665705,"209 reward","7 reward"
"18852","M3","C4620083","7","210","C4620083 M3","reward",0.373628663424492,"210 reward","7 reward"
"18853","M3","C4620083","7","211","C4620083 M3","reward",0.373552938702666,"211 reward","7 reward"
"18854","M3","C4620083","7","212","C4620083 M3","reward",0.370322756549824,"212 reward","7 reward"
"18855","M3","C4620083","7","213","C4620083 M3","reward",0.368398755184104,"213 reward","7 reward"
"18856","M3","C4620083","7","214","C4620083 M3","reward",0.367334026025356,"214 reward","7 reward"
"18857","M3","C4620083","7","215","C4620083 M3","reward",0.366114656239637,"215 reward","7 reward"
"18858","M3","C4620083","7","216","C4620083 M3","reward",0.366012495588426,"216 reward","7 reward"
"18859","M3","C4620083","7","217","C4620083 M3","reward",0.365875860475745,"217 reward","7 reward"
"18860","M3","C4620083","7","218","C4620083 M3","reward",0.36478941594757,"218 reward","7 reward"
"18861","M3","C4620083","7","219","C4620083 M3","reward",0.364435141354947,"219 reward","7 reward"
"18862","M3","C4620083","7","220","C4620083 M3","reward",0.363538473546976,"220 reward","7 reward"
"18863","M3","C4620083","7","221","C4620083 M3","reward",0.363064854272865,"221 reward","7 reward"
"18864","M3","C4620083","7","222","C4620083 M3","reward",0.36279184646968,"222 reward","7 reward"
"18865","M3","C4620083","7","223","C4620083 M3","reward",0.357983420863451,"223 reward","7 reward"
"18866","M3","C4620083","7","224","C4620083 M3","reward",0.357786785580388,"224 reward","7 reward"
"18867","M3","C4620083","7","225","C4620083 M3","reward",0.357781010251175,"225 reward","7 reward"
"18868","M3","C4620083","7","226","C4620083 M3","reward",0.35688759057783,"226 reward","7 reward"
"18869","M3","C4620083","7","227","C4620083 M3","reward",0.355356694715703,"227 reward","7 reward"
"18870","M3","C4620083","7","228","C4620083 M3","reward",0.350680185289917,"228 reward","7 reward"
"18871","M3","C4620083","7","229","C4620083 M3","reward",0.348422786691859,"229 reward","7 reward"
"18872","M3","C4620083","7","230","C4620083 M3","reward",0.34754633190019,"230 reward","7 reward"
"18873","M3","C4620083","7","231","C4620083 M3","reward",0.346787412102953,"231 reward","7 reward"
"18874","M3","C4620083","7","232","C4620083 M3","reward",0.345214012750679,"232 reward","7 reward"
"18875","M3","C4620083","7","233","C4620083 M3","reward",0.343640702264968,"233 reward","7 reward"
"18876","M3","C4620083","7","234","C4620083 M3","reward",0.343465651750915,"234 reward","7 reward"
"18877","M3","C4620083","7","235","C4620083 M3","reward",0.341972643083589,"235 reward","7 reward"
"18878","M3","C4620083","7","236","C4620083 M3","reward",0.341561380719108,"236 reward","7 reward"
"18879","M3","C4620083","7","237","C4620083 M3","reward",0.340077066642972,"237 reward","7 reward"
"18880","M3","C4620083","7","238","C4620083 M3","reward",0.335354847897865,"238 reward","7 reward"
"18881","M3","C4620083","7","239","C4620083 M3","reward",0.333450197191576,"239 reward","7 reward"
"18882","M3","C4620083","7","240","C4620083 M3","reward",0.332145419734316,"240 reward","7 reward"
"18883","M3","C4620083","7","241","C4620083 M3","reward",0.33073911808661,"241 reward","7 reward"
"18884","M3","C4620083","7","242","C4620083 M3","reward",0.329119578014088,"242 reward","7 reward"
"18885","M3","C4620083","7","243","C4620083 M3","reward",0.326554129346539,"243 reward","7 reward"
"18886","M3","C4620083","7","244","C4620083 M3","reward",0.323090048142565,"244 reward","7 reward"
"18887","M3","C4620083","7","245","C4620083 M3","reward",0.322561438432247,"245 reward","7 reward"
"18888","M3","C4620083","7","246","C4620083 M3","reward",0.320346367130543,"246 reward","7 reward"
"18889","M3","C4620083","7","247","C4620083 M3","reward",0.320257028886672,"247 reward","7 reward"
"18890","M3","C4620083","7","248","C4620083 M3","reward",0.319316305914615,"248 reward","7 reward"
"18891","M3","C4620083","7","249","C4620083 M3","reward",0.317600490304635,"249 reward","7 reward"
"18892","M3","C4620083","7","250","C4620083 M3","reward",0.315272728635197,"250 reward","7 reward"
"18893","M3","C4620083","7","251","C4620083 M3","reward",0.314760413545567,"251 reward","7 reward"
"18894","M3","C4620083","7","252","C4620083 M3","reward",0.314307189732272,"252 reward","7 reward"
"18895","M3","C4620083","7","253","C4620083 M3","reward",0.313723352269689,"253 reward","7 reward"
"18896","M3","C4620083","7","254","C4620083 M3","reward",0.311866660108548,"254 reward","7 reward"
"18897","M3","C4620083","7","255","C4620083 M3","reward",0.309605349262326,"255 reward","7 reward"
"18898","M3","C4620083","7","256","C4620083 M3","reward",0.309084111469351,"256 reward","7 reward"
"18899","M3","C4620083","7","257","C4620083 M3","reward",0.307070401176189,"257 reward","7 reward"
"18900","M3","C4620083","7","258","C4620083 M3","reward",0.304810219989183,"258 reward","7 reward"
"18901","M3","C4620083","7","259","C4620083 M3","reward",0.301659053261726,"259 reward","7 reward"
"18902","M3","C4620083","7","260","C4620083 M3","reward",0.301479380400074,"260 reward","7 reward"
"18903","M3","C4620083","7","261","C4620083 M3","reward",0.298965605050887,"261 reward","7 reward"
"18904","M3","C4620083","7","262","C4620083 M3","reward",0.297227112491734,"262 reward","7 reward"
"18905","M3","C4620083","7","263","C4620083 M3","reward",0.294691767729718,"263 reward","7 reward"
"18906","M3","C4620083","7","264","C4620083 M3","reward",0.292078046310585,"264 reward","7 reward"
"18907","M3","C4620083","7","265","C4620083 M3","reward",0.290951705174853,"265 reward","7 reward"
"18908","M3","C4620083","7","266","C4620083 M3","reward",0.287632090113768,"266 reward","7 reward"
"18909","M3","C4620083","7","267","C4620083 M3","reward",0.284381319000842,"267 reward","7 reward"
"18910","M3","C4620083","7","268","C4620083 M3","reward",0.283100086697498,"268 reward","7 reward"
"18911","M3","C4620083","7","269","C4620083 M3","reward",0.2825931111062,"269 reward","7 reward"
"18912","M3","C4620083","7","270","C4620083 M3","reward",0.28167095592371,"270 reward","7 reward"
"18913","M3","C4620083","7","271","C4620083 M3","reward",0.280867450231666,"271 reward","7 reward"
"18914","M3","C4620083","7","272","C4620083 M3","reward",0.279550212111402,"272 reward","7 reward"
"18915","M3","C4620083","7","273","C4620083 M3","reward",0.275190775077904,"273 reward","7 reward"
"18916","M3","C4620083","7","274","C4620083 M3","reward",0.272283402448079,"274 reward","7 reward"
"18917","M3","C4620083","7","275","C4620083 M3","reward",0.272235716032263,"275 reward","7 reward"
"18918","M3","C4620083","7","276","C4620083 M3","reward",0.271379311466514,"276 reward","7 reward"
"18919","M3","C4620083","7","277","C4620083 M3","reward",0.269193479925912,"277 reward","7 reward"
"18920","M3","C4620083","7","278","C4620083 M3","reward",0.268061229923771,"278 reward","7 reward"
"18921","M3","C4620083","7","279","C4620083 M3","reward",0.266711809723396,"279 reward","7 reward"
"18922","M3","C4620083","7","280","C4620083 M3","reward",0.266666605788611,"280 reward","7 reward"
"18923","M3","C4620083","7","281","C4620083 M3","reward",0.262402903905256,"281 reward","7 reward"
"18924","M3","C4620083","7","282","C4620083 M3","reward",0.262097153416221,"282 reward","7 reward"
"18925","M3","C4620083","7","283","C4620083 M3","reward",0.256243011932652,"283 reward","7 reward"
"18926","M3","C4620083","7","284","C4620083 M3","reward",0.255416331360926,"284 reward","7 reward"
"18927","M3","C4620083","7","285","C4620083 M3","reward",0.251983935489183,"285 reward","7 reward"
"18928","M3","C4620083","7","286","C4620083 M3","reward",0.245955618780398,"286 reward","7 reward"
"18929","M3","C4620083","7","287","C4620083 M3","reward",0.243383706709978,"287 reward","7 reward"
"18930","M3","C4620083","7","288","C4620083 M3","reward",0.242068739738956,"288 reward","7 reward"
"18931","M3","C4620083","7","289","C4620083 M3","reward",0.241883217280884,"289 reward","7 reward"
"18932","M3","C4620083","7","290","C4620083 M3","reward",0.239392806559904,"290 reward","7 reward"
"18933","M3","C4620083","7","291","C4620083 M3","reward",0.233793010695028,"291 reward","7 reward"
"18934","M3","C4620083","7","292","C4620083 M3","reward",0.233338668839147,"292 reward","7 reward"
"18935","M3","C4620083","7","293","C4620083 M3","reward",0.232228996310896,"293 reward","7 reward"
"18936","M3","C4620083","7","294","C4620083 M3","reward",0.230079672552323,"294 reward","7 reward"
"18937","M3","C4620083","7","295","C4620083 M3","reward",0.225028284257066,"295 reward","7 reward"
"18938","M3","C4620083","7","296","C4620083 M3","reward",0.21734696155359,"296 reward","7 reward"
"18939","M3","C4620083","7","297","C4620083 M3","reward",0.214745821519437,"297 reward","7 reward"
"18940","M3","C4620083","7","298","C4620083 M3","reward",0.204128226364699,"298 reward","7 reward"
"18941","M3","C4620083","7","299","C4620083 M3","reward",0.201623714290771,"299 reward","7 reward"
"18942","M3","C4620083","7","300","C4620083 M3","reward",0.199176208665889,"300 reward","7 reward"
"18943","M3","C4620083","7","301","C4620083 M3","reward",0.196185586024809,"301 reward","7 reward"
"18944","M3","C4620083","7","302","C4620083 M3","reward",0.193321881362908,"302 reward","7 reward"
"18945","M3","C4620083","7","303","C4620083 M3","reward",0.189247605871706,"303 reward","7 reward"
"18946","M3","C4620083","7","304","C4620083 M3","reward",0.187987235127317,"304 reward","7 reward"
"18947","M3","C4620083","7","305","C4620083 M3","reward",0.17984815139377,"305 reward","7 reward"
"18948","M3","C4620083","7","306","C4620083 M3","reward",0.169516442723066,"306 reward","7 reward"
"18949","M3","C4620083","7","307","C4620083 M3","reward",0.167746930729136,"307 reward","7 reward"
"18950","M3","C4620083","7","308","C4620083 M3","reward",0.16035770047761,"308 reward","7 reward"
"18951","M3","C4620083","7","309","C4620083 M3","reward",0.159297635588962,"309 reward","7 reward"
"18952","M3","C4620083","7","310","C4620083 M3","reward",0.152679961375731,"310 reward","7 reward"
"18953","M3","C4620083","7","311","C4620083 M3","reward",0.147813052773397,"311 reward","7 reward"
"18954","M3","C4620083","7","312","C4620083 M3","reward",0.143765401292141,"312 reward","7 reward"
"18955","M3","C4620083","7","313","C4620083 M3","reward",0.14082270524777,"313 reward","7 reward"
"18956","M3","C4620083","7","314","C4620083 M3","reward",0.115155304420627,"314 reward","7 reward"
"18957","M3","C4620083","7","315","C4620083 M3","reward",0.050120461666007,"315 reward","7 reward"
"18958","M3","C4620083","7","316","C4620083 M3","reward",0.0400233732473596,"316 reward","7 reward"
"18959","M3","C4620083","7","317","C4620083 M3","reward",0.0261194114978154,"317 reward","7 reward"
"18960","M3","C4620083","7","318","C4620083 M3","reward",0.0200715429102207,"318 reward","7 reward"
"18961","M3","C4620083","7","319","C4620083 M3","reward",0.01079404382343,"319 reward","7 reward"
"18962","M3","C4620083","7","320","C4620083 M3","reward",0.00482636921932484,"320 reward","7 reward"
"18963","M3","C4620083","7","321","C4620083 M3","reward",0.00454631969491602,"321 reward","7 reward"
"18964","M3","C4620083","7","322","C4620083 M3","reward",0.00445641864142129,"322 reward","7 reward"
"18965","M3","C4620083","7","323","C4620083 M3","reward",-0.00294832585905437,"323 reward","7 reward"
"18966","M3","C4620083","7","324","C4620083 M3","reward",-0.00745672888016684,"324 reward","7 reward"
"18967","M3","C4620083","7","325","C4620083 M3","reward",-0.0136365475067007,"325 reward","7 reward"
"18968","M3","C4620083","7","326","C4620083 M3","reward",-0.0220199004389924,"326 reward","7 reward"
"18969","M3","C4620083","7","327","C4620083 M3","reward",-0.0518793770520245,"327 reward","7 reward"
"18970","M4","C4620083","7","0","C4620083 M4","reward",0.101409095593401,"0 reward","7 reward"
"18971","M4","C4620083","7","1","C4620083 M4","reward",0.0920619324967612,"1 reward","7 reward"
"18972","M4","C4620083","7","2","C4620083 M4","reward",0.0861708113504526,"2 reward","7 reward"
"18973","M4","C4620083","7","3","C4620083 M4","reward",0.0844987185878683,"3 reward","7 reward"
"18974","M4","C4620083","7","4","C4620083 M4","reward",0.0837630338922101,"4 reward","7 reward"
"18975","M4","C4620083","7","5","C4620083 M4","reward",0.079019181238549,"5 reward","7 reward"
"18976","M4","C4620083","7","6","C4620083 M4","reward",0.0743845909332533,"6 reward","7 reward"
"18977","M4","C4620083","7","7","C4620083 M4","reward",0.0738650122122936,"7 reward","7 reward"
"18978","M4","C4620083","7","8","C4620083 M4","reward",0.0728671985959155,"8 reward","7 reward"
"18979","M4","C4620083","7","9","C4620083 M4","reward",0.0722915872005495,"9 reward","7 reward"
"18980","M4","C4620083","7","10","C4620083 M4","reward",0.0710433945951039,"10 reward","7 reward"
"18981","M4","C4620083","7","11","C4620083 M4","reward",0.0704855827066202,"11 reward","7 reward"
"18982","M4","C4620083","7","12","C4620083 M4","reward",0.0699859951315575,"12 reward","7 reward"
"18983","M4","C4620083","7","13","C4620083 M4","reward",0.069876439425642,"13 reward","7 reward"
"18984","M4","C4620083","7","14","C4620083 M4","reward",0.0695303531615863,"14 reward","7 reward"
"18985","M4","C4620083","7","15","C4620083 M4","reward",0.0678162845457669,"15 reward","7 reward"
"18986","M4","C4620083","7","16","C4620083 M4","reward",0.0675347451881974,"16 reward","7 reward"
"18987","M4","C4620083","7","17","C4620083 M4","reward",0.0672332014171437,"17 reward","7 reward"
"18988","M4","C4620083","7","18","C4620083 M4","reward",0.0668522255296956,"18 reward","7 reward"
"18989","M4","C4620083","7","19","C4620083 M4","reward",0.06670252774592,"19 reward","7 reward"
"18990","M4","C4620083","7","20","C4620083 M4","reward",0.0659299796607475,"20 reward","7 reward"
"18991","M4","C4620083","7","21","C4620083 M4","reward",0.0650315800451365,"21 reward","7 reward"
"18992","M4","C4620083","7","22","C4620083 M4","reward",0.0632316855025588,"22 reward","7 reward"
"18993","M4","C4620083","7","23","C4620083 M4","reward",0.0624741411082265,"23 reward","7 reward"
"18994","M4","C4620083","7","24","C4620083 M4","reward",0.0622921323840147,"24 reward","7 reward"
"18995","M4","C4620083","7","25","C4620083 M4","reward",0.0618643500192657,"25 reward","7 reward"
"18996","M4","C4620083","7","26","C4620083 M4","reward",0.0615963264620672,"26 reward","7 reward"
"18997","M4","C4620083","7","27","C4620083 M4","reward",0.0615117091417904,"27 reward","7 reward"
"18998","M4","C4620083","7","28","C4620083 M4","reward",0.0608801055246842,"28 reward","7 reward"
"18999","M4","C4620083","7","29","C4620083 M4","reward",0.0599371695616235,"29 reward","7 reward"
"19000","M4","C4620083","7","30","C4620083 M4","reward",0.0598699966672683,"30 reward","7 reward"
"19001","M4","C4620083","7","31","C4620083 M4","reward",0.0598223789996895,"31 reward","7 reward"
"19002","M4","C4620083","7","32","C4620083 M4","reward",0.0596061841738555,"32 reward","7 reward"
"19003","M4","C4620083","7","33","C4620083 M4","reward",0.0593970718562863,"33 reward","7 reward"
"19004","M4","C4620083","7","34","C4620083 M4","reward",0.0593104659708775,"34 reward","7 reward"
"19005","M4","C4620083","7","35","C4620083 M4","reward",0.0592454255946681,"35 reward","7 reward"
"19006","M4","C4620083","7","36","C4620083 M4","reward",0.0591687340802545,"36 reward","7 reward"
"19007","M4","C4620083","7","37","C4620083 M4","reward",0.0589734183686213,"37 reward","7 reward"
"19008","M4","C4620083","7","38","C4620083 M4","reward",0.0584871680624877,"38 reward","7 reward"
"19009","M4","C4620083","7","39","C4620083 M4","reward",0.058151830153272,"39 reward","7 reward"
"19010","M4","C4620083","7","40","C4620083 M4","reward",0.0580042832852134,"40 reward","7 reward"
"19011","M4","C4620083","7","41","C4620083 M4","reward",0.0567398776901528,"41 reward","7 reward"
"19012","M4","C4620083","7","42","C4620083 M4","reward",0.0565363817185277,"42 reward","7 reward"
"19013","M4","C4620083","7","43","C4620083 M4","reward",0.0561281878746307,"43 reward","7 reward"
"19014","M4","C4620083","7","44","C4620083 M4","reward",0.0557965146367184,"44 reward","7 reward"
"19015","M4","C4620083","7","45","C4620083 M4","reward",0.0557666897864357,"45 reward","7 reward"
"19016","M4","C4620083","7","46","C4620083 M4","reward",0.0535518030651995,"46 reward","7 reward"
"19017","M4","C4620083","7","47","C4620083 M4","reward",0.0535084516373093,"47 reward","7 reward"
"19018","M4","C4620083","7","48","C4620083 M4","reward",0.0534087614291057,"48 reward","7 reward"
"19019","M4","C4620083","7","49","C4620083 M4","reward",0.0533009724799416,"49 reward","7 reward"
"19020","M4","C4620083","7","50","C4620083 M4","reward",0.0532754611440994,"50 reward","7 reward"
"19021","M4","C4620083","7","51","C4620083 M4","reward",0.0531661698016501,"51 reward","7 reward"
"19022","M4","C4620083","7","52","C4620083 M4","reward",0.0526306494475035,"52 reward","7 reward"
"19023","M4","C4620083","7","53","C4620083 M4","reward",0.0526271944574348,"53 reward","7 reward"
"19024","M4","C4620083","7","54","C4620083 M4","reward",0.0524218148663005,"54 reward","7 reward"
"19025","M4","C4620083","7","55","C4620083 M4","reward",0.0524106235473844,"55 reward","7 reward"
"19026","M4","C4620083","7","56","C4620083 M4","reward",0.0522166132318569,"56 reward","7 reward"
"19027","M4","C4620083","7","57","C4620083 M4","reward",0.0518506515754786,"57 reward","7 reward"
"19028","M4","C4620083","7","58","C4620083 M4","reward",0.0517305811813331,"58 reward","7 reward"
"19029","M4","C4620083","7","59","C4620083 M4","reward",0.0506757224843323,"59 reward","7 reward"
"19030","M4","C4620083","7","60","C4620083 M4","reward",0.0506417349435676,"60 reward","7 reward"
"19031","M4","C4620083","7","61","C4620083 M4","reward",0.0506411166118914,"61 reward","7 reward"
"19032","M4","C4620083","7","62","C4620083 M4","reward",0.050587940029582,"62 reward","7 reward"
"19033","M4","C4620083","7","63","C4620083 M4","reward",0.0503521147307253,"63 reward","7 reward"
"19034","M4","C4620083","7","64","C4620083 M4","reward",0.0494585892156175,"64 reward","7 reward"
"19035","M4","C4620083","7","65","C4620083 M4","reward",0.049384562690318,"65 reward","7 reward"
"19036","M4","C4620083","7","66","C4620083 M4","reward",0.0492510315742004,"66 reward","7 reward"
"19037","M4","C4620083","7","67","C4620083 M4","reward",0.0490175392178926,"67 reward","7 reward"
"19038","M4","C4620083","7","68","C4620083 M4","reward",0.0488192443986596,"68 reward","7 reward"
"19039","M4","C4620083","7","69","C4620083 M4","reward",0.0487380202128474,"69 reward","7 reward"
"19040","M4","C4620083","7","70","C4620083 M4","reward",0.0484345944094502,"70 reward","7 reward"
"19041","M4","C4620083","7","71","C4620083 M4","reward",0.0482339633820602,"71 reward","7 reward"
"19042","M4","C4620083","7","72","C4620083 M4","reward",0.0475931741008256,"72 reward","7 reward"
"19043","M4","C4620083","7","73","C4620083 M4","reward",0.0474234580731935,"73 reward","7 reward"
"19044","M4","C4620083","7","74","C4620083 M4","reward",0.0473524668254657,"74 reward","7 reward"
"19045","M4","C4620083","7","75","C4620083 M4","reward",0.0472404139193012,"75 reward","7 reward"
"19046","M4","C4620083","7","76","C4620083 M4","reward",0.0470516166604143,"76 reward","7 reward"
"19047","M4","C4620083","7","77","C4620083 M4","reward",0.0470472206814876,"77 reward","7 reward"
"19048","M4","C4620083","7","78","C4620083 M4","reward",0.0470414099436711,"78 reward","7 reward"
"19049","M4","C4620083","7","79","C4620083 M4","reward",0.0469912032395883,"79 reward","7 reward"
"19050","M4","C4620083","7","80","C4620083 M4","reward",0.0464982025175232,"80 reward","7 reward"
"19051","M4","C4620083","7","81","C4620083 M4","reward",0.0464937111658447,"81 reward","7 reward"
"19052","M4","C4620083","7","82","C4620083 M4","reward",0.0464479429096443,"82 reward","7 reward"
"19053","M4","C4620083","7","83","C4620083 M4","reward",0.0463641677959314,"83 reward","7 reward"
"19054","M4","C4620083","7","84","C4620083 M4","reward",0.0460735996553357,"84 reward","7 reward"
"19055","M4","C4620083","7","85","C4620083 M4","reward",0.0459045273022573,"85 reward","7 reward"
"19056","M4","C4620083","7","86","C4620083 M4","reward",0.0458953143224842,"86 reward","7 reward"
"19057","M4","C4620083","7","87","C4620083 M4","reward",0.0458627121434022,"87 reward","7 reward"
"19058","M4","C4620083","7","88","C4620083 M4","reward",0.0456050883124874,"88 reward","7 reward"
"19059","M4","C4620083","7","89","C4620083 M4","reward",0.0453959798943033,"89 reward","7 reward"
"19060","M4","C4620083","7","90","C4620083 M4","reward",0.0452881737036906,"90 reward","7 reward"
"19061","M4","C4620083","7","91","C4620083 M4","reward",0.0452346940529332,"91 reward","7 reward"
"19062","M4","C4620083","7","92","C4620083 M4","reward",0.045232832752165,"92 reward","7 reward"
"19063","M4","C4620083","7","93","C4620083 M4","reward",0.0450940815057224,"93 reward","7 reward"
"19064","M4","C4620083","7","94","C4620083 M4","reward",0.0449164165342202,"94 reward","7 reward"
"19065","M4","C4620083","7","95","C4620083 M4","reward",0.0448198721335742,"95 reward","7 reward"
"19066","M4","C4620083","7","96","C4620083 M4","reward",0.0447180514449158,"96 reward","7 reward"
"19067","M4","C4620083","7","97","C4620083 M4","reward",0.044491701273281,"97 reward","7 reward"
"19068","M4","C4620083","7","98","C4620083 M4","reward",0.0444524642119604,"98 reward","7 reward"
"19069","M4","C4620083","7","99","C4620083 M4","reward",0.0443403906646165,"99 reward","7 reward"
"19070","M4","C4620083","7","100","C4620083 M4","reward",0.0443152576996343,"100 reward","7 reward"
"19071","M4","C4620083","7","101","C4620083 M4","reward",0.0442621446451047,"101 reward","7 reward"
"19072","M4","C4620083","7","102","C4620083 M4","reward",0.0441758418632276,"102 reward","7 reward"
"19073","M4","C4620083","7","103","C4620083 M4","reward",0.043750374879672,"103 reward","7 reward"
"19074","M4","C4620083","7","104","C4620083 M4","reward",0.0437161647827351,"104 reward","7 reward"
"19075","M4","C4620083","7","105","C4620083 M4","reward",0.0437050149629553,"105 reward","7 reward"
"19076","M4","C4620083","7","106","C4620083 M4","reward",0.0436676825163804,"106 reward","7 reward"
"19077","M4","C4620083","7","107","C4620083 M4","reward",0.0435578513956042,"107 reward","7 reward"
"19078","M4","C4620083","7","108","C4620083 M4","reward",0.0434953489049109,"108 reward","7 reward"
"19079","M4","C4620083","7","109","C4620083 M4","reward",0.0428262153710358,"109 reward","7 reward"
"19080","M4","C4620083","7","110","C4620083 M4","reward",0.0426329015418304,"110 reward","7 reward"
"19081","M4","C4620083","7","111","C4620083 M4","reward",0.0417927018561761,"111 reward","7 reward"
"19082","M4","C4620083","7","112","C4620083 M4","reward",0.0416151397039248,"112 reward","7 reward"
"19083","M4","C4620083","7","113","C4620083 M4","reward",0.0415385952506635,"113 reward","7 reward"
"19084","M4","C4620083","7","114","C4620083 M4","reward",0.0414498268376503,"114 reward","7 reward"
"19085","M4","C4620083","7","115","C4620083 M4","reward",0.041365657949362,"115 reward","7 reward"
"19086","M4","C4620083","7","116","C4620083 M4","reward",0.0412389068609798,"116 reward","7 reward"
"19087","M4","C4620083","7","117","C4620083 M4","reward",0.0411676770675134,"117 reward","7 reward"
"19088","M4","C4620083","7","118","C4620083 M4","reward",0.040956429077884,"118 reward","7 reward"
"19089","M4","C4620083","7","119","C4620083 M4","reward",0.0408243319856201,"119 reward","7 reward"
"19090","M4","C4620083","7","120","C4620083 M4","reward",0.0407952871953761,"120 reward","7 reward"
"19091","M4","C4620083","7","121","C4620083 M4","reward",0.039901435362664,"121 reward","7 reward"
"19092","M4","C4620083","7","122","C4620083 M4","reward",0.0396620603576112,"122 reward","7 reward"
"19093","M4","C4620083","7","123","C4620083 M4","reward",0.0395934541386451,"123 reward","7 reward"
"19094","M4","C4620083","7","124","C4620083 M4","reward",0.0395532394335733,"124 reward","7 reward"
"19095","M4","C4620083","7","125","C4620083 M4","reward",0.0393482424238981,"125 reward","7 reward"
"19096","M4","C4620083","7","126","C4620083 M4","reward",0.039145237929689,"126 reward","7 reward"
"19097","M4","C4620083","7","127","C4620083 M4","reward",0.0390185285100102,"127 reward","7 reward"
"19098","M4","C4620083","7","128","C4620083 M4","reward",0.0389646739283637,"128 reward","7 reward"
"19099","M4","C4620083","7","129","C4620083 M4","reward",0.0388844219467341,"129 reward","7 reward"
"19100","M4","C4620083","7","130","C4620083 M4","reward",0.0387847701854617,"130 reward","7 reward"
"19101","M4","C4620083","7","131","C4620083 M4","reward",0.0386771997926295,"131 reward","7 reward"
"19102","M4","C4620083","7","132","C4620083 M4","reward",0.0385704797064792,"132 reward","7 reward"
"19103","M4","C4620083","7","133","C4620083 M4","reward",0.0382731252535238,"133 reward","7 reward"
"19104","M4","C4620083","7","134","C4620083 M4","reward",0.0374090785709464,"134 reward","7 reward"
"19105","M4","C4620083","7","135","C4620083 M4","reward",0.0373972139282677,"135 reward","7 reward"
"19106","M4","C4620083","7","136","C4620083 M4","reward",0.0373574461325747,"136 reward","7 reward"
"19107","M4","C4620083","7","137","C4620083 M4","reward",0.0372356381157679,"137 reward","7 reward"
"19108","M4","C4620083","7","138","C4620083 M4","reward",0.0371673127079202,"138 reward","7 reward"
"19109","M4","C4620083","7","139","C4620083 M4","reward",0.0371400017916526,"139 reward","7 reward"
"19110","M4","C4620083","7","140","C4620083 M4","reward",0.0370034161827417,"140 reward","7 reward"
"19111","M4","C4620083","7","141","C4620083 M4","reward",0.0368724607791023,"141 reward","7 reward"
"19112","M4","C4620083","7","142","C4620083 M4","reward",0.0366432313689712,"142 reward","7 reward"
"19113","M4","C4620083","7","143","C4620083 M4","reward",0.0363033976312841,"143 reward","7 reward"
"19114","M4","C4620083","7","144","C4620083 M4","reward",0.0360914592841455,"144 reward","7 reward"
"19115","M4","C4620083","7","145","C4620083 M4","reward",0.0360159574083419,"145 reward","7 reward"
"19116","M4","C4620083","7","146","C4620083 M4","reward",0.0359445659347417,"146 reward","7 reward"
"19117","M4","C4620083","7","147","C4620083 M4","reward",0.0358906327009101,"147 reward","7 reward"
"19118","M4","C4620083","7","148","C4620083 M4","reward",0.0358014327868221,"148 reward","7 reward"
"19119","M4","C4620083","7","149","C4620083 M4","reward",0.0356048932972899,"149 reward","7 reward"
"19120","M4","C4620083","7","150","C4620083 M4","reward",0.0353422389691341,"150 reward","7 reward"
"19121","M4","C4620083","7","151","C4620083 M4","reward",0.0353311915635235,"151 reward","7 reward"
"19122","M4","C4620083","7","152","C4620083 M4","reward",0.0352008559578797,"152 reward","7 reward"
"19123","M4","C4620083","7","153","C4620083 M4","reward",0.0349642167139168,"153 reward","7 reward"
"19124","M4","C4620083","7","154","C4620083 M4","reward",0.0349285889396252,"154 reward","7 reward"
"19125","M4","C4620083","7","155","C4620083 M4","reward",0.0349030929194825,"155 reward","7 reward"
"19126","M4","C4620083","7","156","C4620083 M4","reward",0.0347889309548796,"156 reward","7 reward"
"19127","M4","C4620083","7","157","C4620083 M4","reward",0.0347872028483247,"157 reward","7 reward"
"19128","M4","C4620083","7","158","C4620083 M4","reward",0.0347846390319289,"158 reward","7 reward"
"19129","M4","C4620083","7","159","C4620083 M4","reward",0.0347774697762586,"159 reward","7 reward"
"19130","M4","C4620083","7","160","C4620083 M4","reward",0.0347197181178946,"160 reward","7 reward"
"19131","M4","C4620083","7","161","C4620083 M4","reward",0.0346578627021513,"161 reward","7 reward"
"19132","M4","C4620083","7","162","C4620083 M4","reward",0.0345741161713104,"162 reward","7 reward"
"19133","M4","C4620083","7","163","C4620083 M4","reward",0.0345664085825831,"163 reward","7 reward"
"19134","M4","C4620083","7","164","C4620083 M4","reward",0.0345104475245492,"164 reward","7 reward"
"19135","M4","C4620083","7","165","C4620083 M4","reward",0.0344733060501623,"165 reward","7 reward"
"19136","M4","C4620083","7","166","C4620083 M4","reward",0.0343952143696358,"166 reward","7 reward"
"19137","M4","C4620083","7","167","C4620083 M4","reward",0.0343612228646623,"167 reward","7 reward"
"19138","M4","C4620083","7","168","C4620083 M4","reward",0.0342844529817252,"168 reward","7 reward"
"19139","M4","C4620083","7","169","C4620083 M4","reward",0.0342517874656411,"169 reward","7 reward"
"19140","M4","C4620083","7","170","C4620083 M4","reward",0.0342123436163732,"170 reward","7 reward"
"19141","M4","C4620083","7","171","C4620083 M4","reward",0.0341355667405864,"171 reward","7 reward"
"19142","M4","C4620083","7","172","C4620083 M4","reward",0.0341053244775911,"172 reward","7 reward"
"19143","M4","C4620083","7","173","C4620083 M4","reward",0.0339087000897424,"173 reward","7 reward"
"19144","M4","C4620083","7","174","C4620083 M4","reward",0.0337891703979745,"174 reward","7 reward"
"19145","M4","C4620083","7","175","C4620083 M4","reward",0.033735744165421,"175 reward","7 reward"
"19146","M4","C4620083","7","176","C4620083 M4","reward",0.0336477385251767,"176 reward","7 reward"
"19147","M4","C4620083","7","177","C4620083 M4","reward",0.0336011729591893,"177 reward","7 reward"
"19148","M4","C4620083","7","178","C4620083 M4","reward",0.0332861842302354,"178 reward","7 reward"
"19149","M4","C4620083","7","179","C4620083 M4","reward",0.033252055783594,"179 reward","7 reward"
"19150","M4","C4620083","7","180","C4620083 M4","reward",0.0332128469269473,"180 reward","7 reward"
"19151","M4","C4620083","7","181","C4620083 M4","reward",0.0331576708412328,"181 reward","7 reward"
"19152","M4","C4620083","7","182","C4620083 M4","reward",0.0330621415927434,"182 reward","7 reward"
"19153","M4","C4620083","7","183","C4620083 M4","reward",0.0328748879720697,"183 reward","7 reward"
"19154","M4","C4620083","7","184","C4620083 M4","reward",0.0325820737801995,"184 reward","7 reward"
"19155","M4","C4620083","7","185","C4620083 M4","reward",0.0322349985038357,"185 reward","7 reward"
"19156","M4","C4620083","7","186","C4620083 M4","reward",0.0321790037554595,"186 reward","7 reward"
"19157","M4","C4620083","7","187","C4620083 M4","reward",0.0321489044325385,"187 reward","7 reward"
"19158","M4","C4620083","7","188","C4620083 M4","reward",0.03191347893454,"188 reward","7 reward"
"19159","M4","C4620083","7","189","C4620083 M4","reward",0.0316809892170674,"189 reward","7 reward"
"19160","M4","C4620083","7","190","C4620083 M4","reward",0.0316588549397105,"190 reward","7 reward"
"19161","M4","C4620083","7","191","C4620083 M4","reward",0.0316563428022028,"191 reward","7 reward"
"19162","M4","C4620083","7","192","C4620083 M4","reward",0.031459236067013,"192 reward","7 reward"
"19163","M4","C4620083","7","193","C4620083 M4","reward",0.0312376556568516,"193 reward","7 reward"
"19164","M4","C4620083","7","194","C4620083 M4","reward",0.0311645585228391,"194 reward","7 reward"
"19165","M4","C4620083","7","195","C4620083 M4","reward",0.0308457543663259,"195 reward","7 reward"
"19166","M4","C4620083","7","196","C4620083 M4","reward",0.0305146167435385,"196 reward","7 reward"
"19167","M4","C4620083","7","197","C4620083 M4","reward",0.0305130295899269,"197 reward","7 reward"
"19168","M4","C4620083","7","198","C4620083 M4","reward",0.0305020303793476,"198 reward","7 reward"
"19169","M4","C4620083","7","199","C4620083 M4","reward",0.0302902432082594,"199 reward","7 reward"
"19170","M4","C4620083","7","200","C4620083 M4","reward",0.0302782795540504,"200 reward","7 reward"
"19171","M4","C4620083","7","201","C4620083 M4","reward",0.0302475240326324,"201 reward","7 reward"
"19172","M4","C4620083","7","202","C4620083 M4","reward",0.0302424302581368,"202 reward","7 reward"
"19173","M4","C4620083","7","203","C4620083 M4","reward",0.0300976618976549,"203 reward","7 reward"
"19174","M4","C4620083","7","204","C4620083 M4","reward",0.0300307193313039,"204 reward","7 reward"
"19175","M4","C4620083","7","205","C4620083 M4","reward",0.0298019640588344,"205 reward","7 reward"
"19176","M4","C4620083","7","206","C4620083 M4","reward",0.0294000555300325,"206 reward","7 reward"
"19177","M4","C4620083","7","207","C4620083 M4","reward",0.0293689155379393,"207 reward","7 reward"
"19178","M4","C4620083","7","208","C4620083 M4","reward",0.0293176877317596,"208 reward","7 reward"
"19179","M4","C4620083","7","209","C4620083 M4","reward",0.0292816421331119,"209 reward","7 reward"
"19180","M4","C4620083","7","210","C4620083 M4","reward",0.0291768199177146,"210 reward","7 reward"
"19181","M4","C4620083","7","211","C4620083 M4","reward",0.0289870865135482,"211 reward","7 reward"
"19182","M4","C4620083","7","212","C4620083 M4","reward",0.0289864247854336,"212 reward","7 reward"
"19183","M4","C4620083","7","213","C4620083 M4","reward",0.0289564462392696,"213 reward","7 reward"
"19184","M4","C4620083","7","214","C4620083 M4","reward",0.0288711668559607,"214 reward","7 reward"
"19185","M4","C4620083","7","215","C4620083 M4","reward",0.0287931440700533,"215 reward","7 reward"
"19186","M4","C4620083","7","216","C4620083 M4","reward",0.0287719948515702,"216 reward","7 reward"
"19187","M4","C4620083","7","217","C4620083 M4","reward",0.0287192931531158,"217 reward","7 reward"
"19188","M4","C4620083","7","218","C4620083 M4","reward",0.028709821536355,"218 reward","7 reward"
"19189","M4","C4620083","7","219","C4620083 M4","reward",0.0286629748412432,"219 reward","7 reward"
"19190","M4","C4620083","7","220","C4620083 M4","reward",0.0283060880033092,"220 reward","7 reward"
"19191","M4","C4620083","7","221","C4620083 M4","reward",0.0282619673517078,"221 reward","7 reward"
"19192","M4","C4620083","7","222","C4620083 M4","reward",0.028099839312523,"222 reward","7 reward"
"19193","M4","C4620083","7","223","C4620083 M4","reward",0.0280885219452323,"223 reward","7 reward"
"19194","M4","C4620083","7","224","C4620083 M4","reward",0.0280804407076314,"224 reward","7 reward"
"19195","M4","C4620083","7","225","C4620083 M4","reward",0.0279287735699256,"225 reward","7 reward"
"19196","M4","C4620083","7","226","C4620083 M4","reward",0.0277937193469654,"226 reward","7 reward"
"19197","M4","C4620083","7","227","C4620083 M4","reward",0.0277813887622233,"227 reward","7 reward"
"19198","M4","C4620083","7","228","C4620083 M4","reward",0.0276521496145336,"228 reward","7 reward"
"19199","M4","C4620083","7","229","C4620083 M4","reward",0.0275947490216844,"229 reward","7 reward"
"19200","M4","C4620083","7","230","C4620083 M4","reward",0.0275025118376173,"230 reward","7 reward"
"19201","M4","C4620083","7","231","C4620083 M4","reward",0.0273958189721988,"231 reward","7 reward"
"19202","M4","C4620083","7","232","C4620083 M4","reward",0.027237602948571,"232 reward","7 reward"
"19203","M4","C4620083","7","233","C4620083 M4","reward",0.0272257682937873,"233 reward","7 reward"
"19204","M4","C4620083","7","234","C4620083 M4","reward",0.0268715338132153,"234 reward","7 reward"
"19205","M4","C4620083","7","235","C4620083 M4","reward",0.0267328231207923,"235 reward","7 reward"
"19206","M4","C4620083","7","236","C4620083 M4","reward",0.0267255481933527,"236 reward","7 reward"
"19207","M4","C4620083","7","237","C4620083 M4","reward",0.0267011594624919,"237 reward","7 reward"
"19208","M4","C4620083","7","238","C4620083 M4","reward",0.0264162594115829,"238 reward","7 reward"
"19209","M4","C4620083","7","239","C4620083 M4","reward",0.0263793012276142,"239 reward","7 reward"
"19210","M4","C4620083","7","240","C4620083 M4","reward",0.0263596557090761,"240 reward","7 reward"
"19211","M4","C4620083","7","241","C4620083 M4","reward",0.0263450571300235,"241 reward","7 reward"
"19212","M4","C4620083","7","242","C4620083 M4","reward",0.0263151350607264,"242 reward","7 reward"
"19213","M4","C4620083","7","243","C4620083 M4","reward",0.0262940602471198,"243 reward","7 reward"
"19214","M4","C4620083","7","244","C4620083 M4","reward",0.0262856005592112,"244 reward","7 reward"
"19215","M4","C4620083","7","245","C4620083 M4","reward",0.0261314972486081,"245 reward","7 reward"
"19216","M4","C4620083","7","246","C4620083 M4","reward",0.0260269517683936,"246 reward","7 reward"
"19217","M4","C4620083","7","247","C4620083 M4","reward",0.0259116080611592,"247 reward","7 reward"
"19218","M4","C4620083","7","248","C4620083 M4","reward",0.0255446825558785,"248 reward","7 reward"
"19219","M4","C4620083","7","249","C4620083 M4","reward",0.0255119041238615,"249 reward","7 reward"
"19220","M4","C4620083","7","250","C4620083 M4","reward",0.025394836077387,"250 reward","7 reward"
"19221","M4","C4620083","7","251","C4620083 M4","reward",0.0253257206994735,"251 reward","7 reward"
"19222","M4","C4620083","7","252","C4620083 M4","reward",0.0251109480102045,"252 reward","7 reward"
"19223","M4","C4620083","7","253","C4620083 M4","reward",0.025092517512324,"253 reward","7 reward"
"19224","M4","C4620083","7","254","C4620083 M4","reward",0.0249766226167437,"254 reward","7 reward"
"19225","M4","C4620083","7","255","C4620083 M4","reward",0.0248978943285996,"255 reward","7 reward"
"19226","M4","C4620083","7","256","C4620083 M4","reward",0.0248283021345959,"256 reward","7 reward"
"19227","M4","C4620083","7","257","C4620083 M4","reward",0.0248123555407131,"257 reward","7 reward"
"19228","M4","C4620083","7","258","C4620083 M4","reward",0.0245630284959446,"258 reward","7 reward"
"19229","M4","C4620083","7","259","C4620083 M4","reward",0.0242154840766063,"259 reward","7 reward"
"19230","M4","C4620083","7","260","C4620083 M4","reward",0.0240731375044679,"260 reward","7 reward"
"19231","M4","C4620083","7","261","C4620083 M4","reward",0.0240107837678758,"261 reward","7 reward"
"19232","M4","C4620083","7","262","C4620083 M4","reward",0.0240085440567824,"262 reward","7 reward"
"19233","M4","C4620083","7","263","C4620083 M4","reward",0.0239476771214721,"263 reward","7 reward"
"19234","M4","C4620083","7","264","C4620083 M4","reward",0.023904074058882,"264 reward","7 reward"
"19235","M4","C4620083","7","265","C4620083 M4","reward",0.0237003714977042,"265 reward","7 reward"
"19236","M4","C4620083","7","266","C4620083 M4","reward",0.0233730580041161,"266 reward","7 reward"
"19237","M4","C4620083","7","267","C4620083 M4","reward",0.023307063431184,"267 reward","7 reward"
"19238","M4","C4620083","7","268","C4620083 M4","reward",0.0231915630796716,"268 reward","7 reward"
"19239","M4","C4620083","7","269","C4620083 M4","reward",0.0231327230765847,"269 reward","7 reward"
"19240","M4","C4620083","7","270","C4620083 M4","reward",0.0229981364880441,"270 reward","7 reward"
"19241","M4","C4620083","7","271","C4620083 M4","reward",0.0229110901618038,"271 reward","7 reward"
"19242","M4","C4620083","7","272","C4620083 M4","reward",0.0227284973798685,"272 reward","7 reward"
"19243","M4","C4620083","7","273","C4620083 M4","reward",0.0226039388318485,"273 reward","7 reward"
"19244","M4","C4620083","7","274","C4620083 M4","reward",0.0226004353191124,"274 reward","7 reward"
"19245","M4","C4620083","7","275","C4620083 M4","reward",0.0225371970460032,"275 reward","7 reward"
"19246","M4","C4620083","7","276","C4620083 M4","reward",0.0225069388821644,"276 reward","7 reward"
"19247","M4","C4620083","7","277","C4620083 M4","reward",0.0224324719340217,"277 reward","7 reward"
"19248","M4","C4620083","7","278","C4620083 M4","reward",0.0222522274950028,"278 reward","7 reward"
"19249","M4","C4620083","7","279","C4620083 M4","reward",0.0222153479874352,"279 reward","7 reward"
"19250","M4","C4620083","7","280","C4620083 M4","reward",0.0221128211553418,"280 reward","7 reward"
"19251","M4","C4620083","7","281","C4620083 M4","reward",0.021970005070249,"281 reward","7 reward"
"19252","M4","C4620083","7","282","C4620083 M4","reward",0.0219562478147762,"282 reward","7 reward"
"19253","M4","C4620083","7","283","C4620083 M4","reward",0.0219417223276884,"283 reward","7 reward"
"19254","M4","C4620083","7","284","C4620083 M4","reward",0.0219407367541606,"284 reward","7 reward"
"19255","M4","C4620083","7","285","C4620083 M4","reward",0.0218831898641595,"285 reward","7 reward"
"19256","M4","C4620083","7","286","C4620083 M4","reward",0.0217359037208069,"286 reward","7 reward"
"19257","M4","C4620083","7","287","C4620083 M4","reward",0.021713772634055,"287 reward","7 reward"
"19258","M4","C4620083","7","288","C4620083 M4","reward",0.0216884162178629,"288 reward","7 reward"
"19259","M4","C4620083","7","289","C4620083 M4","reward",0.0215670710811673,"289 reward","7 reward"
"19260","M4","C4620083","7","290","C4620083 M4","reward",0.0214234771312577,"290 reward","7 reward"
"19261","M4","C4620083","7","291","C4620083 M4","reward",0.0212887018863307,"291 reward","7 reward"
"19262","M4","C4620083","7","292","C4620083 M4","reward",0.0210213222115813,"292 reward","7 reward"
"19263","M4","C4620083","7","293","C4620083 M4","reward",0.0209156455627191,"293 reward","7 reward"
"19264","M4","C4620083","7","294","C4620083 M4","reward",0.0209137453752998,"294 reward","7 reward"
"19265","M4","C4620083","7","295","C4620083 M4","reward",0.0208853148477304,"295 reward","7 reward"
"19266","M4","C4620083","7","296","C4620083 M4","reward",0.02087896638553,"296 reward","7 reward"
"19267","M4","C4620083","7","297","C4620083 M4","reward",0.02086647060064,"297 reward","7 reward"
"19268","M4","C4620083","7","298","C4620083 M4","reward",0.0207180143056287,"298 reward","7 reward"
"19269","M4","C4620083","7","299","C4620083 M4","reward",0.0206470974299637,"299 reward","7 reward"
"19270","M4","C4620083","7","300","C4620083 M4","reward",0.0206223313720699,"300 reward","7 reward"
"19271","M4","C4620083","7","301","C4620083 M4","reward",0.0203242085771524,"301 reward","7 reward"
"19272","M4","C4620083","7","302","C4620083 M4","reward",0.0202090340927065,"302 reward","7 reward"
"19273","M4","C4620083","7","303","C4620083 M4","reward",0.0197069506838501,"303 reward","7 reward"
"19274","M4","C4620083","7","304","C4620083 M4","reward",0.0196660635243382,"304 reward","7 reward"
"19275","M4","C4620083","7","305","C4620083 M4","reward",0.0194063712542292,"305 reward","7 reward"
"19276","M4","C4620083","7","306","C4620083 M4","reward",0.0193803966552514,"306 reward","7 reward"
"19277","M4","C4620083","7","307","C4620083 M4","reward",0.0193554012849952,"307 reward","7 reward"
"19278","M4","C4620083","7","308","C4620083 M4","reward",0.019309637424659,"308 reward","7 reward"
"19279","M4","C4620083","7","309","C4620083 M4","reward",0.0192406757152127,"309 reward","7 reward"
"19280","M4","C4620083","7","310","C4620083 M4","reward",0.0191502348733501,"310 reward","7 reward"
"19281","M4","C4620083","7","311","C4620083 M4","reward",0.018732137880994,"311 reward","7 reward"
"19282","M4","C4620083","7","312","C4620083 M4","reward",0.0186729018802375,"312 reward","7 reward"
"19283","M4","C4620083","7","313","C4620083 M4","reward",0.0182559010048949,"313 reward","7 reward"
"19284","M4","C4620083","7","314","C4620083 M4","reward",0.0181838636856962,"314 reward","7 reward"
"19285","M4","C4620083","7","315","C4620083 M4","reward",0.018174686273697,"315 reward","7 reward"
"19286","M4","C4620083","7","316","C4620083 M4","reward",0.0179839653100321,"316 reward","7 reward"
"19287","M4","C4620083","7","317","C4620083 M4","reward",0.0178903366038788,"317 reward","7 reward"
"19288","M4","C4620083","7","318","C4620083 M4","reward",0.0178480508614601,"318 reward","7 reward"
"19289","M4","C4620083","7","319","C4620083 M4","reward",0.0177243605795399,"319 reward","7 reward"
"19290","M4","C4620083","7","320","C4620083 M4","reward",0.0176812179038947,"320 reward","7 reward"
"19291","M4","C4620083","7","321","C4620083 M4","reward",0.0175423466622273,"321 reward","7 reward"
"19292","M4","C4620083","7","322","C4620083 M4","reward",0.0175207336215783,"322 reward","7 reward"
"19293","M4","C4620083","7","323","C4620083 M4","reward",0.0174700599063072,"323 reward","7 reward"
"19294","M4","C4620083","7","324","C4620083 M4","reward",0.0173244135155182,"324 reward","7 reward"
"19295","M4","C4620083","7","325","C4620083 M4","reward",0.0172206147204137,"325 reward","7 reward"
"19296","M4","C4620083","7","326","C4620083 M4","reward",0.0169365066407862,"326 reward","7 reward"
"19297","M4","C4620083","7","327","C4620083 M4","reward",0.0165245819577668,"327 reward","7 reward"
"19298","M4","C4620083","7","328","C4620083 M4","reward",0.0159734708871148,"328 reward","7 reward"
"19299","M4","C4620083","7","329","C4620083 M4","reward",0.0159436126026806,"329 reward","7 reward"
"19300","M4","C4620083","7","330","C4620083 M4","reward",0.0156769658310475,"330 reward","7 reward"
"19301","M4","C4620083","7","331","C4620083 M4","reward",0.0154138930536476,"331 reward","7 reward"
"19302","M4","C4620083","7","332","C4620083 M4","reward",0.0153120617500446,"332 reward","7 reward"
"19303","M4","C4620083","7","333","C4620083 M4","reward",0.0151462044720934,"333 reward","7 reward"
"19304","M4","C4620083","7","334","C4620083 M4","reward",0.0149375200935271,"334 reward","7 reward"
"19305","M4","C4620083","7","335","C4620083 M4","reward",0.014855431813352,"335 reward","7 reward"
"19306","M4","C4620083","7","336","C4620083 M4","reward",0.0148116818143526,"336 reward","7 reward"
"19307","M4","C4620083","7","337","C4620083 M4","reward",0.0143737371881124,"337 reward","7 reward"
"19308","M4","C4620083","7","338","C4620083 M4","reward",0.0142775912358154,"338 reward","7 reward"
"19309","M4","C4620083","7","339","C4620083 M4","reward",0.0141658570550606,"339 reward","7 reward"
"19310","M4","C4620083","7","340","C4620083 M4","reward",0.0140762199483226,"340 reward","7 reward"
"19311","M4","C4620083","7","341","C4620083 M4","reward",0.0139983151558653,"341 reward","7 reward"
"19312","M4","C4620083","7","342","C4620083 M4","reward",0.0139169148862447,"342 reward","7 reward"
"19313","M4","C4620083","7","343","C4620083 M4","reward",0.0137882387534947,"343 reward","7 reward"
"19314","M4","C4620083","7","344","C4620083 M4","reward",0.0135171763095078,"344 reward","7 reward"
"19315","M4","C4620083","7","345","C4620083 M4","reward",0.0134229886400853,"345 reward","7 reward"
"19316","M4","C4620083","7","346","C4620083 M4","reward",0.0132309729684322,"346 reward","7 reward"
"19317","M4","C4620083","7","347","C4620083 M4","reward",0.0131920451540797,"347 reward","7 reward"
"19318","M4","C4620083","7","348","C4620083 M4","reward",0.0127515021403172,"348 reward","7 reward"
"19319","M4","C4620083","7","349","C4620083 M4","reward",0.0126742046510012,"349 reward","7 reward"
"19320","M4","C4620083","7","350","C4620083 M4","reward",0.012509141544484,"350 reward","7 reward"
"19321","M4","C4620083","7","351","C4620083 M4","reward",0.0124980688467848,"351 reward","7 reward"
"19322","M4","C4620083","7","352","C4620083 M4","reward",0.0124664815087779,"352 reward","7 reward"
"19323","M4","C4620083","7","353","C4620083 M4","reward",0.0124260787674715,"353 reward","7 reward"
"19324","M4","C4620083","7","354","C4620083 M4","reward",0.012030973978148,"354 reward","7 reward"
"19325","M4","C4620083","7","355","C4620083 M4","reward",0.0118677214715047,"355 reward","7 reward"
"19326","M4","C4620083","7","356","C4620083 M4","reward",0.0115793033355019,"356 reward","7 reward"
"19327","M4","C4620083","7","357","C4620083 M4","reward",0.011205831093498,"357 reward","7 reward"
"19328","M4","C4620083","7","358","C4620083 M4","reward",0.0108483527600921,"358 reward","7 reward"
"19329","M4","C4620083","7","359","C4620083 M4","reward",0.0106966537661888,"359 reward","7 reward"
"19330","M4","C4620083","7","360","C4620083 M4","reward",0.0104826801188779,"360 reward","7 reward"
"19331","M4","C4620083","7","361","C4620083 M4","reward",0.0100788162754234,"361 reward","7 reward"
"19332","M4","C4620083","7","362","C4620083 M4","reward",0.0100573018143222,"362 reward","7 reward"
"19333","M4","C4620083","7","363","C4620083 M4","reward",0.00980161954839722,"363 reward","7 reward"
"19334","M4","C4620083","7","364","C4620083 M4","reward",0.00967259198171846,"364 reward","7 reward"
"19335","M4","C4620083","7","365","C4620083 M4","reward",0.0094804161927061,"365 reward","7 reward"
"19336","M4","C4620083","7","366","C4620083 M4","reward",0.00912915773008797,"366 reward","7 reward"
"19337","M4","C4620083","7","367","C4620083 M4","reward",0.00903049490387472,"367 reward","7 reward"
"19338","M4","C4620083","7","368","C4620083 M4","reward",0.00852444517470871,"368 reward","7 reward"
"19339","M4","C4620083","7","369","C4620083 M4","reward",0.00842770696921835,"369 reward","7 reward"
"19340","M4","C4620083","7","370","C4620083 M4","reward",0.00833972213053513,"370 reward","7 reward"
"19341","M4","C4620083","7","371","C4620083 M4","reward",0.00784763828161981,"371 reward","7 reward"
"19342","M4","C4620083","7","372","C4620083 M4","reward",0.00766938108963883,"372 reward","7 reward"
"19343","M4","C4620083","7","373","C4620083 M4","reward",0.00765748649702886,"373 reward","7 reward"
"19344","M4","C4620083","7","374","C4620083 M4","reward",0.00729255856263503,"374 reward","7 reward"
"19345","M4","C4620083","7","375","C4620083 M4","reward",0.0071868251448062,"375 reward","7 reward"
"19346","M4","C4620083","7","376","C4620083 M4","reward",0.00616724123581206,"376 reward","7 reward"
"19347","M4","C4620083","7","377","C4620083 M4","reward",0.00597337790378537,"377 reward","7 reward"
"19348","M4","C4620083","7","378","C4620083 M4","reward",0.00547296578560372,"378 reward","7 reward"
"19349","M4","C4620083","7","379","C4620083 M4","reward",0.00526179886228498,"379 reward","7 reward"
"19350","M4","C4620083","7","380","C4620083 M4","reward",0.00385702749784191,"380 reward","7 reward"
"19351","M4","C4620083","7","381","C4620083 M4","reward",0.00364414413151763,"381 reward","7 reward"
"19352","M4","C4620083","7","382","C4620083 M4","reward",0.00304840702005472,"382 reward","7 reward"
"19353","M4","C4620083","7","383","C4620083 M4","reward",0.00269360151009933,"383 reward","7 reward"
"19354","M4","C4620083","7","384","C4620083 M4","reward",0.00263461471948734,"384 reward","7 reward"
"19355","M4","C4620083","7","385","C4620083 M4","reward",0.00247048191635984,"385 reward","7 reward"
"19356","M4","C4620083","7","386","C4620083 M4","reward",0.00231290043418377,"386 reward","7 reward"
"19357","M4","C4620083","7","387","C4620083 M4","reward",0.00215923926948335,"387 reward","7 reward"
"19358","M4","C4620083","7","388","C4620083 M4","reward",0.00116296766057591,"388 reward","7 reward"
"19359","M4","C4620083","7","389","C4620083 M4","reward",0.000692262989052043,"389 reward","7 reward"
"19360","M4","C4620083","7","390","C4620083 M4","reward",0.000299652228601865,"390 reward","7 reward"
"19361","M4","C4620083","7","391","C4620083 M4","reward",0.000298588177785114,"391 reward","7 reward"
"19362","M4","C4620083","7","392","C4620083 M4","reward",-0.000616612313494061,"392 reward","7 reward"
"19363","M4","C4620083","7","393","C4620083 M4","reward",-0.000685427353585233,"393 reward","7 reward"
"19364","M4","C4620083","7","394","C4620083 M4","reward",-0.00174399037377367,"394 reward","7 reward"
"19365","M4","C4620083","7","395","C4620083 M4","reward",-0.00282082647643988,"395 reward","7 reward"
"19366","M4","C4620083","7","396","C4620083 M4","reward",-0.00307536143470797,"396 reward","7 reward"
"19367","M4","C4620083","7","397","C4620083 M4","reward",-0.00445690244268761,"397 reward","7 reward"
"19368","M4","C4620083","7","398","C4620083 M4","reward",-0.0048193877407133,"398 reward","7 reward"
"19369","M4","C4620083","7","399","C4620083 M4","reward",-0.00532326146937302,"399 reward","7 reward"
"19370","M4","C4620083","7","400","C4620083 M4","reward",-0.00723957689601845,"400 reward","7 reward"
"19371","M4","C4620083","7","401","C4620083 M4","reward",-0.00742160536485574,"401 reward","7 reward"
"19372","M4","C4620083","7","402","C4620083 M4","reward",-0.00953991435549468,"402 reward","7 reward"
"19373","M4","C4620083","7","403","C4620083 M4","reward",-0.0102918331200293,"403 reward","7 reward"
"19374","M4","C4620083","7","404","C4620083 M4","reward",-0.0130311885797117,"404 reward","7 reward"
"19375","M4","C4620083","7","405","C4620083 M4","reward",-0.0130793610215418,"405 reward","7 reward"
"19376","M4","C4620083","7","406","C4620083 M4","reward",-0.0149350966033482,"406 reward","7 reward"
"19377","M4","C4620083","7","407","C4620083 M4","reward",-0.0184155870061616,"407 reward","7 reward"
"19378","M2","C4620081","7","0","C4620081 M2","reward",0.131622915263808,"0 reward","7 reward"
"19379","M2","C4620081","7","1","C4620081 M2","reward",0.117668625844314,"1 reward","7 reward"
"19380","M2","C4620081","7","2","C4620081 M2","reward",0.115712179985232,"2 reward","7 reward"
"19381","M2","C4620081","7","3","C4620081 M2","reward",0.107170161466662,"3 reward","7 reward"
"19382","M2","C4620081","7","4","C4620081 M2","reward",0.10410366338898,"4 reward","7 reward"
"19383","M2","C4620081","7","5","C4620081 M2","reward",0.103794457553946,"5 reward","7 reward"
"19384","M2","C4620081","7","6","C4620081 M2","reward",0.100197067258559,"6 reward","7 reward"
"19385","M2","C4620081","7","7","C4620081 M2","reward",0.0996379297500569,"7 reward","7 reward"
"19386","M2","C4620081","7","8","C4620081 M2","reward",0.0978948948591607,"8 reward","7 reward"
"19387","M2","C4620081","7","9","C4620081 M2","reward",0.0977248849800265,"9 reward","7 reward"
"19388","M2","C4620081","7","10","C4620081 M2","reward",0.0971488717231264,"10 reward","7 reward"
"19389","M2","C4620081","7","11","C4620081 M2","reward",0.0957560071902638,"11 reward","7 reward"
"19390","M2","C4620081","7","12","C4620081 M2","reward",0.0943050288282369,"12 reward","7 reward"
"19391","M2","C4620081","7","13","C4620081 M2","reward",0.0942661048337284,"13 reward","7 reward"
"19392","M2","C4620081","7","14","C4620081 M2","reward",0.0940797588055931,"14 reward","7 reward"
"19393","M2","C4620081","7","15","C4620081 M2","reward",0.0940149869063332,"15 reward","7 reward"
"19394","M2","C4620081","7","16","C4620081 M2","reward",0.0940028462175887,"16 reward","7 reward"
"19395","M2","C4620081","7","17","C4620081 M2","reward",0.0926206644555821,"17 reward","7 reward"
"19396","M2","C4620081","7","18","C4620081 M2","reward",0.0910961321651541,"18 reward","7 reward"
"19397","M2","C4620081","7","19","C4620081 M2","reward",0.0888566739037017,"19 reward","7 reward"
"19398","M2","C4620081","7","20","C4620081 M2","reward",0.0880072705804409,"20 reward","7 reward"
"19399","M2","C4620081","7","21","C4620081 M2","reward",0.0878483013066803,"21 reward","7 reward"
"19400","M2","C4620081","7","22","C4620081 M2","reward",0.087666919512242,"22 reward","7 reward"
"19401","M2","C4620081","7","23","C4620081 M2","reward",0.0871114757098659,"23 reward","7 reward"
"19402","M2","C4620081","7","24","C4620081 M2","reward",0.0862983276822371,"24 reward","7 reward"
"19403","M2","C4620081","7","25","C4620081 M2","reward",0.0858945010639725,"25 reward","7 reward"
"19404","M2","C4620081","7","26","C4620081 M2","reward",0.0856350676561092,"26 reward","7 reward"
"19405","M2","C4620081","7","27","C4620081 M2","reward",0.0852663459280905,"27 reward","7 reward"
"19406","M2","C4620081","7","28","C4620081 M2","reward",0.0847003448220714,"28 reward","7 reward"
"19407","M2","C4620081","7","29","C4620081 M2","reward",0.0840600980647506,"29 reward","7 reward"
"19408","M2","C4620081","7","30","C4620081 M2","reward",0.0838888838707551,"30 reward","7 reward"
"19409","M2","C4620081","7","31","C4620081 M2","reward",0.0837895761078716,"31 reward","7 reward"
"19410","M2","C4620081","7","32","C4620081 M2","reward",0.0837069798597419,"32 reward","7 reward"
"19411","M2","C4620081","7","33","C4620081 M2","reward",0.0828850595852985,"33 reward","7 reward"
"19412","M2","C4620081","7","34","C4620081 M2","reward",0.0807748870838293,"34 reward","7 reward"
"19413","M2","C4620081","7","35","C4620081 M2","reward",0.0807047397161826,"35 reward","7 reward"
"19414","M2","C4620081","7","36","C4620081 M2","reward",0.0800992124787877,"36 reward","7 reward"
"19415","M2","C4620081","7","37","C4620081 M2","reward",0.0793676684706473,"37 reward","7 reward"
"19416","M2","C4620081","7","38","C4620081 M2","reward",0.0776468814345072,"38 reward","7 reward"
"19417","M2","C4620081","7","39","C4620081 M2","reward",0.0775021946710464,"39 reward","7 reward"
"19418","M2","C4620081","7","40","C4620081 M2","reward",0.0771403706774622,"40 reward","7 reward"
"19419","M2","C4620081","7","41","C4620081 M2","reward",0.0767032065662481,"41 reward","7 reward"
"19420","M2","C4620081","7","42","C4620081 M2","reward",0.0763764850497688,"42 reward","7 reward"
"19421","M2","C4620081","7","43","C4620081 M2","reward",0.0753948214083346,"43 reward","7 reward"
"19422","M2","C4620081","7","44","C4620081 M2","reward",0.0747119781706055,"44 reward","7 reward"
"19423","M2","C4620081","7","45","C4620081 M2","reward",0.0729303891389028,"45 reward","7 reward"
"19424","M2","C4620081","7","46","C4620081 M2","reward",0.0720833991433973,"46 reward","7 reward"
"19425","M2","C4620081","7","47","C4620081 M2","reward",0.0720546794664967,"47 reward","7 reward"
"19426","M2","C4620081","7","48","C4620081 M2","reward",0.0719831880685397,"48 reward","7 reward"
"19427","M2","C4620081","7","49","C4620081 M2","reward",0.0711347909707804,"49 reward","7 reward"
"19428","M2","C4620081","7","50","C4620081 M2","reward",0.0703864147701918,"50 reward","7 reward"
"19429","M2","C4620081","7","51","C4620081 M2","reward",0.0703808365391178,"51 reward","7 reward"
"19430","M2","C4620081","7","52","C4620081 M2","reward",0.0693980182198969,"52 reward","7 reward"
"19431","M2","C4620081","7","53","C4620081 M2","reward",0.0689682490747827,"53 reward","7 reward"
"19432","M2","C4620081","7","54","C4620081 M2","reward",0.0679432627888568,"54 reward","7 reward"
"19433","M2","C4620081","7","55","C4620081 M2","reward",0.0678504899409639,"55 reward","7 reward"
"19434","M2","C4620081","7","56","C4620081 M2","reward",0.067369454221086,"56 reward","7 reward"
"19435","M2","C4620081","7","57","C4620081 M2","reward",0.0669355843010075,"57 reward","7 reward"
"19436","M2","C4620081","7","58","C4620081 M2","reward",0.0666693021231762,"58 reward","7 reward"
"19437","M2","C4620081","7","59","C4620081 M2","reward",0.0653361579641417,"59 reward","7 reward"
"19438","M2","C4620081","7","60","C4620081 M2","reward",0.0645465672381308,"60 reward","7 reward"
"19439","M2","C4620081","7","61","C4620081 M2","reward",0.0637086821282516,"61 reward","7 reward"
"19440","M2","C4620081","7","62","C4620081 M2","reward",0.0630505536244623,"62 reward","7 reward"
"19441","M2","C4620081","7","63","C4620081 M2","reward",0.0625697540525978,"63 reward","7 reward"
"19442","M2","C4620081","7","64","C4620081 M2","reward",0.0623240172102292,"64 reward","7 reward"
"19443","M2","C4620081","7","65","C4620081 M2","reward",0.0620166977809534,"65 reward","7 reward"
"19444","M2","C4620081","7","66","C4620081 M2","reward",0.0611778338224978,"66 reward","7 reward"
"19445","M2","C4620081","7","67","C4620081 M2","reward",0.0595265926585034,"67 reward","7 reward"
"19446","M2","C4620081","7","68","C4620081 M2","reward",0.0590394577191511,"68 reward","7 reward"
"19447","M2","C4620081","7","69","C4620081 M2","reward",0.0584583185687159,"69 reward","7 reward"
"19448","M2","C4620081","7","70","C4620081 M2","reward",0.0582348500572099,"70 reward","7 reward"
"19449","M2","C4620081","7","71","C4620081 M2","reward",0.0576270225679093,"71 reward","7 reward"
"19450","M2","C4620081","7","72","C4620081 M2","reward",0.0569414566978933,"72 reward","7 reward"
"19451","M2","C4620081","7","73","C4620081 M2","reward",0.0569174162250487,"73 reward","7 reward"
"19452","M2","C4620081","7","74","C4620081 M2","reward",0.0562583534217309,"74 reward","7 reward"
"19453","M2","C4620081","7","75","C4620081 M2","reward",0.0558790079033136,"75 reward","7 reward"
"19454","M2","C4620081","7","76","C4620081 M2","reward",0.0552593833369625,"76 reward","7 reward"
"19455","M2","C4620081","7","77","C4620081 M2","reward",0.0551905013516511,"77 reward","7 reward"
"19456","M2","C4620081","7","78","C4620081 M2","reward",0.0540501426123393,"78 reward","7 reward"
"19457","M2","C4620081","7","79","C4620081 M2","reward",0.0530881116614482,"79 reward","7 reward"
"19458","M2","C4620081","7","80","C4620081 M2","reward",0.0518488378829292,"80 reward","7 reward"
"19459","M2","C4620081","7","81","C4620081 M2","reward",0.0511032453342646,"81 reward","7 reward"
"19460","M2","C4620081","7","82","C4620081 M2","reward",0.0504313704852379,"82 reward","7 reward"
"19461","M2","C4620081","7","83","C4620081 M2","reward",0.0502854323677445,"83 reward","7 reward"
"19462","M2","C4620081","7","84","C4620081 M2","reward",0.0496501781224799,"84 reward","7 reward"
"19463","M2","C4620081","7","85","C4620081 M2","reward",0.0493866085703157,"85 reward","7 reward"
"19464","M2","C4620081","7","86","C4620081 M2","reward",0.0491582870518204,"86 reward","7 reward"
"19465","M2","C4620081","7","87","C4620081 M2","reward",0.0489530174679779,"87 reward","7 reward"
"19466","M2","C4620081","7","88","C4620081 M2","reward",0.0487793652994043,"88 reward","7 reward"
"19467","M2","C4620081","7","89","C4620081 M2","reward",0.0478236133592041,"89 reward","7 reward"
"19468","M2","C4620081","7","90","C4620081 M2","reward",0.0469906066792395,"90 reward","7 reward"
"19469","M2","C4620081","7","91","C4620081 M2","reward",0.0467951449098088,"91 reward","7 reward"
"19470","M2","C4620081","7","92","C4620081 M2","reward",0.0449426902807857,"92 reward","7 reward"
"19471","M2","C4620081","7","93","C4620081 M2","reward",0.0438045227777085,"93 reward","7 reward"
"19472","M2","C4620081","7","94","C4620081 M2","reward",0.0437896880592363,"94 reward","7 reward"
"19473","M2","C4620081","7","95","C4620081 M2","reward",0.042442756929057,"95 reward","7 reward"
"19474","M2","C4620081","7","96","C4620081 M2","reward",0.0422567097637819,"96 reward","7 reward"
"19475","M2","C4620081","7","97","C4620081 M2","reward",0.0422345636150008,"97 reward","7 reward"
"19476","M2","C4620081","7","98","C4620081 M2","reward",0.0407099460873087,"98 reward","7 reward"
"19477","M2","C4620081","7","99","C4620081 M2","reward",0.0399358326100795,"99 reward","7 reward"
"19478","M2","C4620081","7","100","C4620081 M2","reward",0.0396797497796355,"100 reward","7 reward"
"19479","M2","C4620081","7","101","C4620081 M2","reward",0.0394522016393962,"101 reward","7 reward"
"19480","M2","C4620081","7","102","C4620081 M2","reward",0.0385571479972233,"102 reward","7 reward"
"19481","M2","C4620081","7","103","C4620081 M2","reward",0.0382149712616891,"103 reward","7 reward"
"19482","M2","C4620081","7","104","C4620081 M2","reward",0.0376335458883407,"104 reward","7 reward"
"19483","M2","C4620081","7","105","C4620081 M2","reward",0.0372164791482452,"105 reward","7 reward"
"19484","M2","C4620081","7","106","C4620081 M2","reward",0.036715222297783,"106 reward","7 reward"
"19485","M2","C4620081","7","107","C4620081 M2","reward",0.0365179835294005,"107 reward","7 reward"
"19486","M2","C4620081","7","108","C4620081 M2","reward",0.0363380688031799,"108 reward","7 reward"
"19487","M2","C4620081","7","109","C4620081 M2","reward",0.0351271610965061,"109 reward","7 reward"
"19488","M2","C4620081","7","110","C4620081 M2","reward",0.0339998012793179,"110 reward","7 reward"
"19489","M2","C4620081","7","111","C4620081 M2","reward",0.0339691300185054,"111 reward","7 reward"
"19490","M2","C4620081","7","112","C4620081 M2","reward",0.0336677502468882,"112 reward","7 reward"
"19491","M2","C4620081","7","113","C4620081 M2","reward",0.0335610924341974,"113 reward","7 reward"
"19492","M2","C4620081","7","114","C4620081 M2","reward",0.0311936758940604,"114 reward","7 reward"
"19493","M2","C4620081","7","115","C4620081 M2","reward",0.030205156938636,"115 reward","7 reward"
"19494","M2","C4620081","7","116","C4620081 M2","reward",0.0299888627935019,"116 reward","7 reward"
"19495","M2","C4620081","7","117","C4620081 M2","reward",0.0298387637327191,"117 reward","7 reward"
"19496","M2","C4620081","7","118","C4620081 M2","reward",0.0293738983315231,"118 reward","7 reward"
"19497","M2","C4620081","7","119","C4620081 M2","reward",0.0281320139078646,"119 reward","7 reward"
"19498","M2","C4620081","7","120","C4620081 M2","reward",0.0276220452746334,"120 reward","7 reward"
"19499","M2","C4620081","7","121","C4620081 M2","reward",0.0265020889563571,"121 reward","7 reward"
"19500","M2","C4620081","7","122","C4620081 M2","reward",0.0251064051324644,"122 reward","7 reward"
"19501","M2","C4620081","7","123","C4620081 M2","reward",0.0244650766343116,"123 reward","7 reward"
"19502","M2","C4620081","7","124","C4620081 M2","reward",0.0243543737850448,"124 reward","7 reward"
"19503","M2","C4620081","7","125","C4620081 M2","reward",0.0227123263844649,"125 reward","7 reward"
"19504","M2","C4620081","7","126","C4620081 M2","reward",0.0218158433152786,"126 reward","7 reward"
"19505","M2","C4620081","7","127","C4620081 M2","reward",0.0182773614805198,"127 reward","7 reward"
"19506","M2","C4620081","7","128","C4620081 M2","reward",0.018004379243922,"128 reward","7 reward"
"19507","M2","C4620081","7","129","C4620081 M2","reward",0.0178358682236225,"129 reward","7 reward"
"19508","M2","C4620081","7","130","C4620081 M2","reward",0.0166819989677082,"130 reward","7 reward"
"19509","M2","C4620081","7","131","C4620081 M2","reward",0.0152742393756286,"131 reward","7 reward"
"19510","M2","C4620081","7","132","C4620081 M2","reward",0.0128224922922502,"132 reward","7 reward"
"19511","M2","C4620081","7","133","C4620081 M2","reward",0.0125175176691796,"133 reward","7 reward"
"19512","M2","C4620081","7","134","C4620081 M2","reward",0.0120574333976009,"134 reward","7 reward"
"19513","M2","C4620081","7","135","C4620081 M2","reward",0.0116025611803084,"135 reward","7 reward"
"19514","M2","C4620081","7","136","C4620081 M2","reward",0.0111656614186416,"136 reward","7 reward"
"19515","M2","C4620081","7","137","C4620081 M2","reward",0.0101416800238816,"137 reward","7 reward"
"19516","M2","C4620081","7","138","C4620081 M2","reward",0.00967260963192637,"138 reward","7 reward"
"19517","M2","C4620081","7","139","C4620081 M2","reward",0.00922572832866327,"139 reward","7 reward"
"19518","M2","C4620081","7","140","C4620081 M2","reward",0.00693763558641682,"140 reward","7 reward"
"19519","M2","C4620081","7","141","C4620081 M2","reward",0.00652336182012255,"141 reward","7 reward"
"19520","M2","C4620081","7","142","C4620081 M2","reward",0.00434596940477474,"142 reward","7 reward"
"19521","M2","C4620081","7","143","C4620081 M2","reward",0.00403105890551635,"143 reward","7 reward"
"19522","M2","C4620081","7","144","C4620081 M2","reward",0.00340882572744097,"144 reward","7 reward"
"19523","M2","C4620081","7","145","C4620081 M2","reward",0.0027476216312799,"145 reward","7 reward"
"19524","M2","C4620081","7","146","C4620081 M2","reward",0.0010273567280007,"146 reward","7 reward"
"19525","M2","C4620081","7","147","C4620081 M2","reward",-0.00111533254834329,"147 reward","7 reward"
"19526","M2","C4620081","7","148","C4620081 M2","reward",-0.00180916491666337,"148 reward","7 reward"
"19527","M2","C4620081","7","149","C4620081 M2","reward",-0.00259604999453747,"149 reward","7 reward"
"19528","M2","C4620081","7","150","C4620081 M2","reward",-0.00268845209964265,"150 reward","7 reward"
"19529","M2","C4620081","7","151","C4620081 M2","reward",-0.00454251447535479,"151 reward","7 reward"
"19530","M2","C4620081","7","152","C4620081 M2","reward",-0.00722402409985149,"152 reward","7 reward"
"19531","M3","C4620081","7","0","C4620081 M3","reward",0.133157463460517,"0 reward","7 reward"
"19532","M3","C4620081","7","1","C4620081 M3","reward",0.128431259669101,"1 reward","7 reward"
"19533","M3","C4620081","7","2","C4620081 M3","reward",0.12192003706013,"2 reward","7 reward"
"19534","M3","C4620081","7","3","C4620081 M3","reward",0.114664020378336,"3 reward","7 reward"
"19535","M3","C4620081","7","4","C4620081 M3","reward",0.114461733399323,"4 reward","7 reward"
"19536","M3","C4620081","7","5","C4620081 M3","reward",0.114125813744351,"5 reward","7 reward"
"19537","M3","C4620081","7","6","C4620081 M3","reward",0.110868112029184,"6 reward","7 reward"
"19538","M3","C4620081","7","7","C4620081 M3","reward",0.110701954638907,"7 reward","7 reward"
"19539","M3","C4620081","7","8","C4620081 M3","reward",0.109856270491268,"8 reward","7 reward"
"19540","M3","C4620081","7","9","C4620081 M3","reward",0.108833389105692,"9 reward","7 reward"
"19541","M3","C4620081","7","10","C4620081 M3","reward",0.108019412986068,"10 reward","7 reward"
"19542","M3","C4620081","7","11","C4620081 M3","reward",0.107741958300283,"11 reward","7 reward"
"19543","M3","C4620081","7","12","C4620081 M3","reward",0.107131442689451,"12 reward","7 reward"
"19544","M3","C4620081","7","13","C4620081 M3","reward",0.106489167891576,"13 reward","7 reward"
"19545","M3","C4620081","7","14","C4620081 M3","reward",0.105326914080739,"14 reward","7 reward"
"19546","M3","C4620081","7","15","C4620081 M3","reward",0.103959078306912,"15 reward","7 reward"
"19547","M3","C4620081","7","16","C4620081 M3","reward",0.103864320305761,"16 reward","7 reward"
"19548","M3","C4620081","7","17","C4620081 M3","reward",0.103363413480191,"17 reward","7 reward"
"19549","M3","C4620081","7","18","C4620081 M3","reward",0.101448477451973,"18 reward","7 reward"
"19550","M3","C4620081","7","19","C4620081 M3","reward",0.1014468097777,"19 reward","7 reward"
"19551","M3","C4620081","7","20","C4620081 M3","reward",0.100890373938349,"20 reward","7 reward"
"19552","M3","C4620081","7","21","C4620081 M3","reward",0.100484943897682,"21 reward","7 reward"
"19553","M3","C4620081","7","22","C4620081 M3","reward",0.0994401043731359,"22 reward","7 reward"
"19554","M3","C4620081","7","23","C4620081 M3","reward",0.0990222519024503,"23 reward","7 reward"
"19555","M3","C4620081","7","24","C4620081 M3","reward",0.0987233163340605,"24 reward","7 reward"
"19556","M3","C4620081","7","25","C4620081 M3","reward",0.097975433857052,"25 reward","7 reward"
"19557","M3","C4620081","7","26","C4620081 M3","reward",0.096946196363619,"26 reward","7 reward"
"19558","M3","C4620081","7","27","C4620081 M3","reward",0.0969391740406895,"27 reward","7 reward"
"19559","M3","C4620081","7","28","C4620081 M3","reward",0.0960971783297292,"28 reward","7 reward"
"19560","M3","C4620081","7","29","C4620081 M3","reward",0.0953127700657351,"29 reward","7 reward"
"19561","M3","C4620081","7","30","C4620081 M3","reward",0.0948214140232013,"30 reward","7 reward"
"19562","M3","C4620081","7","31","C4620081 M3","reward",0.0946151058571341,"31 reward","7 reward"
"19563","M3","C4620081","7","32","C4620081 M3","reward",0.0943311156607499,"32 reward","7 reward"
"19564","M3","C4620081","7","33","C4620081 M3","reward",0.0940762752022125,"33 reward","7 reward"
"19565","M3","C4620081","7","34","C4620081 M3","reward",0.0922356745622851,"34 reward","7 reward"
"19566","M3","C4620081","7","35","C4620081 M3","reward",0.0920791793694752,"35 reward","7 reward"
"19567","M3","C4620081","7","36","C4620081 M3","reward",0.0918055051993204,"36 reward","7 reward"
"19568","M3","C4620081","7","37","C4620081 M3","reward",0.0906807163323989,"37 reward","7 reward"
"19569","M3","C4620081","7","38","C4620081 M3","reward",0.0905818358835163,"38 reward","7 reward"
"19570","M3","C4620081","7","39","C4620081 M3","reward",0.0903150659832615,"39 reward","7 reward"
"19571","M3","C4620081","7","40","C4620081 M3","reward",0.0902357666750398,"40 reward","7 reward"
"19572","M3","C4620081","7","41","C4620081 M3","reward",0.0890150651955438,"41 reward","7 reward"
"19573","M3","C4620081","7","42","C4620081 M3","reward",0.0889181709684658,"42 reward","7 reward"
"19574","M3","C4620081","7","43","C4620081 M3","reward",0.0873603781898014,"43 reward","7 reward"
"19575","M3","C4620081","7","44","C4620081 M3","reward",0.0862724127331156,"44 reward","7 reward"
"19576","M3","C4620081","7","45","C4620081 M3","reward",0.0861774866164666,"45 reward","7 reward"
"19577","M3","C4620081","7","46","C4620081 M3","reward",0.0853443610454584,"46 reward","7 reward"
"19578","M3","C4620081","7","47","C4620081 M3","reward",0.0851433519564796,"47 reward","7 reward"
"19579","M3","C4620081","7","48","C4620081 M3","reward",0.0851097196522237,"48 reward","7 reward"
"19580","M3","C4620081","7","49","C4620081 M3","reward",0.0845803991825858,"49 reward","7 reward"
"19581","M3","C4620081","7","50","C4620081 M3","reward",0.0840690302241781,"50 reward","7 reward"
"19582","M3","C4620081","7","51","C4620081 M3","reward",0.084019611301862,"51 reward","7 reward"
"19583","M3","C4620081","7","52","C4620081 M3","reward",0.0838758778118911,"52 reward","7 reward"
"19584","M3","C4620081","7","53","C4620081 M3","reward",0.083744096391901,"53 reward","7 reward"
"19585","M3","C4620081","7","54","C4620081 M3","reward",0.083187684287889,"54 reward","7 reward"
"19586","M3","C4620081","7","55","C4620081 M3","reward",0.0829732474220076,"55 reward","7 reward"
"19587","M3","C4620081","7","56","C4620081 M3","reward",0.0826983724991777,"56 reward","7 reward"
"19588","M3","C4620081","7","57","C4620081 M3","reward",0.0825714356835959,"57 reward","7 reward"
"19589","M3","C4620081","7","58","C4620081 M3","reward",0.0824873600276277,"58 reward","7 reward"
"19590","M3","C4620081","7","59","C4620081 M3","reward",0.0816597836756143,"59 reward","7 reward"
"19591","M3","C4620081","7","60","C4620081 M3","reward",0.0815746038190258,"60 reward","7 reward"
"19592","M3","C4620081","7","61","C4620081 M3","reward",0.0807184558234282,"61 reward","7 reward"
"19593","M3","C4620081","7","62","C4620081 M3","reward",0.0794751705977331,"62 reward","7 reward"
"19594","M3","C4620081","7","63","C4620081 M3","reward",0.0786733870928371,"63 reward","7 reward"
"19595","M3","C4620081","7","64","C4620081 M3","reward",0.0784568222426197,"64 reward","7 reward"
"19596","M3","C4620081","7","65","C4620081 M3","reward",0.0782507718614537,"65 reward","7 reward"
"19597","M3","C4620081","7","66","C4620081 M3","reward",0.0757588142978685,"66 reward","7 reward"
"19598","M3","C4620081","7","67","C4620081 M3","reward",0.075520386622201,"67 reward","7 reward"
"19599","M3","C4620081","7","68","C4620081 M3","reward",0.0746864763152509,"68 reward","7 reward"
"19600","M3","C4620081","7","69","C4620081 M3","reward",0.0745225653990036,"69 reward","7 reward"
"19601","M3","C4620081","7","70","C4620081 M3","reward",0.0742762493147768,"70 reward","7 reward"
"19602","M3","C4620081","7","71","C4620081 M3","reward",0.0742051267754313,"71 reward","7 reward"
"19603","M3","C4620081","7","72","C4620081 M3","reward",0.0740568074778788,"72 reward","7 reward"
"19604","M3","C4620081","7","73","C4620081 M3","reward",0.0738102137777985,"73 reward","7 reward"
"19605","M3","C4620081","7","74","C4620081 M3","reward",0.0737294013640937,"74 reward","7 reward"
"19606","M3","C4620081","7","75","C4620081 M3","reward",0.0733456532892086,"75 reward","7 reward"
"19607","M3","C4620081","7","76","C4620081 M3","reward",0.0726498569642088,"76 reward","7 reward"
"19608","M3","C4620081","7","77","C4620081 M3","reward",0.0722843002203684,"77 reward","7 reward"
"19609","M3","C4620081","7","78","C4620081 M3","reward",0.0720756214920075,"78 reward","7 reward"
"19610","M3","C4620081","7","79","C4620081 M3","reward",0.0718095973627146,"79 reward","7 reward"
"19611","M3","C4620081","7","80","C4620081 M3","reward",0.0716473146289008,"80 reward","7 reward"
"19612","M3","C4620081","7","81","C4620081 M3","reward",0.0714746135216961,"81 reward","7 reward"
"19613","M3","C4620081","7","82","C4620081 M3","reward",0.0713155633556559,"82 reward","7 reward"
"19614","M3","C4620081","7","83","C4620081 M3","reward",0.0702393800966625,"83 reward","7 reward"
"19615","M3","C4620081","7","84","C4620081 M3","reward",0.0700622074352392,"84 reward","7 reward"
"19616","M3","C4620081","7","85","C4620081 M3","reward",0.0700406243177223,"85 reward","7 reward"
"19617","M3","C4620081","7","86","C4620081 M3","reward",0.0697228462459554,"86 reward","7 reward"
"19618","M3","C4620081","7","87","C4620081 M3","reward",0.0696431405605628,"87 reward","7 reward"
"19619","M3","C4620081","7","88","C4620081 M3","reward",0.0693385357202153,"88 reward","7 reward"
"19620","M3","C4620081","7","89","C4620081 M3","reward",0.0686311562347058,"89 reward","7 reward"
"19621","M3","C4620081","7","90","C4620081 M3","reward",0.0678064865780847,"90 reward","7 reward"
"19622","M3","C4620081","7","91","C4620081 M3","reward",0.0677644421325512,"91 reward","7 reward"
"19623","M3","C4620081","7","92","C4620081 M3","reward",0.0676879572746038,"92 reward","7 reward"
"19624","M3","C4620081","7","93","C4620081 M3","reward",0.0670908791449159,"93 reward","7 reward"
"19625","M3","C4620081","7","94","C4620081 M3","reward",0.0670226000852568,"94 reward","7 reward"
"19626","M3","C4620081","7","95","C4620081 M3","reward",0.0669128804128636,"95 reward","7 reward"
"19627","M3","C4620081","7","96","C4620081 M3","reward",0.06637239936586,"96 reward","7 reward"
"19628","M3","C4620081","7","97","C4620081 M3","reward",0.0659357312042255,"97 reward","7 reward"
"19629","M3","C4620081","7","98","C4620081 M3","reward",0.0656094980993929,"98 reward","7 reward"
"19630","M3","C4620081","7","99","C4620081 M3","reward",0.0652945120253062,"99 reward","7 reward"
"19631","M3","C4620081","7","100","C4620081 M3","reward",0.0650801490600581,"100 reward","7 reward"
"19632","M3","C4620081","7","101","C4620081 M3","reward",0.0649552738107379,"101 reward","7 reward"
"19633","M3","C4620081","7","102","C4620081 M3","reward",0.0648836300638253,"102 reward","7 reward"
"19634","M3","C4620081","7","103","C4620081 M3","reward",0.0647414197512,"103 reward","7 reward"
"19635","M3","C4620081","7","104","C4620081 M3","reward",0.0642924269947007,"104 reward","7 reward"
"19636","M3","C4620081","7","105","C4620081 M3","reward",0.0642514928760245,"105 reward","7 reward"
"19637","M3","C4620081","7","106","C4620081 M3","reward",0.0640139139640212,"106 reward","7 reward"
"19638","M3","C4620081","7","107","C4620081 M3","reward",0.0638596477031358,"107 reward","7 reward"
"19639","M3","C4620081","7","108","C4620081 M3","reward",0.0635657606785993,"108 reward","7 reward"
"19640","M3","C4620081","7","109","C4620081 M3","reward",0.0632926461129323,"109 reward","7 reward"
"19641","M3","C4620081","7","110","C4620081 M3","reward",0.0632762046904781,"110 reward","7 reward"
"19642","M3","C4620081","7","111","C4620081 M3","reward",0.0628094538786525,"111 reward","7 reward"
"19643","M3","C4620081","7","112","C4620081 M3","reward",0.0626394888149228,"112 reward","7 reward"
"19644","M3","C4620081","7","113","C4620081 M3","reward",0.0625135069218639,"113 reward","7 reward"
"19645","M3","C4620081","7","114","C4620081 M3","reward",0.0622740122741408,"114 reward","7 reward"
"19646","M3","C4620081","7","115","C4620081 M3","reward",0.0620033205827749,"115 reward","7 reward"
"19647","M3","C4620081","7","116","C4620081 M3","reward",0.0619503153897715,"116 reward","7 reward"
"19648","M3","C4620081","7","117","C4620081 M3","reward",0.0619129509158724,"117 reward","7 reward"
"19649","M3","C4620081","7","118","C4620081 M3","reward",0.0617943117027949,"118 reward","7 reward"
"19650","M3","C4620081","7","119","C4620081 M3","reward",0.0617713363187484,"119 reward","7 reward"
"19651","M3","C4620081","7","120","C4620081 M3","reward",0.0616368042367565,"120 reward","7 reward"
"19652","M3","C4620081","7","121","C4620081 M3","reward",0.0611100251266681,"121 reward","7 reward"
"19653","M3","C4620081","7","122","C4620081 M3","reward",0.0607177945399933,"122 reward","7 reward"
"19654","M3","C4620081","7","123","C4620081 M3","reward",0.0603816973809392,"123 reward","7 reward"
"19655","M3","C4620081","7","124","C4620081 M3","reward",0.0599201058532033,"124 reward","7 reward"
"19656","M3","C4620081","7","125","C4620081 M3","reward",0.0598300071543143,"125 reward","7 reward"
"19657","M3","C4620081","7","126","C4620081 M3","reward",0.0596356029270226,"126 reward","7 reward"
"19658","M3","C4620081","7","127","C4620081 M3","reward",0.0595977015731045,"127 reward","7 reward"
"19659","M3","C4620081","7","128","C4620081 M3","reward",0.0593632896692543,"128 reward","7 reward"
"19660","M3","C4620081","7","129","C4620081 M3","reward",0.0589978351127177,"129 reward","7 reward"
"19661","M3","C4620081","7","130","C4620081 M3","reward",0.058718445794491,"130 reward","7 reward"
"19662","M3","C4620081","7","131","C4620081 M3","reward",0.0586921855252771,"131 reward","7 reward"
"19663","M3","C4620081","7","132","C4620081 M3","reward",0.0585688680045256,"132 reward","7 reward"
"19664","M3","C4620081","7","133","C4620081 M3","reward",0.0585186615509949,"133 reward","7 reward"
"19665","M3","C4620081","7","134","C4620081 M3","reward",0.0583947216313622,"134 reward","7 reward"
"19666","M3","C4620081","7","135","C4620081 M3","reward",0.058323058559069,"135 reward","7 reward"
"19667","M3","C4620081","7","136","C4620081 M3","reward",0.0582996844300295,"136 reward","7 reward"
"19668","M3","C4620081","7","137","C4620081 M3","reward",0.057934661299467,"137 reward","7 reward"
"19669","M3","C4620081","7","138","C4620081 M3","reward",0.0578754124845349,"138 reward","7 reward"
"19670","M3","C4620081","7","139","C4620081 M3","reward",0.0574340575343179,"139 reward","7 reward"
"19671","M3","C4620081","7","140","C4620081 M3","reward",0.0570035352162577,"140 reward","7 reward"
"19672","M3","C4620081","7","141","C4620081 M3","reward",0.0569215036396199,"141 reward","7 reward"
"19673","M3","C4620081","7","142","C4620081 M3","reward",0.055879080608591,"142 reward","7 reward"
"19674","M3","C4620081","7","143","C4620081 M3","reward",0.0555851040678347,"143 reward","7 reward"
"19675","M3","C4620081","7","144","C4620081 M3","reward",0.0552288293067774,"144 reward","7 reward"
"19676","M3","C4620081","7","145","C4620081 M3","reward",0.0551991529379335,"145 reward","7 reward"
"19677","M3","C4620081","7","146","C4620081 M3","reward",0.0551709285877189,"146 reward","7 reward"
"19678","M3","C4620081","7","147","C4620081 M3","reward",0.0550337019443369,"147 reward","7 reward"
"19679","M3","C4620081","7","148","C4620081 M3","reward",0.054949070098716,"148 reward","7 reward"
"19680","M3","C4620081","7","149","C4620081 M3","reward",0.0548568374989431,"149 reward","7 reward"
"19681","M3","C4620081","7","150","C4620081 M3","reward",0.0543068762372172,"150 reward","7 reward"
"19682","M3","C4620081","7","151","C4620081 M3","reward",0.0542776665503492,"151 reward","7 reward"
"19683","M3","C4620081","7","152","C4620081 M3","reward",0.0541982942282898,"152 reward","7 reward"
"19684","M3","C4620081","7","153","C4620081 M3","reward",0.0540690981518974,"153 reward","7 reward"
"19685","M3","C4620081","7","154","C4620081 M3","reward",0.0540139860505923,"154 reward","7 reward"
"19686","M3","C4620081","7","155","C4620081 M3","reward",0.0537632514678695,"155 reward","7 reward"
"19687","M3","C4620081","7","156","C4620081 M3","reward",0.0536920509491444,"156 reward","7 reward"
"19688","M3","C4620081","7","157","C4620081 M3","reward",0.0532920588430082,"157 reward","7 reward"
"19689","M3","C4620081","7","158","C4620081 M3","reward",0.0530662416976973,"158 reward","7 reward"
"19690","M3","C4620081","7","159","C4620081 M3","reward",0.0529591650252358,"159 reward","7 reward"
"19691","M3","C4620081","7","160","C4620081 M3","reward",0.0524531552071535,"160 reward","7 reward"
"19692","M3","C4620081","7","161","C4620081 M3","reward",0.0524259824559644,"161 reward","7 reward"
"19693","M3","C4620081","7","162","C4620081 M3","reward",0.0520915655582236,"162 reward","7 reward"
"19694","M3","C4620081","7","163","C4620081 M3","reward",0.0519389040299894,"163 reward","7 reward"
"19695","M3","C4620081","7","164","C4620081 M3","reward",0.0500632105550116,"164 reward","7 reward"
"19696","M3","C4620081","7","165","C4620081 M3","reward",0.049870401401478,"165 reward","7 reward"
"19697","M3","C4620081","7","166","C4620081 M3","reward",0.0497851178989436,"166 reward","7 reward"
"19698","M3","C4620081","7","167","C4620081 M3","reward",0.0496125713703577,"167 reward","7 reward"
"19699","M3","C4620081","7","168","C4620081 M3","reward",0.049565550424973,"168 reward","7 reward"
"19700","M3","C4620081","7","169","C4620081 M3","reward",0.0495110287311128,"169 reward","7 reward"
"19701","M3","C4620081","7","170","C4620081 M3","reward",0.0493573896105229,"170 reward","7 reward"
"19702","M3","C4620081","7","171","C4620081 M3","reward",0.0491615243370896,"171 reward","7 reward"
"19703","M3","C4620081","7","172","C4620081 M3","reward",0.0489833485654089,"172 reward","7 reward"
"19704","M3","C4620081","7","173","C4620081 M3","reward",0.0488409007527629,"173 reward","7 reward"
"19705","M3","C4620081","7","174","C4620081 M3","reward",0.0485650086565447,"174 reward","7 reward"
"19706","M3","C4620081","7","175","C4620081 M3","reward",0.0480172376232695,"175 reward","7 reward"
"19707","M3","C4620081","7","176","C4620081 M3","reward",0.0479900901937252,"176 reward","7 reward"
"19708","M3","C4620081","7","177","C4620081 M3","reward",0.0478406511869982,"177 reward","7 reward"
"19709","M3","C4620081","7","178","C4620081 M3","reward",0.0475499538007336,"178 reward","7 reward"
"19710","M3","C4620081","7","179","C4620081 M3","reward",0.0474975442561974,"179 reward","7 reward"
"19711","M3","C4620081","7","180","C4620081 M3","reward",0.047120190570623,"180 reward","7 reward"
"19712","M3","C4620081","7","181","C4620081 M3","reward",0.0470953993514538,"181 reward","7 reward"
"19713","M3","C4620081","7","182","C4620081 M3","reward",0.0465236105693881,"182 reward","7 reward"
"19714","M3","C4620081","7","183","C4620081 M3","reward",0.0465093816299543,"183 reward","7 reward"
"19715","M3","C4620081","7","184","C4620081 M3","reward",0.0460974052274681,"184 reward","7 reward"
"19716","M3","C4620081","7","185","C4620081 M3","reward",0.0457730661331189,"185 reward","7 reward"
"19717","M3","C4620081","7","186","C4620081 M3","reward",0.0457108008395757,"186 reward","7 reward"
"19718","M3","C4620081","7","187","C4620081 M3","reward",0.0455902316348701,"187 reward","7 reward"
"19719","M3","C4620081","7","188","C4620081 M3","reward",0.0453160310436043,"188 reward","7 reward"
"19720","M3","C4620081","7","189","C4620081 M3","reward",0.0451154028590491,"189 reward","7 reward"
"19721","M3","C4620081","7","190","C4620081 M3","reward",0.0450876545753443,"190 reward","7 reward"
"19722","M3","C4620081","7","191","C4620081 M3","reward",0.044930649070934,"191 reward","7 reward"
"19723","M3","C4620081","7","192","C4620081 M3","reward",0.044701029455734,"192 reward","7 reward"
"19724","M3","C4620081","7","193","C4620081 M3","reward",0.0442135466914162,"193 reward","7 reward"
"19725","M3","C4620081","7","194","C4620081 M3","reward",0.0436888647801897,"194 reward","7 reward"
"19726","M3","C4620081","7","195","C4620081 M3","reward",0.0435546448196341,"195 reward","7 reward"
"19727","M3","C4620081","7","196","C4620081 M3","reward",0.0432434561240661,"196 reward","7 reward"
"19728","M3","C4620081","7","197","C4620081 M3","reward",0.0432260724845188,"197 reward","7 reward"
"19729","M3","C4620081","7","198","C4620081 M3","reward",0.0432146433757944,"198 reward","7 reward"
"19730","M3","C4620081","7","199","C4620081 M3","reward",0.0429573882733493,"199 reward","7 reward"
"19731","M3","C4620081","7","200","C4620081 M3","reward",0.0426718126724105,"200 reward","7 reward"
"19732","M3","C4620081","7","201","C4620081 M3","reward",0.0425755001744492,"201 reward","7 reward"
"19733","M3","C4620081","7","202","C4620081 M3","reward",0.0425227443916897,"202 reward","7 reward"
"19734","M3","C4620081","7","203","C4620081 M3","reward",0.0420671273305944,"203 reward","7 reward"
"19735","M3","C4620081","7","204","C4620081 M3","reward",0.0419206370753417,"204 reward","7 reward"
"19736","M3","C4620081","7","205","C4620081 M3","reward",0.0417144049036509,"205 reward","7 reward"
"19737","M3","C4620081","7","206","C4620081 M3","reward",0.041400981221483,"206 reward","7 reward"
"19738","M3","C4620081","7","207","C4620081 M3","reward",0.0413090930436952,"207 reward","7 reward"
"19739","M3","C4620081","7","208","C4620081 M3","reward",0.0411294424672839,"208 reward","7 reward"
"19740","M3","C4620081","7","209","C4620081 M3","reward",0.0401409808907018,"209 reward","7 reward"
"19741","M3","C4620081","7","210","C4620081 M3","reward",0.0401299044901963,"210 reward","7 reward"
"19742","M3","C4620081","7","211","C4620081 M3","reward",0.0400906716535349,"211 reward","7 reward"
"19743","M3","C4620081","7","212","C4620081 M3","reward",0.0390534651475088,"212 reward","7 reward"
"19744","M3","C4620081","7","213","C4620081 M3","reward",0.0382763561345493,"213 reward","7 reward"
"19745","M3","C4620081","7","214","C4620081 M3","reward",0.0382762670843743,"214 reward","7 reward"
"19746","M3","C4620081","7","215","C4620081 M3","reward",0.0372938044114228,"215 reward","7 reward"
"19747","M3","C4620081","7","216","C4620081 M3","reward",0.0372611892240413,"216 reward","7 reward"
"19748","M3","C4620081","7","217","C4620081 M3","reward",0.0371729088130162,"217 reward","7 reward"
"19749","M3","C4620081","7","218","C4620081 M3","reward",0.0365768279825092,"218 reward","7 reward"
"19750","M3","C4620081","7","219","C4620081 M3","reward",0.0365679523011784,"219 reward","7 reward"
"19751","M3","C4620081","7","220","C4620081 M3","reward",0.0365294346316952,"220 reward","7 reward"
"19752","M3","C4620081","7","221","C4620081 M3","reward",0.036291191803803,"221 reward","7 reward"
"19753","M3","C4620081","7","222","C4620081 M3","reward",0.0352649045537696,"222 reward","7 reward"
"19754","M3","C4620081","7","223","C4620081 M3","reward",0.0346054349959982,"223 reward","7 reward"
"19755","M3","C4620081","7","224","C4620081 M3","reward",0.0344846756472055,"224 reward","7 reward"
"19756","M3","C4620081","7","225","C4620081 M3","reward",0.0343124374235167,"225 reward","7 reward"
"19757","M3","C4620081","7","226","C4620081 M3","reward",0.0334211783713101,"226 reward","7 reward"
"19758","M3","C4620081","7","227","C4620081 M3","reward",0.0333856611323903,"227 reward","7 reward"
"19759","M3","C4620081","7","228","C4620081 M3","reward",0.0333616931308677,"228 reward","7 reward"
"19760","M3","C4620081","7","229","C4620081 M3","reward",0.0329468451314384,"229 reward","7 reward"
"19761","M3","C4620081","7","230","C4620081 M3","reward",0.0318649420366689,"230 reward","7 reward"
"19762","M3","C4620081","7","231","C4620081 M3","reward",0.0314867799795337,"231 reward","7 reward"
"19763","M3","C4620081","7","232","C4620081 M3","reward",0.0312367113544916,"232 reward","7 reward"
"19764","M3","C4620081","7","233","C4620081 M3","reward",0.0311114743321932,"233 reward","7 reward"
"19765","M3","C4620081","7","234","C4620081 M3","reward",0.0306053017590739,"234 reward","7 reward"
"19766","M3","C4620081","7","235","C4620081 M3","reward",0.0304565189350216,"235 reward","7 reward"
"19767","M3","C4620081","7","236","C4620081 M3","reward",0.0301758773288102,"236 reward","7 reward"
"19768","M3","C4620081","7","237","C4620081 M3","reward",0.0301068289739575,"237 reward","7 reward"
"19769","M3","C4620081","7","238","C4620081 M3","reward",0.0299759389730841,"238 reward","7 reward"
"19770","M3","C4620081","7","239","C4620081 M3","reward",0.0299621594191999,"239 reward","7 reward"
"19771","M3","C4620081","7","240","C4620081 M3","reward",0.0294764140639966,"240 reward","7 reward"
"19772","M3","C4620081","7","241","C4620081 M3","reward",0.0293215412647193,"241 reward","7 reward"
"19773","M3","C4620081","7","242","C4620081 M3","reward",0.0281751476824222,"242 reward","7 reward"
"19774","M3","C4620081","7","243","C4620081 M3","reward",0.0281442178836503,"243 reward","7 reward"
"19775","M3","C4620081","7","244","C4620081 M3","reward",0.0278958354455059,"244 reward","7 reward"
"19776","M3","C4620081","7","245","C4620081 M3","reward",0.0274546413304557,"245 reward","7 reward"
"19777","M3","C4620081","7","246","C4620081 M3","reward",0.0259440760502723,"246 reward","7 reward"
"19778","M3","C4620081","7","247","C4620081 M3","reward",0.0258088283205405,"247 reward","7 reward"
"19779","M3","C4620081","7","248","C4620081 M3","reward",0.0257261156106081,"248 reward","7 reward"
"19780","M3","C4620081","7","249","C4620081 M3","reward",0.0256817273373141,"249 reward","7 reward"
"19781","M3","C4620081","7","250","C4620081 M3","reward",0.0254969078412623,"250 reward","7 reward"
"19782","M3","C4620081","7","251","C4620081 M3","reward",0.0246800307021903,"251 reward","7 reward"
"19783","M3","C4620081","7","252","C4620081 M3","reward",0.0245095211948155,"252 reward","7 reward"
"19784","M3","C4620081","7","253","C4620081 M3","reward",0.0242751346614709,"253 reward","7 reward"
"19785","M3","C4620081","7","254","C4620081 M3","reward",0.0240160702812672,"254 reward","7 reward"
"19786","M3","C4620081","7","255","C4620081 M3","reward",0.0238376053517369,"255 reward","7 reward"
"19787","M3","C4620081","7","256","C4620081 M3","reward",0.0238305819525718,"256 reward","7 reward"
"19788","M3","C4620081","7","257","C4620081 M3","reward",0.0232032663041012,"257 reward","7 reward"
"19789","M3","C4620081","7","258","C4620081 M3","reward",0.0230895814648495,"258 reward","7 reward"
"19790","M3","C4620081","7","259","C4620081 M3","reward",0.0230789096960661,"259 reward","7 reward"
"19791","M3","C4620081","7","260","C4620081 M3","reward",0.0230338036705808,"260 reward","7 reward"
"19792","M3","C4620081","7","261","C4620081 M3","reward",0.0223065953862084,"261 reward","7 reward"
"19793","M3","C4620081","7","262","C4620081 M3","reward",0.0218561145856435,"262 reward","7 reward"
"19794","M3","C4620081","7","263","C4620081 M3","reward",0.0214179026474013,"263 reward","7 reward"
"19795","M3","C4620081","7","264","C4620081 M3","reward",0.0211678364951057,"264 reward","7 reward"
"19796","M3","C4620081","7","265","C4620081 M3","reward",0.0211412507387383,"265 reward","7 reward"
"19797","M3","C4620081","7","266","C4620081 M3","reward",0.0205946947310498,"266 reward","7 reward"
"19798","M3","C4620081","7","267","C4620081 M3","reward",0.0205434225053432,"267 reward","7 reward"
"19799","M3","C4620081","7","268","C4620081 M3","reward",0.0199193937433897,"268 reward","7 reward"
"19800","M3","C4620081","7","269","C4620081 M3","reward",0.018785760468504,"269 reward","7 reward"
"19801","M3","C4620081","7","270","C4620081 M3","reward",0.0186836086845365,"270 reward","7 reward"
"19802","M3","C4620081","7","271","C4620081 M3","reward",0.0186115695440036,"271 reward","7 reward"
"19803","M3","C4620081","7","272","C4620081 M3","reward",0.0176291720103636,"272 reward","7 reward"
"19804","M3","C4620081","7","273","C4620081 M3","reward",0.0174469071795978,"273 reward","7 reward"
"19805","M3","C4620081","7","274","C4620081 M3","reward",0.0168217508672841,"274 reward","7 reward"
"19806","M3","C4620081","7","275","C4620081 M3","reward",0.01665476834258,"275 reward","7 reward"
"19807","M3","C4620081","7","276","C4620081 M3","reward",0.0160074419788878,"276 reward","7 reward"
"19808","M3","C4620081","7","277","C4620081 M3","reward",0.0138452803514989,"277 reward","7 reward"
"19809","M3","C4620081","7","278","C4620081 M3","reward",0.0130402541287065,"278 reward","7 reward"
"19810","M3","C4620081","7","279","C4620081 M3","reward",0.0121739343959193,"279 reward","7 reward"
"19811","M3","C4620081","7","280","C4620081 M3","reward",0.0115512889049239,"280 reward","7 reward"
"19812","M3","C4620081","7","281","C4620081 M3","reward",0.0107315366096143,"281 reward","7 reward"
"19813","M3","C4620081","7","282","C4620081 M3","reward",0.0102495951034178,"282 reward","7 reward"
"19814","M3","C4620081","7","283","C4620081 M3","reward",0.00838266974033334,"283 reward","7 reward"
"19815","M3","C4620081","7","284","C4620081 M3","reward",0.00816365234305481,"284 reward","7 reward"
"19816","M3","C4620081","7","285","C4620081 M3","reward",0.00792427203927791,"285 reward","7 reward"
"19817","M3","C4620081","7","286","C4620081 M3","reward",0.0077932722473498,"286 reward","7 reward"
"19818","M3","C4620081","7","287","C4620081 M3","reward",0.00762964435467273,"287 reward","7 reward"
"19819","M3","C4620081","7","288","C4620081 M3","reward",0.0065969145892175,"288 reward","7 reward"
"19820","M3","C4620081","7","289","C4620081 M3","reward",0.00563390894593146,"289 reward","7 reward"
"19821","M3","C4620081","7","290","C4620081 M3","reward",0.00462575480011016,"290 reward","7 reward"
"19822","M3","C4620081","7","291","C4620081 M3","reward",0.00446773776746331,"291 reward","7 reward"
"19823","M3","C4620081","7","292","C4620081 M3","reward",0.0039452715859126,"292 reward","7 reward"
"19824","M3","C4620081","7","293","C4620081 M3","reward",0.00375729220188362,"293 reward","7 reward"
"19825","M3","C4620081","7","294","C4620081 M3","reward",0.00347629411478393,"294 reward","7 reward"
"19826","M3","C4620081","7","295","C4620081 M3","reward",0.00328889050155372,"295 reward","7 reward"
"19827","M3","C4620081","7","296","C4620081 M3","reward",0.00232334233143077,"296 reward","7 reward"
"19828","M3","C4620081","7","297","C4620081 M3","reward",0.00103947990806086,"297 reward","7 reward"
"19829","M3","C4620081","7","298","C4620081 M3","reward",0.000811780001445465,"298 reward","7 reward"
"19830","M3","C4620081","7","299","C4620081 M3","reward",0.000283196576645194,"299 reward","7 reward"
"19831","M3","C4620081","7","300","C4620081 M3","reward",-0.000166279320579916,"300 reward","7 reward"
"19832","M3","C4620081","7","301","C4620081 M3","reward",-0.00163356813776268,"301 reward","7 reward"
"19833","M3","C4620081","7","302","C4620081 M3","reward",-0.00173855181375532,"302 reward","7 reward"
"19834","M3","C4620081","7","303","C4620081 M3","reward",-0.00176569695824762,"303 reward","7 reward"
"19835","M3","C4620081","7","304","C4620081 M3","reward",-0.00239997184945832,"304 reward","7 reward"
"19836","M3","C4620081","7","305","C4620081 M3","reward",-0.00261104644696069,"305 reward","7 reward"
"19837","M3","C4620081","7","306","C4620081 M3","reward",-0.00327588236922408,"306 reward","7 reward"
"19838","M3","C4620081","7","307","C4620081 M3","reward",-0.00387948111558022,"307 reward","7 reward"
"19839","M3","C4620081","7","308","C4620081 M3","reward",-0.00424640270823801,"308 reward","7 reward"
"19840","M3","C4620081","7","309","C4620081 M3","reward",-0.00470825361754399,"309 reward","7 reward"
"19841","M3","C4620081","7","310","C4620081 M3","reward",-0.00521401529399356,"310 reward","7 reward"
"19842","M3","C4620081","7","311","C4620081 M3","reward",-0.00610825990476956,"311 reward","7 reward"
"19843","M3","C4620081","7","312","C4620081 M3","reward",-0.00875166516887011,"312 reward","7 reward"
"19844","M4","C4620081","7","0","C4620081 M4","reward",0.23107252093729,"0 reward","7 reward"
"19845","M4","C4620081","7","1","C4620081 M4","reward",0.218790050384356,"1 reward","7 reward"
"19846","M4","C4620081","7","2","C4620081 M4","reward",0.217048905933176,"2 reward","7 reward"
"19847","M4","C4620081","7","3","C4620081 M4","reward",0.216967981168451,"3 reward","7 reward"
"19848","M4","C4620081","7","4","C4620081 M4","reward",0.216589548161527,"4 reward","7 reward"
"19849","M4","C4620081","7","5","C4620081 M4","reward",0.208858799997634,"5 reward","7 reward"
"19850","M4","C4620081","7","6","C4620081 M4","reward",0.20775828707995,"6 reward","7 reward"
"19851","M4","C4620081","7","7","C4620081 M4","reward",0.206193075379702,"7 reward","7 reward"
"19852","M4","C4620081","7","8","C4620081 M4","reward",0.204843227950564,"8 reward","7 reward"
"19853","M4","C4620081","7","9","C4620081 M4","reward",0.204564803571182,"9 reward","7 reward"
"19854","M4","C4620081","7","10","C4620081 M4","reward",0.204328605756765,"10 reward","7 reward"
"19855","M4","C4620081","7","11","C4620081 M4","reward",0.197601019302987,"11 reward","7 reward"
"19856","M4","C4620081","7","12","C4620081 M4","reward",0.197576935405546,"12 reward","7 reward"
"19857","M4","C4620081","7","13","C4620081 M4","reward",0.196633359592151,"13 reward","7 reward"
"19858","M4","C4620081","7","14","C4620081 M4","reward",0.195194796214386,"14 reward","7 reward"
"19859","M4","C4620081","7","15","C4620081 M4","reward",0.193665950655729,"15 reward","7 reward"
"19860","M4","C4620081","7","16","C4620081 M4","reward",0.19186972620213,"16 reward","7 reward"
"19861","M4","C4620081","7","17","C4620081 M4","reward",0.189226635012978,"17 reward","7 reward"
"19862","M4","C4620081","7","18","C4620081 M4","reward",0.187140065096356,"18 reward","7 reward"
"19863","M4","C4620081","7","19","C4620081 M4","reward",0.18352837700768,"19 reward","7 reward"
"19864","M4","C4620081","7","20","C4620081 M4","reward",0.180690593360084,"20 reward","7 reward"
"19865","M4","C4620081","7","21","C4620081 M4","reward",0.179971882805611,"21 reward","7 reward"
"19866","M4","C4620081","7","22","C4620081 M4","reward",0.177049477418044,"22 reward","7 reward"
"19867","M4","C4620081","7","23","C4620081 M4","reward",0.173880164530862,"23 reward","7 reward"
"19868","M4","C4620081","7","24","C4620081 M4","reward",0.172134474446217,"24 reward","7 reward"
"19869","M4","C4620081","7","25","C4620081 M4","reward",0.171048982230347,"25 reward","7 reward"
"19870","M4","C4620081","7","26","C4620081 M4","reward",0.170932266574168,"26 reward","7 reward"
"19871","M4","C4620081","7","27","C4620081 M4","reward",0.169222020125557,"27 reward","7 reward"
"19872","M4","C4620081","7","28","C4620081 M4","reward",0.167971244264906,"28 reward","7 reward"
"19873","M4","C4620081","7","29","C4620081 M4","reward",0.167957309745463,"29 reward","7 reward"
"19874","M4","C4620081","7","30","C4620081 M4","reward",0.167539382635422,"30 reward","7 reward"
"19875","M4","C4620081","7","31","C4620081 M4","reward",0.166826400777156,"31 reward","7 reward"
"19876","M4","C4620081","7","32","C4620081 M4","reward",0.165900494005201,"32 reward","7 reward"
"19877","M4","C4620081","7","33","C4620081 M4","reward",0.164989828490452,"33 reward","7 reward"
"19878","M4","C4620081","7","34","C4620081 M4","reward",0.164442083509124,"34 reward","7 reward"
"19879","M4","C4620081","7","35","C4620081 M4","reward",0.164095409743886,"35 reward","7 reward"
"19880","M4","C4620081","7","36","C4620081 M4","reward",0.163536243798233,"36 reward","7 reward"
"19881","M4","C4620081","7","37","C4620081 M4","reward",0.16199683424971,"37 reward","7 reward"
"19882","M4","C4620081","7","38","C4620081 M4","reward",0.160098549482088,"38 reward","7 reward"
"19883","M4","C4620081","7","39","C4620081 M4","reward",0.159771650763054,"39 reward","7 reward"
"19884","M4","C4620081","7","40","C4620081 M4","reward",0.159630193962312,"40 reward","7 reward"
"19885","M4","C4620081","7","41","C4620081 M4","reward",0.159557973353949,"41 reward","7 reward"
"19886","M4","C4620081","7","42","C4620081 M4","reward",0.158860737996654,"42 reward","7 reward"
"19887","M4","C4620081","7","43","C4620081 M4","reward",0.15749329691026,"43 reward","7 reward"
"19888","M4","C4620081","7","44","C4620081 M4","reward",0.157182050067145,"44 reward","7 reward"
"19889","M4","C4620081","7","45","C4620081 M4","reward",0.156215591959339,"45 reward","7 reward"
"19890","M4","C4620081","7","46","C4620081 M4","reward",0.155813007606122,"46 reward","7 reward"
"19891","M4","C4620081","7","47","C4620081 M4","reward",0.155712818393136,"47 reward","7 reward"
"19892","M4","C4620081","7","48","C4620081 M4","reward",0.155509837001309,"48 reward","7 reward"
"19893","M4","C4620081","7","49","C4620081 M4","reward",0.154638478085061,"49 reward","7 reward"
"19894","M4","C4620081","7","50","C4620081 M4","reward",0.152020275136194,"50 reward","7 reward"
"19895","M4","C4620081","7","51","C4620081 M4","reward",0.151417233977248,"51 reward","7 reward"
"19896","M4","C4620081","7","52","C4620081 M4","reward",0.148808259267197,"52 reward","7 reward"
"19897","M4","C4620081","7","53","C4620081 M4","reward",0.148726271156313,"53 reward","7 reward"
"19898","M4","C4620081","7","54","C4620081 M4","reward",0.148621386260374,"54 reward","7 reward"
"19899","M4","C4620081","7","55","C4620081 M4","reward",0.147914201827746,"55 reward","7 reward"
"19900","M4","C4620081","7","56","C4620081 M4","reward",0.146230256449097,"56 reward","7 reward"
"19901","M4","C4620081","7","57","C4620081 M4","reward",0.145651202792539,"57 reward","7 reward"
"19902","M4","C4620081","7","58","C4620081 M4","reward",0.145236375417802,"58 reward","7 reward"
"19903","M4","C4620081","7","59","C4620081 M4","reward",0.14498876216689,"59 reward","7 reward"
"19904","M4","C4620081","7","60","C4620081 M4","reward",0.144315207101059,"60 reward","7 reward"
"19905","M4","C4620081","7","61","C4620081 M4","reward",0.144152468504531,"61 reward","7 reward"
"19906","M4","C4620081","7","62","C4620081 M4","reward",0.143689746657177,"62 reward","7 reward"
"19907","M4","C4620081","7","63","C4620081 M4","reward",0.143667429326493,"63 reward","7 reward"
"19908","M4","C4620081","7","64","C4620081 M4","reward",0.143595807483511,"64 reward","7 reward"
"19909","M4","C4620081","7","65","C4620081 M4","reward",0.143420835846165,"65 reward","7 reward"
"19910","M4","C4620081","7","66","C4620081 M4","reward",0.142830269442132,"66 reward","7 reward"
"19911","M4","C4620081","7","67","C4620081 M4","reward",0.141863822187094,"67 reward","7 reward"
"19912","M4","C4620081","7","68","C4620081 M4","reward",0.141818915910481,"68 reward","7 reward"
"19913","M4","C4620081","7","69","C4620081 M4","reward",0.141637954254379,"69 reward","7 reward"
"19914","M4","C4620081","7","70","C4620081 M4","reward",0.141113353430889,"70 reward","7 reward"
"19915","M4","C4620081","7","71","C4620081 M4","reward",0.141004693609763,"71 reward","7 reward"
"19916","M4","C4620081","7","72","C4620081 M4","reward",0.140720268003749,"72 reward","7 reward"
"19917","M4","C4620081","7","73","C4620081 M4","reward",0.140549015001622,"73 reward","7 reward"
"19918","M4","C4620081","7","74","C4620081 M4","reward",0.138688353698208,"74 reward","7 reward"
"19919","M4","C4620081","7","75","C4620081 M4","reward",0.138318746430055,"75 reward","7 reward"
"19920","M4","C4620081","7","76","C4620081 M4","reward",0.138229281787289,"76 reward","7 reward"
"19921","M4","C4620081","7","77","C4620081 M4","reward",0.136030985760586,"77 reward","7 reward"
"19922","M4","C4620081","7","78","C4620081 M4","reward",0.135393904051462,"78 reward","7 reward"
"19923","M4","C4620081","7","79","C4620081 M4","reward",0.134365752379876,"79 reward","7 reward"
"19924","M4","C4620081","7","80","C4620081 M4","reward",0.1342232585029,"80 reward","7 reward"
"19925","M4","C4620081","7","81","C4620081 M4","reward",0.134084681096156,"81 reward","7 reward"
"19926","M4","C4620081","7","82","C4620081 M4","reward",0.133562353397319,"82 reward","7 reward"
"19927","M4","C4620081","7","83","C4620081 M4","reward",0.132681887212783,"83 reward","7 reward"
"19928","M4","C4620081","7","84","C4620081 M4","reward",0.131733281658467,"84 reward","7 reward"
"19929","M4","C4620081","7","85","C4620081 M4","reward",0.131487836992686,"85 reward","7 reward"
"19930","M4","C4620081","7","86","C4620081 M4","reward",0.130916414922597,"86 reward","7 reward"
"19931","M4","C4620081","7","87","C4620081 M4","reward",0.130882800351029,"87 reward","7 reward"
"19932","M4","C4620081","7","88","C4620081 M4","reward",0.13061439710551,"88 reward","7 reward"
"19933","M4","C4620081","7","89","C4620081 M4","reward",0.129439633458711,"89 reward","7 reward"
"19934","M4","C4620081","7","90","C4620081 M4","reward",0.12882727968688,"90 reward","7 reward"
"19935","M4","C4620081","7","91","C4620081 M4","reward",0.128679353777524,"91 reward","7 reward"
"19936","M4","C4620081","7","92","C4620081 M4","reward",0.128352121310177,"92 reward","7 reward"
"19937","M4","C4620081","7","93","C4620081 M4","reward",0.12812844588409,"93 reward","7 reward"
"19938","M4","C4620081","7","94","C4620081 M4","reward",0.127378061087269,"94 reward","7 reward"
"19939","M4","C4620081","7","95","C4620081 M4","reward",0.126807168274892,"95 reward","7 reward"
"19940","M4","C4620081","7","96","C4620081 M4","reward",0.126438253264561,"96 reward","7 reward"
"19941","M4","C4620081","7","97","C4620081 M4","reward",0.12560122551843,"97 reward","7 reward"
"19942","M4","C4620081","7","98","C4620081 M4","reward",0.125171150966645,"98 reward","7 reward"
"19943","M4","C4620081","7","99","C4620081 M4","reward",0.124553216154891,"99 reward","7 reward"
"19944","M4","C4620081","7","100","C4620081 M4","reward",0.12366908014264,"100 reward","7 reward"
"19945","M4","C4620081","7","101","C4620081 M4","reward",0.123514496054912,"101 reward","7 reward"
"19946","M4","C4620081","7","102","C4620081 M4","reward",0.122167461704495,"102 reward","7 reward"
"19947","M4","C4620081","7","103","C4620081 M4","reward",0.121882465603895,"103 reward","7 reward"
"19948","M4","C4620081","7","104","C4620081 M4","reward",0.121194404319468,"104 reward","7 reward"
"19949","M4","C4620081","7","105","C4620081 M4","reward",0.121167602408957,"105 reward","7 reward"
"19950","M4","C4620081","7","106","C4620081 M4","reward",0.121026659191517,"106 reward","7 reward"
"19951","M4","C4620081","7","107","C4620081 M4","reward",0.120406857301176,"107 reward","7 reward"
"19952","M4","C4620081","7","108","C4620081 M4","reward",0.120139014165311,"108 reward","7 reward"
"19953","M4","C4620081","7","109","C4620081 M4","reward",0.12012073138323,"109 reward","7 reward"
"19954","M4","C4620081","7","110","C4620081 M4","reward",0.118326505174042,"110 reward","7 reward"
"19955","M4","C4620081","7","111","C4620081 M4","reward",0.117396202203501,"111 reward","7 reward"
"19956","M4","C4620081","7","112","C4620081 M4","reward",0.116931987229105,"112 reward","7 reward"
"19957","M4","C4620081","7","113","C4620081 M4","reward",0.1165026687352,"113 reward","7 reward"
"19958","M4","C4620081","7","114","C4620081 M4","reward",0.116498330559134,"114 reward","7 reward"
"19959","M4","C4620081","7","115","C4620081 M4","reward",0.116047097427184,"115 reward","7 reward"
"19960","M4","C4620081","7","116","C4620081 M4","reward",0.116019820182626,"116 reward","7 reward"
"19961","M4","C4620081","7","117","C4620081 M4","reward",0.11601560371058,"117 reward","7 reward"
"19962","M4","C4620081","7","118","C4620081 M4","reward",0.115899912190144,"118 reward","7 reward"
"19963","M4","C4620081","7","119","C4620081 M4","reward",0.115534724362061,"119 reward","7 reward"
"19964","M4","C4620081","7","120","C4620081 M4","reward",0.114172633117147,"120 reward","7 reward"
"19965","M4","C4620081","7","121","C4620081 M4","reward",0.1141158288787,"121 reward","7 reward"
"19966","M4","C4620081","7","122","C4620081 M4","reward",0.113950625363319,"122 reward","7 reward"
"19967","M4","C4620081","7","123","C4620081 M4","reward",0.113499440568521,"123 reward","7 reward"
"19968","M4","C4620081","7","124","C4620081 M4","reward",0.113366278830147,"124 reward","7 reward"
"19969","M4","C4620081","7","125","C4620081 M4","reward",0.112751217831942,"125 reward","7 reward"
"19970","M4","C4620081","7","126","C4620081 M4","reward",0.11263666668503,"126 reward","7 reward"
"19971","M4","C4620081","7","127","C4620081 M4","reward",0.110962419106816,"127 reward","7 reward"
"19972","M4","C4620081","7","128","C4620081 M4","reward",0.110874865707314,"128 reward","7 reward"
"19973","M4","C4620081","7","129","C4620081 M4","reward",0.110578259476536,"129 reward","7 reward"
"19974","M4","C4620081","7","130","C4620081 M4","reward",0.11007402379614,"130 reward","7 reward"
"19975","M4","C4620081","7","131","C4620081 M4","reward",0.109920237719845,"131 reward","7 reward"
"19976","M4","C4620081","7","132","C4620081 M4","reward",0.109790750826077,"132 reward","7 reward"
"19977","M4","C4620081","7","133","C4620081 M4","reward",0.109258196033632,"133 reward","7 reward"
"19978","M4","C4620081","7","134","C4620081 M4","reward",0.108754541937753,"134 reward","7 reward"
"19979","M4","C4620081","7","135","C4620081 M4","reward",0.108661334142658,"135 reward","7 reward"
"19980","M4","C4620081","7","136","C4620081 M4","reward",0.108656888160089,"136 reward","7 reward"
"19981","M4","C4620081","7","137","C4620081 M4","reward",0.108362251980189,"137 reward","7 reward"
"19982","M4","C4620081","7","138","C4620081 M4","reward",0.107804137806828,"138 reward","7 reward"
"19983","M4","C4620081","7","139","C4620081 M4","reward",0.107508706268456,"139 reward","7 reward"
"19984","M4","C4620081","7","140","C4620081 M4","reward",0.107135378496366,"140 reward","7 reward"
"19985","M4","C4620081","7","141","C4620081 M4","reward",0.107067130047953,"141 reward","7 reward"
"19986","M4","C4620081","7","142","C4620081 M4","reward",0.10704539741472,"142 reward","7 reward"
"19987","M4","C4620081","7","143","C4620081 M4","reward",0.107020462672881,"143 reward","7 reward"
"19988","M4","C4620081","7","144","C4620081 M4","reward",0.106847957384664,"144 reward","7 reward"
"19989","M4","C4620081","7","145","C4620081 M4","reward",0.106745723957607,"145 reward","7 reward"
"19990","M4","C4620081","7","146","C4620081 M4","reward",0.106586281359502,"146 reward","7 reward"
"19991","M4","C4620081","7","147","C4620081 M4","reward",0.105989992266727,"147 reward","7 reward"
"19992","M4","C4620081","7","148","C4620081 M4","reward",0.105631912090838,"148 reward","7 reward"
"19993","M4","C4620081","7","149","C4620081 M4","reward",0.10523867371791,"149 reward","7 reward"
"19994","M4","C4620081","7","150","C4620081 M4","reward",0.105101162788744,"150 reward","7 reward"
"19995","M4","C4620081","7","151","C4620081 M4","reward",0.104992468733381,"151 reward","7 reward"
"19996","M4","C4620081","7","152","C4620081 M4","reward",0.104795073232338,"152 reward","7 reward"
"19997","M4","C4620081","7","153","C4620081 M4","reward",0.10456231882657,"153 reward","7 reward"
"19998","M4","C4620081","7","154","C4620081 M4","reward",0.104412203620314,"154 reward","7 reward"
"19999","M4","C4620081","7","155","C4620081 M4","reward",0.103932328969823,"155 reward","7 reward"
"20000","M4","C4620081","7","156","C4620081 M4","reward",0.103789800253471,"156 reward","7 reward"
"20001","M4","C4620081","7","157","C4620081 M4","reward",0.103685343170596,"157 reward","7 reward"
"20002","M4","C4620081","7","158","C4620081 M4","reward",0.10329565229369,"158 reward","7 reward"
"20003","M4","C4620081","7","159","C4620081 M4","reward",0.103036888682863,"159 reward","7 reward"
"20004","M4","C4620081","7","160","C4620081 M4","reward",0.102978330712275,"160 reward","7 reward"
"20005","M4","C4620081","7","161","C4620081 M4","reward",0.102930182213393,"161 reward","7 reward"
"20006","M4","C4620081","7","162","C4620081 M4","reward",0.102496413655898,"162 reward","7 reward"
"20007","M4","C4620081","7","163","C4620081 M4","reward",0.101873564213437,"163 reward","7 reward"
"20008","M4","C4620081","7","164","C4620081 M4","reward",0.101794265918781,"164 reward","7 reward"
"20009","M4","C4620081","7","165","C4620081 M4","reward",0.100898951464902,"165 reward","7 reward"
"20010","M4","C4620081","7","166","C4620081 M4","reward",0.100560151944437,"166 reward","7 reward"
"20011","M4","C4620081","7","167","C4620081 M4","reward",0.0985144227798551,"167 reward","7 reward"
"20012","M4","C4620081","7","168","C4620081 M4","reward",0.0984249009241555,"168 reward","7 reward"
"20013","M4","C4620081","7","169","C4620081 M4","reward",0.09807941963586,"169 reward","7 reward"
"20014","M4","C4620081","7","170","C4620081 M4","reward",0.0980717916173868,"170 reward","7 reward"
"20015","M4","C4620081","7","171","C4620081 M4","reward",0.0978021079682723,"171 reward","7 reward"
"20016","M4","C4620081","7","172","C4620081 M4","reward",0.0976884235886808,"172 reward","7 reward"
"20017","M4","C4620081","7","173","C4620081 M4","reward",0.097620863386502,"173 reward","7 reward"
"20018","M4","C4620081","7","174","C4620081 M4","reward",0.095878454876491,"174 reward","7 reward"
"20019","M4","C4620081","7","175","C4620081 M4","reward",0.0957800681581605,"175 reward","7 reward"
"20020","M4","C4620081","7","176","C4620081 M4","reward",0.0956354491246451,"176 reward","7 reward"
"20021","M4","C4620081","7","177","C4620081 M4","reward",0.0950054185482744,"177 reward","7 reward"
"20022","M4","C4620081","7","178","C4620081 M4","reward",0.0947900140078028,"178 reward","7 reward"
"20023","M4","C4620081","7","179","C4620081 M4","reward",0.0945960726001672,"179 reward","7 reward"
"20024","M4","C4620081","7","180","C4620081 M4","reward",0.0945738674862226,"180 reward","7 reward"
"20025","M4","C4620081","7","181","C4620081 M4","reward",0.0941646492813229,"181 reward","7 reward"
"20026","M4","C4620081","7","182","C4620081 M4","reward",0.0940782039565693,"182 reward","7 reward"
"20027","M4","C4620081","7","183","C4620081 M4","reward",0.0939827956900035,"183 reward","7 reward"
"20028","M4","C4620081","7","184","C4620081 M4","reward",0.0939603085788167,"184 reward","7 reward"
"20029","M4","C4620081","7","185","C4620081 M4","reward",0.0933114681148699,"185 reward","7 reward"
"20030","M4","C4620081","7","186","C4620081 M4","reward",0.0925667593738055,"186 reward","7 reward"
"20031","M4","C4620081","7","187","C4620081 M4","reward",0.0922211251088706,"187 reward","7 reward"
"20032","M4","C4620081","7","188","C4620081 M4","reward",0.0919511371804809,"188 reward","7 reward"
"20033","M4","C4620081","7","189","C4620081 M4","reward",0.0917195999461653,"189 reward","7 reward"
"20034","M4","C4620081","7","190","C4620081 M4","reward",0.0915904401680556,"190 reward","7 reward"
"20035","M4","C4620081","7","191","C4620081 M4","reward",0.0912354822130013,"191 reward","7 reward"
"20036","M4","C4620081","7","192","C4620081 M4","reward",0.091060879736898,"192 reward","7 reward"
"20037","M4","C4620081","7","193","C4620081 M4","reward",0.0906387820634065,"193 reward","7 reward"
"20038","M4","C4620081","7","194","C4620081 M4","reward",0.0905471234820297,"194 reward","7 reward"
"20039","M4","C4620081","7","195","C4620081 M4","reward",0.0903654108547668,"195 reward","7 reward"
"20040","M4","C4620081","7","196","C4620081 M4","reward",0.0903339579841025,"196 reward","7 reward"
"20041","M4","C4620081","7","197","C4620081 M4","reward",0.0901837884052864,"197 reward","7 reward"
"20042","M4","C4620081","7","198","C4620081 M4","reward",0.0901249552428847,"198 reward","7 reward"
"20043","M4","C4620081","7","199","C4620081 M4","reward",0.0899790652016107,"199 reward","7 reward"
"20044","M4","C4620081","7","200","C4620081 M4","reward",0.0898794069660206,"200 reward","7 reward"
"20045","M4","C4620081","7","201","C4620081 M4","reward",0.0898380603410373,"201 reward","7 reward"
"20046","M4","C4620081","7","202","C4620081 M4","reward",0.0893151246935062,"202 reward","7 reward"
"20047","M4","C4620081","7","203","C4620081 M4","reward",0.0890825290128863,"203 reward","7 reward"
"20048","M4","C4620081","7","204","C4620081 M4","reward",0.0882702889788682,"204 reward","7 reward"
"20049","M4","C4620081","7","205","C4620081 M4","reward",0.0879607407640094,"205 reward","7 reward"
"20050","M4","C4620081","7","206","C4620081 M4","reward",0.0876346523147986,"206 reward","7 reward"
"20051","M4","C4620081","7","207","C4620081 M4","reward",0.087265898308402,"207 reward","7 reward"
"20052","M4","C4620081","7","208","C4620081 M4","reward",0.0871835069304738,"208 reward","7 reward"
"20053","M4","C4620081","7","209","C4620081 M4","reward",0.0867349758951291,"209 reward","7 reward"
"20054","M4","C4620081","7","210","C4620081 M4","reward",0.0866079777892414,"210 reward","7 reward"
"20055","M4","C4620081","7","211","C4620081 M4","reward",0.086409607193588,"211 reward","7 reward"
"20056","M4","C4620081","7","212","C4620081 M4","reward",0.0858441678274055,"212 reward","7 reward"
"20057","M4","C4620081","7","213","C4620081 M4","reward",0.0853358028353804,"213 reward","7 reward"
"20058","M4","C4620081","7","214","C4620081 M4","reward",0.0851158006079516,"214 reward","7 reward"
"20059","M4","C4620081","7","215","C4620081 M4","reward",0.0841984985586802,"215 reward","7 reward"
"20060","M4","C4620081","7","216","C4620081 M4","reward",0.083891810337432,"216 reward","7 reward"
"20061","M4","C4620081","7","217","C4620081 M4","reward",0.0828871961191052,"217 reward","7 reward"
"20062","M4","C4620081","7","218","C4620081 M4","reward",0.0826156336362272,"218 reward","7 reward"
"20063","M4","C4620081","7","219","C4620081 M4","reward",0.082084059121422,"219 reward","7 reward"
"20064","M4","C4620081","7","220","C4620081 M4","reward",0.0805861790109658,"220 reward","7 reward"
"20065","M4","C4620081","7","221","C4620081 M4","reward",0.0805138883889142,"221 reward","7 reward"
"20066","M4","C4620081","7","222","C4620081 M4","reward",0.0804618857611916,"222 reward","7 reward"
"20067","M4","C4620081","7","223","C4620081 M4","reward",0.0799875056973178,"223 reward","7 reward"
"20068","M4","C4620081","7","224","C4620081 M4","reward",0.079903379681468,"224 reward","7 reward"
"20069","M4","C4620081","7","225","C4620081 M4","reward",0.079689684816205,"225 reward","7 reward"
"20070","M4","C4620081","7","226","C4620081 M4","reward",0.0789368432691067,"226 reward","7 reward"
"20071","M4","C4620081","7","227","C4620081 M4","reward",0.0787361626037494,"227 reward","7 reward"
"20072","M4","C4620081","7","228","C4620081 M4","reward",0.0785731257656875,"228 reward","7 reward"
"20073","M4","C4620081","7","229","C4620081 M4","reward",0.0783486497108379,"229 reward","7 reward"
"20074","M4","C4620081","7","230","C4620081 M4","reward",0.0783323936457445,"230 reward","7 reward"
"20075","M4","C4620081","7","231","C4620081 M4","reward",0.077482537978637,"231 reward","7 reward"
"20076","M4","C4620081","7","232","C4620081 M4","reward",0.0773984998402958,"232 reward","7 reward"
"20077","M4","C4620081","7","233","C4620081 M4","reward",0.0773454480107792,"233 reward","7 reward"
"20078","M4","C4620081","7","234","C4620081 M4","reward",0.0773178966466139,"234 reward","7 reward"
"20079","M4","C4620081","7","235","C4620081 M4","reward",0.0766781072947003,"235 reward","7 reward"
"20080","M4","C4620081","7","236","C4620081 M4","reward",0.076484047746427,"236 reward","7 reward"
"20081","M4","C4620081","7","237","C4620081 M4","reward",0.0760116436038624,"237 reward","7 reward"
"20082","M4","C4620081","7","238","C4620081 M4","reward",0.0758303102831362,"238 reward","7 reward"
"20083","M4","C4620081","7","239","C4620081 M4","reward",0.075785690916777,"239 reward","7 reward"
"20084","M4","C4620081","7","240","C4620081 M4","reward",0.0756406976154834,"240 reward","7 reward"
"20085","M4","C4620081","7","241","C4620081 M4","reward",0.0754361535027263,"241 reward","7 reward"
"20086","M4","C4620081","7","242","C4620081 M4","reward",0.0745109578441847,"242 reward","7 reward"
"20087","M4","C4620081","7","243","C4620081 M4","reward",0.0744135100788605,"243 reward","7 reward"
"20088","M4","C4620081","7","244","C4620081 M4","reward",0.0743576012466009,"244 reward","7 reward"
"20089","M4","C4620081","7","245","C4620081 M4","reward",0.0741926732505893,"245 reward","7 reward"
"20090","M4","C4620081","7","246","C4620081 M4","reward",0.073843246025621,"246 reward","7 reward"
"20091","M4","C4620081","7","247","C4620081 M4","reward",0.073840245750868,"247 reward","7 reward"
"20092","M4","C4620081","7","248","C4620081 M4","reward",0.073722330250653,"248 reward","7 reward"
"20093","M4","C4620081","7","249","C4620081 M4","reward",0.0732436710904293,"249 reward","7 reward"
"20094","M4","C4620081","7","250","C4620081 M4","reward",0.0727447768525977,"250 reward","7 reward"
"20095","M4","C4620081","7","251","C4620081 M4","reward",0.0720846503040523,"251 reward","7 reward"
"20096","M4","C4620081","7","252","C4620081 M4","reward",0.0719164275882926,"252 reward","7 reward"
"20097","M4","C4620081","7","253","C4620081 M4","reward",0.0710041871024475,"253 reward","7 reward"
"20098","M4","C4620081","7","254","C4620081 M4","reward",0.0708312390118332,"254 reward","7 reward"
"20099","M4","C4620081","7","255","C4620081 M4","reward",0.0707810161097823,"255 reward","7 reward"
"20100","M4","C4620081","7","256","C4620081 M4","reward",0.0704003029655938,"256 reward","7 reward"
"20101","M4","C4620081","7","257","C4620081 M4","reward",0.0689348209368493,"257 reward","7 reward"
"20102","M4","C4620081","7","258","C4620081 M4","reward",0.0685999076848945,"258 reward","7 reward"
"20103","M4","C4620081","7","259","C4620081 M4","reward",0.0681621936112867,"259 reward","7 reward"
"20104","M4","C4620081","7","260","C4620081 M4","reward",0.0677633291402047,"260 reward","7 reward"
"20105","M4","C4620081","7","261","C4620081 M4","reward",0.0677056984265718,"261 reward","7 reward"
"20106","M4","C4620081","7","262","C4620081 M4","reward",0.0652766510233771,"262 reward","7 reward"
"20107","M4","C4620081","7","263","C4620081 M4","reward",0.0650423374009574,"263 reward","7 reward"
"20108","M4","C4620081","7","264","C4620081 M4","reward",0.0647446991429373,"264 reward","7 reward"
"20109","M4","C4620081","7","265","C4620081 M4","reward",0.0645844934963784,"265 reward","7 reward"
"20110","M4","C4620081","7","266","C4620081 M4","reward",0.0641974178569645,"266 reward","7 reward"
"20111","M4","C4620081","7","267","C4620081 M4","reward",0.0634856398450593,"267 reward","7 reward"
"20112","M4","C4620081","7","268","C4620081 M4","reward",0.0634494312517055,"268 reward","7 reward"
"20113","M4","C4620081","7","269","C4620081 M4","reward",0.0630872337077874,"269 reward","7 reward"
"20114","M4","C4620081","7","270","C4620081 M4","reward",0.0630288371913653,"270 reward","7 reward"
"20115","M4","C4620081","7","271","C4620081 M4","reward",0.0624737754201973,"271 reward","7 reward"
"20116","M4","C4620081","7","272","C4620081 M4","reward",0.0618355864683251,"272 reward","7 reward"
"20117","M4","C4620081","7","273","C4620081 M4","reward",0.0616516648996008,"273 reward","7 reward"
"20118","M4","C4620081","7","274","C4620081 M4","reward",0.061576602947625,"274 reward","7 reward"
"20119","M4","C4620081","7","275","C4620081 M4","reward",0.0615221735272878,"275 reward","7 reward"
"20120","M4","C4620081","7","276","C4620081 M4","reward",0.0613333960231717,"276 reward","7 reward"
"20121","M4","C4620081","7","277","C4620081 M4","reward",0.0607537808084922,"277 reward","7 reward"
"20122","M4","C4620081","7","278","C4620081 M4","reward",0.0606739721560342,"278 reward","7 reward"
"20123","M4","C4620081","7","279","C4620081 M4","reward",0.0606650260684031,"279 reward","7 reward"
"20124","M4","C4620081","7","280","C4620081 M4","reward",0.0605954812588306,"280 reward","7 reward"
"20125","M4","C4620081","7","281","C4620081 M4","reward",0.0605944544887368,"281 reward","7 reward"
"20126","M4","C4620081","7","282","C4620081 M4","reward",0.0604254193770784,"282 reward","7 reward"
"20127","M4","C4620081","7","283","C4620081 M4","reward",0.0599813010454493,"283 reward","7 reward"
"20128","M4","C4620081","7","284","C4620081 M4","reward",0.0599059577384883,"284 reward","7 reward"
"20129","M4","C4620081","7","285","C4620081 M4","reward",0.0596181048615782,"285 reward","7 reward"
"20130","M4","C4620081","7","286","C4620081 M4","reward",0.0588680502603226,"286 reward","7 reward"
"20131","M4","C4620081","7","287","C4620081 M4","reward",0.0585119816261754,"287 reward","7 reward"
"20132","M4","C4620081","7","288","C4620081 M4","reward",0.0583692234930068,"288 reward","7 reward"
"20133","M4","C4620081","7","289","C4620081 M4","reward",0.0582922698627389,"289 reward","7 reward"
"20134","M4","C4620081","7","290","C4620081 M4","reward",0.0577050942875582,"290 reward","7 reward"
"20135","M4","C4620081","7","291","C4620081 M4","reward",0.0574193867840061,"291 reward","7 reward"
"20136","M4","C4620081","7","292","C4620081 M4","reward",0.0573903803151104,"292 reward","7 reward"
"20137","M4","C4620081","7","293","C4620081 M4","reward",0.0567028752347951,"293 reward","7 reward"
"20138","M4","C4620081","7","294","C4620081 M4","reward",0.0561575829244685,"294 reward","7 reward"
"20139","M4","C4620081","7","295","C4620081 M4","reward",0.056063385001644,"295 reward","7 reward"
"20140","M4","C4620081","7","296","C4620081 M4","reward",0.0560185908015094,"296 reward","7 reward"
"20141","M4","C4620081","7","297","C4620081 M4","reward",0.0557346856162818,"297 reward","7 reward"
"20142","M4","C4620081","7","298","C4620081 M4","reward",0.0552214103581677,"298 reward","7 reward"
"20143","M4","C4620081","7","299","C4620081 M4","reward",0.0551836999867959,"299 reward","7 reward"
"20144","M4","C4620081","7","300","C4620081 M4","reward",0.054386993690592,"300 reward","7 reward"
"20145","M4","C4620081","7","301","C4620081 M4","reward",0.0539513366256804,"301 reward","7 reward"
"20146","M4","C4620081","7","302","C4620081 M4","reward",0.0538894568300536,"302 reward","7 reward"
"20147","M4","C4620081","7","303","C4620081 M4","reward",0.0535424194037174,"303 reward","7 reward"
"20148","M4","C4620081","7","304","C4620081 M4","reward",0.0535179609357576,"304 reward","7 reward"
"20149","M4","C4620081","7","305","C4620081 M4","reward",0.0530562359848179,"305 reward","7 reward"
"20150","M4","C4620081","7","306","C4620081 M4","reward",0.0529251373665016,"306 reward","7 reward"
"20151","M4","C4620081","7","307","C4620081 M4","reward",0.0527169130076501,"307 reward","7 reward"
"20152","M4","C4620081","7","308","C4620081 M4","reward",0.0522860189832241,"308 reward","7 reward"
"20153","M4","C4620081","7","309","C4620081 M4","reward",0.052153094407515,"309 reward","7 reward"
"20154","M4","C4620081","7","310","C4620081 M4","reward",0.0520745920439266,"310 reward","7 reward"
"20155","M4","C4620081","7","311","C4620081 M4","reward",0.0518592779582363,"311 reward","7 reward"
"20156","M4","C4620081","7","312","C4620081 M4","reward",0.0512816567655071,"312 reward","7 reward"
"20157","M4","C4620081","7","313","C4620081 M4","reward",0.0512011347010114,"313 reward","7 reward"
"20158","M4","C4620081","7","314","C4620081 M4","reward",0.0511799457868103,"314 reward","7 reward"
"20159","M4","C4620081","7","315","C4620081 M4","reward",0.0503588384508359,"315 reward","7 reward"
"20160","M4","C4620081","7","316","C4620081 M4","reward",0.0495774983380181,"316 reward","7 reward"
"20161","M4","C4620081","7","317","C4620081 M4","reward",0.0493568383901434,"317 reward","7 reward"
"20162","M4","C4620081","7","318","C4620081 M4","reward",0.0484736833183593,"318 reward","7 reward"
"20163","M4","C4620081","7","319","C4620081 M4","reward",0.0478568161636497,"319 reward","7 reward"
"20164","M4","C4620081","7","320","C4620081 M4","reward",0.0476579117881539,"320 reward","7 reward"
"20165","M4","C4620081","7","321","C4620081 M4","reward",0.0476538705912045,"321 reward","7 reward"
"20166","M4","C4620081","7","322","C4620081 M4","reward",0.0469023224558212,"322 reward","7 reward"
"20167","M4","C4620081","7","323","C4620081 M4","reward",0.0467862234058914,"323 reward","7 reward"
"20168","M4","C4620081","7","324","C4620081 M4","reward",0.046174640014037,"324 reward","7 reward"
"20169","M4","C4620081","7","325","C4620081 M4","reward",0.045863540814089,"325 reward","7 reward"
"20170","M4","C4620081","7","326","C4620081 M4","reward",0.0457970900358887,"326 reward","7 reward"
"20171","M4","C4620081","7","327","C4620081 M4","reward",0.0455146144339254,"327 reward","7 reward"
"20172","M4","C4620081","7","328","C4620081 M4","reward",0.0454843033596778,"328 reward","7 reward"
"20173","M4","C4620081","7","329","C4620081 M4","reward",0.0453201187875653,"329 reward","7 reward"
"20174","M4","C4620081","7","330","C4620081 M4","reward",0.0451922196661942,"330 reward","7 reward"
"20175","M4","C4620081","7","331","C4620081 M4","reward",0.0450965366519917,"331 reward","7 reward"
"20176","M4","C4620081","7","332","C4620081 M4","reward",0.0449258834686063,"332 reward","7 reward"
"20177","M4","C4620081","7","333","C4620081 M4","reward",0.0448531783354761,"333 reward","7 reward"
"20178","M4","C4620081","7","334","C4620081 M4","reward",0.044412891311084,"334 reward","7 reward"
"20179","M4","C4620081","7","335","C4620081 M4","reward",0.0440793955637633,"335 reward","7 reward"
"20180","M4","C4620081","7","336","C4620081 M4","reward",0.0435060408839478,"336 reward","7 reward"
"20181","M4","C4620081","7","337","C4620081 M4","reward",0.0428286892231413,"337 reward","7 reward"
"20182","M4","C4620081","7","338","C4620081 M4","reward",0.0417558685752826,"338 reward","7 reward"
"20183","M4","C4620081","7","339","C4620081 M4","reward",0.0416998644848797,"339 reward","7 reward"
"20184","M4","C4620081","7","340","C4620081 M4","reward",0.0416522191258065,"340 reward","7 reward"
"20185","M4","C4620081","7","341","C4620081 M4","reward",0.0413023507832698,"341 reward","7 reward"
"20186","M4","C4620081","7","342","C4620081 M4","reward",0.0411250643039937,"342 reward","7 reward"
"20187","M4","C4620081","7","343","C4620081 M4","reward",0.0407595059069087,"343 reward","7 reward"
"20188","M4","C4620081","7","344","C4620081 M4","reward",0.0406867546463452,"344 reward","7 reward"
"20189","M4","C4620081","7","345","C4620081 M4","reward",0.0404904091142019,"345 reward","7 reward"
"20190","M4","C4620081","7","346","C4620081 M4","reward",0.0399498187400811,"346 reward","7 reward"
"20191","M4","C4620081","7","347","C4620081 M4","reward",0.0394150882344663,"347 reward","7 reward"
"20192","M4","C4620081","7","348","C4620081 M4","reward",0.0391506597391446,"348 reward","7 reward"
"20193","M4","C4620081","7","349","C4620081 M4","reward",0.0382853111974904,"349 reward","7 reward"
"20194","M4","C4620081","7","350","C4620081 M4","reward",0.0373596721975365,"350 reward","7 reward"
"20195","M4","C4620081","7","351","C4620081 M4","reward",0.0373098599028295,"351 reward","7 reward"
"20196","M4","C4620081","7","352","C4620081 M4","reward",0.0372206091193055,"352 reward","7 reward"
"20197","M4","C4620081","7","353","C4620081 M4","reward",0.0367487401243076,"353 reward","7 reward"
"20198","M4","C4620081","7","354","C4620081 M4","reward",0.0366757816045061,"354 reward","7 reward"
"20199","M4","C4620081","7","355","C4620081 M4","reward",0.0364254631016711,"355 reward","7 reward"
"20200","M4","C4620081","7","356","C4620081 M4","reward",0.0360072999524778,"356 reward","7 reward"
"20201","M4","C4620081","7","357","C4620081 M4","reward",0.0353754905176819,"357 reward","7 reward"
"20202","M4","C4620081","7","358","C4620081 M4","reward",0.0347539992591164,"358 reward","7 reward"
"20203","M4","C4620081","7","359","C4620081 M4","reward",0.0347051088671397,"359 reward","7 reward"
"20204","M4","C4620081","7","360","C4620081 M4","reward",0.0343299101347815,"360 reward","7 reward"
"20205","M4","C4620081","7","361","C4620081 M4","reward",0.0342847198004577,"361 reward","7 reward"
"20206","M4","C4620081","7","362","C4620081 M4","reward",0.0339694036393591,"362 reward","7 reward"
"20207","M4","C4620081","7","363","C4620081 M4","reward",0.033756636133069,"363 reward","7 reward"
"20208","M4","C4620081","7","364","C4620081 M4","reward",0.0336782645490864,"364 reward","7 reward"
"20209","M4","C4620081","7","365","C4620081 M4","reward",0.0333524336614174,"365 reward","7 reward"
"20210","M4","C4620081","7","366","C4620081 M4","reward",0.0332551435649762,"366 reward","7 reward"
"20211","M4","C4620081","7","367","C4620081 M4","reward",0.032632462059034,"367 reward","7 reward"
"20212","M4","C4620081","7","368","C4620081 M4","reward",0.0325158430287102,"368 reward","7 reward"
"20213","M4","C4620081","7","369","C4620081 M4","reward",0.0319369770048684,"369 reward","7 reward"
"20214","M4","C4620081","7","370","C4620081 M4","reward",0.0317179494749609,"370 reward","7 reward"
"20215","M4","C4620081","7","371","C4620081 M4","reward",0.0316445085604574,"371 reward","7 reward"
"20216","M4","C4620081","7","372","C4620081 M4","reward",0.031054291788664,"372 reward","7 reward"
"20217","M4","C4620081","7","373","C4620081 M4","reward",0.0298190895242639,"373 reward","7 reward"
"20218","M4","C4620081","7","374","C4620081 M4","reward",0.0293498096345741,"374 reward","7 reward"
"20219","M4","C4620081","7","375","C4620081 M4","reward",0.0289096668542414,"375 reward","7 reward"
"20220","M4","C4620081","7","376","C4620081 M4","reward",0.0283563247275754,"376 reward","7 reward"
"20221","M4","C4620081","7","377","C4620081 M4","reward",0.0282164913963384,"377 reward","7 reward"
"20222","M4","C4620081","7","378","C4620081 M4","reward",0.0280418199266137,"378 reward","7 reward"
"20223","M4","C4620081","7","379","C4620081 M4","reward",0.0276580335709456,"379 reward","7 reward"
"20224","M4","C4620081","7","380","C4620081 M4","reward",0.0274867293004799,"380 reward","7 reward"
"20225","M4","C4620081","7","381","C4620081 M4","reward",0.0266579166654928,"381 reward","7 reward"
"20226","M4","C4620081","7","382","C4620081 M4","reward",0.026206178304173,"382 reward","7 reward"
"20227","M4","C4620081","7","383","C4620081 M4","reward",0.0261099334217101,"383 reward","7 reward"
"20228","M4","C4620081","7","384","C4620081 M4","reward",0.0255898067801725,"384 reward","7 reward"
"20229","M4","C4620081","7","385","C4620081 M4","reward",0.0253113009110723,"385 reward","7 reward"
"20230","M4","C4620081","7","386","C4620081 M4","reward",0.0248741803618807,"386 reward","7 reward"
"20231","M4","C4620081","7","387","C4620081 M4","reward",0.0246498982856484,"387 reward","7 reward"
"20232","M4","C4620081","7","388","C4620081 M4","reward",0.0242022615859654,"388 reward","7 reward"
"20233","M4","C4620081","7","389","C4620081 M4","reward",0.0233095817076989,"389 reward","7 reward"
"20234","M4","C4620081","7","390","C4620081 M4","reward",0.0229442003733277,"390 reward","7 reward"
"20235","M4","C4620081","7","391","C4620081 M4","reward",0.0228802569742465,"391 reward","7 reward"
"20236","M4","C4620081","7","392","C4620081 M4","reward",0.0228111876628486,"392 reward","7 reward"
"20237","M4","C4620081","7","393","C4620081 M4","reward",0.0227167456560679,"393 reward","7 reward"
"20238","M4","C4620081","7","394","C4620081 M4","reward",0.02214901996847,"394 reward","7 reward"
"20239","M4","C4620081","7","395","C4620081 M4","reward",0.0219093992042441,"395 reward","7 reward"
"20240","M4","C4620081","7","396","C4620081 M4","reward",0.0189057289593394,"396 reward","7 reward"
"20241","M4","C4620081","7","397","C4620081 M4","reward",0.0182266627637087,"397 reward","7 reward"
"20242","M4","C4620081","7","398","C4620081 M4","reward",0.0170008276509272,"398 reward","7 reward"
"20243","M4","C4620081","7","399","C4620081 M4","reward",0.0164150038278151,"399 reward","7 reward"
"20244","M4","C4620081","7","400","C4620081 M4","reward",0.0156003623419946,"400 reward","7 reward"
"20245","M4","C4620081","7","401","C4620081 M4","reward",0.0148130465096163,"401 reward","7 reward"
"20246","M4","C4620081","7","402","C4620081 M4","reward",0.0143479300589566,"402 reward","7 reward"
"20247","M4","C4620081","7","403","C4620081 M4","reward",0.0135832010122043,"403 reward","7 reward"
"20248","M4","C4620081","7","404","C4620081 M4","reward",0.0123091966464674,"404 reward","7 reward"
"20249","M4","C4620081","7","405","C4620081 M4","reward",0.0120775928834592,"405 reward","7 reward"
"20250","M4","C4620081","7","406","C4620081 M4","reward",0.01196930247695,"406 reward","7 reward"
"20251","M4","C4620081","7","407","C4620081 M4","reward",0.0112833713218001,"407 reward","7 reward"
"20252","M4","C4620081","7","408","C4620081 M4","reward",0.010951231118717,"408 reward","7 reward"
"20253","M4","C4620081","7","409","C4620081 M4","reward",0.010201443907808,"409 reward","7 reward"
"20254","M4","C4620081","7","410","C4620081 M4","reward",0.0087962923850542,"410 reward","7 reward"
"20255","M4","C4620081","7","411","C4620081 M4","reward",0.0083663385249018,"411 reward","7 reward"
"20256","M4","C4620081","7","412","C4620081 M4","reward",0.00822884794634552,"412 reward","7 reward"
"20257","M4","C4620081","7","413","C4620081 M4","reward",0.00687372876182758,"413 reward","7 reward"
"20258","M4","C4620081","7","414","C4620081 M4","reward",0.00681964781316836,"414 reward","7 reward"
"20259","M4","C4620081","7","415","C4620081 M4","reward",0.00661084721605499,"415 reward","7 reward"
"20260","M4","C4620081","7","416","C4620081 M4","reward",0.00629235306671513,"416 reward","7 reward"
"20261","M4","C4620081","7","417","C4620081 M4","reward",0.00567535437481983,"417 reward","7 reward"
"20262","M4","C4620081","7","418","C4620081 M4","reward",0.00282945113673303,"418 reward","7 reward"
"20263","M4","C4620081","7","419","C4620081 M4","reward",0.000378265844994066,"419 reward","7 reward"
"20264","M4","C4620081","7","420","C4620081 M4","reward",0.000240857425084343,"420 reward","7 reward"
"20265","M4","C4620081","7","421","C4620081 M4","reward",-6.86403830281891e-05,"421 reward","7 reward"
"20266","M4","C4620081","7","422","C4620081 M4","reward",-0.000741349552327846,"422 reward","7 reward"
"20267","M4","C4620081","7","423","C4620081 M4","reward",-0.00092932116839651,"423 reward","7 reward"
"20268","M4","C4620081","7","424","C4620081 M4","reward",-0.00357339546474681,"424 reward","7 reward"
"20269","M4","C4620081","7","425","C4620081 M4","reward",-0.00406391369969731,"425 reward","7 reward"
"20270","M4","C4620081","7","426","C4620081 M4","reward",-0.00422063247373597,"426 reward","7 reward"
"20271","M4","C4620081","7","427","C4620081 M4","reward",-0.00760815775016488,"427 reward","7 reward"
"20272","M4","C4620081","7","428","C4620081 M4","reward",-0.00790630504097904,"428 reward","7 reward"
"20273","M4","C4620081","7","429","C4620081 M4","reward",-0.00913649006741565,"429 reward","7 reward"
"20274","M4","C4620081","7","430","C4620081 M4","reward",-0.00995367744945553,"430 reward","7 reward"
"20275","M4","C4620081","7","431","C4620081 M4","reward",-0.0102763458512191,"431 reward","7 reward"
"20276","M4","C4620081","7","432","C4620081 M4","reward",-0.0103245082223386,"432 reward","7 reward"
"20277","M4","C4620081","7","433","C4620081 M4","reward",-0.0127201561612079,"433 reward","7 reward"
"20278","M4","C4620081","7","434","C4620081 M4","reward",-0.0134247698737398,"434 reward","7 reward"
"20279","M4","C4620081","7","435","C4620081 M4","reward",-0.0142393928718313,"435 reward","7 reward"
"20280","M4","C4620081","7","436","C4620081 M4","reward",-0.0205415335411252,"436 reward","7 reward"
"20281","M4","C4620081","7","437","C4620081 M4","reward",-0.0207363720302478,"437 reward","7 reward"
"20282","M4","C4620081","7","438","C4620081 M4","reward",-0.0217940157279444,"438 reward","7 reward"
"20283","M4","C4620081","7","439","C4620081 M4","reward",-0.0225274135926078,"439 reward","7 reward"
"20284","M4","C4620081","7","440","C4620081 M4","reward",-0.0259469007414487,"440 reward","7 reward"
"20285","M4","C4620081","7","441","C4620081 M4","reward",-0.0278264567689451,"441 reward","7 reward"
"20286","M4","C4620081","7","442","C4620081 M4","reward",-0.0282759110992901,"442 reward","7 reward"
"20287","M4","C4620081","7","443","C4620081 M4","reward",-0.0296994908099069,"443 reward","7 reward"
"20288","M4","C4620081","7","444","C4620081 M4","reward",-0.029934886123069,"444 reward","7 reward"
"20289","M4","C4620081","7","445","C4620081 M4","reward",-0.0342819897984814,"445 reward","7 reward"
"20290","M4","C4620081","7","446","C4620081 M4","reward",-0.0344482360600707,"446 reward","7 reward"
"20291","M4","C4620081","7","447","C4620081 M4","reward",-0.0365812349992023,"447 reward","7 reward"
"20292","M4","C4620081","7","448","C4620081 M4","reward",-0.0510818399839228,"448 reward","7 reward"
"20293","M4","C4620081","7","449","C4620081 M4","reward",-0.0524832786192834,"449 reward","7 reward"
"20294","M4","C4620081","7","450","C4620081 M4","reward",-0.0807958644693692,"450 reward","7 reward"
"20295","M1","C4620081","1","0","C4620081 M1","tmt",NA,"0 tmt","1 tmt"
"20296","M1","C4620081","1","1","C4620081 M1","tmt",NA,"1 tmt","1 tmt"
"20297","M1","C4620081","1","2","C4620081 M1","tmt",NA,"2 tmt","1 tmt"
"20298","M1","C4620081","1","3","C4620081 M1","tmt",NA,"3 tmt","1 tmt"
"20299","M1","C4620081","1","4","C4620081 M1","tmt",NA,"4 tmt","1 tmt"
"20300","M1","C4620081","1","5","C4620081 M1","tmt",NA,"5 tmt","1 tmt"
"20301","M1","C4620081","1","6","C4620081 M1","tmt",NA,"6 tmt","1 tmt"
"20302","M1","C4620081","1","7","C4620081 M1","tmt",NA,"7 tmt","1 tmt"
"20303","M1","C4620081","1","8","C4620081 M1","tmt",NA,"8 tmt","1 tmt"
"20304","M1","C4620081","1","9","C4620081 M1","tmt",NA,"9 tmt","1 tmt"
"20305","M1","C4620081","1","10","C4620081 M1","tmt",NA,"10 tmt","1 tmt"
"20306","M1","C4620081","1","11","C4620081 M1","tmt",NA,"11 tmt","1 tmt"
"20307","M1","C4620081","1","12","C4620081 M1","tmt",NA,"12 tmt","1 tmt"
"20308","M1","C4620081","1","13","C4620081 M1","tmt",NA,"13 tmt","1 tmt"
"20309","M1","C4620081","1","14","C4620081 M1","tmt",NA,"14 tmt","1 tmt"
"20310","M1","C4620081","1","15","C4620081 M1","tmt",NA,"15 tmt","1 tmt"
"20311","M1","C4620081","1","16","C4620081 M1","tmt",NA,"16 tmt","1 tmt"
"20312","M1","C4620081","1","17","C4620081 M1","tmt",NA,"17 tmt","1 tmt"
"20313","M1","C4620081","1","18","C4620081 M1","tmt",NA,"18 tmt","1 tmt"
"20314","M1","C4620081","1","19","C4620081 M1","tmt",NA,"19 tmt","1 tmt"
"20315","M1","C4620081","1","20","C4620081 M1","tmt",NA,"20 tmt","1 tmt"
"20316","M1","C4620081","1","21","C4620081 M1","tmt",NA,"21 tmt","1 tmt"
"20317","M1","C4620081","1","22","C4620081 M1","tmt",NA,"22 tmt","1 tmt"
"20318","M1","C4620081","1","23","C4620081 M1","tmt",NA,"23 tmt","1 tmt"
"20319","M1","C4620081","1","24","C4620081 M1","tmt",NA,"24 tmt","1 tmt"
"20320","M1","C4620081","1","25","C4620081 M1","tmt",NA,"25 tmt","1 tmt"
"20321","M1","C4620081","1","26","C4620081 M1","tmt",NA,"26 tmt","1 tmt"
"20322","M1","C4620081","1","27","C4620081 M1","tmt",NA,"27 tmt","1 tmt"
"20323","M1","C4620081","1","28","C4620081 M1","tmt",NA,"28 tmt","1 tmt"
"20324","M1","C4620081","1","29","C4620081 M1","tmt",NA,"29 tmt","1 tmt"
"20325","M1","C4620081","1","30","C4620081 M1","tmt",NA,"30 tmt","1 tmt"
"20326","M1","C4620081","1","31","C4620081 M1","tmt",NA,"31 tmt","1 tmt"
"20327","M1","C4620081","1","32","C4620081 M1","tmt",NA,"32 tmt","1 tmt"
"20328","M1","C4620081","1","33","C4620081 M1","tmt",NA,"33 tmt","1 tmt"
"20329","M1","C4620081","1","34","C4620081 M1","tmt",NA,"34 tmt","1 tmt"
"20330","M1","C4620081","1","35","C4620081 M1","tmt",NA,"35 tmt","1 tmt"
"20331","M1","C4620081","1","36","C4620081 M1","tmt",NA,"36 tmt","1 tmt"
"20332","M1","C4620081","1","37","C4620081 M1","tmt",NA,"37 tmt","1 tmt"
"20333","M1","C4620081","1","38","C4620081 M1","tmt",NA,"38 tmt","1 tmt"
"20334","M1","C4620081","1","39","C4620081 M1","tmt",NA,"39 tmt","1 tmt"
"20335","M1","C4620081","1","40","C4620081 M1","tmt",NA,"40 tmt","1 tmt"
"20336","M1","C4620081","1","41","C4620081 M1","tmt",NA,"41 tmt","1 tmt"
"20337","M1","C4620081","1","42","C4620081 M1","tmt",NA,"42 tmt","1 tmt"
"20338","M1","C4620081","1","43","C4620081 M1","tmt",NA,"43 tmt","1 tmt"
"20339","M1","C4620081","1","44","C4620081 M1","tmt",NA,"44 tmt","1 tmt"
"20340","M1","C4620081","1","45","C4620081 M1","tmt",NA,"45 tmt","1 tmt"
"20341","M1","C4620081","1","46","C4620081 M1","tmt",NA,"46 tmt","1 tmt"
"20342","M1","C4620081","1","47","C4620081 M1","tmt",NA,"47 tmt","1 tmt"
"20343","M1","C4620081","1","48","C4620081 M1","tmt",NA,"48 tmt","1 tmt"
"20344","M1","C4620081","1","49","C4620081 M1","tmt",NA,"49 tmt","1 tmt"
"20345","M1","C4620081","1","50","C4620081 M1","tmt",NA,"50 tmt","1 tmt"
"20346","M1","C4620081","1","51","C4620081 M1","tmt",NA,"51 tmt","1 tmt"
"20347","M1","C4620081","1","52","C4620081 M1","tmt",NA,"52 tmt","1 tmt"
"20348","M1","C4620081","1","53","C4620081 M1","tmt",NA,"53 tmt","1 tmt"
"20349","M1","C4620081","1","54","C4620081 M1","tmt",NA,"54 tmt","1 tmt"
"20350","M1","C4620081","1","55","C4620081 M1","tmt",NA,"55 tmt","1 tmt"
"20351","M1","C4620081","1","56","C4620081 M1","tmt",NA,"56 tmt","1 tmt"
"20352","M1","C4620081","1","57","C4620081 M1","tmt",NA,"57 tmt","1 tmt"
"20353","M1","C4620081","1","58","C4620081 M1","tmt",NA,"58 tmt","1 tmt"
"20354","M1","C4620081","1","59","C4620081 M1","tmt",NA,"59 tmt","1 tmt"
"20355","M1","C4620081","1","60","C4620081 M1","tmt",NA,"60 tmt","1 tmt"
"20356","M1","C4620081","1","61","C4620081 M1","tmt",NA,"61 tmt","1 tmt"
"20357","M1","C4620081","1","62","C4620081 M1","tmt",NA,"62 tmt","1 tmt"
"20358","M1","C4620081","1","63","C4620081 M1","tmt",NA,"63 tmt","1 tmt"
"20359","M1","C4620081","1","64","C4620081 M1","tmt",NA,"64 tmt","1 tmt"
"20360","M1","C4620081","1","65","C4620081 M1","tmt",NA,"65 tmt","1 tmt"
"20361","M1","C4620081","1","66","C4620081 M1","tmt",NA,"66 tmt","1 tmt"
"20362","M1","C4620081","1","67","C4620081 M1","tmt",NA,"67 tmt","1 tmt"
"20363","M1","C4620081","1","68","C4620081 M1","tmt",NA,"68 tmt","1 tmt"
"20364","M1","C4620081","1","69","C4620081 M1","tmt",NA,"69 tmt","1 tmt"
"20365","M1","C4620081","1","70","C4620081 M1","tmt",NA,"70 tmt","1 tmt"
"20366","M1","C4620081","1","71","C4620081 M1","tmt",NA,"71 tmt","1 tmt"
"20367","M1","C4620081","1","72","C4620081 M1","tmt",NA,"72 tmt","1 tmt"
"20368","M1","C4620081","1","73","C4620081 M1","tmt",NA,"73 tmt","1 tmt"
"20369","M1","C4620081","1","74","C4620081 M1","tmt",NA,"74 tmt","1 tmt"
"20370","M1","C4620081","1","75","C4620081 M1","tmt",NA,"75 tmt","1 tmt"
"20371","M1","C4620081","1","76","C4620081 M1","tmt",NA,"76 tmt","1 tmt"
"20372","M1","C4620081","1","77","C4620081 M1","tmt",NA,"77 tmt","1 tmt"
"20373","M1","C4620081","1","78","C4620081 M1","tmt",NA,"78 tmt","1 tmt"
"20374","M1","C4620081","1","79","C4620081 M1","tmt",NA,"79 tmt","1 tmt"
"20375","M1","C4620081","1","80","C4620081 M1","tmt",NA,"80 tmt","1 tmt"
"20376","M1","C4620081","1","81","C4620081 M1","tmt",NA,"81 tmt","1 tmt"
"20377","M1","C4620081","1","82","C4620081 M1","tmt",NA,"82 tmt","1 tmt"
"20378","M1","C4620081","1","83","C4620081 M1","tmt",NA,"83 tmt","1 tmt"
"20379","M1","C4620081","1","84","C4620081 M1","tmt",NA,"84 tmt","1 tmt"
"20380","M1","C4620081","1","85","C4620081 M1","tmt",NA,"85 tmt","1 tmt"
"20381","M1","C4620081","1","86","C4620081 M1","tmt",NA,"86 tmt","1 tmt"
"20382","M1","C4620081","1","87","C4620081 M1","tmt",NA,"87 tmt","1 tmt"
"20383","M1","C4620081","1","88","C4620081 M1","tmt",NA,"88 tmt","1 tmt"
"20384","M1","C4620081","1","89","C4620081 M1","tmt",NA,"89 tmt","1 tmt"
"20385","M1","C4620081","1","90","C4620081 M1","tmt",NA,"90 tmt","1 tmt"
"20386","M1","C4620081","1","91","C4620081 M1","tmt",NA,"91 tmt","1 tmt"
"20387","M1","C4620081","1","92","C4620081 M1","tmt",NA,"92 tmt","1 tmt"
"20388","M1","C4620081","1","93","C4620081 M1","tmt",NA,"93 tmt","1 tmt"
"20389","M1","C4620081","1","94","C4620081 M1","tmt",NA,"94 tmt","1 tmt"
"20390","M1","C4620081","1","95","C4620081 M1","tmt",NA,"95 tmt","1 tmt"
"20391","M1","C4620081","1","96","C4620081 M1","tmt",NA,"96 tmt","1 tmt"
"20392","M1","C4620081","1","97","C4620081 M1","tmt",NA,"97 tmt","1 tmt"
"20393","M1","C4620081","1","98","C4620081 M1","tmt",NA,"98 tmt","1 tmt"
"20394","M1","C4620081","1","99","C4620081 M1","tmt",NA,"99 tmt","1 tmt"
"20395","M1","C4620081","1","100","C4620081 M1","tmt",NA,"100 tmt","1 tmt"
"20396","M1","C4620081","1","101","C4620081 M1","tmt",NA,"101 tmt","1 tmt"
"20397","M1","C4620081","1","102","C4620081 M1","tmt",NA,"102 tmt","1 tmt"
"20398","M1","C4620081","1","103","C4620081 M1","tmt",NA,"103 tmt","1 tmt"
"20399","M1","C4620081","1","104","C4620081 M1","tmt",NA,"104 tmt","1 tmt"
"20400","M1","C4620081","1","105","C4620081 M1","tmt",NA,"105 tmt","1 tmt"
"20401","M1","C4620081","1","106","C4620081 M1","tmt",NA,"106 tmt","1 tmt"
"20402","M1","C4620081","1","107","C4620081 M1","tmt",NA,"107 tmt","1 tmt"
"20403","M1","C4620081","1","108","C4620081 M1","tmt",NA,"108 tmt","1 tmt"
"20404","M1","C4620081","1","109","C4620081 M1","tmt",NA,"109 tmt","1 tmt"
"20405","M1","C4620081","1","110","C4620081 M1","tmt",NA,"110 tmt","1 tmt"
"20406","M1","C4620081","1","111","C4620081 M1","tmt",NA,"111 tmt","1 tmt"
"20407","M1","C4620081","1","112","C4620081 M1","tmt",NA,"112 tmt","1 tmt"
"20408","M1","C4620081","1","113","C4620081 M1","tmt",NA,"113 tmt","1 tmt"
"20409","M1","C4620081","1","114","C4620081 M1","tmt",NA,"114 tmt","1 tmt"
"20410","M1","C4620081","1","115","C4620081 M1","tmt",NA,"115 tmt","1 tmt"
"20411","M1","C4620081","1","116","C4620081 M1","tmt",NA,"116 tmt","1 tmt"
"20412","M1","C4620081","1","117","C4620081 M1","tmt",NA,"117 tmt","1 tmt"
"20413","M1","C4620081","1","118","C4620081 M1","tmt",NA,"118 tmt","1 tmt"
"20414","M1","C4620081","1","119","C4620081 M1","tmt",NA,"119 tmt","1 tmt"
"20415","M1","C4620081","1","120","C4620081 M1","tmt",NA,"120 tmt","1 tmt"
"20416","M1","C4620081","1","121","C4620081 M1","tmt",NA,"121 tmt","1 tmt"
"20417","M1","C4620081","1","122","C4620081 M1","tmt",NA,"122 tmt","1 tmt"
"20418","M1","C4620081","1","123","C4620081 M1","tmt",NA,"123 tmt","1 tmt"
"20419","M1","C4620081","1","124","C4620081 M1","tmt",NA,"124 tmt","1 tmt"
"20420","M1","C4620081","1","125","C4620081 M1","tmt",NA,"125 tmt","1 tmt"
"20421","M1","C4620081","1","126","C4620081 M1","tmt",NA,"126 tmt","1 tmt"
"20422","M1","C4620081","1","127","C4620081 M1","tmt",NA,"127 tmt","1 tmt"
"20423","M1","C4620081","1","128","C4620081 M1","tmt",NA,"128 tmt","1 tmt"
"20424","M1","C4620081","1","129","C4620081 M1","tmt",NA,"129 tmt","1 tmt"
"20425","M1","C4620081","1","130","C4620081 M1","tmt",NA,"130 tmt","1 tmt"
"20426","M1","C4620081","1","131","C4620081 M1","tmt",NA,"131 tmt","1 tmt"
"20427","M1","C4620081","1","132","C4620081 M1","tmt",NA,"132 tmt","1 tmt"
"20428","M1","C4620081","1","133","C4620081 M1","tmt",NA,"133 tmt","1 tmt"
"20429","M1","C4620081","1","134","C4620081 M1","tmt",NA,"134 tmt","1 tmt"
"20430","M1","C4620081","1","135","C4620081 M1","tmt",NA,"135 tmt","1 tmt"
"20431","M1","C4620081","1","136","C4620081 M1","tmt",NA,"136 tmt","1 tmt"
"20432","M1","C4620081","1","137","C4620081 M1","tmt",NA,"137 tmt","1 tmt"
"20433","M1","C4620081","1","138","C4620081 M1","tmt",NA,"138 tmt","1 tmt"
"20434","M1","C4620081","1","139","C4620081 M1","tmt",NA,"139 tmt","1 tmt"
"20435","M1","C4620081","1","140","C4620081 M1","tmt",NA,"140 tmt","1 tmt"
"20436","M1","C4620081","1","141","C4620081 M1","tmt",NA,"141 tmt","1 tmt"
"20437","M1","C4620081","1","142","C4620081 M1","tmt",NA,"142 tmt","1 tmt"
"20438","M1","C4620081","1","143","C4620081 M1","tmt",NA,"143 tmt","1 tmt"
"20439","M1","C4620081","1","144","C4620081 M1","tmt",NA,"144 tmt","1 tmt"
"20440","M1","C4620081","1","145","C4620081 M1","tmt",NA,"145 tmt","1 tmt"
"20441","M1","C4620081","1","146","C4620081 M1","tmt",NA,"146 tmt","1 tmt"
"20442","M1","C4620081","1","147","C4620081 M1","tmt",NA,"147 tmt","1 tmt"
"20443","M1","C4620081","1","148","C4620081 M1","tmt",NA,"148 tmt","1 tmt"
"20444","M1","C4620081","1","149","C4620081 M1","tmt",NA,"149 tmt","1 tmt"
"20445","M1","C4620081","1","150","C4620081 M1","tmt",NA,"150 tmt","1 tmt"
"20446","M1","C4620081","1","151","C4620081 M1","tmt",NA,"151 tmt","1 tmt"
"20447","M1","C4620081","1","152","C4620081 M1","tmt",NA,"152 tmt","1 tmt"
"20448","M1","C4620081","1","153","C4620081 M1","tmt",NA,"153 tmt","1 tmt"
"20449","M1","C4620081","1","154","C4620081 M1","tmt",NA,"154 tmt","1 tmt"
"20450","M1","C4620081","1","155","C4620081 M1","tmt",NA,"155 tmt","1 tmt"
"20451","M1","C4620081","1","156","C4620081 M1","tmt",NA,"156 tmt","1 tmt"
"20452","M1","C4620081","1","157","C4620081 M1","tmt",NA,"157 tmt","1 tmt"
"20453","M1","C4620081","1","158","C4620081 M1","tmt",NA,"158 tmt","1 tmt"
"20454","M1","C4620081","1","159","C4620081 M1","tmt",NA,"159 tmt","1 tmt"
"20455","M1","C4620081","1","160","C4620081 M1","tmt",NA,"160 tmt","1 tmt"
"20456","M1","C4620081","1","161","C4620081 M1","tmt",NA,"161 tmt","1 tmt"
"20457","M1","C4620081","1","162","C4620081 M1","tmt",NA,"162 tmt","1 tmt"
"20458","M1","C4620081","1","163","C4620081 M1","tmt",NA,"163 tmt","1 tmt"
"20459","M1","C4620081","1","164","C4620081 M1","tmt",NA,"164 tmt","1 tmt"
"20460","M1","C4620081","1","165","C4620081 M1","tmt",NA,"165 tmt","1 tmt"
"20461","M1","C4620081","1","166","C4620081 M1","tmt",NA,"166 tmt","1 tmt"
"20462","M1","C4620081","1","167","C4620081 M1","tmt",NA,"167 tmt","1 tmt"
"20463","M1","C4620081","1","168","C4620081 M1","tmt",NA,"168 tmt","1 tmt"
"20464","M1","C4620081","1","169","C4620081 M1","tmt",NA,"169 tmt","1 tmt"
"20465","M1","C4620081","1","170","C4620081 M1","tmt",NA,"170 tmt","1 tmt"
"20466","M1","C4620081","1","171","C4620081 M1","tmt",NA,"171 tmt","1 tmt"
"20467","M1","C4620081","1","172","C4620081 M1","tmt",NA,"172 tmt","1 tmt"
"20468","M1","C4620081","1","173","C4620081 M1","tmt",NA,"173 tmt","1 tmt"
"20469","M1","C4620081","1","174","C4620081 M1","tmt",NA,"174 tmt","1 tmt"
"20470","M1","C4620081","1","175","C4620081 M1","tmt",NA,"175 tmt","1 tmt"
"20471","M1","C4620081","1","176","C4620081 M1","tmt",NA,"176 tmt","1 tmt"
"20472","M1","C4620081","1","177","C4620081 M1","tmt",NA,"177 tmt","1 tmt"
"20473","M1","C4620081","1","178","C4620081 M1","tmt",NA,"178 tmt","1 tmt"
"20474","M1","C4620081","1","179","C4620081 M1","tmt",NA,"179 tmt","1 tmt"
"20475","M1","C4620081","1","180","C4620081 M1","tmt",NA,"180 tmt","1 tmt"
"20476","M1","C4620081","1","181","C4620081 M1","tmt",NA,"181 tmt","1 tmt"
"20477","M1","C4620081","1","182","C4620081 M1","tmt",NA,"182 tmt","1 tmt"
"20478","M1","C4620081","1","183","C4620081 M1","tmt",NA,"183 tmt","1 tmt"
"20479","M1","C4620081","1","184","C4620081 M1","tmt",NA,"184 tmt","1 tmt"
"20480","M1","C4620081","1","185","C4620081 M1","tmt",NA,"185 tmt","1 tmt"
"20481","M1","C4620081","1","186","C4620081 M1","tmt",NA,"186 tmt","1 tmt"
"20482","M1","C4620081","1","187","C4620081 M1","tmt",NA,"187 tmt","1 tmt"
"20483","M1","C4620081","1","188","C4620081 M1","tmt",NA,"188 tmt","1 tmt"
"20484","M1","C4620081","1","189","C4620081 M1","tmt",NA,"189 tmt","1 tmt"
"20485","M1","C4620081","1","190","C4620081 M1","tmt",NA,"190 tmt","1 tmt"
"20486","M1","C4620081","1","191","C4620081 M1","tmt",NA,"191 tmt","1 tmt"
"20487","M1","C4620081","1","192","C4620081 M1","tmt",NA,"192 tmt","1 tmt"
"20488","M1","C4620081","1","193","C4620081 M1","tmt",NA,"193 tmt","1 tmt"
"20489","M1","C4620081","1","194","C4620081 M1","tmt",NA,"194 tmt","1 tmt"
"20490","M1","C4620081","1","195","C4620081 M1","tmt",NA,"195 tmt","1 tmt"
"20491","M1","C4620081","1","196","C4620081 M1","tmt",NA,"196 tmt","1 tmt"
"20492","M1","C4620081","1","197","C4620081 M1","tmt",NA,"197 tmt","1 tmt"
"20493","M1","C4620081","1","198","C4620081 M1","tmt",NA,"198 tmt","1 tmt"
"20494","M1","C4620081","1","199","C4620081 M1","tmt",NA,"199 tmt","1 tmt"
"20495","M1","C4620081","1","200","C4620081 M1","tmt",NA,"200 tmt","1 tmt"
"20496","M1","C4620081","1","201","C4620081 M1","tmt",NA,"201 tmt","1 tmt"
"20497","M1","C4620081","1","202","C4620081 M1","tmt",NA,"202 tmt","1 tmt"
"20498","M1","C4620081","1","203","C4620081 M1","tmt",NA,"203 tmt","1 tmt"
"20499","M1","C4620081","1","204","C4620081 M1","tmt",NA,"204 tmt","1 tmt"
"20500","M1","C4620081","1","205","C4620081 M1","tmt",NA,"205 tmt","1 tmt"
"20501","M1","C4620081","1","206","C4620081 M1","tmt",NA,"206 tmt","1 tmt"
"20502","M1","C4620081","1","207","C4620081 M1","tmt",NA,"207 tmt","1 tmt"
"20503","M1","C4620081","1","208","C4620081 M1","tmt",NA,"208 tmt","1 tmt"
"20504","M1","C4620081","1","209","C4620081 M1","tmt",NA,"209 tmt","1 tmt"
"20505","M1","C4620081","1","210","C4620081 M1","tmt",NA,"210 tmt","1 tmt"
"20506","M1","C4620081","1","211","C4620081 M1","tmt",NA,"211 tmt","1 tmt"
"20507","M1","C4620081","1","212","C4620081 M1","tmt",NA,"212 tmt","1 tmt"
"20508","M1","C4620081","1","213","C4620081 M1","tmt",NA,"213 tmt","1 tmt"
"20509","M1","C4620081","1","214","C4620081 M1","tmt",NA,"214 tmt","1 tmt"
"20510","M1","C4620081","1","215","C4620081 M1","tmt",NA,"215 tmt","1 tmt"
"20511","M1","C4620081","1","216","C4620081 M1","tmt",NA,"216 tmt","1 tmt"
"20512","M1","C4620081","1","217","C4620081 M1","tmt",NA,"217 tmt","1 tmt"
"20513","M1","C4620081","1","218","C4620081 M1","tmt",NA,"218 tmt","1 tmt"
"20514","M1","C4620081","1","219","C4620081 M1","tmt",NA,"219 tmt","1 tmt"
"20515","M1","C4620081","1","220","C4620081 M1","tmt",NA,"220 tmt","1 tmt"
"20516","M1","C4620081","1","221","C4620081 M1","tmt",NA,"221 tmt","1 tmt"
"20517","M1","C4620081","1","222","C4620081 M1","tmt",NA,"222 tmt","1 tmt"
"20518","M1","C4620081","1","223","C4620081 M1","tmt",NA,"223 tmt","1 tmt"
"20519","M1","C4620081","1","224","C4620081 M1","tmt",NA,"224 tmt","1 tmt"
"20520","M1","C4620081","1","225","C4620081 M1","tmt",NA,"225 tmt","1 tmt"
"20521","M1","C4620081","1","226","C4620081 M1","tmt",NA,"226 tmt","1 tmt"
"20522","M1","C4620081","1","227","C4620081 M1","tmt",NA,"227 tmt","1 tmt"
"20523","M1","C4620081","1","228","C4620081 M1","tmt",NA,"228 tmt","1 tmt"
"20524","M1","C4620081","1","229","C4620081 M1","tmt",NA,"229 tmt","1 tmt"
"20525","M1","C4620081","1","230","C4620081 M1","tmt",NA,"230 tmt","1 tmt"
"20526","M1","C4620081","1","231","C4620081 M1","tmt",NA,"231 tmt","1 tmt"
"20527","M1","C4620081","1","232","C4620081 M1","tmt",NA,"232 tmt","1 tmt"
"20528","M1","C4620081","1","233","C4620081 M1","tmt",NA,"233 tmt","1 tmt"
"20529","M1","C4620081","1","234","C4620081 M1","tmt",NA,"234 tmt","1 tmt"
"20530","M1","C4620081","1","235","C4620081 M1","tmt",NA,"235 tmt","1 tmt"
"20531","M1","C4620081","1","236","C4620081 M1","tmt",NA,"236 tmt","1 tmt"
"20532","M1","C4620081","1","237","C4620081 M1","tmt",NA,"237 tmt","1 tmt"
"20533","M1","C4620081","1","238","C4620081 M1","tmt",NA,"238 tmt","1 tmt"
"20534","M1","C4620081","1","239","C4620081 M1","tmt",NA,"239 tmt","1 tmt"
"20535","M1","C4620081","1","240","C4620081 M1","tmt",NA,"240 tmt","1 tmt"
"20536","M1","C4620081","1","241","C4620081 M1","tmt",NA,"241 tmt","1 tmt"
"20537","M1","C4620081","1","242","C4620081 M1","tmt",NA,"242 tmt","1 tmt"
"20538","M1","C4620081","1","243","C4620081 M1","tmt",NA,"243 tmt","1 tmt"
"20539","M1","C4620081","1","244","C4620081 M1","tmt",NA,"244 tmt","1 tmt"
"20540","M1","C4620081","1","245","C4620081 M1","tmt",NA,"245 tmt","1 tmt"
"20541","M1","C4620081","1","246","C4620081 M1","tmt",NA,"246 tmt","1 tmt"
"20542","M1","C4620081","1","247","C4620081 M1","tmt",NA,"247 tmt","1 tmt"
"20543","M1","C4620081","1","248","C4620081 M1","tmt",NA,"248 tmt","1 tmt"
"20544","M1","C4620081","1","249","C4620081 M1","tmt",NA,"249 tmt","1 tmt"
"20545","M1","C4620081","1","250","C4620081 M1","tmt",NA,"250 tmt","1 tmt"
"20546","M1","C4620081","1","251","C4620081 M1","tmt",NA,"251 tmt","1 tmt"
"20547","M1","C4620081","1","252","C4620081 M1","tmt",NA,"252 tmt","1 tmt"
"20548","M1","C4620081","1","253","C4620081 M1","tmt",NA,"253 tmt","1 tmt"
"20549","M1","C4620081","1","254","C4620081 M1","tmt",NA,"254 tmt","1 tmt"
"20550","M1","C4620081","1","255","C4620081 M1","tmt",NA,"255 tmt","1 tmt"
"20551","M1","C4620081","1","256","C4620081 M1","tmt",NA,"256 tmt","1 tmt"
"20552","M1","C4620081","1","257","C4620081 M1","tmt",NA,"257 tmt","1 tmt"
"20553","M1","C4620081","1","258","C4620081 M1","tmt",NA,"258 tmt","1 tmt"
"20554","M1","C4620081","1","259","C4620081 M1","tmt",NA,"259 tmt","1 tmt"
"20555","M1","C4620081","1","260","C4620081 M1","tmt",NA,"260 tmt","1 tmt"
"20556","M1","C4620081","1","261","C4620081 M1","tmt",NA,"261 tmt","1 tmt"
"20557","M1","C4620081","1","262","C4620081 M1","tmt",NA,"262 tmt","1 tmt"
"20558","M1","C4620081","1","263","C4620081 M1","tmt",NA,"263 tmt","1 tmt"
"20559","M1","C4620081","1","264","C4620081 M1","tmt",NA,"264 tmt","1 tmt"
"20560","M1","C4620081","1","265","C4620081 M1","tmt",NA,"265 tmt","1 tmt"
"20561","M1","C4620081","1","266","C4620081 M1","tmt",NA,"266 tmt","1 tmt"
"20562","M1","C4620081","1","267","C4620081 M1","tmt",NA,"267 tmt","1 tmt"
"20563","M1","C4620081","1","268","C4620081 M1","tmt",NA,"268 tmt","1 tmt"
"20564","M1","C4620081","1","269","C4620081 M1","tmt",NA,"269 tmt","1 tmt"
"20565","M1","C4620081","1","270","C4620081 M1","tmt",NA,"270 tmt","1 tmt"
"20566","M1","C4620081","1","271","C4620081 M1","tmt",NA,"271 tmt","1 tmt"
"20567","M1","C4620081","1","272","C4620081 M1","tmt",NA,"272 tmt","1 tmt"
"20568","M1","C4620081","1","273","C4620081 M1","tmt",NA,"273 tmt","1 tmt"
"20569","M1","C4620081","1","274","C4620081 M1","tmt",NA,"274 tmt","1 tmt"
"20570","M1","C4620081","1","275","C4620081 M1","tmt",NA,"275 tmt","1 tmt"
"20571","M1","C4620081","1","276","C4620081 M1","tmt",NA,"276 tmt","1 tmt"
"20572","M1","C4620081","1","277","C4620081 M1","tmt",NA,"277 tmt","1 tmt"
"20573","M1","C4620081","1","278","C4620081 M1","tmt",NA,"278 tmt","1 tmt"
"20574","M1","C4620081","1","279","C4620081 M1","tmt",NA,"279 tmt","1 tmt"
"20575","M1","C4620081","1","280","C4620081 M1","tmt",NA,"280 tmt","1 tmt"
"20576","M1","C4620081","1","281","C4620081 M1","tmt",NA,"281 tmt","1 tmt"
"20577","M1","C4620081","1","282","C4620081 M1","tmt",NA,"282 tmt","1 tmt"
"20578","M1","C4620081","1","283","C4620081 M1","tmt",NA,"283 tmt","1 tmt"
"20579","M1","C4620081","1","284","C4620081 M1","tmt",NA,"284 tmt","1 tmt"
"20580","M1","C4620081","1","285","C4620081 M1","tmt",NA,"285 tmt","1 tmt"
"20581","M1","C4620081","1","286","C4620081 M1","tmt",NA,"286 tmt","1 tmt"
"20582","M1","C4620081","1","287","C4620081 M1","tmt",NA,"287 tmt","1 tmt"
"20583","M1","C4620081","1","288","C4620081 M1","tmt",NA,"288 tmt","1 tmt"
"20584","M1","C4620081","1","289","C4620081 M1","tmt",NA,"289 tmt","1 tmt"
"20585","M1","C4620081","1","290","C4620081 M1","tmt",NA,"290 tmt","1 tmt"
"20586","M1","C4620081","1","291","C4620081 M1","tmt",NA,"291 tmt","1 tmt"
"20587","M1","C4620081","1","292","C4620081 M1","tmt",NA,"292 tmt","1 tmt"
"20588","M1","C4620081","1","293","C4620081 M1","tmt",NA,"293 tmt","1 tmt"
"20589","M1","C4620081","1","294","C4620081 M1","tmt",NA,"294 tmt","1 tmt"
"20590","M1","C4620081","1","295","C4620081 M1","tmt",NA,"295 tmt","1 tmt"
"20591","M1","C4620081","1","296","C4620081 M1","tmt",NA,"296 tmt","1 tmt"
"20592","M1","C4620081","1","297","C4620081 M1","tmt",NA,"297 tmt","1 tmt"
"20593","M1","C4620081","1","298","C4620081 M1","tmt",NA,"298 tmt","1 tmt"
"20594","M1","C4620081","1","299","C4620081 M1","tmt",NA,"299 tmt","1 tmt"
"20595","M1","C4620081","1","300","C4620081 M1","tmt",NA,"300 tmt","1 tmt"
"20596","M1","C4620081","1","301","C4620081 M1","tmt",NA,"301 tmt","1 tmt"
"20597","M1","C4620081","1","302","C4620081 M1","tmt",NA,"302 tmt","1 tmt"
"20598","M1","C4620081","1","303","C4620081 M1","tmt",NA,"303 tmt","1 tmt"
"20599","M1","C4620081","1","304","C4620081 M1","tmt",NA,"304 tmt","1 tmt"
"20600","M1","C4620081","1","305","C4620081 M1","tmt",NA,"305 tmt","1 tmt"
"20601","M1","C4620081","1","306","C4620081 M1","tmt",NA,"306 tmt","1 tmt"
"20602","M1","C4620081","1","307","C4620081 M1","tmt",NA,"307 tmt","1 tmt"
"20603","M1","C4620081","1","308","C4620081 M1","tmt",NA,"308 tmt","1 tmt"
"20604","M1","C4620081","1","309","C4620081 M1","tmt",NA,"309 tmt","1 tmt"
"20605","M1","C4620081","1","310","C4620081 M1","tmt",NA,"310 tmt","1 tmt"
"20606","M1","C4620081","1","311","C4620081 M1","tmt",NA,"311 tmt","1 tmt"
"20607","M1","C4620081","1","312","C4620081 M1","tmt",NA,"312 tmt","1 tmt"
"20608","M1","C4620081","1","313","C4620081 M1","tmt",NA,"313 tmt","1 tmt"
"20609","M1","C4620081","1","314","C4620081 M1","tmt",NA,"314 tmt","1 tmt"
"20610","M1","C4620081","1","315","C4620081 M1","tmt",NA,"315 tmt","1 tmt"
"20611","M1","C4620081","1","316","C4620081 M1","tmt",NA,"316 tmt","1 tmt"
"20612","M1","C4620081","1","317","C4620081 M1","tmt",NA,"317 tmt","1 tmt"
"20613","M1","C4620081","1","318","C4620081 M1","tmt",NA,"318 tmt","1 tmt"
"20614","M1","C4620081","1","319","C4620081 M1","tmt",NA,"319 tmt","1 tmt"
"20615","M1","C4620081","1","320","C4620081 M1","tmt",NA,"320 tmt","1 tmt"
"20616","M1","C4620081","1","321","C4620081 M1","tmt",NA,"321 tmt","1 tmt"
"20617","M1","C4620081","1","322","C4620081 M1","tmt",NA,"322 tmt","1 tmt"
"20618","M1","C4620081","1","323","C4620081 M1","tmt",NA,"323 tmt","1 tmt"
"20619","M1","C4620081","1","324","C4620081 M1","tmt",NA,"324 tmt","1 tmt"
"20620","M1","C4620081","1","325","C4620081 M1","tmt",NA,"325 tmt","1 tmt"
"20621","M1","C4620081","1","326","C4620081 M1","tmt",NA,"326 tmt","1 tmt"
"20622","M1","C4620081","1","327","C4620081 M1","tmt",NA,"327 tmt","1 tmt"
"20623","M1","C4620081","1","328","C4620081 M1","tmt",NA,"328 tmt","1 tmt"
"20624","M1","C4620081","1","329","C4620081 M1","tmt",NA,"329 tmt","1 tmt"
"20625","M1","C4620081","1","330","C4620081 M1","tmt",NA,"330 tmt","1 tmt"
"20626","M1","C4620081","1","331","C4620081 M1","tmt",NA,"331 tmt","1 tmt"
"20627","M1","C4620081","1","332","C4620081 M1","tmt",NA,"332 tmt","1 tmt"
"20628","M1","C4620081","1","333","C4620081 M1","tmt",NA,"333 tmt","1 tmt"
"20629","M1","C4620081","1","334","C4620081 M1","tmt",NA,"334 tmt","1 tmt"
"20630","M1","C4620081","1","335","C4620081 M1","tmt",NA,"335 tmt","1 tmt"
"20631","M1","C4620081","1","336","C4620081 M1","tmt",NA,"336 tmt","1 tmt"
"20632","M1","C4620081","1","337","C4620081 M1","tmt",NA,"337 tmt","1 tmt"
"20633","M1","C4620081","1","338","C4620081 M1","tmt",NA,"338 tmt","1 tmt"
"20634","M1","C4620081","1","339","C4620081 M1","tmt",NA,"339 tmt","1 tmt"
"20635","M1","C4620081","1","340","C4620081 M1","tmt",NA,"340 tmt","1 tmt"
"20636","M1","C4620081","1","341","C4620081 M1","tmt",NA,"341 tmt","1 tmt"
"20637","M1","C4620081","1","342","C4620081 M1","tmt",NA,"342 tmt","1 tmt"
"20638","M1","C4620081","1","343","C4620081 M1","tmt",NA,"343 tmt","1 tmt"
"20639","M1","C4620081","1","344","C4620081 M1","tmt",NA,"344 tmt","1 tmt"
"20640","M1","C4620081","1","345","C4620081 M1","tmt",NA,"345 tmt","1 tmt"
"20641","M1","C4620081","1","346","C4620081 M1","tmt",NA,"346 tmt","1 tmt"
"20642","M1","C4620081","1","347","C4620081 M1","tmt",NA,"347 tmt","1 tmt"
"20643","M1","C4620081","1","348","C4620081 M1","tmt",NA,"348 tmt","1 tmt"
"20644","M1","C4620081","1","349","C4620081 M1","tmt",NA,"349 tmt","1 tmt"
"20645","M1","C4620081","1","350","C4620081 M1","tmt",NA,"350 tmt","1 tmt"
"20646","M1","C4620081","1","351","C4620081 M1","tmt",NA,"351 tmt","1 tmt"
"20647","M1","C4620081","1","352","C4620081 M1","tmt",NA,"352 tmt","1 tmt"
"20648","M1","C4620081","1","353","C4620081 M1","tmt",NA,"353 tmt","1 tmt"
"20649","M1","C4620081","1","354","C4620081 M1","tmt",NA,"354 tmt","1 tmt"
"20650","M1","C4620081","1","355","C4620081 M1","tmt",NA,"355 tmt","1 tmt"
"20651","M1","C4620081","1","356","C4620081 M1","tmt",NA,"356 tmt","1 tmt"
"20652","M1","C4620081","1","357","C4620081 M1","tmt",NA,"357 tmt","1 tmt"
"20653","M1","C4620081","1","358","C4620081 M1","tmt",NA,"358 tmt","1 tmt"
"20654","M1","C4620081","1","359","C4620081 M1","tmt",NA,"359 tmt","1 tmt"
"20655","M1","C4620081","1","360","C4620081 M1","tmt",NA,"360 tmt","1 tmt"
"20656","M1","C4620081","1","361","C4620081 M1","tmt",NA,"361 tmt","1 tmt"
"20657","M1","C4620081","1","362","C4620081 M1","tmt",NA,"362 tmt","1 tmt"
"20658","M1","C4620081","1","363","C4620081 M1","tmt",NA,"363 tmt","1 tmt"
"20659","M1","C4620081","1","364","C4620081 M1","tmt",NA,"364 tmt","1 tmt"
"20660","M1","C4620081","1","365","C4620081 M1","tmt",NA,"365 tmt","1 tmt"
"20661","M1","C4620081","1","366","C4620081 M1","tmt",NA,"366 tmt","1 tmt"
"20662","M1","C4620081","1","367","C4620081 M1","tmt",NA,"367 tmt","1 tmt"
"20663","M1","C4620081","1","368","C4620081 M1","tmt",NA,"368 tmt","1 tmt"
"20664","M1","C4620081","1","369","C4620081 M1","tmt",NA,"369 tmt","1 tmt"
"20665","M1","C4620081","1","370","C4620081 M1","tmt",NA,"370 tmt","1 tmt"
"20666","M1","C4620081","1","371","C4620081 M1","tmt",NA,"371 tmt","1 tmt"
"20667","M1","C4620081","1","372","C4620081 M1","tmt",NA,"372 tmt","1 tmt"
"20668","M1","C4620081","1","373","C4620081 M1","tmt",NA,"373 tmt","1 tmt"
"20669","M1","C4620081","1","374","C4620081 M1","tmt",NA,"374 tmt","1 tmt"
"20670","M1","C4620081","1","375","C4620081 M1","tmt",NA,"375 tmt","1 tmt"
"20671","M1","C4620081","1","376","C4620081 M1","tmt",NA,"376 tmt","1 tmt"
"20672","M1","C4620081","1","377","C4620081 M1","tmt",NA,"377 tmt","1 tmt"
"20673","M1","C4620081","1","378","C4620081 M1","tmt",NA,"378 tmt","1 tmt"
"20674","M1","C4620081","1","379","C4620081 M1","tmt",NA,"379 tmt","1 tmt"
"20675","M1","C4620081","1","380","C4620081 M1","tmt",NA,"380 tmt","1 tmt"
"20676","M1","C4620081","1","381","C4620081 M1","tmt",NA,"381 tmt","1 tmt"
"20677","M1","C4620081","1","382","C4620081 M1","tmt",NA,"382 tmt","1 tmt"
"20678","M1","C4620081","1","383","C4620081 M1","tmt",NA,"383 tmt","1 tmt"
"20679","M1","C4620081","1","384","C4620081 M1","tmt",NA,"384 tmt","1 tmt"
"20680","M1","C4620081","1","385","C4620081 M1","tmt",NA,"385 tmt","1 tmt"
"20681","M1","C4620081","1","386","C4620081 M1","tmt",NA,"386 tmt","1 tmt"
"20682","M1","C4620081","1","387","C4620081 M1","tmt",NA,"387 tmt","1 tmt"
"20683","M1","C4620081","1","388","C4620081 M1","tmt",NA,"388 tmt","1 tmt"
"20684","M1","C4620081","1","389","C4620081 M1","tmt",NA,"389 tmt","1 tmt"
"20685","M1","C4620081","1","390","C4620081 M1","tmt",NA,"390 tmt","1 tmt"
"20686","M1","C4620081","1","391","C4620081 M1","tmt",NA,"391 tmt","1 tmt"
"20687","M1","C4620081","1","392","C4620081 M1","tmt",NA,"392 tmt","1 tmt"
"20688","M1","C4620081","1","393","C4620081 M1","tmt",NA,"393 tmt","1 tmt"
"20689","M1","C4620081","1","394","C4620081 M1","tmt",NA,"394 tmt","1 tmt"
"20690","M1","C4620081","1","395","C4620081 M1","tmt",NA,"395 tmt","1 tmt"
"20691","M1","C4620081","1","396","C4620081 M1","tmt",NA,"396 tmt","1 tmt"
"20692","M1","C4620081","1","397","C4620081 M1","tmt",NA,"397 tmt","1 tmt"
"20693","M1","C4620081","1","398","C4620081 M1","tmt",NA,"398 tmt","1 tmt"
"20694","M1","C4620081","1","399","C4620081 M1","tmt",NA,"399 tmt","1 tmt"
"20695","M1","C4620081","1","400","C4620081 M1","tmt",NA,"400 tmt","1 tmt"
"20696","M1","C4620081","1","401","C4620081 M1","tmt",NA,"401 tmt","1 tmt"
"20697","M1","C4620081","1","402","C4620081 M1","tmt",NA,"402 tmt","1 tmt"
"20698","M1","C4620081","1","403","C4620081 M1","tmt",NA,"403 tmt","1 tmt"
"20699","M1","C4620081","1","404","C4620081 M1","tmt",NA,"404 tmt","1 tmt"
"20700","M1","C4620081","1","405","C4620081 M1","tmt",NA,"405 tmt","1 tmt"
"20701","M1","C4620081","1","406","C4620081 M1","tmt",NA,"406 tmt","1 tmt"
"20702","M1","C4620081","1","407","C4620081 M1","tmt",NA,"407 tmt","1 tmt"
"20703","M1","C4620081","1","408","C4620081 M1","tmt",NA,"408 tmt","1 tmt"
"20704","M1","C4620081","1","409","C4620081 M1","tmt",NA,"409 tmt","1 tmt"
"20705","M1","C4620081","1","410","C4620081 M1","tmt",NA,"410 tmt","1 tmt"
"20706","M1","C4620081","1","411","C4620081 M1","tmt",NA,"411 tmt","1 tmt"
"20707","M1","C4620081","1","412","C4620081 M1","tmt",NA,"412 tmt","1 tmt"
"20708","M1","C4620081","1","413","C4620081 M1","tmt",NA,"413 tmt","1 tmt"
"20709","M1","C4620081","1","414","C4620081 M1","tmt",NA,"414 tmt","1 tmt"
"20710","M1","C4620081","1","415","C4620081 M1","tmt",NA,"415 tmt","1 tmt"
"20711","M1","C4620081","1","416","C4620081 M1","tmt",NA,"416 tmt","1 tmt"
"20712","M1","C4620081","1","417","C4620081 M1","tmt",NA,"417 tmt","1 tmt"
"20713","M1","C4620081","1","418","C4620081 M1","tmt",NA,"418 tmt","1 tmt"
"20714","M1","C4620081","1","419","C4620081 M1","tmt",NA,"419 tmt","1 tmt"
"20715","M1","C4620081","1","420","C4620081 M1","tmt",NA,"420 tmt","1 tmt"
"20716","M1","C4620081","1","421","C4620081 M1","tmt",NA,"421 tmt","1 tmt"
"20717","M1","C4620081","1","422","C4620081 M1","tmt",NA,"422 tmt","1 tmt"
"20718","M1","C4620081","1","423","C4620081 M1","tmt",NA,"423 tmt","1 tmt"
"20719","M1","C4620081","1","424","C4620081 M1","tmt",NA,"424 tmt","1 tmt"
"20720","M1","C4620081","1","425","C4620081 M1","tmt",NA,"425 tmt","1 tmt"
"20721","M1","C4620081","1","426","C4620081 M1","tmt",NA,"426 tmt","1 tmt"
"20722","M1","C4620081","1","427","C4620081 M1","tmt",NA,"427 tmt","1 tmt"
"20723","M1","C4620081","1","428","C4620081 M1","tmt",NA,"428 tmt","1 tmt"
"20724","M1","C4620081","1","429","C4620081 M1","tmt",NA,"429 tmt","1 tmt"
"20725","M1","C4620081","1","430","C4620081 M1","tmt",NA,"430 tmt","1 tmt"
"20726","M1","C4620081","1","431","C4620081 M1","tmt",NA,"431 tmt","1 tmt"
"20727","M1","C4620081","1","432","C4620081 M1","tmt",NA,"432 tmt","1 tmt"
"20728","M1","C4620081","1","433","C4620081 M1","tmt",NA,"433 tmt","1 tmt"
"20729","M1","C4620081","1","434","C4620081 M1","tmt",NA,"434 tmt","1 tmt"
"20730","M1","C4620081","1","435","C4620081 M1","tmt",NA,"435 tmt","1 tmt"
"20731","M1","C4620081","1","436","C4620081 M1","tmt",NA,"436 tmt","1 tmt"
"20732","M1","C4620081","1","437","C4620081 M1","tmt",NA,"437 tmt","1 tmt"
"20733","M1","C4620081","1","438","C4620081 M1","tmt",NA,"438 tmt","1 tmt"
"20734","M1","C4620081","1","439","C4620081 M1","tmt",NA,"439 tmt","1 tmt"
"20735","M1","C4620081","1","440","C4620081 M1","tmt",NA,"440 tmt","1 tmt"
"20736","M1","C4620081","1","441","C4620081 M1","tmt",NA,"441 tmt","1 tmt"
"20737","M1","C4620081","1","442","C4620081 M1","tmt",NA,"442 tmt","1 tmt"
"20738","M1","C4620081","1","443","C4620081 M1","tmt",NA,"443 tmt","1 tmt"
"20739","M1","C4620081","1","444","C4620081 M1","tmt",NA,"444 tmt","1 tmt"
"20740","M1","C4620081","1","445","C4620081 M1","tmt",NA,"445 tmt","1 tmt"
"20741","M1","C4620081","1","446","C4620081 M1","tmt",NA,"446 tmt","1 tmt"
"20742","M1","C4620081","1","447","C4620081 M1","tmt",NA,"447 tmt","1 tmt"
"20743","M1","C4620081","1","448","C4620081 M1","tmt",NA,"448 tmt","1 tmt"
"20744","M1","C4620081","1","449","C4620081 M1","tmt",NA,"449 tmt","1 tmt"
"20745","M1","C4620081","1","450","C4620081 M1","tmt",NA,"450 tmt","1 tmt"
"20746","M1","C4620081","1","451","C4620081 M1","tmt",NA,"451 tmt","1 tmt"
"20747","M1","C4620081","1","452","C4620081 M1","tmt",NA,"452 tmt","1 tmt"
"20748","M1","C4620081","1","453","C4620081 M1","tmt",NA,"453 tmt","1 tmt"
"20749","M1","C4620081","1","454","C4620081 M1","tmt",NA,"454 tmt","1 tmt"
"20750","M1","C4620081","1","455","C4620081 M1","tmt",NA,"455 tmt","1 tmt"
"20751","M1","C4620081","1","456","C4620081 M1","tmt",NA,"456 tmt","1 tmt"
"20752","M1","C4620081","1","457","C4620081 M1","tmt",NA,"457 tmt","1 tmt"
"20753","M1","C4620081","1","458","C4620081 M1","tmt",NA,"458 tmt","1 tmt"
"20754","M1","C4620081","1","459","C4620081 M1","tmt",NA,"459 tmt","1 tmt"
"20755","M1","C4620081","1","460","C4620081 M1","tmt",NA,"460 tmt","1 tmt"
"20756","M1","C4620081","1","461","C4620081 M1","tmt",NA,"461 tmt","1 tmt"
"20757","M1","C4620081","1","462","C4620081 M1","tmt",NA,"462 tmt","1 tmt"
"20758","M1","C4620081","1","463","C4620081 M1","tmt",NA,"463 tmt","1 tmt"
"20759","M1","C4620081","1","464","C4620081 M1","tmt",NA,"464 tmt","1 tmt"
"20760","M1","C4620081","1","465","C4620081 M1","tmt",NA,"465 tmt","1 tmt"
"20761","M1","C4620081","1","466","C4620081 M1","tmt",NA,"466 tmt","1 tmt"
"20762","M1","C4620081","1","467","C4620081 M1","tmt",NA,"467 tmt","1 tmt"
"20763","M1","C4620081","1","468","C4620081 M1","tmt",NA,"468 tmt","1 tmt"
"20764","M1","C4620081","1","469","C4620081 M1","tmt",NA,"469 tmt","1 tmt"
"20765","M1","C4620081","1","470","C4620081 M1","tmt",NA,"470 tmt","1 tmt"
"20766","M1","C4620081","1","471","C4620081 M1","tmt",NA,"471 tmt","1 tmt"
"20767","M1","C4620081","1","472","C4620081 M1","tmt",NA,"472 tmt","1 tmt"
"20768","M1","C4620081","1","473","C4620081 M1","tmt",NA,"473 tmt","1 tmt"
"20769","M1","C4620081","1","474","C4620081 M1","tmt",NA,"474 tmt","1 tmt"
"20770","M1","C4620081","1","475","C4620081 M1","tmt",NA,"475 tmt","1 tmt"
"20771","M1","C4620081","1","476","C4620081 M1","tmt",NA,"476 tmt","1 tmt"
"20772","M1","C4620081","1","477","C4620081 M1","tmt",NA,"477 tmt","1 tmt"
"20773","M1","C4620081","1","478","C4620081 M1","tmt",NA,"478 tmt","1 tmt"
"20774","M1","C4620081","1","479","C4620081 M1","tmt",NA,"479 tmt","1 tmt"
"20775","M1","C4620081","1","480","C4620081 M1","tmt",NA,"480 tmt","1 tmt"
"20776","M1","C4620081","1","481","C4620081 M1","tmt",NA,"481 tmt","1 tmt"
"20777","M1","C4620081","1","482","C4620081 M1","tmt",NA,"482 tmt","1 tmt"
"20778","M1","C4620081","1","483","C4620081 M1","tmt",NA,"483 tmt","1 tmt"
"20779","M1","C4620081","1","484","C4620081 M1","tmt",NA,"484 tmt","1 tmt"
"20780","M1","C4620081","1","485","C4620081 M1","tmt",NA,"485 tmt","1 tmt"
"20781","M1","C4620081","1","486","C4620081 M1","tmt",NA,"486 tmt","1 tmt"
"20782","M1","C4620081","1","487","C4620081 M1","tmt",NA,"487 tmt","1 tmt"
"20783","M1","C4620081","1","488","C4620081 M1","tmt",NA,"488 tmt","1 tmt"
"20784","M1","C4620081","1","489","C4620081 M1","tmt",NA,"489 tmt","1 tmt"
"20785","M1","C4620081","1","490","C4620081 M1","tmt",NA,"490 tmt","1 tmt"
"20786","M1","C4620081","1","491","C4620081 M1","tmt",NA,"491 tmt","1 tmt"
"20787","M1","C4620081","1","492","C4620081 M1","tmt",NA,"492 tmt","1 tmt"
"20788","M1","C4620081","1","493","C4620081 M1","tmt",NA,"493 tmt","1 tmt"
"20789","M1","C4620081","1","494","C4620081 M1","tmt",NA,"494 tmt","1 tmt"
"20790","M1","C4620081","1","495","C4620081 M1","tmt",NA,"495 tmt","1 tmt"
"20791","M1","C4620081","1","496","C4620081 M1","tmt",NA,"496 tmt","1 tmt"
"20792","M1","C4620081","1","497","C4620081 M1","tmt",NA,"497 tmt","1 tmt"
"20793","M1","C4620081","1","498","C4620081 M1","tmt",NA,"498 tmt","1 tmt"
"20794","M1","C4620081","1","499","C4620081 M1","tmt",NA,"499 tmt","1 tmt"
"20795","M1","C4620081","1","500","C4620081 M1","tmt",NA,"500 tmt","1 tmt"
"20796","M1","C4620081","1","501","C4620081 M1","tmt",NA,"501 tmt","1 tmt"
"20797","M1","C4620081","1","502","C4620081 M1","tmt",NA,"502 tmt","1 tmt"
"20798","M1","C4620081","1","503","C4620081 M1","tmt",NA,"503 tmt","1 tmt"
"20799","M1","C4620081","1","504","C4620081 M1","tmt",NA,"504 tmt","1 tmt"
"20800","M1","C4620081","1","505","C4620081 M1","tmt",NA,"505 tmt","1 tmt"
"20801","M1","C4620081","1","506","C4620081 M1","tmt",NA,"506 tmt","1 tmt"
"20802","M1","C4620081","1","507","C4620081 M1","tmt",NA,"507 tmt","1 tmt"
"20803","M1","C4620081","1","508","C4620081 M1","tmt",NA,"508 tmt","1 tmt"
"20804","M1","C4620081","1","509","C4620081 M1","tmt",NA,"509 tmt","1 tmt"
"20805","M1","C4620081","1","510","C4620081 M1","tmt",NA,"510 tmt","1 tmt"
"20806","M1","C4620081","1","511","C4620081 M1","tmt",NA,"511 tmt","1 tmt"
"20807","M1","C4620081","1","512","C4620081 M1","tmt",NA,"512 tmt","1 tmt"
"20808","M1","C4620081","1","513","C4620081 M1","tmt",NA,"513 tmt","1 tmt"
"20809","M1","C4620081","1","514","C4620081 M1","tmt",NA,"514 tmt","1 tmt"
"20810","M1","C4620081","1","515","C4620081 M1","tmt",NA,"515 tmt","1 tmt"
"20811","M1","C4620081","1","516","C4620081 M1","tmt",NA,"516 tmt","1 tmt"
"20812","M1","C4620081","1","517","C4620081 M1","tmt",NA,"517 tmt","1 tmt"
"20813","M1","C4620081","1","518","C4620081 M1","tmt",NA,"518 tmt","1 tmt"
"20814","M1","C4620081","1","519","C4620081 M1","tmt",NA,"519 tmt","1 tmt"
"20815","M1","C4620081","1","520","C4620081 M1","tmt",NA,"520 tmt","1 tmt"
"20816","M1","C4620081","1","521","C4620081 M1","tmt",NA,"521 tmt","1 tmt"
"20817","M1","C4620081","1","522","C4620081 M1","tmt",NA,"522 tmt","1 tmt"
"20818","M1","C4620081","1","523","C4620081 M1","tmt",NA,"523 tmt","1 tmt"
"20819","M1","C4620081","1","524","C4620081 M1","tmt",NA,"524 tmt","1 tmt"
"20820","M1","C4620081","1","525","C4620081 M1","tmt",NA,"525 tmt","1 tmt"
"20821","M1","C4620081","1","526","C4620081 M1","tmt",NA,"526 tmt","1 tmt"
"20822","M1","C4620081","1","527","C4620081 M1","tmt",NA,"527 tmt","1 tmt"
"20823","M1","C4620081","1","528","C4620081 M1","tmt",NA,"528 tmt","1 tmt"
"20824","M1","C4620081","1","529","C4620081 M1","tmt",NA,"529 tmt","1 tmt"
"20825","M1","C4620081","1","530","C4620081 M1","tmt",NA,"530 tmt","1 tmt"
"20826","M1","C4620081","1","531","C4620081 M1","tmt",NA,"531 tmt","1 tmt"
"20827","M1","C4620081","1","532","C4620081 M1","tmt",NA,"532 tmt","1 tmt"
"20828","M1","C4620081","1","533","C4620081 M1","tmt",NA,"533 tmt","1 tmt"
"20829","M1","C4620081","1","534","C4620081 M1","tmt",NA,"534 tmt","1 tmt"
"20830","M1","C4620081","1","535","C4620081 M1","tmt",NA,"535 tmt","1 tmt"
"20831","M1","C4620081","1","536","C4620081 M1","tmt",NA,"536 tmt","1 tmt"
"20832","M1","C4620081","1","537","C4620081 M1","tmt",NA,"537 tmt","1 tmt"
"20833","M1","C4620081","1","538","C4620081 M1","tmt",NA,"538 tmt","1 tmt"
"20834","M1","C4620081","1","539","C4620081 M1","tmt",NA,"539 tmt","1 tmt"
"20835","M1","C4620081","1","540","C4620081 M1","tmt",NA,"540 tmt","1 tmt"
"20836","M1","C4620081","1","541","C4620081 M1","tmt",NA,"541 tmt","1 tmt"
"20837","M1","C4620081","1","542","C4620081 M1","tmt",NA,"542 tmt","1 tmt"
"20838","M1","C4620081","1","543","C4620081 M1","tmt",NA,"543 tmt","1 tmt"
"20839","M1","C4620081","1","544","C4620081 M1","tmt",NA,"544 tmt","1 tmt"
"20840","M1","C4620081","1","545","C4620081 M1","tmt",NA,"545 tmt","1 tmt"
"20841","M1","C4620081","1","546","C4620081 M1","tmt",NA,"546 tmt","1 tmt"
"20842","M1","C4620081","1","547","C4620081 M1","tmt",NA,"547 tmt","1 tmt"
"20843","M1","C4620081","1","548","C4620081 M1","tmt",NA,"548 tmt","1 tmt"
"20844","M1","C4620081","1","549","C4620081 M1","tmt",NA,"549 tmt","1 tmt"
"20845","M1","C4620081","1","550","C4620081 M1","tmt",NA,"550 tmt","1 tmt"
"20846","M1","C4620081","1","551","C4620081 M1","tmt",NA,"551 tmt","1 tmt"
"20847","M1","C4620081","1","552","C4620081 M1","tmt",NA,"552 tmt","1 tmt"
"20848","M1","C4620081","1","553","C4620081 M1","tmt",NA,"553 tmt","1 tmt"
"20849","M1","C4620081","1","554","C4620081 M1","tmt",NA,"554 tmt","1 tmt"
"20850","M1","C4620081","1","555","C4620081 M1","tmt",NA,"555 tmt","1 tmt"
"20851","M1","C4620081","1","556","C4620081 M1","tmt",NA,"556 tmt","1 tmt"
"20852","M1","C4620081","1","557","C4620081 M1","tmt",NA,"557 tmt","1 tmt"
"20853","M1","C4620081","1","558","C4620081 M1","tmt",NA,"558 tmt","1 tmt"
"20854","M1","C4620081","1","559","C4620081 M1","tmt",NA,"559 tmt","1 tmt"
"20855","M1","C4620081","1","560","C4620081 M1","tmt",NA,"560 tmt","1 tmt"
"20856","M1","C4620081","1","561","C4620081 M1","tmt",NA,"561 tmt","1 tmt"
"20857","M1","C4620081","1","562","C4620081 M1","tmt",NA,"562 tmt","1 tmt"
"20858","M1","C4620081","1","563","C4620081 M1","tmt",NA,"563 tmt","1 tmt"
"20859","M1","C4620081","1","564","C4620081 M1","tmt",NA,"564 tmt","1 tmt"
"20860","M1","C4620081","1","565","C4620081 M1","tmt",NA,"565 tmt","1 tmt"
"20861","M1","C4620081","1","566","C4620081 M1","tmt",NA,"566 tmt","1 tmt"
"20862","M1","C4620081","1","567","C4620081 M1","tmt",NA,"567 tmt","1 tmt"
"20863","M1","C4620081","1","568","C4620081 M1","tmt",NA,"568 tmt","1 tmt"
"20864","M1","C4620081","1","569","C4620081 M1","tmt",NA,"569 tmt","1 tmt"
"20865","M1","C4620081","1","570","C4620081 M1","tmt",NA,"570 tmt","1 tmt"
"20866","M1","C4620081","1","571","C4620081 M1","tmt",NA,"571 tmt","1 tmt"
"20867","M1","C4620081","1","572","C4620081 M1","tmt",NA,"572 tmt","1 tmt"
"20868","M1","C4620081","1","573","C4620081 M1","tmt",NA,"573 tmt","1 tmt"
"20869","M1","C4620081","1","574","C4620081 M1","tmt",NA,"574 tmt","1 tmt"
"20870","M1","C4620081","1","575","C4620081 M1","tmt",NA,"575 tmt","1 tmt"
"20871","M1","C4620081","1","576","C4620081 M1","tmt",NA,"576 tmt","1 tmt"
"20872","M1","C4620081","1","577","C4620081 M1","tmt",NA,"577 tmt","1 tmt"
"20873","M1","C4620081","1","578","C4620081 M1","tmt",NA,"578 tmt","1 tmt"
"20874","M1","C4620081","1","579","C4620081 M1","tmt",NA,"579 tmt","1 tmt"
"20875","M1","C4620081","1","580","C4620081 M1","tmt",NA,"580 tmt","1 tmt"
"20876","M1","C4620081","1","581","C4620081 M1","tmt",NA,"581 tmt","1 tmt"
"20877","M1","C4620081","1","582","C4620081 M1","tmt",NA,"582 tmt","1 tmt"
"20878","M1","C4620081","1","583","C4620081 M1","tmt",NA,"583 tmt","1 tmt"
"20879","M1","C4620081","1","584","C4620081 M1","tmt",NA,"584 tmt","1 tmt"
"20880","M1","C4620081","1","585","C4620081 M1","tmt",NA,"585 tmt","1 tmt"
"20881","M1","C4620081","1","586","C4620081 M1","tmt",NA,"586 tmt","1 tmt"
"20882","M1","C4620081","1","587","C4620081 M1","tmt",NA,"587 tmt","1 tmt"
"20883","M1","C4620081","1","588","C4620081 M1","tmt",NA,"588 tmt","1 tmt"
"20884","M1","C4620081","1","589","C4620081 M1","tmt",NA,"589 tmt","1 tmt"
"20885","M1","C4620081","1","590","C4620081 M1","tmt",NA,"590 tmt","1 tmt"
"20886","M1","C4620081","1","591","C4620081 M1","tmt",NA,"591 tmt","1 tmt"
"20887","M1","C4620081","1","592","C4620081 M1","tmt",NA,"592 tmt","1 tmt"
"20888","M1","C4620081","1","593","C4620081 M1","tmt",NA,"593 tmt","1 tmt"
"20889","M1","C4620081","1","594","C4620081 M1","tmt",NA,"594 tmt","1 tmt"
"20890","M1","C4620081","1","595","C4620081 M1","tmt",NA,"595 tmt","1 tmt"
"20891","M1","C4620081","1","596","C4620081 M1","tmt",NA,"596 tmt","1 tmt"
"20892","M1","C4620081","1","597","C4620081 M1","tmt",NA,"597 tmt","1 tmt"
"20893","M1","C4620081","1","598","C4620081 M1","tmt",NA,"598 tmt","1 tmt"
"20894","M1","C4620081","1","599","C4620081 M1","tmt",NA,"599 tmt","1 tmt"
"20895","M1","C4620081","1","600","C4620081 M1","tmt",NA,"600 tmt","1 tmt"
"20896","M1","C4620081","1","601","C4620081 M1","tmt",NA,"601 tmt","1 tmt"
"20897","M1","C4620081","1","602","C4620081 M1","tmt",NA,"602 tmt","1 tmt"
"20898","M1","C4620081","1","603","C4620081 M1","tmt",NA,"603 tmt","1 tmt"
"20899","M1","C4620081","1","604","C4620081 M1","tmt",NA,"604 tmt","1 tmt"
"20900","M1","C4620081","1","605","C4620081 M1","tmt",NA,"605 tmt","1 tmt"
"20901","M1","C4620081","1","606","C4620081 M1","tmt",NA,"606 tmt","1 tmt"
"20902","M1","C4620081","1","607","C4620081 M1","tmt",NA,"607 tmt","1 tmt"
"20903","M1","C4620081","1","608","C4620081 M1","tmt",NA,"608 tmt","1 tmt"
"20904","M1","C4620081","1","609","C4620081 M1","tmt",NA,"609 tmt","1 tmt"
"20905","M1","C4620081","1","610","C4620081 M1","tmt",NA,"610 tmt","1 tmt"
"20906","M1","C4620081","1","611","C4620081 M1","tmt",NA,"611 tmt","1 tmt"
"20907","M1","C4620081","1","612","C4620081 M1","tmt",NA,"612 tmt","1 tmt"
"20908","M1","C4620081","1","613","C4620081 M1","tmt",NA,"613 tmt","1 tmt"
"20909","M1","C4620081","1","614","C4620081 M1","tmt",NA,"614 tmt","1 tmt"
"20910","M1","C4620081","1","615","C4620081 M1","tmt",NA,"615 tmt","1 tmt"
"20911","M1","C4620081","1","616","C4620081 M1","tmt",NA,"616 tmt","1 tmt"
"20912","M1","C4620081","1","617","C4620081 M1","tmt",NA,"617 tmt","1 tmt"
"20913","M1","C4620081","1","618","C4620081 M1","tmt",NA,"618 tmt","1 tmt"
"20914","M1","C4620081","1","619","C4620081 M1","tmt",NA,"619 tmt","1 tmt"
"20915","M1","C4620081","1","620","C4620081 M1","tmt",NA,"620 tmt","1 tmt"
"20916","M1","C4620081","1","621","C4620081 M1","tmt",NA,"621 tmt","1 tmt"
"20917","M1","C4620081","1","622","C4620081 M1","tmt",NA,"622 tmt","1 tmt"
"20918","M1","C4620081","1","623","C4620081 M1","tmt",NA,"623 tmt","1 tmt"
"20919","M1","C4620081","1","624","C4620081 M1","tmt",NA,"624 tmt","1 tmt"
"20920","M1","C4620081","1","625","C4620081 M1","tmt",NA,"625 tmt","1 tmt"
"20921","M1","C4620081","1","626","C4620081 M1","tmt",NA,"626 tmt","1 tmt"
"20922","M1","C4620081","1","627","C4620081 M1","tmt",NA,"627 tmt","1 tmt"
"20923","M1","C4620081","1","628","C4620081 M1","tmt",NA,"628 tmt","1 tmt"
"20924","M1","C4620081","1","629","C4620081 M1","tmt",NA,"629 tmt","1 tmt"
"20925","M1","C4620081","1","630","C4620081 M1","tmt",NA,"630 tmt","1 tmt"
"20926","M1","C4620081","1","631","C4620081 M1","tmt",NA,"631 tmt","1 tmt"
"20927","M1","C4620081","1","632","C4620081 M1","tmt",NA,"632 tmt","1 tmt"
"20928","M1","C4620081","1","633","C4620081 M1","tmt",NA,"633 tmt","1 tmt"
"20929","M1","C4620081","1","634","C4620081 M1","tmt",NA,"634 tmt","1 tmt"
"20930","M1","C4620081","1","635","C4620081 M1","tmt",NA,"635 tmt","1 tmt"
"20931","M1","C4620081","1","636","C4620081 M1","tmt",NA,"636 tmt","1 tmt"
"20932","M1","C4620081","1","637","C4620081 M1","tmt",NA,"637 tmt","1 tmt"
"20933","M1","C4620081","1","638","C4620081 M1","tmt",NA,"638 tmt","1 tmt"
"20934","M1","C4620081","1","639","C4620081 M1","tmt",NA,"639 tmt","1 tmt"
"20935","M1","C4620081","1","640","C4620081 M1","tmt",NA,"640 tmt","1 tmt"
"20936","M1","C4620081","1","641","C4620081 M1","tmt",NA,"641 tmt","1 tmt"
"20937","M1","C4620081","1","642","C4620081 M1","tmt",NA,"642 tmt","1 tmt"
"20938","M1","C4620081","1","643","C4620081 M1","tmt",NA,"643 tmt","1 tmt"
"20939","M1","C4620081","1","644","C4620081 M1","tmt",NA,"644 tmt","1 tmt"
"20940","M1","C4620081","1","645","C4620081 M1","tmt",NA,"645 tmt","1 tmt"
"20941","M1","C4620081","1","646","C4620081 M1","tmt",NA,"646 tmt","1 tmt"
"20942","M1","C4620081","1","647","C4620081 M1","tmt",NA,"647 tmt","1 tmt"
"20943","M1","C4620081","1","648","C4620081 M1","tmt",NA,"648 tmt","1 tmt"
"20944","M1","C4620081","1","649","C4620081 M1","tmt",NA,"649 tmt","1 tmt"
"20945","M1","C4620081","1","650","C4620081 M1","tmt",NA,"650 tmt","1 tmt"
"20946","M1","C4620081","1","651","C4620081 M1","tmt",NA,"651 tmt","1 tmt"
"20947","M1","C4620081","1","652","C4620081 M1","tmt",NA,"652 tmt","1 tmt"
"20948","M1","C4620081","1","653","C4620081 M1","tmt",NA,"653 tmt","1 tmt"
"20949","M1","C4620081","1","654","C4620081 M1","tmt",NA,"654 tmt","1 tmt"
"20950","M1","C4620081","1","655","C4620081 M1","tmt",NA,"655 tmt","1 tmt"
"20951","M1","C4620081","1","656","C4620081 M1","tmt",NA,"656 tmt","1 tmt"
"20952","M1","C4620081","1","657","C4620081 M1","tmt",NA,"657 tmt","1 tmt"
"20953","M1","C4620081","1","658","C4620081 M1","tmt",NA,"658 tmt","1 tmt"
"20954","M1","C4620081","1","659","C4620081 M1","tmt",NA,"659 tmt","1 tmt"
"20955","M1","C4620081","1","660","C4620081 M1","tmt",NA,"660 tmt","1 tmt"
"20956","M1","C4620081","1","661","C4620081 M1","tmt",NA,"661 tmt","1 tmt"
"20957","M1","C4620081","1","662","C4620081 M1","tmt",NA,"662 tmt","1 tmt"
"20958","M1","C4620081","1","663","C4620081 M1","tmt",NA,"663 tmt","1 tmt"
"20959","M1","C4620081","1","664","C4620081 M1","tmt",NA,"664 tmt","1 tmt"
"20960","M1","C4620081","1","665","C4620081 M1","tmt",NA,"665 tmt","1 tmt"
"20961","M1","C4620081","1","666","C4620081 M1","tmt",NA,"666 tmt","1 tmt"
"20962","M1","C4620081","1","667","C4620081 M1","tmt",NA,"667 tmt","1 tmt"
"20963","M1","C4620081","1","668","C4620081 M1","tmt",NA,"668 tmt","1 tmt"
"20964","M1","C4620081","1","669","C4620081 M1","tmt",NA,"669 tmt","1 tmt"
"20965","M1","C4620081","1","670","C4620081 M1","tmt",NA,"670 tmt","1 tmt"
"20966","M1","C4620081","1","671","C4620081 M1","tmt",NA,"671 tmt","1 tmt"
"20967","M1","C4620081","1","672","C4620081 M1","tmt",NA,"672 tmt","1 tmt"
"20968","M1","C4620081","1","673","C4620081 M1","tmt",NA,"673 tmt","1 tmt"
"20969","M1","C4620081","1","674","C4620081 M1","tmt",NA,"674 tmt","1 tmt"
"20970","M1","C4620081","1","675","C4620081 M1","tmt",NA,"675 tmt","1 tmt"
"20971","M1","C4620081","1","676","C4620081 M1","tmt",NA,"676 tmt","1 tmt"
"20972","M1","C4620081","1","677","C4620081 M1","tmt",NA,"677 tmt","1 tmt"
"20973","M1","C4620081","1","678","C4620081 M1","tmt",NA,"678 tmt","1 tmt"
"20974","M1","C4620081","1","679","C4620081 M1","tmt",NA,"679 tmt","1 tmt"
"20975","M1","C4620081","1","680","C4620081 M1","tmt",NA,"680 tmt","1 tmt"
"20976","M1","C4620081","1","681","C4620081 M1","tmt",NA,"681 tmt","1 tmt"
"20977","M1","C4620081","1","682","C4620081 M1","tmt",NA,"682 tmt","1 tmt"
"20978","M1","C4620081","1","683","C4620081 M1","tmt",NA,"683 tmt","1 tmt"
"20979","M1","C4620081","1","684","C4620081 M1","tmt",NA,"684 tmt","1 tmt"
"20980","M1","C4620081","1","685","C4620081 M1","tmt",NA,"685 tmt","1 tmt"
"20981","M1","C4620081","1","686","C4620081 M1","tmt",NA,"686 tmt","1 tmt"
"20982","M1","C4620081","1","687","C4620081 M1","tmt",NA,"687 tmt","1 tmt"
"20983","M1","C4620081","1","688","C4620081 M1","tmt",NA,"688 tmt","1 tmt"
"20984","M1","C4620081","1","689","C4620081 M1","tmt",NA,"689 tmt","1 tmt"
"20985","M1","C4620081","1","690","C4620081 M1","tmt",NA,"690 tmt","1 tmt"
"20986","M1","C4620081","1","691","C4620081 M1","tmt",NA,"691 tmt","1 tmt"
"20987","M1","C4620081","1","692","C4620081 M1","tmt",NA,"692 tmt","1 tmt"
"20988","M1","C4620081","1","693","C4620081 M1","tmt",NA,"693 tmt","1 tmt"
"20989","M1","C4620081","1","694","C4620081 M1","tmt",NA,"694 tmt","1 tmt"
"20990","M1","C4620081","1","695","C4620081 M1","tmt",NA,"695 tmt","1 tmt"
"20991","M1","C4620081","1","696","C4620081 M1","tmt",NA,"696 tmt","1 tmt"
"20992","M1","C4620081","1","697","C4620081 M1","tmt",NA,"697 tmt","1 tmt"
"20993","M1","C4620081","1","698","C4620081 M1","tmt",NA,"698 tmt","1 tmt"
"20994","M1","C4620081","1","699","C4620081 M1","tmt",NA,"699 tmt","1 tmt"
"20995","M1","C4620081","1","700","C4620081 M1","tmt",NA,"700 tmt","1 tmt"
"20996","M1","C4620081","1","701","C4620081 M1","tmt",NA,"701 tmt","1 tmt"
"20997","M1","C4620081","1","702","C4620081 M1","tmt",NA,"702 tmt","1 tmt"
"20998","M1","C4620081","1","703","C4620081 M1","tmt",NA,"703 tmt","1 tmt"
"20999","M1","C4620081","1","704","C4620081 M1","tmt",NA,"704 tmt","1 tmt"
"21000","M1","C4620081","1","705","C4620081 M1","tmt",NA,"705 tmt","1 tmt"
"21001","M1","C4620081","1","706","C4620081 M1","tmt",NA,"706 tmt","1 tmt"
"21002","M1","C4620081","1","707","C4620081 M1","tmt",NA,"707 tmt","1 tmt"
"21003","M1","C4620081","1","708","C4620081 M1","tmt",NA,"708 tmt","1 tmt"
"21004","M1","C4620081","1","709","C4620081 M1","tmt",NA,"709 tmt","1 tmt"
"21005","M1","C4620081","1","710","C4620081 M1","tmt",NA,"710 tmt","1 tmt"
"21006","M1","C4620081","1","711","C4620081 M1","tmt",NA,"711 tmt","1 tmt"
"21007","M1","C4620081","1","712","C4620081 M1","tmt",NA,"712 tmt","1 tmt"
"21008","M1","C4620081","1","713","C4620081 M1","tmt",NA,"713 tmt","1 tmt"
"21009","M1","C4620081","1","714","C4620081 M1","tmt",NA,"714 tmt","1 tmt"
"21010","M1","C4620083","1","0","C4620083 M1","tmt",0.206643319813883,"0 tmt","1 tmt"
"21011","M1","C4620083","1","1","C4620083 M1","tmt",0.198931503221734,"1 tmt","1 tmt"
"21012","M1","C4620083","1","2","C4620083 M1","tmt",0.197730029739547,"2 tmt","1 tmt"
"21013","M1","C4620083","1","3","C4620083 M1","tmt",0.191229320549737,"3 tmt","1 tmt"
"21014","M1","C4620083","1","4","C4620083 M1","tmt",0.187129185039924,"4 tmt","1 tmt"
"21015","M1","C4620083","1","5","C4620083 M1","tmt",0.186873214863949,"5 tmt","1 tmt"
"21016","M1","C4620083","1","6","C4620083 M1","tmt",0.178058796832793,"6 tmt","1 tmt"
"21017","M1","C4620083","1","7","C4620083 M1","tmt",0.177955762139753,"7 tmt","1 tmt"
"21018","M1","C4620083","1","8","C4620083 M1","tmt",0.174490513754134,"8 tmt","1 tmt"
"21019","M1","C4620083","1","9","C4620083 M1","tmt",0.174268799467677,"9 tmt","1 tmt"
"21020","M1","C4620083","1","10","C4620083 M1","tmt",0.172646420974581,"10 tmt","1 tmt"
"21021","M1","C4620083","1","11","C4620083 M1","tmt",0.169989582833642,"11 tmt","1 tmt"
"21022","M1","C4620083","1","12","C4620083 M1","tmt",0.167661418992999,"12 tmt","1 tmt"
"21023","M1","C4620083","1","13","C4620083 M1","tmt",0.165630842960886,"13 tmt","1 tmt"
"21024","M1","C4620083","1","14","C4620083 M1","tmt",0.163918821532013,"14 tmt","1 tmt"
"21025","M1","C4620083","1","15","C4620083 M1","tmt",0.159664045277746,"15 tmt","1 tmt"
"21026","M1","C4620083","1","16","C4620083 M1","tmt",0.156866370218497,"16 tmt","1 tmt"
"21027","M1","C4620083","1","17","C4620083 M1","tmt",0.156064855643737,"17 tmt","1 tmt"
"21028","M1","C4620083","1","18","C4620083 M1","tmt",0.155994414425046,"18 tmt","1 tmt"
"21029","M1","C4620083","1","19","C4620083 M1","tmt",0.155370153741765,"19 tmt","1 tmt"
"21030","M1","C4620083","1","20","C4620083 M1","tmt",0.154007940142981,"20 tmt","1 tmt"
"21031","M1","C4620083","1","21","C4620083 M1","tmt",0.153419788314881,"21 tmt","1 tmt"
"21032","M1","C4620083","1","22","C4620083 M1","tmt",0.152992704624306,"22 tmt","1 tmt"
"21033","M1","C4620083","1","23","C4620083 M1","tmt",0.150040541952141,"23 tmt","1 tmt"
"21034","M1","C4620083","1","24","C4620083 M1","tmt",0.149584253656906,"24 tmt","1 tmt"
"21035","M1","C4620083","1","25","C4620083 M1","tmt",0.149029989830676,"25 tmt","1 tmt"
"21036","M1","C4620083","1","26","C4620083 M1","tmt",0.14748803928825,"26 tmt","1 tmt"
"21037","M1","C4620083","1","27","C4620083 M1","tmt",0.147280629214016,"27 tmt","1 tmt"
"21038","M1","C4620083","1","28","C4620083 M1","tmt",0.147193081522674,"28 tmt","1 tmt"
"21039","M1","C4620083","1","29","C4620083 M1","tmt",0.146717481752724,"29 tmt","1 tmt"
"21040","M1","C4620083","1","30","C4620083 M1","tmt",0.146666190905435,"30 tmt","1 tmt"
"21041","M1","C4620083","1","31","C4620083 M1","tmt",0.146151961002407,"31 tmt","1 tmt"
"21042","M1","C4620083","1","32","C4620083 M1","tmt",0.146068272664621,"32 tmt","1 tmt"
"21043","M1","C4620083","1","33","C4620083 M1","tmt",0.145376757033745,"33 tmt","1 tmt"
"21044","M1","C4620083","1","34","C4620083 M1","tmt",0.144886095776452,"34 tmt","1 tmt"
"21045","M1","C4620083","1","35","C4620083 M1","tmt",0.14384071203646,"35 tmt","1 tmt"
"21046","M1","C4620083","1","36","C4620083 M1","tmt",0.143432559084284,"36 tmt","1 tmt"
"21047","M1","C4620083","1","37","C4620083 M1","tmt",0.142746856063119,"37 tmt","1 tmt"
"21048","M1","C4620083","1","38","C4620083 M1","tmt",0.142548204162518,"38 tmt","1 tmt"
"21049","M1","C4620083","1","39","C4620083 M1","tmt",0.142424550874455,"39 tmt","1 tmt"
"21050","M1","C4620083","1","40","C4620083 M1","tmt",0.141430978594418,"40 tmt","1 tmt"
"21051","M1","C4620083","1","41","C4620083 M1","tmt",0.141111538105469,"41 tmt","1 tmt"
"21052","M1","C4620083","1","42","C4620083 M1","tmt",0.140773708984941,"42 tmt","1 tmt"
"21053","M1","C4620083","1","43","C4620083 M1","tmt",0.140324077977765,"43 tmt","1 tmt"
"21054","M1","C4620083","1","44","C4620083 M1","tmt",0.139930432757299,"44 tmt","1 tmt"
"21055","M1","C4620083","1","45","C4620083 M1","tmt",0.139356165547111,"45 tmt","1 tmt"
"21056","M1","C4620083","1","46","C4620083 M1","tmt",0.138981949174517,"46 tmt","1 tmt"
"21057","M1","C4620083","1","47","C4620083 M1","tmt",0.138788188406161,"47 tmt","1 tmt"
"21058","M1","C4620083","1","48","C4620083 M1","tmt",0.138161401355535,"48 tmt","1 tmt"
"21059","M1","C4620083","1","49","C4620083 M1","tmt",0.137864394473891,"49 tmt","1 tmt"
"21060","M1","C4620083","1","50","C4620083 M1","tmt",0.136289549186853,"50 tmt","1 tmt"
"21061","M1","C4620083","1","51","C4620083 M1","tmt",0.136154618606929,"51 tmt","1 tmt"
"21062","M1","C4620083","1","52","C4620083 M1","tmt",0.13538236213037,"52 tmt","1 tmt"
"21063","M1","C4620083","1","53","C4620083 M1","tmt",0.135380682432076,"53 tmt","1 tmt"
"21064","M1","C4620083","1","54","C4620083 M1","tmt",0.135326290056412,"54 tmt","1 tmt"
"21065","M1","C4620083","1","55","C4620083 M1","tmt",0.133380290126701,"55 tmt","1 tmt"
"21066","M1","C4620083","1","56","C4620083 M1","tmt",0.132955501068338,"56 tmt","1 tmt"
"21067","M1","C4620083","1","57","C4620083 M1","tmt",0.132079658255132,"57 tmt","1 tmt"
"21068","M1","C4620083","1","58","C4620083 M1","tmt",0.13007466947424,"58 tmt","1 tmt"
"21069","M1","C4620083","1","59","C4620083 M1","tmt",0.129998487539642,"59 tmt","1 tmt"
"21070","M1","C4620083","1","60","C4620083 M1","tmt",0.129423366831149,"60 tmt","1 tmt"
"21071","M1","C4620083","1","61","C4620083 M1","tmt",0.128485638426807,"61 tmt","1 tmt"
"21072","M1","C4620083","1","62","C4620083 M1","tmt",0.128041910266054,"62 tmt","1 tmt"
"21073","M1","C4620083","1","63","C4620083 M1","tmt",0.127481148594148,"63 tmt","1 tmt"
"21074","M1","C4620083","1","64","C4620083 M1","tmt",0.127224628105334,"64 tmt","1 tmt"
"21075","M1","C4620083","1","65","C4620083 M1","tmt",0.127205792788524,"65 tmt","1 tmt"
"21076","M1","C4620083","1","66","C4620083 M1","tmt",0.126705529122918,"66 tmt","1 tmt"
"21077","M1","C4620083","1","67","C4620083 M1","tmt",0.126339935619782,"67 tmt","1 tmt"
"21078","M1","C4620083","1","68","C4620083 M1","tmt",0.124649227880908,"68 tmt","1 tmt"
"21079","M1","C4620083","1","69","C4620083 M1","tmt",0.124641464635468,"69 tmt","1 tmt"
"21080","M1","C4620083","1","70","C4620083 M1","tmt",0.1243641135227,"70 tmt","1 tmt"
"21081","M1","C4620083","1","71","C4620083 M1","tmt",0.124305957706443,"71 tmt","1 tmt"
"21082","M1","C4620083","1","72","C4620083 M1","tmt",0.124204166995072,"72 tmt","1 tmt"
"21083","M1","C4620083","1","73","C4620083 M1","tmt",0.124156159825424,"73 tmt","1 tmt"
"21084","M1","C4620083","1","74","C4620083 M1","tmt",0.124113867616511,"74 tmt","1 tmt"
"21085","M1","C4620083","1","75","C4620083 M1","tmt",0.123673277744645,"75 tmt","1 tmt"
"21086","M1","C4620083","1","76","C4620083 M1","tmt",0.12359135130096,"76 tmt","1 tmt"
"21087","M1","C4620083","1","77","C4620083 M1","tmt",0.123527825859503,"77 tmt","1 tmt"
"21088","M1","C4620083","1","78","C4620083 M1","tmt",0.123259506614624,"78 tmt","1 tmt"
"21089","M1","C4620083","1","79","C4620083 M1","tmt",0.122863740427571,"79 tmt","1 tmt"
"21090","M1","C4620083","1","80","C4620083 M1","tmt",0.122753721466817,"80 tmt","1 tmt"
"21091","M1","C4620083","1","81","C4620083 M1","tmt",0.121838080959804,"81 tmt","1 tmt"
"21092","M1","C4620083","1","82","C4620083 M1","tmt",0.121804864537584,"82 tmt","1 tmt"
"21093","M1","C4620083","1","83","C4620083 M1","tmt",0.121776672452068,"83 tmt","1 tmt"
"21094","M1","C4620083","1","84","C4620083 M1","tmt",0.121449983631558,"84 tmt","1 tmt"
"21095","M1","C4620083","1","85","C4620083 M1","tmt",0.120362133426389,"85 tmt","1 tmt"
"21096","M1","C4620083","1","86","C4620083 M1","tmt",0.119948205275658,"86 tmt","1 tmt"
"21097","M1","C4620083","1","87","C4620083 M1","tmt",0.119943723582663,"87 tmt","1 tmt"
"21098","M1","C4620083","1","88","C4620083 M1","tmt",0.119731952492492,"88 tmt","1 tmt"
"21099","M1","C4620083","1","89","C4620083 M1","tmt",0.119703380321337,"89 tmt","1 tmt"
"21100","M1","C4620083","1","90","C4620083 M1","tmt",0.118591974405496,"90 tmt","1 tmt"
"21101","M1","C4620083","1","91","C4620083 M1","tmt",0.117822725642816,"91 tmt","1 tmt"
"21102","M1","C4620083","1","92","C4620083 M1","tmt",0.117439636726503,"92 tmt","1 tmt"
"21103","M1","C4620083","1","93","C4620083 M1","tmt",0.115239557586904,"93 tmt","1 tmt"
"21104","M1","C4620083","1","94","C4620083 M1","tmt",0.113861899333274,"94 tmt","1 tmt"
"21105","M1","C4620083","1","95","C4620083 M1","tmt",0.112567380084389,"95 tmt","1 tmt"
"21106","M1","C4620083","1","96","C4620083 M1","tmt",0.111893679170174,"96 tmt","1 tmt"
"21107","M1","C4620083","1","97","C4620083 M1","tmt",0.111446517692197,"97 tmt","1 tmt"
"21108","M1","C4620083","1","98","C4620083 M1","tmt",0.110155705097546,"98 tmt","1 tmt"
"21109","M1","C4620083","1","99","C4620083 M1","tmt",0.110066675017423,"99 tmt","1 tmt"
"21110","M1","C4620083","1","100","C4620083 M1","tmt",0.109979421274681,"100 tmt","1 tmt"
"21111","M1","C4620083","1","101","C4620083 M1","tmt",0.109920479006238,"101 tmt","1 tmt"
"21112","M1","C4620083","1","102","C4620083 M1","tmt",0.109702431815965,"102 tmt","1 tmt"
"21113","M1","C4620083","1","103","C4620083 M1","tmt",0.109698362758233,"103 tmt","1 tmt"
"21114","M1","C4620083","1","104","C4620083 M1","tmt",0.109691994075746,"104 tmt","1 tmt"
"21115","M1","C4620083","1","105","C4620083 M1","tmt",0.108909535684817,"105 tmt","1 tmt"
"21116","M1","C4620083","1","106","C4620083 M1","tmt",0.106891924913912,"106 tmt","1 tmt"
"21117","M1","C4620083","1","107","C4620083 M1","tmt",0.106842305494772,"107 tmt","1 tmt"
"21118","M1","C4620083","1","108","C4620083 M1","tmt",0.106494524294273,"108 tmt","1 tmt"
"21119","M1","C4620083","1","109","C4620083 M1","tmt",0.106091422497436,"109 tmt","1 tmt"
"21120","M1","C4620083","1","110","C4620083 M1","tmt",0.104947789395863,"110 tmt","1 tmt"
"21121","M1","C4620083","1","111","C4620083 M1","tmt",0.104142363935906,"111 tmt","1 tmt"
"21122","M1","C4620083","1","112","C4620083 M1","tmt",0.103309905415571,"112 tmt","1 tmt"
"21123","M1","C4620083","1","113","C4620083 M1","tmt",0.102837884338222,"113 tmt","1 tmt"
"21124","M1","C4620083","1","114","C4620083 M1","tmt",0.102296914053026,"114 tmt","1 tmt"
"21125","M1","C4620083","1","115","C4620083 M1","tmt",0.102235892569385,"115 tmt","1 tmt"
"21126","M1","C4620083","1","116","C4620083 M1","tmt",0.101997505607097,"116 tmt","1 tmt"
"21127","M1","C4620083","1","117","C4620083 M1","tmt",0.10108648236842,"117 tmt","1 tmt"
"21128","M1","C4620083","1","118","C4620083 M1","tmt",0.1005676734359,"118 tmt","1 tmt"
"21129","M1","C4620083","1","119","C4620083 M1","tmt",0.0991347901555988,"119 tmt","1 tmt"
"21130","M1","C4620083","1","120","C4620083 M1","tmt",0.0990034265040664,"120 tmt","1 tmt"
"21131","M1","C4620083","1","121","C4620083 M1","tmt",0.0987959361584641,"121 tmt","1 tmt"
"21132","M1","C4620083","1","122","C4620083 M1","tmt",0.0987635600080063,"122 tmt","1 tmt"
"21133","M1","C4620083","1","123","C4620083 M1","tmt",0.0986248042121567,"123 tmt","1 tmt"
"21134","M1","C4620083","1","124","C4620083 M1","tmt",0.0957439397557806,"124 tmt","1 tmt"
"21135","M1","C4620083","1","125","C4620083 M1","tmt",0.0955821498627578,"125 tmt","1 tmt"
"21136","M1","C4620083","1","126","C4620083 M1","tmt",0.0951537199283747,"126 tmt","1 tmt"
"21137","M1","C4620083","1","127","C4620083 M1","tmt",0.0942339564106916,"127 tmt","1 tmt"
"21138","M1","C4620083","1","128","C4620083 M1","tmt",0.0940584346901407,"128 tmt","1 tmt"
"21139","M1","C4620083","1","129","C4620083 M1","tmt",0.0939621088893122,"129 tmt","1 tmt"
"21140","M1","C4620083","1","130","C4620083 M1","tmt",0.0927434049462271,"130 tmt","1 tmt"
"21141","M1","C4620083","1","131","C4620083 M1","tmt",0.0920391902289261,"131 tmt","1 tmt"
"21142","M1","C4620083","1","132","C4620083 M1","tmt",0.0910219825687175,"132 tmt","1 tmt"
"21143","M1","C4620083","1","133","C4620083 M1","tmt",0.0910217387451766,"133 tmt","1 tmt"
"21144","M1","C4620083","1","134","C4620083 M1","tmt",0.089395776936559,"134 tmt","1 tmt"
"21145","M1","C4620083","1","135","C4620083 M1","tmt",0.0882574976899046,"135 tmt","1 tmt"
"21146","M1","C4620083","1","136","C4620083 M1","tmt",0.0880732578974446,"136 tmt","1 tmt"
"21147","M1","C4620083","1","137","C4620083 M1","tmt",0.0877448190295509,"137 tmt","1 tmt"
"21148","M1","C4620083","1","138","C4620083 M1","tmt",0.087719203828693,"138 tmt","1 tmt"
"21149","M1","C4620083","1","139","C4620083 M1","tmt",0.0875689486571215,"139 tmt","1 tmt"
"21150","M1","C4620083","1","140","C4620083 M1","tmt",0.086852631730606,"140 tmt","1 tmt"
"21151","M1","C4620083","1","141","C4620083 M1","tmt",0.0866396772615051,"141 tmt","1 tmt"
"21152","M1","C4620083","1","142","C4620083 M1","tmt",0.0863681322652368,"142 tmt","1 tmt"
"21153","M1","C4620083","1","143","C4620083 M1","tmt",0.0851700459028444,"143 tmt","1 tmt"
"21154","M1","C4620083","1","144","C4620083 M1","tmt",0.0850715626087836,"144 tmt","1 tmt"
"21155","M1","C4620083","1","145","C4620083 M1","tmt",0.0850173424179553,"145 tmt","1 tmt"
"21156","M1","C4620083","1","146","C4620083 M1","tmt",0.0848150095852519,"146 tmt","1 tmt"
"21157","M1","C4620083","1","147","C4620083 M1","tmt",0.0848088511626508,"147 tmt","1 tmt"
"21158","M1","C4620083","1","148","C4620083 M1","tmt",0.0847700168020956,"148 tmt","1 tmt"
"21159","M1","C4620083","1","149","C4620083 M1","tmt",0.084482620181423,"149 tmt","1 tmt"
"21160","M1","C4620083","1","150","C4620083 M1","tmt",0.0841774051512276,"150 tmt","1 tmt"
"21161","M1","C4620083","1","151","C4620083 M1","tmt",0.0841541334926101,"151 tmt","1 tmt"
"21162","M1","C4620083","1","152","C4620083 M1","tmt",0.08337219368128,"152 tmt","1 tmt"
"21163","M1","C4620083","1","153","C4620083 M1","tmt",0.0830942132346039,"153 tmt","1 tmt"
"21164","M1","C4620083","1","154","C4620083 M1","tmt",0.0829933341050213,"154 tmt","1 tmt"
"21165","M1","C4620083","1","155","C4620083 M1","tmt",0.0810818429500933,"155 tmt","1 tmt"
"21166","M1","C4620083","1","156","C4620083 M1","tmt",0.0788743432620612,"156 tmt","1 tmt"
"21167","M1","C4620083","1","157","C4620083 M1","tmt",0.0782334811530594,"157 tmt","1 tmt"
"21168","M1","C4620083","1","158","C4620083 M1","tmt",0.0782142325615092,"158 tmt","1 tmt"
"21169","M1","C4620083","1","159","C4620083 M1","tmt",0.0768699465181004,"159 tmt","1 tmt"
"21170","M1","C4620083","1","160","C4620083 M1","tmt",0.0764116171416048,"160 tmt","1 tmt"
"21171","M1","C4620083","1","161","C4620083 M1","tmt",0.0763633959288592,"161 tmt","1 tmt"
"21172","M1","C4620083","1","162","C4620083 M1","tmt",0.0744200624459902,"162 tmt","1 tmt"
"21173","M1","C4620083","1","163","C4620083 M1","tmt",0.07358346276422,"163 tmt","1 tmt"
"21174","M1","C4620083","1","164","C4620083 M1","tmt",0.0732122896497963,"164 tmt","1 tmt"
"21175","M1","C4620083","1","165","C4620083 M1","tmt",0.0721962799133676,"165 tmt","1 tmt"
"21176","M1","C4620083","1","166","C4620083 M1","tmt",0.0713266698519536,"166 tmt","1 tmt"
"21177","M1","C4620083","1","167","C4620083 M1","tmt",0.0700457902715092,"167 tmt","1 tmt"
"21178","M1","C4620083","1","168","C4620083 M1","tmt",0.0693485063736269,"168 tmt","1 tmt"
"21179","M1","C4620083","1","169","C4620083 M1","tmt",0.0665938583145512,"169 tmt","1 tmt"
"21180","M1","C4620083","1","170","C4620083 M1","tmt",0.0639078607424772,"170 tmt","1 tmt"
"21181","M1","C4620083","1","171","C4620083 M1","tmt",0.0625755539448609,"171 tmt","1 tmt"
"21182","M1","C4620083","1","172","C4620083 M1","tmt",0.0606228141669674,"172 tmt","1 tmt"
"21183","M1","C4620083","1","173","C4620083 M1","tmt",0.0602231714068345,"173 tmt","1 tmt"
"21184","M1","C4620083","1","174","C4620083 M1","tmt",0.0593699032169321,"174 tmt","1 tmt"
"21185","M1","C4620083","1","175","C4620083 M1","tmt",0.0587952464540938,"175 tmt","1 tmt"
"21186","M1","C4620083","1","176","C4620083 M1","tmt",0.0587075125283367,"176 tmt","1 tmt"
"21187","M1","C4620083","1","177","C4620083 M1","tmt",0.0585745683740721,"177 tmt","1 tmt"
"21188","M1","C4620083","1","178","C4620083 M1","tmt",0.0573086091637527,"178 tmt","1 tmt"
"21189","M1","C4620083","1","179","C4620083 M1","tmt",0.0572645797685819,"179 tmt","1 tmt"
"21190","M1","C4620083","1","180","C4620083 M1","tmt",0.0563886190675381,"180 tmt","1 tmt"
"21191","M1","C4620083","1","181","C4620083 M1","tmt",0.0554068497338185,"181 tmt","1 tmt"
"21192","M1","C4620083","1","182","C4620083 M1","tmt",0.0523509971300163,"182 tmt","1 tmt"
"21193","M1","C4620083","1","183","C4620083 M1","tmt",0.0522558749327951,"183 tmt","1 tmt"
"21194","M1","C4620083","1","184","C4620083 M1","tmt",0.0522038748247836,"184 tmt","1 tmt"
"21195","M1","C4620083","1","185","C4620083 M1","tmt",0.0518652259516558,"185 tmt","1 tmt"
"21196","M1","C4620083","1","186","C4620083 M1","tmt",0.0480277499800114,"186 tmt","1 tmt"
"21197","M1","C4620083","1","187","C4620083 M1","tmt",0.0477199940262446,"187 tmt","1 tmt"
"21198","M1","C4620083","1","188","C4620083 M1","tmt",0.0450082723351209,"188 tmt","1 tmt"
"21199","M1","C4620083","1","189","C4620083 M1","tmt",0.0440592161941389,"189 tmt","1 tmt"
"21200","M1","C4620083","1","190","C4620083 M1","tmt",0.0420644737223716,"190 tmt","1 tmt"
"21201","M1","C4620083","1","191","C4620083 M1","tmt",0.0416895936021574,"191 tmt","1 tmt"
"21202","M1","C4620083","1","192","C4620083 M1","tmt",0.0408897104952384,"192 tmt","1 tmt"
"21203","M1","C4620083","1","193","C4620083 M1","tmt",0.0403506567123283,"193 tmt","1 tmt"
"21204","M1","C4620083","1","194","C4620083 M1","tmt",0.0400173743880366,"194 tmt","1 tmt"
"21205","M1","C4620083","1","195","C4620083 M1","tmt",0.0398960090086938,"195 tmt","1 tmt"
"21206","M1","C4620083","1","196","C4620083 M1","tmt",0.0398173945522305,"196 tmt","1 tmt"
"21207","M1","C4620083","1","197","C4620083 M1","tmt",0.0396159162148316,"197 tmt","1 tmt"
"21208","M1","C4620083","1","198","C4620083 M1","tmt",0.0392474362562455,"198 tmt","1 tmt"
"21209","M1","C4620083","1","199","C4620083 M1","tmt",0.0385383903672501,"199 tmt","1 tmt"
"21210","M1","C4620083","1","200","C4620083 M1","tmt",0.0383656561094156,"200 tmt","1 tmt"
"21211","M1","C4620083","1","201","C4620083 M1","tmt",0.0380316120461747,"201 tmt","1 tmt"
"21212","M1","C4620083","1","202","C4620083 M1","tmt",0.0376877971943926,"202 tmt","1 tmt"
"21213","M1","C4620083","1","203","C4620083 M1","tmt",0.0373521012930097,"203 tmt","1 tmt"
"21214","M1","C4620083","1","204","C4620083 M1","tmt",0.0369912423208835,"204 tmt","1 tmt"
"21215","M1","C4620083","1","205","C4620083 M1","tmt",0.0364894114645676,"205 tmt","1 tmt"
"21216","M1","C4620083","1","206","C4620083 M1","tmt",0.035971348348864,"206 tmt","1 tmt"
"21217","M1","C4620083","1","207","C4620083 M1","tmt",0.0355417973966897,"207 tmt","1 tmt"
"21218","M1","C4620083","1","208","C4620083 M1","tmt",0.0349468869839242,"208 tmt","1 tmt"
"21219","M1","C4620083","1","209","C4620083 M1","tmt",0.0344332634603948,"209 tmt","1 tmt"
"21220","M1","C4620083","1","210","C4620083 M1","tmt",0.0342673859733829,"210 tmt","1 tmt"
"21221","M1","C4620083","1","211","C4620083 M1","tmt",0.0342006750213245,"211 tmt","1 tmt"
"21222","M1","C4620083","1","212","C4620083 M1","tmt",0.0337887024960809,"212 tmt","1 tmt"
"21223","M1","C4620083","1","213","C4620083 M1","tmt",0.0336021480598561,"213 tmt","1 tmt"
"21224","M1","C4620083","1","214","C4620083 M1","tmt",0.0298777119169985,"214 tmt","1 tmt"
"21225","M1","C4620083","1","215","C4620083 M1","tmt",0.0292449691069933,"215 tmt","1 tmt"
"21226","M1","C4620083","1","216","C4620083 M1","tmt",0.0280617864156022,"216 tmt","1 tmt"
"21227","M1","C4620083","1","217","C4620083 M1","tmt",0.027746364514723,"217 tmt","1 tmt"
"21228","M1","C4620083","1","218","C4620083 M1","tmt",0.0262998444127469,"218 tmt","1 tmt"
"21229","M1","C4620083","1","219","C4620083 M1","tmt",0.0251756351910981,"219 tmt","1 tmt"
"21230","M1","C4620083","1","220","C4620083 M1","tmt",0.024996237852624,"220 tmt","1 tmt"
"21231","M1","C4620083","1","221","C4620083 M1","tmt",0.0246690000897963,"221 tmt","1 tmt"
"21232","M1","C4620083","1","222","C4620083 M1","tmt",0.0214900226854767,"222 tmt","1 tmt"
"21233","M1","C4620083","1","223","C4620083 M1","tmt",0.0213339863680877,"223 tmt","1 tmt"
"21234","M1","C4620083","1","224","C4620083 M1","tmt",0.0209287063872253,"224 tmt","1 tmt"
"21235","M1","C4620083","1","225","C4620083 M1","tmt",0.0203942886497897,"225 tmt","1 tmt"
"21236","M1","C4620083","1","226","C4620083 M1","tmt",0.0199289963831103,"226 tmt","1 tmt"
"21237","M1","C4620083","1","227","C4620083 M1","tmt",0.0178945072963295,"227 tmt","1 tmt"
"21238","M1","C4620083","1","228","C4620083 M1","tmt",0.0165957776401445,"228 tmt","1 tmt"
"21239","M1","C4620083","1","229","C4620083 M1","tmt",0.0155612946125391,"229 tmt","1 tmt"
"21240","M1","C4620083","1","230","C4620083 M1","tmt",0.0143614820037966,"230 tmt","1 tmt"
"21241","M1","C4620083","1","231","C4620083 M1","tmt",0.0114604933337009,"231 tmt","1 tmt"
"21242","M1","C4620083","1","232","C4620083 M1","tmt",0.0107754763353423,"232 tmt","1 tmt"
"21243","M1","C4620083","1","233","C4620083 M1","tmt",0.00995073061412532,"233 tmt","1 tmt"
"21244","M1","C4620083","1","234","C4620083 M1","tmt",0.00942985199402556,"234 tmt","1 tmt"
"21245","M1","C4620083","1","235","C4620083 M1","tmt",0.00895100187645052,"235 tmt","1 tmt"
"21246","M1","C4620083","1","236","C4620083 M1","tmt",0.00827605645322376,"236 tmt","1 tmt"
"21247","M1","C4620083","1","237","C4620083 M1","tmt",0.00770450261810635,"237 tmt","1 tmt"
"21248","M1","C4620083","1","238","C4620083 M1","tmt",0.00702255232013673,"238 tmt","1 tmt"
"21249","M1","C4620083","1","239","C4620083 M1","tmt",0.00142954170840858,"239 tmt","1 tmt"
"21250","M1","C4620083","1","240","C4620083 M1","tmt",0.000803238885643965,"240 tmt","1 tmt"
"21251","M1","C4620083","1","241","C4620083 M1","tmt",7.87605431853905e-05,"241 tmt","1 tmt"
"21252","M1","C4620083","1","242","C4620083 M1","tmt",-0.000548380548020763,"242 tmt","1 tmt"
"21253","M1","C4620083","1","243","C4620083 M1","tmt",-0.00057123639923043,"243 tmt","1 tmt"
"21254","M1","C4620083","1","244","C4620083 M1","tmt",-0.00518238187643509,"244 tmt","1 tmt"
"21255","M1","C4620083","1","245","C4620083 M1","tmt",-0.00523676974529283,"245 tmt","1 tmt"
"21256","M1","C4620083","1","246","C4620083 M1","tmt",-0.00663907827692817,"246 tmt","1 tmt"
"21257","M1","C4620083","1","247","C4620083 M1","tmt",-0.00877293703916788,"247 tmt","1 tmt"
"21258","M1","C4620083","1","248","C4620083 M1","tmt",-0.00931859792438068,"248 tmt","1 tmt"
"21259","M1","C4620083","1","249","C4620083 M1","tmt",-0.0107086736804792,"249 tmt","1 tmt"
"21260","M1","C4620083","1","250","C4620083 M1","tmt",-0.0107423980640785,"250 tmt","1 tmt"
"21261","M1","C4620083","1","251","C4620083 M1","tmt",-0.0127195891205163,"251 tmt","1 tmt"
"21262","M1","C4620083","1","252","C4620083 M1","tmt",-0.0131849217646613,"252 tmt","1 tmt"
"21263","M1","C4620083","1","253","C4620083 M1","tmt",-0.013397404490194,"253 tmt","1 tmt"
"21264","M1","C4620083","1","254","C4620083 M1","tmt",-0.0134632836741661,"254 tmt","1 tmt"
"21265","M1","C4620083","1","255","C4620083 M1","tmt",-0.01543901194719,"255 tmt","1 tmt"
"21266","M1","C4620083","1","256","C4620083 M1","tmt",-0.0164769169414253,"256 tmt","1 tmt"
"21267","M1","C4620083","1","257","C4620083 M1","tmt",-0.0171807717852892,"257 tmt","1 tmt"
"21268","M1","C4620083","1","258","C4620083 M1","tmt",-0.0173630966237327,"258 tmt","1 tmt"
"21269","M1","C4620083","1","259","C4620083 M1","tmt",-0.0180756093411646,"259 tmt","1 tmt"
"21270","M1","C4620083","1","260","C4620083 M1","tmt",-0.0187050871010497,"260 tmt","1 tmt"
"21271","M1","C4620083","1","261","C4620083 M1","tmt",-0.0206122494168933,"261 tmt","1 tmt"
"21272","M1","C4620083","1","262","C4620083 M1","tmt",-0.0224480311974012,"262 tmt","1 tmt"
"21273","M1","C4620083","1","263","C4620083 M1","tmt",-0.0249935021753676,"263 tmt","1 tmt"
"21274","M1","C4620083","1","264","C4620083 M1","tmt",-0.0315923542600678,"264 tmt","1 tmt"
"21275","M1","C4620083","1","265","C4620083 M1","tmt",-0.0316685625623046,"265 tmt","1 tmt"
"21276","M1","C4620083","1","266","C4620083 M1","tmt",-0.0326563135678958,"266 tmt","1 tmt"
"21277","M1","C4620083","1","267","C4620083 M1","tmt",-0.033593322659927,"267 tmt","1 tmt"
"21278","M1","C4620083","1","268","C4620083 M1","tmt",-0.0414825668191991,"268 tmt","1 tmt"
"21279","M1","C4620083","1","269","C4620083 M1","tmt",-0.0436761344250598,"269 tmt","1 tmt"
"21280","M1","C4620083","1","270","C4620083 M1","tmt",-0.0439426067160413,"270 tmt","1 tmt"
"21281","M1","C4620083","1","271","C4620083 M1","tmt",-0.0465230893405818,"271 tmt","1 tmt"
"21282","M1","C4620083","1","272","C4620083 M1","tmt",-0.0483109355722601,"272 tmt","1 tmt"
"21283","M1","C4620083","1","273","C4620083 M1","tmt",-0.0485990810804598,"273 tmt","1 tmt"
"21284","M1","C4620083","1","274","C4620083 M1","tmt",-0.0487927532948848,"274 tmt","1 tmt"
"21285","M1","C4620083","1","275","C4620083 M1","tmt",-0.0555342060723206,"275 tmt","1 tmt"
"21286","M1","C4620083","1","276","C4620083 M1","tmt",-0.056458683323445,"276 tmt","1 tmt"
"21287","M1","C4620083","1","277","C4620083 M1","tmt",-0.0591068808729492,"277 tmt","1 tmt"
"21288","M1","C4620083","1","278","C4620083 M1","tmt",-0.0598549687200124,"278 tmt","1 tmt"
"21289","M1","C4620083","1","279","C4620083 M1","tmt",-0.060407001685513,"279 tmt","1 tmt"
"21290","M1","C4620083","1","280","C4620083 M1","tmt",-0.0610469753732327,"280 tmt","1 tmt"
"21291","M1","C4620083","1","281","C4620083 M1","tmt",-0.0611194434832012,"281 tmt","1 tmt"
"21292","M1","C4620083","1","282","C4620083 M1","tmt",-0.062745716782097,"282 tmt","1 tmt"
"21293","M1","C4620083","1","283","C4620083 M1","tmt",-0.0652437856387469,"283 tmt","1 tmt"
"21294","M1","C4620083","1","284","C4620083 M1","tmt",-0.0662549173108887,"284 tmt","1 tmt"
"21295","M1","C4620083","1","285","C4620083 M1","tmt",-0.0797731735488674,"285 tmt","1 tmt"
"21296","M1","C4620083","1","286","C4620083 M1","tmt",-0.0859273955292565,"286 tmt","1 tmt"
"21297","M1","C4620083","1","287","C4620083 M1","tmt",-0.0972669138070773,"287 tmt","1 tmt"
"21298","M1","C4620083","1","288","C4620083 M1","tmt",-0.109230806993734,"288 tmt","1 tmt"
"21299","M1","C4620083","1","289","C4620083 M1","tmt",-0.110148425056043,"289 tmt","1 tmt"
"21300","M1","C4620083","1","290","C4620083 M1","tmt",-0.13169866395317,"290 tmt","1 tmt"
"21301","M2","C4620083","1","0","C4620083 M2","tmt",0.260204155576961,"0 tmt","1 tmt"
"21302","M2","C4620083","1","1","C4620083 M2","tmt",0.246689666345653,"1 tmt","1 tmt"
"21303","M2","C4620083","1","2","C4620083 M2","tmt",0.24513081526008,"2 tmt","1 tmt"
"21304","M2","C4620083","1","3","C4620083 M2","tmt",0.244597565119085,"3 tmt","1 tmt"
"21305","M2","C4620083","1","4","C4620083 M2","tmt",0.241800240736487,"4 tmt","1 tmt"
"21306","M2","C4620083","1","5","C4620083 M2","tmt",0.241688581523631,"5 tmt","1 tmt"
"21307","M2","C4620083","1","6","C4620083 M2","tmt",0.237955153892155,"6 tmt","1 tmt"
"21308","M2","C4620083","1","7","C4620083 M2","tmt",0.237613120084427,"7 tmt","1 tmt"
"21309","M2","C4620083","1","8","C4620083 M2","tmt",0.234736888182489,"8 tmt","1 tmt"
"21310","M2","C4620083","1","9","C4620083 M2","tmt",0.233114131168517,"9 tmt","1 tmt"
"21311","M2","C4620083","1","10","C4620083 M2","tmt",0.232415177700933,"10 tmt","1 tmt"
"21312","M2","C4620083","1","11","C4620083 M2","tmt",0.226731771505272,"11 tmt","1 tmt"
"21313","M2","C4620083","1","12","C4620083 M2","tmt",0.224947182770987,"12 tmt","1 tmt"
"21314","M2","C4620083","1","13","C4620083 M2","tmt",0.224943093632611,"13 tmt","1 tmt"
"21315","M2","C4620083","1","14","C4620083 M2","tmt",0.224896620556879,"14 tmt","1 tmt"
"21316","M2","C4620083","1","15","C4620083 M2","tmt",0.222478002077845,"15 tmt","1 tmt"
"21317","M2","C4620083","1","16","C4620083 M2","tmt",0.222120554895969,"16 tmt","1 tmt"
"21318","M2","C4620083","1","17","C4620083 M2","tmt",0.220466510322475,"17 tmt","1 tmt"
"21319","M2","C4620083","1","18","C4620083 M2","tmt",0.21928819822257,"18 tmt","1 tmt"
"21320","M2","C4620083","1","19","C4620083 M2","tmt",0.215237434927579,"19 tmt","1 tmt"
"21321","M2","C4620083","1","20","C4620083 M2","tmt",0.213670332534952,"20 tmt","1 tmt"
"21322","M2","C4620083","1","21","C4620083 M2","tmt",0.209660643780936,"21 tmt","1 tmt"
"21323","M2","C4620083","1","22","C4620083 M2","tmt",0.208558268693031,"22 tmt","1 tmt"
"21324","M2","C4620083","1","23","C4620083 M2","tmt",0.208491874338175,"23 tmt","1 tmt"
"21325","M2","C4620083","1","24","C4620083 M2","tmt",0.208222443483453,"24 tmt","1 tmt"
"21326","M2","C4620083","1","25","C4620083 M2","tmt",0.204762680411993,"25 tmt","1 tmt"
"21327","M2","C4620083","1","26","C4620083 M2","tmt",0.202659291351507,"26 tmt","1 tmt"
"21328","M2","C4620083","1","27","C4620083 M2","tmt",0.202188364964656,"27 tmt","1 tmt"
"21329","M2","C4620083","1","28","C4620083 M2","tmt",0.201376229726298,"28 tmt","1 tmt"
"21330","M2","C4620083","1","29","C4620083 M2","tmt",0.199750700739972,"29 tmt","1 tmt"
"21331","M2","C4620083","1","30","C4620083 M2","tmt",0.197533760402701,"30 tmt","1 tmt"
"21332","M2","C4620083","1","31","C4620083 M2","tmt",0.196226558253129,"31 tmt","1 tmt"
"21333","M2","C4620083","1","32","C4620083 M2","tmt",0.19566510254824,"32 tmt","1 tmt"
"21334","M2","C4620083","1","33","C4620083 M2","tmt",0.19494363559659,"33 tmt","1 tmt"
"21335","M2","C4620083","1","34","C4620083 M2","tmt",0.194792832523221,"34 tmt","1 tmt"
"21336","M2","C4620083","1","35","C4620083 M2","tmt",0.194789965220347,"35 tmt","1 tmt"
"21337","M2","C4620083","1","36","C4620083 M2","tmt",0.194370803088961,"36 tmt","1 tmt"
"21338","M2","C4620083","1","37","C4620083 M2","tmt",0.194209962402708,"37 tmt","1 tmt"
"21339","M2","C4620083","1","38","C4620083 M2","tmt",0.193976433794749,"38 tmt","1 tmt"
"21340","M2","C4620083","1","39","C4620083 M2","tmt",0.190527471335271,"39 tmt","1 tmt"
"21341","M2","C4620083","1","40","C4620083 M2","tmt",0.189569366261997,"40 tmt","1 tmt"
"21342","M2","C4620083","1","41","C4620083 M2","tmt",0.189484525666123,"41 tmt","1 tmt"
"21343","M2","C4620083","1","42","C4620083 M2","tmt",0.188329127274703,"42 tmt","1 tmt"
"21344","M2","C4620083","1","43","C4620083 M2","tmt",0.187838255843605,"43 tmt","1 tmt"
"21345","M2","C4620083","1","44","C4620083 M2","tmt",0.187808465163469,"44 tmt","1 tmt"
"21346","M2","C4620083","1","45","C4620083 M2","tmt",0.185189189280709,"45 tmt","1 tmt"
"21347","M2","C4620083","1","46","C4620083 M2","tmt",0.184878616755386,"46 tmt","1 tmt"
"21348","M2","C4620083","1","47","C4620083 M2","tmt",0.184420023098183,"47 tmt","1 tmt"
"21349","M2","C4620083","1","48","C4620083 M2","tmt",0.184037204854903,"48 tmt","1 tmt"
"21350","M2","C4620083","1","49","C4620083 M2","tmt",0.182706291318277,"49 tmt","1 tmt"
"21351","M2","C4620083","1","50","C4620083 M2","tmt",0.18153314158507,"50 tmt","1 tmt"
"21352","M2","C4620083","1","51","C4620083 M2","tmt",0.180869763583191,"51 tmt","1 tmt"
"21353","M2","C4620083","1","52","C4620083 M2","tmt",0.177937913585946,"52 tmt","1 tmt"
"21354","M2","C4620083","1","53","C4620083 M2","tmt",0.176552820108436,"53 tmt","1 tmt"
"21355","M2","C4620083","1","54","C4620083 M2","tmt",0.176282172216671,"54 tmt","1 tmt"
"21356","M2","C4620083","1","55","C4620083 M2","tmt",0.176011316116176,"55 tmt","1 tmt"
"21357","M2","C4620083","1","56","C4620083 M2","tmt",0.175587612181058,"56 tmt","1 tmt"
"21358","M2","C4620083","1","57","C4620083 M2","tmt",0.1745454858125,"57 tmt","1 tmt"
"21359","M2","C4620083","1","58","C4620083 M2","tmt",0.17357646815476,"58 tmt","1 tmt"
"21360","M2","C4620083","1","59","C4620083 M2","tmt",0.172813226547974,"59 tmt","1 tmt"
"21361","M2","C4620083","1","60","C4620083 M2","tmt",0.172331050206523,"60 tmt","1 tmt"
"21362","M2","C4620083","1","61","C4620083 M2","tmt",0.171340143472692,"61 tmt","1 tmt"
"21363","M2","C4620083","1","62","C4620083 M2","tmt",0.169599880074959,"62 tmt","1 tmt"
"21364","M2","C4620083","1","63","C4620083 M2","tmt",0.169306750094345,"63 tmt","1 tmt"
"21365","M2","C4620083","1","64","C4620083 M2","tmt",0.168459876271293,"64 tmt","1 tmt"
"21366","M2","C4620083","1","65","C4620083 M2","tmt",0.167302881011845,"65 tmt","1 tmt"
"21367","M2","C4620083","1","66","C4620083 M2","tmt",0.167223076415474,"66 tmt","1 tmt"
"21368","M2","C4620083","1","67","C4620083 M2","tmt",0.167109610605746,"67 tmt","1 tmt"
"21369","M2","C4620083","1","68","C4620083 M2","tmt",0.166647378309704,"68 tmt","1 tmt"
"21370","M2","C4620083","1","69","C4620083 M2","tmt",0.166029302370853,"69 tmt","1 tmt"
"21371","M2","C4620083","1","70","C4620083 M2","tmt",0.16587401361686,"70 tmt","1 tmt"
"21372","M2","C4620083","1","71","C4620083 M2","tmt",0.165738588761793,"71 tmt","1 tmt"
"21373","M2","C4620083","1","72","C4620083 M2","tmt",0.162770432672444,"72 tmt","1 tmt"
"21374","M2","C4620083","1","73","C4620083 M2","tmt",0.161741960961818,"73 tmt","1 tmt"
"21375","M2","C4620083","1","74","C4620083 M2","tmt",0.16043480938219,"74 tmt","1 tmt"
"21376","M2","C4620083","1","75","C4620083 M2","tmt",0.159757890244622,"75 tmt","1 tmt"
"21377","M2","C4620083","1","76","C4620083 M2","tmt",0.158192401250544,"76 tmt","1 tmt"
"21378","M2","C4620083","1","77","C4620083 M2","tmt",0.157627491756137,"77 tmt","1 tmt"
"21379","M2","C4620083","1","78","C4620083 M2","tmt",0.155460661411758,"78 tmt","1 tmt"
"21380","M2","C4620083","1","79","C4620083 M2","tmt",0.155276344964437,"79 tmt","1 tmt"
"21381","M2","C4620083","1","80","C4620083 M2","tmt",0.154793530945424,"80 tmt","1 tmt"
"21382","M2","C4620083","1","81","C4620083 M2","tmt",0.15410396966635,"81 tmt","1 tmt"
"21383","M2","C4620083","1","82","C4620083 M2","tmt",0.153974046898773,"82 tmt","1 tmt"
"21384","M2","C4620083","1","83","C4620083 M2","tmt",0.152915021602375,"83 tmt","1 tmt"
"21385","M2","C4620083","1","84","C4620083 M2","tmt",0.152788531621331,"84 tmt","1 tmt"
"21386","M2","C4620083","1","85","C4620083 M2","tmt",0.151734774876605,"85 tmt","1 tmt"
"21387","M2","C4620083","1","86","C4620083 M2","tmt",0.151683877026621,"86 tmt","1 tmt"
"21388","M2","C4620083","1","87","C4620083 M2","tmt",0.151515869851777,"87 tmt","1 tmt"
"21389","M2","C4620083","1","88","C4620083 M2","tmt",0.149140558719298,"88 tmt","1 tmt"
"21390","M2","C4620083","1","89","C4620083 M2","tmt",0.148717928643845,"89 tmt","1 tmt"
"21391","M2","C4620083","1","90","C4620083 M2","tmt",0.148222772723753,"90 tmt","1 tmt"
"21392","M2","C4620083","1","91","C4620083 M2","tmt",0.147999141191147,"91 tmt","1 tmt"
"21393","M2","C4620083","1","92","C4620083 M2","tmt",0.147283701210076,"92 tmt","1 tmt"
"21394","M2","C4620083","1","93","C4620083 M2","tmt",0.146562763197643,"93 tmt","1 tmt"
"21395","M2","C4620083","1","94","C4620083 M2","tmt",0.146517305414228,"94 tmt","1 tmt"
"21396","M2","C4620083","1","95","C4620083 M2","tmt",0.146248711109552,"95 tmt","1 tmt"
"21397","M2","C4620083","1","96","C4620083 M2","tmt",0.145516185263016,"96 tmt","1 tmt"
"21398","M2","C4620083","1","97","C4620083 M2","tmt",0.143441828862206,"97 tmt","1 tmt"
"21399","M2","C4620083","1","98","C4620083 M2","tmt",0.143305966442249,"98 tmt","1 tmt"
"21400","M2","C4620083","1","99","C4620083 M2","tmt",0.142923210319307,"99 tmt","1 tmt"
"21401","M2","C4620083","1","100","C4620083 M2","tmt",0.141561934201098,"100 tmt","1 tmt"
"21402","M2","C4620083","1","101","C4620083 M2","tmt",0.14125381574258,"101 tmt","1 tmt"
"21403","M2","C4620083","1","102","C4620083 M2","tmt",0.14027784934676,"102 tmt","1 tmt"
"21404","M2","C4620083","1","103","C4620083 M2","tmt",0.140141813632281,"103 tmt","1 tmt"
"21405","M2","C4620083","1","104","C4620083 M2","tmt",0.139462919009908,"104 tmt","1 tmt"
"21406","M2","C4620083","1","105","C4620083 M2","tmt",0.138857755027119,"105 tmt","1 tmt"
"21407","M2","C4620083","1","106","C4620083 M2","tmt",0.138700860912624,"106 tmt","1 tmt"
"21408","M2","C4620083","1","107","C4620083 M2","tmt",0.13843324894892,"107 tmt","1 tmt"
"21409","M2","C4620083","1","108","C4620083 M2","tmt",0.138269508886205,"108 tmt","1 tmt"
"21410","M2","C4620083","1","109","C4620083 M2","tmt",0.138079995820562,"109 tmt","1 tmt"
"21411","M2","C4620083","1","110","C4620083 M2","tmt",0.137842889515733,"110 tmt","1 tmt"
"21412","M2","C4620083","1","111","C4620083 M2","tmt",0.137235471121096,"111 tmt","1 tmt"
"21413","M2","C4620083","1","112","C4620083 M2","tmt",0.135366086463727,"112 tmt","1 tmt"
"21414","M2","C4620083","1","113","C4620083 M2","tmt",0.135052608725977,"113 tmt","1 tmt"
"21415","M2","C4620083","1","114","C4620083 M2","tmt",0.134267470717745,"114 tmt","1 tmt"
"21416","M2","C4620083","1","115","C4620083 M2","tmt",0.133442098176225,"115 tmt","1 tmt"
"21417","M2","C4620083","1","116","C4620083 M2","tmt",0.133322824477873,"116 tmt","1 tmt"
"21418","M2","C4620083","1","117","C4620083 M2","tmt",0.13241509598758,"117 tmt","1 tmt"
"21419","M2","C4620083","1","118","C4620083 M2","tmt",0.131432448843806,"118 tmt","1 tmt"
"21420","M2","C4620083","1","119","C4620083 M2","tmt",0.131162092339532,"119 tmt","1 tmt"
"21421","M2","C4620083","1","120","C4620083 M2","tmt",0.13114219311818,"120 tmt","1 tmt"
"21422","M2","C4620083","1","121","C4620083 M2","tmt",0.130171510744503,"121 tmt","1 tmt"
"21423","M2","C4620083","1","122","C4620083 M2","tmt",0.128737023814433,"122 tmt","1 tmt"
"21424","M2","C4620083","1","123","C4620083 M2","tmt",0.127730351332356,"123 tmt","1 tmt"
"21425","M2","C4620083","1","124","C4620083 M2","tmt",0.127560109951885,"124 tmt","1 tmt"
"21426","M2","C4620083","1","125","C4620083 M2","tmt",0.125496335401853,"125 tmt","1 tmt"
"21427","M2","C4620083","1","126","C4620083 M2","tmt",0.125495408114307,"126 tmt","1 tmt"
"21428","M2","C4620083","1","127","C4620083 M2","tmt",0.125444538587409,"127 tmt","1 tmt"
"21429","M2","C4620083","1","128","C4620083 M2","tmt",0.124877634650825,"128 tmt","1 tmt"
"21430","M2","C4620083","1","129","C4620083 M2","tmt",0.1245270982524,"129 tmt","1 tmt"
"21431","M2","C4620083","1","130","C4620083 M2","tmt",0.122941010602227,"130 tmt","1 tmt"
"21432","M2","C4620083","1","131","C4620083 M2","tmt",0.121459486468442,"131 tmt","1 tmt"
"21433","M2","C4620083","1","132","C4620083 M2","tmt",0.119009635699162,"132 tmt","1 tmt"
"21434","M2","C4620083","1","133","C4620083 M2","tmt",0.116453323180196,"133 tmt","1 tmt"
"21435","M2","C4620083","1","134","C4620083 M2","tmt",0.115769704858608,"134 tmt","1 tmt"
"21436","M2","C4620083","1","135","C4620083 M2","tmt",0.115524319349805,"135 tmt","1 tmt"
"21437","M2","C4620083","1","136","C4620083 M2","tmt",0.112432941629477,"136 tmt","1 tmt"
"21438","M2","C4620083","1","137","C4620083 M2","tmt",0.110703031965592,"137 tmt","1 tmt"
"21439","M2","C4620083","1","138","C4620083 M2","tmt",0.109872111398347,"138 tmt","1 tmt"
"21440","M2","C4620083","1","139","C4620083 M2","tmt",0.109400427649934,"139 tmt","1 tmt"
"21441","M2","C4620083","1","140","C4620083 M2","tmt",0.108354918286486,"140 tmt","1 tmt"
"21442","M2","C4620083","1","141","C4620083 M2","tmt",0.108350893117508,"141 tmt","1 tmt"
"21443","M2","C4620083","1","142","C4620083 M2","tmt",0.107320756146426,"142 tmt","1 tmt"
"21444","M2","C4620083","1","143","C4620083 M2","tmt",0.103975839835887,"143 tmt","1 tmt"
"21445","M2","C4620083","1","144","C4620083 M2","tmt",0.103166054013487,"144 tmt","1 tmt"
"21446","M2","C4620083","1","145","C4620083 M2","tmt",0.101593404593908,"145 tmt","1 tmt"
"21447","M2","C4620083","1","146","C4620083 M2","tmt",0.0999449807242976,"146 tmt","1 tmt"
"21448","M2","C4620083","1","147","C4620083 M2","tmt",0.0995081129748251,"147 tmt","1 tmt"
"21449","M2","C4620083","1","148","C4620083 M2","tmt",0.0990758779797037,"148 tmt","1 tmt"
"21450","M2","C4620083","1","149","C4620083 M2","tmt",0.0977092001793228,"149 tmt","1 tmt"
"21451","M2","C4620083","1","150","C4620083 M2","tmt",0.0961329458786819,"150 tmt","1 tmt"
"21452","M2","C4620083","1","151","C4620083 M2","tmt",0.0948451971761092,"151 tmt","1 tmt"
"21453","M2","C4620083","1","152","C4620083 M2","tmt",0.0916304365236704,"152 tmt","1 tmt"
"21454","M2","C4620083","1","153","C4620083 M2","tmt",0.0856798614946532,"153 tmt","1 tmt"
"21455","M2","C4620083","1","154","C4620083 M2","tmt",0.0855435415009152,"154 tmt","1 tmt"
"21456","M2","C4620083","1","155","C4620083 M2","tmt",0.0846249255409414,"155 tmt","1 tmt"
"21457","M2","C4620083","1","156","C4620083 M2","tmt",0.0807635217486319,"156 tmt","1 tmt"
"21458","M2","C4620083","1","157","C4620083 M2","tmt",0.0762125519614391,"157 tmt","1 tmt"
"21459","M2","C4620083","1","158","C4620083 M2","tmt",0.076141205786647,"158 tmt","1 tmt"
"21460","M2","C4620083","1","159","C4620083 M2","tmt",0.075201557812185,"159 tmt","1 tmt"
"21461","M2","C4620083","1","160","C4620083 M2","tmt",0.0748318151647999,"160 tmt","1 tmt"
"21462","M2","C4620083","1","161","C4620083 M2","tmt",0.0732808385299548,"161 tmt","1 tmt"
"21463","M2","C4620083","1","162","C4620083 M2","tmt",0.0727694180571508,"162 tmt","1 tmt"
"21464","M2","C4620083","1","163","C4620083 M2","tmt",0.0684997427560263,"163 tmt","1 tmt"
"21465","M2","C4620083","1","164","C4620083 M2","tmt",0.0682533542915465,"164 tmt","1 tmt"
"21466","M2","C4620083","1","165","C4620083 M2","tmt",0.066476570336412,"165 tmt","1 tmt"
"21467","M2","C4620083","1","166","C4620083 M2","tmt",0.0654387365277597,"166 tmt","1 tmt"
"21468","M2","C4620083","1","167","C4620083 M2","tmt",0.0629959816013483,"167 tmt","1 tmt"
"21469","M2","C4620083","1","168","C4620083 M2","tmt",0.0606722733588031,"168 tmt","1 tmt"
"21470","M2","C4620083","1","169","C4620083 M2","tmt",0.057769001247699,"169 tmt","1 tmt"
"21471","M2","C4620083","1","170","C4620083 M2","tmt",0.0549625796293725,"170 tmt","1 tmt"
"21472","M2","C4620083","1","171","C4620083 M2","tmt",0.0529025992926781,"171 tmt","1 tmt"
"21473","M2","C4620083","1","172","C4620083 M2","tmt",0.052790187653767,"172 tmt","1 tmt"
"21474","M2","C4620083","1","173","C4620083 M2","tmt",0.0484574381835669,"173 tmt","1 tmt"
"21475","M2","C4620083","1","174","C4620083 M2","tmt",0.0438418361855301,"174 tmt","1 tmt"
"21476","M2","C4620083","1","175","C4620083 M2","tmt",0.043496215062542,"175 tmt","1 tmt"
"21477","M2","C4620083","1","176","C4620083 M2","tmt",0.0426037197060624,"176 tmt","1 tmt"
"21478","M2","C4620083","1","177","C4620083 M2","tmt",0.0416980756138428,"177 tmt","1 tmt"
"21479","M2","C4620083","1","178","C4620083 M2","tmt",0.0412451775202005,"178 tmt","1 tmt"
"21480","M2","C4620083","1","179","C4620083 M2","tmt",0.0389155013064046,"179 tmt","1 tmt"
"21481","M2","C4620083","1","180","C4620083 M2","tmt",0.0388774539380557,"180 tmt","1 tmt"
"21482","M2","C4620083","1","181","C4620083 M2","tmt",0.0387534704918892,"181 tmt","1 tmt"
"21483","M2","C4620083","1","182","C4620083 M2","tmt",0.0383946746407049,"182 tmt","1 tmt"
"21484","M2","C4620083","1","183","C4620083 M2","tmt",0.0378269483339275,"183 tmt","1 tmt"
"21485","M2","C4620083","1","184","C4620083 M2","tmt",0.0375298491317362,"184 tmt","1 tmt"
"21486","M2","C4620083","1","185","C4620083 M2","tmt",0.0335828926241222,"185 tmt","1 tmt"
"21487","M2","C4620083","1","186","C4620083 M2","tmt",0.0199271748445239,"186 tmt","1 tmt"
"21488","M2","C4620083","1","187","C4620083 M2","tmt",0.0197473965343647,"187 tmt","1 tmt"
"21489","M2","C4620083","1","188","C4620083 M2","tmt",0.018146658926204,"188 tmt","1 tmt"
"21490","M2","C4620083","1","189","C4620083 M2","tmt",0.0173300138404254,"189 tmt","1 tmt"
"21491","M2","C4620083","1","190","C4620083 M2","tmt",0.0164527102917462,"190 tmt","1 tmt"
"21492","M2","C4620083","1","191","C4620083 M2","tmt",0.0145087996434718,"191 tmt","1 tmt"
"21493","M2","C4620083","1","192","C4620083 M2","tmt",0.013369824707784,"192 tmt","1 tmt"
"21494","M2","C4620083","1","193","C4620083 M2","tmt",0.0120796548547047,"193 tmt","1 tmt"
"21495","M2","C4620083","1","194","C4620083 M2","tmt",0.00987113776275971,"194 tmt","1 tmt"
"21496","M2","C4620083","1","195","C4620083 M2","tmt",0.00933504982911372,"195 tmt","1 tmt"
"21497","M2","C4620083","1","196","C4620083 M2","tmt",0.00895049114933804,"196 tmt","1 tmt"
"21498","M2","C4620083","1","197","C4620083 M2","tmt",0.0084340038753009,"197 tmt","1 tmt"
"21499","M2","C4620083","1","198","C4620083 M2","tmt",0.00710352862876079,"198 tmt","1 tmt"
"21500","M2","C4620083","1","199","C4620083 M2","tmt",0.00514557017642121,"199 tmt","1 tmt"
"21501","M2","C4620083","1","200","C4620083 M2","tmt",0.00414295594110016,"200 tmt","1 tmt"
"21502","M2","C4620083","1","201","C4620083 M2","tmt",0.00403806357143352,"201 tmt","1 tmt"
"21503","M2","C4620083","1","202","C4620083 M2","tmt",0.00168220986530868,"202 tmt","1 tmt"
"21504","M2","C4620083","1","203","C4620083 M2","tmt",-0.00406328047952908,"203 tmt","1 tmt"
"21505","M2","C4620083","1","204","C4620083 M2","tmt",-0.00814780058368927,"204 tmt","1 tmt"
"21506","M2","C4620083","1","205","C4620083 M2","tmt",-0.0147047245809922,"205 tmt","1 tmt"
"21507","M2","C4620083","1","206","C4620083 M2","tmt",-0.0152662546870735,"206 tmt","1 tmt"
"21508","M2","C4620083","1","207","C4620083 M2","tmt",-0.0175834783660907,"207 tmt","1 tmt"
"21509","M2","C4620083","1","208","C4620083 M2","tmt",-0.0206688699518908,"208 tmt","1 tmt"
"21510","M2","C4620083","1","209","C4620083 M2","tmt",-0.0244225113270779,"209 tmt","1 tmt"
"21511","M2","C4620083","1","210","C4620083 M2","tmt",-0.0313556207118325,"210 tmt","1 tmt"
"21512","M2","C4620083","1","211","C4620083 M2","tmt",-0.0318165891877496,"211 tmt","1 tmt"
"21513","M2","C4620083","1","212","C4620083 M2","tmt",-0.034897940813993,"212 tmt","1 tmt"
"21514","M2","C4620083","1","213","C4620083 M2","tmt",-0.0380542733455183,"213 tmt","1 tmt"
"21515","M2","C4620083","1","214","C4620083 M2","tmt",-0.0417096956237581,"214 tmt","1 tmt"
"21516","M2","C4620083","1","215","C4620083 M2","tmt",-0.043771567346534,"215 tmt","1 tmt"
"21517","M2","C4620083","1","216","C4620083 M2","tmt",-0.0479887434128348,"216 tmt","1 tmt"
"21518","M2","C4620083","1","217","C4620083 M2","tmt",-0.0490585580454207,"217 tmt","1 tmt"
"21519","M2","C4620083","1","218","C4620083 M2","tmt",-0.0516852460637987,"218 tmt","1 tmt"
"21520","M2","C4620083","1","219","C4620083 M2","tmt",-0.0528694234552583,"219 tmt","1 tmt"
"21521","M2","C4620083","1","220","C4620083 M2","tmt",-0.0579439401420601,"220 tmt","1 tmt"
"21522","M2","C4620083","1","221","C4620083 M2","tmt",-0.0650546245002711,"221 tmt","1 tmt"
"21523","M2","C4620083","1","222","C4620083 M2","tmt",-0.0663909630592341,"222 tmt","1 tmt"
"21524","M2","C4620083","1","223","C4620083 M2","tmt",-0.0689402218606938,"223 tmt","1 tmt"
"21525","M2","C4620083","1","224","C4620083 M2","tmt",-0.082261623760339,"224 tmt","1 tmt"
"21526","M2","C4620083","1","225","C4620083 M2","tmt",-0.0958502734741272,"225 tmt","1 tmt"
"21527","M2","C4620083","1","226","C4620083 M2","tmt",-0.125099963258609,"226 tmt","1 tmt"
"21528","M2","C4620083","1","227","C4620083 M2","tmt",-0.126077193450242,"227 tmt","1 tmt"
"21529","M2","C4620083","1","228","C4620083 M2","tmt",-0.126340540814508,"228 tmt","1 tmt"
"21530","M2","C4620083","1","229","C4620083 M2","tmt",-0.127185329628,"229 tmt","1 tmt"
"21531","M2","C4620083","1","230","C4620083 M2","tmt",-0.14138615603733,"230 tmt","1 tmt"
"21532","M3","C4620083","1","0","C4620083 M3","tmt",0.379212343244383,"0 tmt","1 tmt"
"21533","M3","C4620083","1","1","C4620083 M3","tmt",0.366043413025137,"1 tmt","1 tmt"
"21534","M3","C4620083","1","2","C4620083 M3","tmt",0.36503355890889,"2 tmt","1 tmt"
"21535","M3","C4620083","1","3","C4620083 M3","tmt",0.36387486035478,"3 tmt","1 tmt"
"21536","M3","C4620083","1","4","C4620083 M3","tmt",0.35739383929106,"4 tmt","1 tmt"
"21537","M3","C4620083","1","5","C4620083 M3","tmt",0.357176399366335,"5 tmt","1 tmt"
"21538","M3","C4620083","1","6","C4620083 M3","tmt",0.346147185106148,"6 tmt","1 tmt"
"21539","M3","C4620083","1","7","C4620083 M3","tmt",0.342629577674432,"7 tmt","1 tmt"
"21540","M3","C4620083","1","8","C4620083 M3","tmt",0.339472561900597,"8 tmt","1 tmt"
"21541","M3","C4620083","1","9","C4620083 M3","tmt",0.338612055172213,"9 tmt","1 tmt"
"21542","M3","C4620083","1","10","C4620083 M3","tmt",0.338222923776433,"10 tmt","1 tmt"
"21543","M3","C4620083","1","11","C4620083 M3","tmt",0.337252198279351,"11 tmt","1 tmt"
"21544","M3","C4620083","1","12","C4620083 M3","tmt",0.336604071805448,"12 tmt","1 tmt"
"21545","M3","C4620083","1","13","C4620083 M3","tmt",0.33404464489311,"13 tmt","1 tmt"
"21546","M3","C4620083","1","14","C4620083 M3","tmt",0.33388063613468,"14 tmt","1 tmt"
"21547","M3","C4620083","1","15","C4620083 M3","tmt",0.333352628531057,"15 tmt","1 tmt"
"21548","M3","C4620083","1","16","C4620083 M3","tmt",0.332303081316056,"16 tmt","1 tmt"
"21549","M3","C4620083","1","17","C4620083 M3","tmt",0.32955235902176,"17 tmt","1 tmt"
"21550","M3","C4620083","1","18","C4620083 M3","tmt",0.324953481129688,"18 tmt","1 tmt"
"21551","M3","C4620083","1","19","C4620083 M3","tmt",0.324384021494889,"19 tmt","1 tmt"
"21552","M3","C4620083","1","20","C4620083 M3","tmt",0.323441945007143,"20 tmt","1 tmt"
"21553","M3","C4620083","1","21","C4620083 M3","tmt",0.318546480199551,"21 tmt","1 tmt"
"21554","M3","C4620083","1","22","C4620083 M3","tmt",0.315182163923818,"22 tmt","1 tmt"
"21555","M3","C4620083","1","23","C4620083 M3","tmt",0.314593346735372,"23 tmt","1 tmt"
"21556","M3","C4620083","1","24","C4620083 M3","tmt",0.314455103255041,"24 tmt","1 tmt"
"21557","M3","C4620083","1","25","C4620083 M3","tmt",0.311710201500465,"25 tmt","1 tmt"
"21558","M3","C4620083","1","26","C4620083 M3","tmt",0.311142846701725,"26 tmt","1 tmt"
"21559","M3","C4620083","1","27","C4620083 M3","tmt",0.310277522477799,"27 tmt","1 tmt"
"21560","M3","C4620083","1","28","C4620083 M3","tmt",0.309144339019354,"28 tmt","1 tmt"
"21561","M3","C4620083","1","29","C4620083 M3","tmt",0.308451506636052,"29 tmt","1 tmt"
"21562","M3","C4620083","1","30","C4620083 M3","tmt",0.308389681044446,"30 tmt","1 tmt"
"21563","M3","C4620083","1","31","C4620083 M3","tmt",0.306858356209628,"31 tmt","1 tmt"
"21564","M3","C4620083","1","32","C4620083 M3","tmt",0.306232542802455,"32 tmt","1 tmt"
"21565","M3","C4620083","1","33","C4620083 M3","tmt",0.305729595490634,"33 tmt","1 tmt"
"21566","M3","C4620083","1","34","C4620083 M3","tmt",0.304566051494317,"34 tmt","1 tmt"
"21567","M3","C4620083","1","35","C4620083 M3","tmt",0.292710767469823,"35 tmt","1 tmt"
"21568","M3","C4620083","1","36","C4620083 M3","tmt",0.290333174148312,"36 tmt","1 tmt"
"21569","M3","C4620083","1","37","C4620083 M3","tmt",0.289586787840503,"37 tmt","1 tmt"
"21570","M3","C4620083","1","38","C4620083 M3","tmt",0.289329975353823,"38 tmt","1 tmt"
"21571","M3","C4620083","1","39","C4620083 M3","tmt",0.287768606624303,"39 tmt","1 tmt"
"21572","M3","C4620083","1","40","C4620083 M3","tmt",0.284280863877853,"40 tmt","1 tmt"
"21573","M3","C4620083","1","41","C4620083 M3","tmt",0.283869001215093,"41 tmt","1 tmt"
"21574","M3","C4620083","1","42","C4620083 M3","tmt",0.283728969380083,"42 tmt","1 tmt"
"21575","M3","C4620083","1","43","C4620083 M3","tmt",0.281980488189309,"43 tmt","1 tmt"
"21576","M3","C4620083","1","44","C4620083 M3","tmt",0.28165290181471,"44 tmt","1 tmt"
"21577","M3","C4620083","1","45","C4620083 M3","tmt",0.278183801771415,"45 tmt","1 tmt"
"21578","M3","C4620083","1","46","C4620083 M3","tmt",0.277942511894015,"46 tmt","1 tmt"
"21579","M3","C4620083","1","47","C4620083 M3","tmt",0.277726263002147,"47 tmt","1 tmt"
"21580","M3","C4620083","1","48","C4620083 M3","tmt",0.277316710418325,"48 tmt","1 tmt"
"21581","M3","C4620083","1","49","C4620083 M3","tmt",0.276975981395406,"49 tmt","1 tmt"
"21582","M3","C4620083","1","50","C4620083 M3","tmt",0.274269643154875,"50 tmt","1 tmt"
"21583","M3","C4620083","1","51","C4620083 M3","tmt",0.273719595660295,"51 tmt","1 tmt"
"21584","M3","C4620083","1","52","C4620083 M3","tmt",0.273679799770082,"52 tmt","1 tmt"
"21585","M3","C4620083","1","53","C4620083 M3","tmt",0.273602447079793,"53 tmt","1 tmt"
"21586","M3","C4620083","1","54","C4620083 M3","tmt",0.272424568517205,"54 tmt","1 tmt"
"21587","M3","C4620083","1","55","C4620083 M3","tmt",0.270907340333954,"55 tmt","1 tmt"
"21588","M3","C4620083","1","56","C4620083 M3","tmt",0.270614159807983,"56 tmt","1 tmt"
"21589","M3","C4620083","1","57","C4620083 M3","tmt",0.268911218990606,"57 tmt","1 tmt"
"21590","M3","C4620083","1","58","C4620083 M3","tmt",0.26811105956775,"58 tmt","1 tmt"
"21591","M3","C4620083","1","59","C4620083 M3","tmt",0.266471915980891,"59 tmt","1 tmt"
"21592","M3","C4620083","1","60","C4620083 M3","tmt",0.265499981331936,"60 tmt","1 tmt"
"21593","M3","C4620083","1","61","C4620083 M3","tmt",0.26415159537649,"61 tmt","1 tmt"
"21594","M3","C4620083","1","62","C4620083 M3","tmt",0.264111309812569,"62 tmt","1 tmt"
"21595","M3","C4620083","1","63","C4620083 M3","tmt",0.262489732545943,"63 tmt","1 tmt"
"21596","M3","C4620083","1","64","C4620083 M3","tmt",0.25990623474292,"64 tmt","1 tmt"
"21597","M3","C4620083","1","65","C4620083 M3","tmt",0.259213602719,"65 tmt","1 tmt"
"21598","M3","C4620083","1","66","C4620083 M3","tmt",0.259068930243029,"66 tmt","1 tmt"
"21599","M3","C4620083","1","67","C4620083 M3","tmt",0.259029038838457,"67 tmt","1 tmt"
"21600","M3","C4620083","1","68","C4620083 M3","tmt",0.257072837236971,"68 tmt","1 tmt"
"21601","M3","C4620083","1","69","C4620083 M3","tmt",0.256598331900676,"69 tmt","1 tmt"
"21602","M3","C4620083","1","70","C4620083 M3","tmt",0.255682845676691,"70 tmt","1 tmt"
"21603","M3","C4620083","1","71","C4620083 M3","tmt",0.25562777662585,"71 tmt","1 tmt"
"21604","M3","C4620083","1","72","C4620083 M3","tmt",0.255264071347584,"72 tmt","1 tmt"
"21605","M3","C4620083","1","73","C4620083 M3","tmt",0.255228247452286,"73 tmt","1 tmt"
"21606","M3","C4620083","1","74","C4620083 M3","tmt",0.251003241628108,"74 tmt","1 tmt"
"21607","M3","C4620083","1","75","C4620083 M3","tmt",0.249952776913496,"75 tmt","1 tmt"
"21608","M3","C4620083","1","76","C4620083 M3","tmt",0.24953371343774,"76 tmt","1 tmt"
"21609","M3","C4620083","1","77","C4620083 M3","tmt",0.242693283739587,"77 tmt","1 tmt"
"21610","M3","C4620083","1","78","C4620083 M3","tmt",0.241940844812087,"78 tmt","1 tmt"
"21611","M3","C4620083","1","79","C4620083 M3","tmt",0.241162072690677,"79 tmt","1 tmt"
"21612","M3","C4620083","1","80","C4620083 M3","tmt",0.234658687247697,"80 tmt","1 tmt"
"21613","M3","C4620083","1","81","C4620083 M3","tmt",0.234565695748924,"81 tmt","1 tmt"
"21614","M3","C4620083","1","82","C4620083 M3","tmt",0.234501380575039,"82 tmt","1 tmt"
"21615","M3","C4620083","1","83","C4620083 M3","tmt",0.23145138648692,"83 tmt","1 tmt"
"21616","M3","C4620083","1","84","C4620083 M3","tmt",0.231311894239286,"84 tmt","1 tmt"
"21617","M3","C4620083","1","85","C4620083 M3","tmt",0.227965460932022,"85 tmt","1 tmt"
"21618","M3","C4620083","1","86","C4620083 M3","tmt",0.227103681743284,"86 tmt","1 tmt"
"21619","M3","C4620083","1","87","C4620083 M3","tmt",0.22642169918315,"87 tmt","1 tmt"
"21620","M3","C4620083","1","88","C4620083 M3","tmt",0.224736262183384,"88 tmt","1 tmt"
"21621","M3","C4620083","1","89","C4620083 M3","tmt",0.22382488660768,"89 tmt","1 tmt"
"21622","M3","C4620083","1","90","C4620083 M3","tmt",0.223392890318993,"90 tmt","1 tmt"
"21623","M3","C4620083","1","91","C4620083 M3","tmt",0.223039391200835,"91 tmt","1 tmt"
"21624","M3","C4620083","1","92","C4620083 M3","tmt",0.220956467737855,"92 tmt","1 tmt"
"21625","M3","C4620083","1","93","C4620083 M3","tmt",0.219656177368018,"93 tmt","1 tmt"
"21626","M3","C4620083","1","94","C4620083 M3","tmt",0.219394777285851,"94 tmt","1 tmt"
"21627","M3","C4620083","1","95","C4620083 M3","tmt",0.21899478790197,"95 tmt","1 tmt"
"21628","M3","C4620083","1","96","C4620083 M3","tmt",0.218358592556516,"96 tmt","1 tmt"
"21629","M3","C4620083","1","97","C4620083 M3","tmt",0.217994876014843,"97 tmt","1 tmt"
"21630","M3","C4620083","1","98","C4620083 M3","tmt",0.217925014497957,"98 tmt","1 tmt"
"21631","M3","C4620083","1","99","C4620083 M3","tmt",0.217901832840425,"99 tmt","1 tmt"
"21632","M3","C4620083","1","100","C4620083 M3","tmt",0.216674887534438,"100 tmt","1 tmt"
"21633","M3","C4620083","1","101","C4620083 M3","tmt",0.216458902677616,"101 tmt","1 tmt"
"21634","M3","C4620083","1","102","C4620083 M3","tmt",0.216280491360211,"102 tmt","1 tmt"
"21635","M3","C4620083","1","103","C4620083 M3","tmt",0.216240965967877,"103 tmt","1 tmt"
"21636","M3","C4620083","1","104","C4620083 M3","tmt",0.215808778764891,"104 tmt","1 tmt"
"21637","M3","C4620083","1","105","C4620083 M3","tmt",0.214982814553527,"105 tmt","1 tmt"
"21638","M3","C4620083","1","106","C4620083 M3","tmt",0.214527397739703,"106 tmt","1 tmt"
"21639","M3","C4620083","1","107","C4620083 M3","tmt",0.214074764777159,"107 tmt","1 tmt"
"21640","M3","C4620083","1","108","C4620083 M3","tmt",0.21251178619951,"108 tmt","1 tmt"
"21641","M3","C4620083","1","109","C4620083 M3","tmt",0.211795331961484,"109 tmt","1 tmt"
"21642","M3","C4620083","1","110","C4620083 M3","tmt",0.209977607526294,"110 tmt","1 tmt"
"21643","M3","C4620083","1","111","C4620083 M3","tmt",0.209869253321356,"111 tmt","1 tmt"
"21644","M3","C4620083","1","112","C4620083 M3","tmt",0.20897895974058,"112 tmt","1 tmt"
"21645","M3","C4620083","1","113","C4620083 M3","tmt",0.20794436551391,"113 tmt","1 tmt"
"21646","M3","C4620083","1","114","C4620083 M3","tmt",0.207349776755351,"114 tmt","1 tmt"
"21647","M3","C4620083","1","115","C4620083 M3","tmt",0.207043552908297,"115 tmt","1 tmt"
"21648","M3","C4620083","1","116","C4620083 M3","tmt",0.206081425551541,"116 tmt","1 tmt"
"21649","M3","C4620083","1","117","C4620083 M3","tmt",0.204645856122301,"117 tmt","1 tmt"
"21650","M3","C4620083","1","118","C4620083 M3","tmt",0.20443681608362,"118 tmt","1 tmt"
"21651","M3","C4620083","1","119","C4620083 M3","tmt",0.201908310382466,"119 tmt","1 tmt"
"21652","M3","C4620083","1","120","C4620083 M3","tmt",0.199777468546965,"120 tmt","1 tmt"
"21653","M3","C4620083","1","121","C4620083 M3","tmt",0.199632434508967,"121 tmt","1 tmt"
"21654","M3","C4620083","1","122","C4620083 M3","tmt",0.197970748872947,"122 tmt","1 tmt"
"21655","M3","C4620083","1","123","C4620083 M3","tmt",0.197686762256783,"123 tmt","1 tmt"
"21656","M3","C4620083","1","124","C4620083 M3","tmt",0.197606563043489,"124 tmt","1 tmt"
"21657","M3","C4620083","1","125","C4620083 M3","tmt",0.197146573192854,"125 tmt","1 tmt"
"21658","M3","C4620083","1","126","C4620083 M3","tmt",0.195058062502025,"126 tmt","1 tmt"
"21659","M3","C4620083","1","127","C4620083 M3","tmt",0.190419853825808,"127 tmt","1 tmt"
"21660","M3","C4620083","1","128","C4620083 M3","tmt",0.189608074489893,"128 tmt","1 tmt"
"21661","M3","C4620083","1","129","C4620083 M3","tmt",0.189083481307613,"129 tmt","1 tmt"
"21662","M3","C4620083","1","130","C4620083 M3","tmt",0.186904482839152,"130 tmt","1 tmt"
"21663","M3","C4620083","1","131","C4620083 M3","tmt",0.186712404098602,"131 tmt","1 tmt"
"21664","M3","C4620083","1","132","C4620083 M3","tmt",0.186186963692724,"132 tmt","1 tmt"
"21665","M3","C4620083","1","133","C4620083 M3","tmt",0.186077138988997,"133 tmt","1 tmt"
"21666","M3","C4620083","1","134","C4620083 M3","tmt",0.186025266434002,"134 tmt","1 tmt"
"21667","M3","C4620083","1","135","C4620083 M3","tmt",0.18526369955759,"135 tmt","1 tmt"
"21668","M3","C4620083","1","136","C4620083 M3","tmt",0.180750704829501,"136 tmt","1 tmt"
"21669","M3","C4620083","1","137","C4620083 M3","tmt",0.18039575023525,"137 tmt","1 tmt"
"21670","M3","C4620083","1","138","C4620083 M3","tmt",0.179557693347504,"138 tmt","1 tmt"
"21671","M3","C4620083","1","139","C4620083 M3","tmt",0.17935465981075,"139 tmt","1 tmt"
"21672","M3","C4620083","1","140","C4620083 M3","tmt",0.17260857430116,"140 tmt","1 tmt"
"21673","M3","C4620083","1","141","C4620083 M3","tmt",0.169310191088717,"141 tmt","1 tmt"
"21674","M3","C4620083","1","142","C4620083 M3","tmt",0.167984362312379,"142 tmt","1 tmt"
"21675","M3","C4620083","1","143","C4620083 M3","tmt",0.164500552744523,"143 tmt","1 tmt"
"21676","M3","C4620083","1","144","C4620083 M3","tmt",0.163477740668072,"144 tmt","1 tmt"
"21677","M3","C4620083","1","145","C4620083 M3","tmt",0.162523306318124,"145 tmt","1 tmt"
"21678","M3","C4620083","1","146","C4620083 M3","tmt",0.1589960832098,"146 tmt","1 tmt"
"21679","M3","C4620083","1","147","C4620083 M3","tmt",0.157830932036441,"147 tmt","1 tmt"
"21680","M3","C4620083","1","148","C4620083 M3","tmt",0.157578533520678,"148 tmt","1 tmt"
"21681","M3","C4620083","1","149","C4620083 M3","tmt",0.157206011739558,"149 tmt","1 tmt"
"21682","M3","C4620083","1","150","C4620083 M3","tmt",0.150513037431776,"150 tmt","1 tmt"
"21683","M3","C4620083","1","151","C4620083 M3","tmt",0.149668075708919,"151 tmt","1 tmt"
"21684","M3","C4620083","1","152","C4620083 M3","tmt",0.149226211592803,"152 tmt","1 tmt"
"21685","M3","C4620083","1","153","C4620083 M3","tmt",0.149059425926822,"153 tmt","1 tmt"
"21686","M3","C4620083","1","154","C4620083 M3","tmt",0.149043676564251,"154 tmt","1 tmt"
"21687","M3","C4620083","1","155","C4620083 M3","tmt",0.148904475520072,"155 tmt","1 tmt"
"21688","M3","C4620083","1","156","C4620083 M3","tmt",0.14886371763724,"156 tmt","1 tmt"
"21689","M3","C4620083","1","157","C4620083 M3","tmt",0.14667190672231,"157 tmt","1 tmt"
"21690","M3","C4620083","1","158","C4620083 M3","tmt",0.143931793074147,"158 tmt","1 tmt"
"21691","M3","C4620083","1","159","C4620083 M3","tmt",0.142513717091904,"159 tmt","1 tmt"
"21692","M3","C4620083","1","160","C4620083 M3","tmt",0.141580084842021,"160 tmt","1 tmt"
"21693","M3","C4620083","1","161","C4620083 M3","tmt",0.138205478886339,"161 tmt","1 tmt"
"21694","M3","C4620083","1","162","C4620083 M3","tmt",0.136949855718313,"162 tmt","1 tmt"
"21695","M3","C4620083","1","163","C4620083 M3","tmt",0.134544819699563,"163 tmt","1 tmt"
"21696","M3","C4620083","1","164","C4620083 M3","tmt",0.134182109184427,"164 tmt","1 tmt"
"21697","M3","C4620083","1","165","C4620083 M3","tmt",0.132196736745824,"165 tmt","1 tmt"
"21698","M3","C4620083","1","166","C4620083 M3","tmt",0.131865364289231,"166 tmt","1 tmt"
"21699","M3","C4620083","1","167","C4620083 M3","tmt",0.130411010261286,"167 tmt","1 tmt"
"21700","M3","C4620083","1","168","C4620083 M3","tmt",0.12826110554444,"168 tmt","1 tmt"
"21701","M3","C4620083","1","169","C4620083 M3","tmt",0.127489533013913,"169 tmt","1 tmt"
"21702","M3","C4620083","1","170","C4620083 M3","tmt",0.126811001646773,"170 tmt","1 tmt"
"21703","M3","C4620083","1","171","C4620083 M3","tmt",0.12566003340606,"171 tmt","1 tmt"
"21704","M3","C4620083","1","172","C4620083 M3","tmt",0.124720378572363,"172 tmt","1 tmt"
"21705","M3","C4620083","1","173","C4620083 M3","tmt",0.123093654530857,"173 tmt","1 tmt"
"21706","M3","C4620083","1","174","C4620083 M3","tmt",0.122939578012538,"174 tmt","1 tmt"
"21707","M3","C4620083","1","175","C4620083 M3","tmt",0.122156132320622,"175 tmt","1 tmt"
"21708","M3","C4620083","1","176","C4620083 M3","tmt",0.121839019454498,"176 tmt","1 tmt"
"21709","M3","C4620083","1","177","C4620083 M3","tmt",0.120846193849698,"177 tmt","1 tmt"
"21710","M3","C4620083","1","178","C4620083 M3","tmt",0.118556142832994,"178 tmt","1 tmt"
"21711","M3","C4620083","1","179","C4620083 M3","tmt",0.118161846989996,"179 tmt","1 tmt"
"21712","M3","C4620083","1","180","C4620083 M3","tmt",0.117708154236079,"180 tmt","1 tmt"
"21713","M3","C4620083","1","181","C4620083 M3","tmt",0.115921966910072,"181 tmt","1 tmt"
"21714","M3","C4620083","1","182","C4620083 M3","tmt",0.115904426465618,"182 tmt","1 tmt"
"21715","M3","C4620083","1","183","C4620083 M3","tmt",0.115201077178181,"183 tmt","1 tmt"
"21716","M3","C4620083","1","184","C4620083 M3","tmt",0.113450038181621,"184 tmt","1 tmt"
"21717","M3","C4620083","1","185","C4620083 M3","tmt",0.112192356555569,"185 tmt","1 tmt"
"21718","M3","C4620083","1","186","C4620083 M3","tmt",0.10498408117948,"186 tmt","1 tmt"
"21719","M3","C4620083","1","187","C4620083 M3","tmt",0.103350962701294,"187 tmt","1 tmt"
"21720","M3","C4620083","1","188","C4620083 M3","tmt",0.10190473895718,"188 tmt","1 tmt"
"21721","M3","C4620083","1","189","C4620083 M3","tmt",0.0987096520236581,"189 tmt","1 tmt"
"21722","M3","C4620083","1","190","C4620083 M3","tmt",0.0986883145014874,"190 tmt","1 tmt"
"21723","M3","C4620083","1","191","C4620083 M3","tmt",0.0982652774979246,"191 tmt","1 tmt"
"21724","M3","C4620083","1","192","C4620083 M3","tmt",0.0977368950713959,"192 tmt","1 tmt"
"21725","M3","C4620083","1","193","C4620083 M3","tmt",0.0976796265543196,"193 tmt","1 tmt"
"21726","M3","C4620083","1","194","C4620083 M3","tmt",0.0970535498362408,"194 tmt","1 tmt"
"21727","M3","C4620083","1","195","C4620083 M3","tmt",0.0964823917747323,"195 tmt","1 tmt"
"21728","M3","C4620083","1","196","C4620083 M3","tmt",0.0958400405398318,"196 tmt","1 tmt"
"21729","M3","C4620083","1","197","C4620083 M3","tmt",0.0954221598506855,"197 tmt","1 tmt"
"21730","M3","C4620083","1","198","C4620083 M3","tmt",0.0936995156605257,"198 tmt","1 tmt"
"21731","M3","C4620083","1","199","C4620083 M3","tmt",0.0920728718556317,"199 tmt","1 tmt"
"21732","M3","C4620083","1","200","C4620083 M3","tmt",0.0895412659362362,"200 tmt","1 tmt"
"21733","M3","C4620083","1","201","C4620083 M3","tmt",0.0863766532500594,"201 tmt","1 tmt"
"21734","M3","C4620083","1","202","C4620083 M3","tmt",0.0859016627966558,"202 tmt","1 tmt"
"21735","M3","C4620083","1","203","C4620083 M3","tmt",0.0857719882581925,"203 tmt","1 tmt"
"21736","M3","C4620083","1","204","C4620083 M3","tmt",0.0848995772340194,"204 tmt","1 tmt"
"21737","M3","C4620083","1","205","C4620083 M3","tmt",0.0847160594952848,"205 tmt","1 tmt"
"21738","M3","C4620083","1","206","C4620083 M3","tmt",0.0842466928208384,"206 tmt","1 tmt"
"21739","M3","C4620083","1","207","C4620083 M3","tmt",0.0818602476774234,"207 tmt","1 tmt"
"21740","M3","C4620083","1","208","C4620083 M3","tmt",0.0816211259916789,"208 tmt","1 tmt"
"21741","M3","C4620083","1","209","C4620083 M3","tmt",0.0807957264379269,"209 tmt","1 tmt"
"21742","M3","C4620083","1","210","C4620083 M3","tmt",0.0711325343381191,"210 tmt","1 tmt"
"21743","M3","C4620083","1","211","C4620083 M3","tmt",0.0706186232212623,"211 tmt","1 tmt"
"21744","M3","C4620083","1","212","C4620083 M3","tmt",0.0704147537615925,"212 tmt","1 tmt"
"21745","M3","C4620083","1","213","C4620083 M3","tmt",0.064651088943922,"213 tmt","1 tmt"
"21746","M3","C4620083","1","214","C4620083 M3","tmt",0.0576860324354862,"214 tmt","1 tmt"
"21747","M3","C4620083","1","215","C4620083 M3","tmt",0.048031597758345,"215 tmt","1 tmt"
"21748","M3","C4620083","1","216","C4620083 M3","tmt",0.0420148960771865,"216 tmt","1 tmt"
"21749","M3","C4620083","1","217","C4620083 M3","tmt",0.0371161893225458,"217 tmt","1 tmt"
"21750","M3","C4620083","1","218","C4620083 M3","tmt",0.0369227851898842,"218 tmt","1 tmt"
"21751","M3","C4620083","1","219","C4620083 M3","tmt",0.0341996267282295,"219 tmt","1 tmt"
"21752","M3","C4620083","1","220","C4620083 M3","tmt",0.0337758648990564,"220 tmt","1 tmt"
"21753","M3","C4620083","1","221","C4620083 M3","tmt",0.0267024225775102,"221 tmt","1 tmt"
"21754","M3","C4620083","1","222","C4620083 M3","tmt",0.0232994554274609,"222 tmt","1 tmt"
"21755","M3","C4620083","1","223","C4620083 M3","tmt",0.0156984321059851,"223 tmt","1 tmt"
"21756","M3","C4620083","1","224","C4620083 M3","tmt",0.0150468022478346,"224 tmt","1 tmt"
"21757","M3","C4620083","1","225","C4620083 M3","tmt",0.0128278398845045,"225 tmt","1 tmt"
"21758","M3","C4620083","1","226","C4620083 M3","tmt",0.00765948270480469,"226 tmt","1 tmt"
"21759","M3","C4620083","1","227","C4620083 M3","tmt",0.001887179801913,"227 tmt","1 tmt"
"21760","M3","C4620083","1","228","C4620083 M3","tmt",-0.0122382760661984,"228 tmt","1 tmt"
"21761","M3","C4620083","1","229","C4620083 M3","tmt",-0.0138613799632871,"229 tmt","1 tmt"
"21762","M3","C4620083","1","230","C4620083 M3","tmt",-0.04320273215614,"230 tmt","1 tmt"
"21763","M3","C4620083","1","231","C4620083 M3","tmt",-0.0487155627346271,"231 tmt","1 tmt"
"21764","M3","C4620083","1","232","C4620083 M3","tmt",-0.0551958572454141,"232 tmt","1 tmt"
"21765","M3","C4620083","1","233","C4620083 M3","tmt",-0.0744495702972373,"233 tmt","1 tmt"
"21766","M3","C4620083","1","234","C4620083 M3","tmt",-0.0930825608363931,"234 tmt","1 tmt"
"21767","M3","C4620083","1","235","C4620083 M3","tmt",-0.113630005825342,"235 tmt","1 tmt"
"21768","M3","C4620083","1","236","C4620083 M3","tmt",-0.159125358665266,"236 tmt","1 tmt"
"21769","M3","C4620083","1","237","C4620083 M3","tmt",-0.183495484760614,"237 tmt","1 tmt"
"21770","M4","C4620083","1","0","C4620083 M4","tmt",0.116490961191036,"0 tmt","1 tmt"
"21771","M4","C4620083","1","1","C4620083 M4","tmt",0.0975699111270581,"1 tmt","1 tmt"
"21772","M4","C4620083","1","2","C4620083 M4","tmt",0.0951537918795617,"2 tmt","1 tmt"
"21773","M4","C4620083","1","3","C4620083 M4","tmt",0.0937468531930384,"3 tmt","1 tmt"
"21774","M4","C4620083","1","4","C4620083 M4","tmt",0.0933468151207587,"4 tmt","1 tmt"
"21775","M4","C4620083","1","5","C4620083 M4","tmt",0.0929013838440665,"5 tmt","1 tmt"
"21776","M4","C4620083","1","6","C4620083 M4","tmt",0.0916758398603781,"6 tmt","1 tmt"
"21777","M4","C4620083","1","7","C4620083 M4","tmt",0.0916619254319147,"7 tmt","1 tmt"
"21778","M4","C4620083","1","8","C4620083 M4","tmt",0.0916333993878369,"8 tmt","1 tmt"
"21779","M4","C4620083","1","9","C4620083 M4","tmt",0.0909466410455731,"9 tmt","1 tmt"
"21780","M4","C4620083","1","10","C4620083 M4","tmt",0.0868821602964207,"10 tmt","1 tmt"
"21781","M4","C4620083","1","11","C4620083 M4","tmt",0.0856289541876953,"11 tmt","1 tmt"
"21782","M4","C4620083","1","12","C4620083 M4","tmt",0.0851298315957783,"12 tmt","1 tmt"
"21783","M4","C4620083","1","13","C4620083 M4","tmt",0.083950994139857,"13 tmt","1 tmt"
"21784","M4","C4620083","1","14","C4620083 M4","tmt",0.0834268612928366,"14 tmt","1 tmt"
"21785","M4","C4620083","1","15","C4620083 M4","tmt",0.0826628146531833,"15 tmt","1 tmt"
"21786","M4","C4620083","1","16","C4620083 M4","tmt",0.0814195304498243,"16 tmt","1 tmt"
"21787","M4","C4620083","1","17","C4620083 M4","tmt",0.0813093981777063,"17 tmt","1 tmt"
"21788","M4","C4620083","1","18","C4620083 M4","tmt",0.0806514618459196,"18 tmt","1 tmt"
"21789","M4","C4620083","1","19","C4620083 M4","tmt",0.0805966415958431,"19 tmt","1 tmt"
"21790","M4","C4620083","1","20","C4620083 M4","tmt",0.079981869766553,"20 tmt","1 tmt"
"21791","M4","C4620083","1","21","C4620083 M4","tmt",0.0799617264479838,"21 tmt","1 tmt"
"21792","M4","C4620083","1","22","C4620083 M4","tmt",0.0796129198370474,"22 tmt","1 tmt"
"21793","M4","C4620083","1","23","C4620083 M4","tmt",0.0786419302062193,"23 tmt","1 tmt"
"21794","M4","C4620083","1","24","C4620083 M4","tmt",0.0773215886540066,"24 tmt","1 tmt"
"21795","M4","C4620083","1","25","C4620083 M4","tmt",0.075464177603707,"25 tmt","1 tmt"
"21796","M4","C4620083","1","26","C4620083 M4","tmt",0.0752108074456137,"26 tmt","1 tmt"
"21797","M4","C4620083","1","27","C4620083 M4","tmt",0.0738753051179255,"27 tmt","1 tmt"
"21798","M4","C4620083","1","28","C4620083 M4","tmt",0.0732313858272071,"28 tmt","1 tmt"
"21799","M4","C4620083","1","29","C4620083 M4","tmt",0.0727849761467711,"29 tmt","1 tmt"
"21800","M4","C4620083","1","30","C4620083 M4","tmt",0.0721997579018027,"30 tmt","1 tmt"
"21801","M4","C4620083","1","31","C4620083 M4","tmt",0.0717993050942626,"31 tmt","1 tmt"
"21802","M4","C4620083","1","32","C4620083 M4","tmt",0.0717424214495624,"32 tmt","1 tmt"
"21803","M4","C4620083","1","33","C4620083 M4","tmt",0.0716788034931149,"33 tmt","1 tmt"
"21804","M4","C4620083","1","34","C4620083 M4","tmt",0.0707860946842309,"34 tmt","1 tmt"
"21805","M4","C4620083","1","35","C4620083 M4","tmt",0.0706394718879539,"35 tmt","1 tmt"
"21806","M4","C4620083","1","36","C4620083 M4","tmt",0.0696101103341331,"36 tmt","1 tmt"
"21807","M4","C4620083","1","37","C4620083 M4","tmt",0.0690568253871777,"37 tmt","1 tmt"
"21808","M4","C4620083","1","38","C4620083 M4","tmt",0.0687678459670748,"38 tmt","1 tmt"
"21809","M4","C4620083","1","39","C4620083 M4","tmt",0.0686838362896817,"39 tmt","1 tmt"
"21810","M4","C4620083","1","40","C4620083 M4","tmt",0.0684585710047335,"40 tmt","1 tmt"
"21811","M4","C4620083","1","41","C4620083 M4","tmt",0.0675039342020966,"41 tmt","1 tmt"
"21812","M4","C4620083","1","42","C4620083 M4","tmt",0.0667460768631122,"42 tmt","1 tmt"
"21813","M4","C4620083","1","43","C4620083 M4","tmt",0.0665219707425711,"43 tmt","1 tmt"
"21814","M4","C4620083","1","44","C4620083 M4","tmt",0.0660113095703303,"44 tmt","1 tmt"
"21815","M4","C4620083","1","45","C4620083 M4","tmt",0.0659203112104262,"45 tmt","1 tmt"
"21816","M4","C4620083","1","46","C4620083 M4","tmt",0.0653883991379921,"46 tmt","1 tmt"
"21817","M4","C4620083","1","47","C4620083 M4","tmt",0.0647074470670427,"47 tmt","1 tmt"
"21818","M4","C4620083","1","48","C4620083 M4","tmt",0.0646060651707144,"48 tmt","1 tmt"
"21819","M4","C4620083","1","49","C4620083 M4","tmt",0.0642030589602159,"49 tmt","1 tmt"
"21820","M4","C4620083","1","50","C4620083 M4","tmt",0.0638582285900882,"50 tmt","1 tmt"
"21821","M4","C4620083","1","51","C4620083 M4","tmt",0.0635291215757561,"51 tmt","1 tmt"
"21822","M4","C4620083","1","52","C4620083 M4","tmt",0.063224625543369,"52 tmt","1 tmt"
"21823","M4","C4620083","1","53","C4620083 M4","tmt",0.0629355474734987,"53 tmt","1 tmt"
"21824","M4","C4620083","1","54","C4620083 M4","tmt",0.0626102835436488,"54 tmt","1 tmt"
"21825","M4","C4620083","1","55","C4620083 M4","tmt",0.0618741917482616,"55 tmt","1 tmt"
"21826","M4","C4620083","1","56","C4620083 M4","tmt",0.0617273254127687,"56 tmt","1 tmt"
"21827","M4","C4620083","1","57","C4620083 M4","tmt",0.0612644617311754,"57 tmt","1 tmt"
"21828","M4","C4620083","1","58","C4620083 M4","tmt",0.0612310611647501,"58 tmt","1 tmt"
"21829","M4","C4620083","1","59","C4620083 M4","tmt",0.0610758409126735,"59 tmt","1 tmt"
"21830","M4","C4620083","1","60","C4620083 M4","tmt",0.0602172079077852,"60 tmt","1 tmt"
"21831","M4","C4620083","1","61","C4620083 M4","tmt",0.0598928544338136,"61 tmt","1 tmt"
"21832","M4","C4620083","1","62","C4620083 M4","tmt",0.0598650731215735,"62 tmt","1 tmt"
"21833","M4","C4620083","1","63","C4620083 M4","tmt",0.0598127220377294,"63 tmt","1 tmt"
"21834","M4","C4620083","1","64","C4620083 M4","tmt",0.0597915177011607,"64 tmt","1 tmt"
"21835","M4","C4620083","1","65","C4620083 M4","tmt",0.0597372082282694,"65 tmt","1 tmt"
"21836","M4","C4620083","1","66","C4620083 M4","tmt",0.0590188868419214,"66 tmt","1 tmt"
"21837","M4","C4620083","1","67","C4620083 M4","tmt",0.0584398484250695,"67 tmt","1 tmt"
"21838","M4","C4620083","1","68","C4620083 M4","tmt",0.0581964445606616,"68 tmt","1 tmt"
"21839","M4","C4620083","1","69","C4620083 M4","tmt",0.0580291252311868,"69 tmt","1 tmt"
"21840","M4","C4620083","1","70","C4620083 M4","tmt",0.0577810555829852,"70 tmt","1 tmt"
"21841","M4","C4620083","1","71","C4620083 M4","tmt",0.057690413064348,"71 tmt","1 tmt"
"21842","M4","C4620083","1","72","C4620083 M4","tmt",0.0576470531316442,"72 tmt","1 tmt"
"21843","M4","C4620083","1","73","C4620083 M4","tmt",0.0576178397454994,"73 tmt","1 tmt"
"21844","M4","C4620083","1","74","C4620083 M4","tmt",0.0574486697333364,"74 tmt","1 tmt"
"21845","M4","C4620083","1","75","C4620083 M4","tmt",0.0571868963508114,"75 tmt","1 tmt"
"21846","M4","C4620083","1","76","C4620083 M4","tmt",0.0571010906739462,"76 tmt","1 tmt"
"21847","M4","C4620083","1","77","C4620083 M4","tmt",0.0570181711188818,"77 tmt","1 tmt"
"21848","M4","C4620083","1","78","C4620083 M4","tmt",0.0569956291389552,"78 tmt","1 tmt"
"21849","M4","C4620083","1","79","C4620083 M4","tmt",0.056812390685298,"79 tmt","1 tmt"
"21850","M4","C4620083","1","80","C4620083 M4","tmt",0.0563047866895675,"80 tmt","1 tmt"
"21851","M4","C4620083","1","81","C4620083 M4","tmt",0.0558274355875766,"81 tmt","1 tmt"
"21852","M4","C4620083","1","82","C4620083 M4","tmt",0.0555456223986607,"82 tmt","1 tmt"
"21853","M4","C4620083","1","83","C4620083 M4","tmt",0.0552260435955247,"83 tmt","1 tmt"
"21854","M4","C4620083","1","84","C4620083 M4","tmt",0.0551447687010452,"84 tmt","1 tmt"
"21855","M4","C4620083","1","85","C4620083 M4","tmt",0.0550827466459715,"85 tmt","1 tmt"
"21856","M4","C4620083","1","86","C4620083 M4","tmt",0.0546289282721167,"86 tmt","1 tmt"
"21857","M4","C4620083","1","87","C4620083 M4","tmt",0.0546093118038353,"87 tmt","1 tmt"
"21858","M4","C4620083","1","88","C4620083 M4","tmt",0.054472732142431,"88 tmt","1 tmt"
"21859","M4","C4620083","1","89","C4620083 M4","tmt",0.0543427279332015,"89 tmt","1 tmt"
"21860","M4","C4620083","1","90","C4620083 M4","tmt",0.0539159323032569,"90 tmt","1 tmt"
"21861","M4","C4620083","1","91","C4620083 M4","tmt",0.0537129006245823,"91 tmt","1 tmt"
"21862","M4","C4620083","1","92","C4620083 M4","tmt",0.0533699225337835,"92 tmt","1 tmt"
"21863","M4","C4620083","1","93","C4620083 M4","tmt",0.0533316296700781,"93 tmt","1 tmt"
"21864","M4","C4620083","1","94","C4620083 M4","tmt",0.0533119137374215,"94 tmt","1 tmt"
"21865","M4","C4620083","1","95","C4620083 M4","tmt",0.0531803432151823,"95 tmt","1 tmt"
"21866","M4","C4620083","1","96","C4620083 M4","tmt",0.0530153002361403,"96 tmt","1 tmt"
"21867","M4","C4620083","1","97","C4620083 M4","tmt",0.0529825189061575,"97 tmt","1 tmt"
"21868","M4","C4620083","1","98","C4620083 M4","tmt",0.0528172123485233,"98 tmt","1 tmt"
"21869","M4","C4620083","1","99","C4620083 M4","tmt",0.0520501500397907,"99 tmt","1 tmt"
"21870","M4","C4620083","1","100","C4620083 M4","tmt",0.0520211798585397,"100 tmt","1 tmt"
"21871","M4","C4620083","1","101","C4620083 M4","tmt",0.0519670376967044,"101 tmt","1 tmt"
"21872","M4","C4620083","1","102","C4620083 M4","tmt",0.0518653135842189,"102 tmt","1 tmt"
"21873","M4","C4620083","1","103","C4620083 M4","tmt",0.0515858349085074,"103 tmt","1 tmt"
"21874","M4","C4620083","1","104","C4620083 M4","tmt",0.0512710456192654,"104 tmt","1 tmt"
"21875","M4","C4620083","1","105","C4620083 M4","tmt",0.0511449098619885,"105 tmt","1 tmt"
"21876","M4","C4620083","1","106","C4620083 M4","tmt",0.0508558847366955,"106 tmt","1 tmt"
"21877","M4","C4620083","1","107","C4620083 M4","tmt",0.0508114910332136,"107 tmt","1 tmt"
"21878","M4","C4620083","1","108","C4620083 M4","tmt",0.0503028729741054,"108 tmt","1 tmt"
"21879","M4","C4620083","1","109","C4620083 M4","tmt",0.0501271537212454,"109 tmt","1 tmt"
"21880","M4","C4620083","1","110","C4620083 M4","tmt",0.0498850986617253,"110 tmt","1 tmt"
"21881","M4","C4620083","1","111","C4620083 M4","tmt",0.0493924532228518,"111 tmt","1 tmt"
"21882","M4","C4620083","1","112","C4620083 M4","tmt",0.0491609877135911,"112 tmt","1 tmt"
"21883","M4","C4620083","1","113","C4620083 M4","tmt",0.049108721261804,"113 tmt","1 tmt"
"21884","M4","C4620083","1","114","C4620083 M4","tmt",0.0490966324197712,"114 tmt","1 tmt"
"21885","M4","C4620083","1","115","C4620083 M4","tmt",0.048968555815065,"115 tmt","1 tmt"
"21886","M4","C4620083","1","116","C4620083 M4","tmt",0.0488578988507074,"116 tmt","1 tmt"
"21887","M4","C4620083","1","117","C4620083 M4","tmt",0.0474318153493062,"117 tmt","1 tmt"
"21888","M4","C4620083","1","118","C4620083 M4","tmt",0.047257501707587,"118 tmt","1 tmt"
"21889","M4","C4620083","1","119","C4620083 M4","tmt",0.0471386882100781,"119 tmt","1 tmt"
"21890","M4","C4620083","1","120","C4620083 M4","tmt",0.0470728418132388,"120 tmt","1 tmt"
"21891","M4","C4620083","1","121","C4620083 M4","tmt",0.0468122035398876,"121 tmt","1 tmt"
"21892","M4","C4620083","1","122","C4620083 M4","tmt",0.0465729029156254,"122 tmt","1 tmt"
"21893","M4","C4620083","1","123","C4620083 M4","tmt",0.046559864697854,"123 tmt","1 tmt"
"21894","M4","C4620083","1","124","C4620083 M4","tmt",0.0459804013239405,"124 tmt","1 tmt"
"21895","M4","C4620083","1","125","C4620083 M4","tmt",0.045877904538389,"125 tmt","1 tmt"
"21896","M4","C4620083","1","126","C4620083 M4","tmt",0.045845127842877,"126 tmt","1 tmt"
"21897","M4","C4620083","1","127","C4620083 M4","tmt",0.0457181727729957,"127 tmt","1 tmt"
"21898","M4","C4620083","1","128","C4620083 M4","tmt",0.0455518347075774,"128 tmt","1 tmt"
"21899","M4","C4620083","1","129","C4620083 M4","tmt",0.0455081913500478,"129 tmt","1 tmt"
"21900","M4","C4620083","1","130","C4620083 M4","tmt",0.0453809755901474,"130 tmt","1 tmt"
"21901","M4","C4620083","1","131","C4620083 M4","tmt",0.0453548161745513,"131 tmt","1 tmt"
"21902","M4","C4620083","1","132","C4620083 M4","tmt",0.044808025038451,"132 tmt","1 tmt"
"21903","M4","C4620083","1","133","C4620083 M4","tmt",0.0443213454367574,"133 tmt","1 tmt"
"21904","M4","C4620083","1","134","C4620083 M4","tmt",0.044244651669634,"134 tmt","1 tmt"
"21905","M4","C4620083","1","135","C4620083 M4","tmt",0.0441427417830443,"135 tmt","1 tmt"
"21906","M4","C4620083","1","136","C4620083 M4","tmt",0.0437840997096175,"136 tmt","1 tmt"
"21907","M4","C4620083","1","137","C4620083 M4","tmt",0.0435489596150606,"137 tmt","1 tmt"
"21908","M4","C4620083","1","138","C4620083 M4","tmt",0.0434041146386546,"138 tmt","1 tmt"
"21909","M4","C4620083","1","139","C4620083 M4","tmt",0.0433373651902617,"139 tmt","1 tmt"
"21910","M4","C4620083","1","140","C4620083 M4","tmt",0.0430739305789079,"140 tmt","1 tmt"
"21911","M4","C4620083","1","141","C4620083 M4","tmt",0.0430525292453412,"141 tmt","1 tmt"
"21912","M4","C4620083","1","142","C4620083 M4","tmt",0.0426821458162439,"142 tmt","1 tmt"
"21913","M4","C4620083","1","143","C4620083 M4","tmt",0.0425278842127845,"143 tmt","1 tmt"
"21914","M4","C4620083","1","144","C4620083 M4","tmt",0.04220457000603,"144 tmt","1 tmt"
"21915","M4","C4620083","1","145","C4620083 M4","tmt",0.0420221786332297,"145 tmt","1 tmt"
"21916","M4","C4620083","1","146","C4620083 M4","tmt",0.041579331369864,"146 tmt","1 tmt"
"21917","M4","C4620083","1","147","C4620083 M4","tmt",0.0414490340495373,"147 tmt","1 tmt"
"21918","M4","C4620083","1","148","C4620083 M4","tmt",0.0414285178117374,"148 tmt","1 tmt"
"21919","M4","C4620083","1","149","C4620083 M4","tmt",0.0413408987978088,"149 tmt","1 tmt"
"21920","M4","C4620083","1","150","C4620083 M4","tmt",0.0412033755011704,"150 tmt","1 tmt"
"21921","M4","C4620083","1","151","C4620083 M4","tmt",0.0411221076791689,"151 tmt","1 tmt"
"21922","M4","C4620083","1","152","C4620083 M4","tmt",0.0400563173174546,"152 tmt","1 tmt"
"21923","M4","C4620083","1","153","C4620083 M4","tmt",0.0400357588850185,"153 tmt","1 tmt"
"21924","M4","C4620083","1","154","C4620083 M4","tmt",0.0398548347155071,"154 tmt","1 tmt"
"21925","M4","C4620083","1","155","C4620083 M4","tmt",0.039826825712192,"155 tmt","1 tmt"
"21926","M4","C4620083","1","156","C4620083 M4","tmt",0.0396122506713117,"156 tmt","1 tmt"
"21927","M4","C4620083","1","157","C4620083 M4","tmt",0.0393870613511588,"157 tmt","1 tmt"
"21928","M4","C4620083","1","158","C4620083 M4","tmt",0.0393789668432031,"158 tmt","1 tmt"
"21929","M4","C4620083","1","159","C4620083 M4","tmt",0.0392757653858605,"159 tmt","1 tmt"
"21930","M4","C4620083","1","160","C4620083 M4","tmt",0.0386187070224001,"160 tmt","1 tmt"
"21931","M4","C4620083","1","161","C4620083 M4","tmt",0.0385870440463808,"161 tmt","1 tmt"
"21932","M4","C4620083","1","162","C4620083 M4","tmt",0.0383183401789961,"162 tmt","1 tmt"
"21933","M4","C4620083","1","163","C4620083 M4","tmt",0.037948624208085,"163 tmt","1 tmt"
"21934","M4","C4620083","1","164","C4620083 M4","tmt",0.0378534468357353,"164 tmt","1 tmt"
"21935","M4","C4620083","1","165","C4620083 M4","tmt",0.0375234179435187,"165 tmt","1 tmt"
"21936","M4","C4620083","1","166","C4620083 M4","tmt",0.0372338353033961,"166 tmt","1 tmt"
"21937","M4","C4620083","1","167","C4620083 M4","tmt",0.0371566167026194,"167 tmt","1 tmt"
"21938","M4","C4620083","1","168","C4620083 M4","tmt",0.0370580850806311,"168 tmt","1 tmt"
"21939","M4","C4620083","1","169","C4620083 M4","tmt",0.0370456274748934,"169 tmt","1 tmt"
"21940","M4","C4620083","1","170","C4620083 M4","tmt",0.0370239713097636,"170 tmt","1 tmt"
"21941","M4","C4620083","1","171","C4620083 M4","tmt",0.0368503318360637,"171 tmt","1 tmt"
"21942","M4","C4620083","1","172","C4620083 M4","tmt",0.0365246200047579,"172 tmt","1 tmt"
"21943","M4","C4620083","1","173","C4620083 M4","tmt",0.0364346195141971,"173 tmt","1 tmt"
"21944","M4","C4620083","1","174","C4620083 M4","tmt",0.036303169759408,"174 tmt","1 tmt"
"21945","M4","C4620083","1","175","C4620083 M4","tmt",0.0362408498810849,"175 tmt","1 tmt"
"21946","M4","C4620083","1","176","C4620083 M4","tmt",0.0358127887617442,"176 tmt","1 tmt"
"21947","M4","C4620083","1","177","C4620083 M4","tmt",0.0357040267682386,"177 tmt","1 tmt"
"21948","M4","C4620083","1","178","C4620083 M4","tmt",0.0355866366547703,"178 tmt","1 tmt"
"21949","M4","C4620083","1","179","C4620083 M4","tmt",0.0352918070561039,"179 tmt","1 tmt"
"21950","M4","C4620083","1","180","C4620083 M4","tmt",0.0351313869397726,"180 tmt","1 tmt"
"21951","M4","C4620083","1","181","C4620083 M4","tmt",0.0346963343060218,"181 tmt","1 tmt"
"21952","M4","C4620083","1","182","C4620083 M4","tmt",0.0341977562277672,"182 tmt","1 tmt"
"21953","M4","C4620083","1","183","C4620083 M4","tmt",0.0341340253734348,"183 tmt","1 tmt"
"21954","M4","C4620083","1","184","C4620083 M4","tmt",0.0340650221269333,"184 tmt","1 tmt"
"21955","M4","C4620083","1","185","C4620083 M4","tmt",0.0329582665266552,"185 tmt","1 tmt"
"21956","M4","C4620083","1","186","C4620083 M4","tmt",0.0328494241597342,"186 tmt","1 tmt"
"21957","M4","C4620083","1","187","C4620083 M4","tmt",0.0323780126071612,"187 tmt","1 tmt"
"21958","M4","C4620083","1","188","C4620083 M4","tmt",0.0321625964649773,"188 tmt","1 tmt"
"21959","M4","C4620083","1","189","C4620083 M4","tmt",0.0321543657974242,"189 tmt","1 tmt"
"21960","M4","C4620083","1","190","C4620083 M4","tmt",0.0316034150401271,"190 tmt","1 tmt"
"21961","M4","C4620083","1","191","C4620083 M4","tmt",0.0313751366011384,"191 tmt","1 tmt"
"21962","M4","C4620083","1","192","C4620083 M4","tmt",0.0313568594331406,"192 tmt","1 tmt"
"21963","M4","C4620083","1","193","C4620083 M4","tmt",0.0313211042697496,"193 tmt","1 tmt"
"21964","M4","C4620083","1","194","C4620083 M4","tmt",0.0309213405393601,"194 tmt","1 tmt"
"21965","M4","C4620083","1","195","C4620083 M4","tmt",0.0299041953803577,"195 tmt","1 tmt"
"21966","M4","C4620083","1","196","C4620083 M4","tmt",0.0297841978101182,"196 tmt","1 tmt"
"21967","M4","C4620083","1","197","C4620083 M4","tmt",0.029749816669315,"197 tmt","1 tmt"
"21968","M4","C4620083","1","198","C4620083 M4","tmt",0.0296376026614821,"198 tmt","1 tmt"
"21969","M4","C4620083","1","199","C4620083 M4","tmt",0.0295501772933878,"199 tmt","1 tmt"
"21970","M4","C4620083","1","200","C4620083 M4","tmt",0.0295201940525601,"200 tmt","1 tmt"
"21971","M4","C4620083","1","201","C4620083 M4","tmt",0.0295030833462538,"201 tmt","1 tmt"
"21972","M4","C4620083","1","202","C4620083 M4","tmt",0.0293191936074944,"202 tmt","1 tmt"
"21973","M4","C4620083","1","203","C4620083 M4","tmt",0.028713193523611,"203 tmt","1 tmt"
"21974","M4","C4620083","1","204","C4620083 M4","tmt",0.0284737148403324,"204 tmt","1 tmt"
"21975","M4","C4620083","1","205","C4620083 M4","tmt",0.0283996211111278,"205 tmt","1 tmt"
"21976","M4","C4620083","1","206","C4620083 M4","tmt",0.0283461889321635,"206 tmt","1 tmt"
"21977","M4","C4620083","1","207","C4620083 M4","tmt",0.0283139182049614,"207 tmt","1 tmt"
"21978","M4","C4620083","1","208","C4620083 M4","tmt",0.0282872051839946,"208 tmt","1 tmt"
"21979","M4","C4620083","1","209","C4620083 M4","tmt",0.0282851324283144,"209 tmt","1 tmt"
"21980","M4","C4620083","1","210","C4620083 M4","tmt",0.028274790065392,"210 tmt","1 tmt"
"21981","M4","C4620083","1","211","C4620083 M4","tmt",0.0282693455404443,"211 tmt","1 tmt"
"21982","M4","C4620083","1","212","C4620083 M4","tmt",0.0282142919571619,"212 tmt","1 tmt"
"21983","M4","C4620083","1","213","C4620083 M4","tmt",0.0280018623489317,"213 tmt","1 tmt"
"21984","M4","C4620083","1","214","C4620083 M4","tmt",0.0279095241020782,"214 tmt","1 tmt"
"21985","M4","C4620083","1","215","C4620083 M4","tmt",0.0271382123100447,"215 tmt","1 tmt"
"21986","M4","C4620083","1","216","C4620083 M4","tmt",0.0271105298961905,"216 tmt","1 tmt"
"21987","M4","C4620083","1","217","C4620083 M4","tmt",0.0270536565461586,"217 tmt","1 tmt"
"21988","M4","C4620083","1","218","C4620083 M4","tmt",0.026950357764874,"218 tmt","1 tmt"
"21989","M4","C4620083","1","219","C4620083 M4","tmt",0.026801004686531,"219 tmt","1 tmt"
"21990","M4","C4620083","1","220","C4620083 M4","tmt",0.026453299566313,"220 tmt","1 tmt"
"21991","M4","C4620083","1","221","C4620083 M4","tmt",0.026348983288284,"221 tmt","1 tmt"
"21992","M4","C4620083","1","222","C4620083 M4","tmt",0.0259041645113344,"222 tmt","1 tmt"
"21993","M4","C4620083","1","223","C4620083 M4","tmt",0.025679320775509,"223 tmt","1 tmt"
"21994","M4","C4620083","1","224","C4620083 M4","tmt",0.0254419145654572,"224 tmt","1 tmt"
"21995","M4","C4620083","1","225","C4620083 M4","tmt",0.0253854564773582,"225 tmt","1 tmt"
"21996","M4","C4620083","1","226","C4620083 M4","tmt",0.025342811369301,"226 tmt","1 tmt"
"21997","M4","C4620083","1","227","C4620083 M4","tmt",0.0253088012331158,"227 tmt","1 tmt"
"21998","M4","C4620083","1","228","C4620083 M4","tmt",0.0251232735600163,"228 tmt","1 tmt"
"21999","M4","C4620083","1","229","C4620083 M4","tmt",0.0251111271724053,"229 tmt","1 tmt"
"22000","M4","C4620083","1","230","C4620083 M4","tmt",0.0248737641648937,"230 tmt","1 tmt"
"22001","M4","C4620083","1","231","C4620083 M4","tmt",0.0246221121341817,"231 tmt","1 tmt"
"22002","M4","C4620083","1","232","C4620083 M4","tmt",0.0242703998668007,"232 tmt","1 tmt"
"22003","M4","C4620083","1","233","C4620083 M4","tmt",0.024204045585343,"233 tmt","1 tmt"
"22004","M4","C4620083","1","234","C4620083 M4","tmt",0.0239944677612167,"234 tmt","1 tmt"
"22005","M4","C4620083","1","235","C4620083 M4","tmt",0.0235271921970233,"235 tmt","1 tmt"
"22006","M4","C4620083","1","236","C4620083 M4","tmt",0.0231976106984227,"236 tmt","1 tmt"
"22007","M4","C4620083","1","237","C4620083 M4","tmt",0.0229768101209112,"237 tmt","1 tmt"
"22008","M4","C4620083","1","238","C4620083 M4","tmt",0.0229234319519945,"238 tmt","1 tmt"
"22009","M4","C4620083","1","239","C4620083 M4","tmt",0.0228427642104712,"239 tmt","1 tmt"
"22010","M4","C4620083","1","240","C4620083 M4","tmt",0.0226984831018546,"240 tmt","1 tmt"
"22011","M4","C4620083","1","241","C4620083 M4","tmt",0.0226009624834661,"241 tmt","1 tmt"
"22012","M4","C4620083","1","242","C4620083 M4","tmt",0.0222796925261032,"242 tmt","1 tmt"
"22013","M4","C4620083","1","243","C4620083 M4","tmt",0.0222573987051585,"243 tmt","1 tmt"
"22014","M4","C4620083","1","244","C4620083 M4","tmt",0.0220970432190309,"244 tmt","1 tmt"
"22015","M4","C4620083","1","245","C4620083 M4","tmt",0.0219573480675157,"245 tmt","1 tmt"
"22016","M4","C4620083","1","246","C4620083 M4","tmt",0.0219288125703626,"246 tmt","1 tmt"
"22017","M4","C4620083","1","247","C4620083 M4","tmt",0.0218757247881569,"247 tmt","1 tmt"
"22018","M4","C4620083","1","248","C4620083 M4","tmt",0.0217330928338255,"248 tmt","1 tmt"
"22019","M4","C4620083","1","249","C4620083 M4","tmt",0.0216100284744187,"249 tmt","1 tmt"
"22020","M4","C4620083","1","250","C4620083 M4","tmt",0.0213870914412057,"250 tmt","1 tmt"
"22021","M4","C4620083","1","251","C4620083 M4","tmt",0.0213660667944703,"251 tmt","1 tmt"
"22022","M4","C4620083","1","252","C4620083 M4","tmt",0.0213143760162259,"252 tmt","1 tmt"
"22023","M4","C4620083","1","253","C4620083 M4","tmt",0.0212435655087655,"253 tmt","1 tmt"
"22024","M4","C4620083","1","254","C4620083 M4","tmt",0.0211143473749625,"254 tmt","1 tmt"
"22025","M4","C4620083","1","255","C4620083 M4","tmt",0.0210798005476152,"255 tmt","1 tmt"
"22026","M4","C4620083","1","256","C4620083 M4","tmt",0.0203109321617353,"256 tmt","1 tmt"
"22027","M4","C4620083","1","257","C4620083 M4","tmt",0.0202630049660228,"257 tmt","1 tmt"
"22028","M4","C4620083","1","258","C4620083 M4","tmt",0.0200473704920188,"258 tmt","1 tmt"
"22029","M4","C4620083","1","259","C4620083 M4","tmt",0.0200383642193312,"259 tmt","1 tmt"
"22030","M4","C4620083","1","260","C4620083 M4","tmt",0.0198047913599727,"260 tmt","1 tmt"
"22031","M4","C4620083","1","261","C4620083 M4","tmt",0.019303164425967,"261 tmt","1 tmt"
"22032","M4","C4620083","1","262","C4620083 M4","tmt",0.018694084837283,"262 tmt","1 tmt"
"22033","M4","C4620083","1","263","C4620083 M4","tmt",0.0182291667836064,"263 tmt","1 tmt"
"22034","M4","C4620083","1","264","C4620083 M4","tmt",0.0181848283630527,"264 tmt","1 tmt"
"22035","M4","C4620083","1","265","C4620083 M4","tmt",0.0181779703069295,"265 tmt","1 tmt"
"22036","M4","C4620083","1","266","C4620083 M4","tmt",0.0180006961707788,"266 tmt","1 tmt"
"22037","M4","C4620083","1","267","C4620083 M4","tmt",0.0180005221918471,"267 tmt","1 tmt"
"22038","M4","C4620083","1","268","C4620083 M4","tmt",0.0176340159127835,"268 tmt","1 tmt"
"22039","M4","C4620083","1","269","C4620083 M4","tmt",0.016744761230463,"269 tmt","1 tmt"
"22040","M4","C4620083","1","270","C4620083 M4","tmt",0.0165084385103414,"270 tmt","1 tmt"
"22041","M4","C4620083","1","271","C4620083 M4","tmt",0.0163045365918395,"271 tmt","1 tmt"
"22042","M4","C4620083","1","272","C4620083 M4","tmt",0.0161313558313721,"272 tmt","1 tmt"
"22043","M4","C4620083","1","273","C4620083 M4","tmt",0.0159470896947305,"273 tmt","1 tmt"
"22044","M4","C4620083","1","274","C4620083 M4","tmt",0.0157673184641773,"274 tmt","1 tmt"
"22045","M4","C4620083","1","275","C4620083 M4","tmt",0.0150125729025229,"275 tmt","1 tmt"
"22046","M4","C4620083","1","276","C4620083 M4","tmt",0.014860429174101,"276 tmt","1 tmt"
"22047","M4","C4620083","1","277","C4620083 M4","tmt",0.0147970093498377,"277 tmt","1 tmt"
"22048","M4","C4620083","1","278","C4620083 M4","tmt",0.0147737093312204,"278 tmt","1 tmt"
"22049","M4","C4620083","1","279","C4620083 M4","tmt",0.0146595130713238,"279 tmt","1 tmt"
"22050","M4","C4620083","1","280","C4620083 M4","tmt",0.0144088059775648,"280 tmt","1 tmt"
"22051","M4","C4620083","1","281","C4620083 M4","tmt",0.0143264458626007,"281 tmt","1 tmt"
"22052","M4","C4620083","1","282","C4620083 M4","tmt",0.0139008179018202,"282 tmt","1 tmt"
"22053","M4","C4620083","1","283","C4620083 M4","tmt",0.01319477854551,"283 tmt","1 tmt"
"22054","M4","C4620083","1","284","C4620083 M4","tmt",0.0131880151533631,"284 tmt","1 tmt"
"22055","M4","C4620083","1","285","C4620083 M4","tmt",0.0128215112258444,"285 tmt","1 tmt"
"22056","M4","C4620083","1","286","C4620083 M4","tmt",0.0127763572084602,"286 tmt","1 tmt"
"22057","M4","C4620083","1","287","C4620083 M4","tmt",0.01232277155413,"287 tmt","1 tmt"
"22058","M4","C4620083","1","288","C4620083 M4","tmt",0.0122385062485276,"288 tmt","1 tmt"
"22059","M4","C4620083","1","289","C4620083 M4","tmt",0.0120403469592381,"289 tmt","1 tmt"
"22060","M4","C4620083","1","290","C4620083 M4","tmt",0.0116486025870144,"290 tmt","1 tmt"
"22061","M4","C4620083","1","291","C4620083 M4","tmt",0.0116258043447252,"291 tmt","1 tmt"
"22062","M4","C4620083","1","292","C4620083 M4","tmt",0.0115483658972988,"292 tmt","1 tmt"
"22063","M4","C4620083","1","293","C4620083 M4","tmt",0.0114564199852067,"293 tmt","1 tmt"
"22064","M4","C4620083","1","294","C4620083 M4","tmt",0.0113384276618181,"294 tmt","1 tmt"
"22065","M4","C4620083","1","295","C4620083 M4","tmt",0.0111206781472585,"295 tmt","1 tmt"
"22066","M4","C4620083","1","296","C4620083 M4","tmt",0.0108557104281573,"296 tmt","1 tmt"
"22067","M4","C4620083","1","297","C4620083 M4","tmt",0.0107997683808959,"297 tmt","1 tmt"
"22068","M4","C4620083","1","298","C4620083 M4","tmt",0.0106903694972557,"298 tmt","1 tmt"
"22069","M4","C4620083","1","299","C4620083 M4","tmt",0.0101990358438038,"299 tmt","1 tmt"
"22070","M4","C4620083","1","300","C4620083 M4","tmt",0.010194581440155,"300 tmt","1 tmt"
"22071","M4","C4620083","1","301","C4620083 M4","tmt",0.0100394419611947,"301 tmt","1 tmt"
"22072","M4","C4620083","1","302","C4620083 M4","tmt",0.00997314016826623,"302 tmt","1 tmt"
"22073","M4","C4620083","1","303","C4620083 M4","tmt",0.00977455420963803,"303 tmt","1 tmt"
"22074","M4","C4620083","1","304","C4620083 M4","tmt",0.0096992438323725,"304 tmt","1 tmt"
"22075","M4","C4620083","1","305","C4620083 M4","tmt",0.00962836940083756,"305 tmt","1 tmt"
"22076","M4","C4620083","1","306","C4620083 M4","tmt",0.00932998741915193,"306 tmt","1 tmt"
"22077","M4","C4620083","1","307","C4620083 M4","tmt",0.00920479272509402,"307 tmt","1 tmt"
"22078","M4","C4620083","1","308","C4620083 M4","tmt",0.0091554764700587,"308 tmt","1 tmt"
"22079","M4","C4620083","1","309","C4620083 M4","tmt",0.00909443881444844,"309 tmt","1 tmt"
"22080","M4","C4620083","1","310","C4620083 M4","tmt",0.00898572372604879,"310 tmt","1 tmt"
"22081","M4","C4620083","1","311","C4620083 M4","tmt",0.00867950763220679,"311 tmt","1 tmt"
"22082","M4","C4620083","1","312","C4620083 M4","tmt",0.00862516505578613,"312 tmt","1 tmt"
"22083","M4","C4620083","1","313","C4620083 M4","tmt",0.008619983154266,"313 tmt","1 tmt"
"22084","M4","C4620083","1","314","C4620083 M4","tmt",0.0084000249752289,"314 tmt","1 tmt"
"22085","M4","C4620083","1","315","C4620083 M4","tmt",0.00822048217096623,"315 tmt","1 tmt"
"22086","M4","C4620083","1","316","C4620083 M4","tmt",0.00819766313259778,"316 tmt","1 tmt"
"22087","M4","C4620083","1","317","C4620083 M4","tmt",0.00645693723592402,"317 tmt","1 tmt"
"22088","M4","C4620083","1","318","C4620083 M4","tmt",0.0061671964035104,"318 tmt","1 tmt"
"22089","M4","C4620083","1","319","C4620083 M4","tmt",0.00610916938288651,"319 tmt","1 tmt"
"22090","M4","C4620083","1","320","C4620083 M4","tmt",0.00526046984843506,"320 tmt","1 tmt"
"22091","M4","C4620083","1","321","C4620083 M4","tmt",0.00526033483497698,"321 tmt","1 tmt"
"22092","M4","C4620083","1","322","C4620083 M4","tmt",0.00482117931420866,"322 tmt","1 tmt"
"22093","M4","C4620083","1","323","C4620083 M4","tmt",0.00422050215172671,"323 tmt","1 tmt"
"22094","M4","C4620083","1","324","C4620083 M4","tmt",0.00386313055516199,"324 tmt","1 tmt"
"22095","M4","C4620083","1","325","C4620083 M4","tmt",0.00384061096391964,"325 tmt","1 tmt"
"22096","M4","C4620083","1","326","C4620083 M4","tmt",0.00358177542102878,"326 tmt","1 tmt"
"22097","M4","C4620083","1","327","C4620083 M4","tmt",0.00336790073496048,"327 tmt","1 tmt"
"22098","M4","C4620083","1","328","C4620083 M4","tmt",0.00310729019892511,"328 tmt","1 tmt"
"22099","M4","C4620083","1","329","C4620083 M4","tmt",0.00304305917293443,"329 tmt","1 tmt"
"22100","M4","C4620083","1","330","C4620083 M4","tmt",0.00274540560472776,"330 tmt","1 tmt"
"22101","M4","C4620083","1","331","C4620083 M4","tmt",0.00270680988488856,"331 tmt","1 tmt"
"22102","M4","C4620083","1","332","C4620083 M4","tmt",0.00227508962525675,"332 tmt","1 tmt"
"22103","M4","C4620083","1","333","C4620083 M4","tmt",0.00226812717742868,"333 tmt","1 tmt"
"22104","M4","C4620083","1","334","C4620083 M4","tmt",0.000980964513313467,"334 tmt","1 tmt"
"22105","M4","C4620083","1","335","C4620083 M4","tmt",0.000618328649351959,"335 tmt","1 tmt"
"22106","M4","C4620083","1","336","C4620083 M4","tmt",0.000510113533804122,"336 tmt","1 tmt"
"22107","M4","C4620083","1","337","C4620083 M4","tmt",-0.000174794037143535,"337 tmt","1 tmt"
"22108","M4","C4620083","1","338","C4620083 M4","tmt",-0.000262140529528967,"338 tmt","1 tmt"
"22109","M4","C4620083","1","339","C4620083 M4","tmt",-0.000491760597110403,"339 tmt","1 tmt"
"22110","M4","C4620083","1","340","C4620083 M4","tmt",-0.000718530595373698,"340 tmt","1 tmt"
"22111","M4","C4620083","1","341","C4620083 M4","tmt",-0.00298099588038266,"341 tmt","1 tmt"
"22112","M4","C4620083","1","342","C4620083 M4","tmt",-0.00338231361503532,"342 tmt","1 tmt"
"22113","M4","C4620083","1","343","C4620083 M4","tmt",-0.0040190324660932,"343 tmt","1 tmt"
"22114","M4","C4620083","1","344","C4620083 M4","tmt",-0.00426897743131756,"344 tmt","1 tmt"
"22115","M4","C4620083","1","345","C4620083 M4","tmt",-0.00490495975233745,"345 tmt","1 tmt"
"22116","M4","C4620083","1","346","C4620083 M4","tmt",-0.00492744498371396,"346 tmt","1 tmt"
"22117","M4","C4620083","1","347","C4620083 M4","tmt",-0.00510350813944585,"347 tmt","1 tmt"
"22118","M4","C4620083","1","348","C4620083 M4","tmt",-0.0055270566431271,"348 tmt","1 tmt"
"22119","M4","C4620083","1","349","C4620083 M4","tmt",-0.0056398268945797,"349 tmt","1 tmt"
"22120","M4","C4620083","1","350","C4620083 M4","tmt",-0.00568286064776083,"350 tmt","1 tmt"
"22121","M4","C4620083","1","351","C4620083 M4","tmt",-0.00569173920309712,"351 tmt","1 tmt"
"22122","M4","C4620083","1","352","C4620083 M4","tmt",-0.00593514069095487,"352 tmt","1 tmt"
"22123","M4","C4620083","1","353","C4620083 M4","tmt",-0.00685811412604553,"353 tmt","1 tmt"
"22124","M4","C4620083","1","354","C4620083 M4","tmt",-0.00712014957174102,"354 tmt","1 tmt"
"22125","M4","C4620083","1","355","C4620083 M4","tmt",-0.00755621796487174,"355 tmt","1 tmt"
"22126","M4","C4620083","1","356","C4620083 M4","tmt",-0.00755667627467135,"356 tmt","1 tmt"
"22127","M4","C4620083","1","357","C4620083 M4","tmt",-0.0077530702366771,"357 tmt","1 tmt"
"22128","M4","C4620083","1","358","C4620083 M4","tmt",-0.00803207837934809,"358 tmt","1 tmt"
"22129","M4","C4620083","1","359","C4620083 M4","tmt",-0.00834898244651431,"359 tmt","1 tmt"
"22130","M4","C4620083","1","360","C4620083 M4","tmt",-0.00851123450031782,"360 tmt","1 tmt"
"22131","M4","C4620083","1","361","C4620083 M4","tmt",-0.00917751924186367,"361 tmt","1 tmt"
"22132","M4","C4620083","1","362","C4620083 M4","tmt",-0.0103225127544913,"362 tmt","1 tmt"
"22133","M4","C4620083","1","363","C4620083 M4","tmt",-0.0108969866822897,"363 tmt","1 tmt"
"22134","M4","C4620083","1","364","C4620083 M4","tmt",-0.0109924811334678,"364 tmt","1 tmt"
"22135","M4","C4620083","1","365","C4620083 M4","tmt",-0.0115418004008601,"365 tmt","1 tmt"
"22136","M4","C4620083","1","366","C4620083 M4","tmt",-0.0116468991618065,"366 tmt","1 tmt"
"22137","M4","C4620083","1","367","C4620083 M4","tmt",-0.0116902437518082,"367 tmt","1 tmt"
"22138","M4","C4620083","1","368","C4620083 M4","tmt",-0.0120369983810566,"368 tmt","1 tmt"
"22139","M4","C4620083","1","369","C4620083 M4","tmt",-0.0121874531792359,"369 tmt","1 tmt"
"22140","M4","C4620083","1","370","C4620083 M4","tmt",-0.0123371199720547,"370 tmt","1 tmt"
"22141","M4","C4620083","1","371","C4620083 M4","tmt",-0.0127568492412472,"371 tmt","1 tmt"
"22142","M4","C4620083","1","372","C4620083 M4","tmt",-0.0139751450922926,"372 tmt","1 tmt"
"22143","M4","C4620083","1","373","C4620083 M4","tmt",-0.0141227078997483,"373 tmt","1 tmt"
"22144","M4","C4620083","1","374","C4620083 M4","tmt",-0.0142469623240551,"374 tmt","1 tmt"
"22145","M4","C4620083","1","375","C4620083 M4","tmt",-0.014452021753179,"375 tmt","1 tmt"
"22146","M4","C4620083","1","376","C4620083 M4","tmt",-0.0146323961955121,"376 tmt","1 tmt"
"22147","M4","C4620083","1","377","C4620083 M4","tmt",-0.0149931630794309,"377 tmt","1 tmt"
"22148","M4","C4620083","1","378","C4620083 M4","tmt",-0.0155331304843098,"378 tmt","1 tmt"
"22149","M4","C4620083","1","379","C4620083 M4","tmt",-0.0160545154736436,"379 tmt","1 tmt"
"22150","M4","C4620083","1","380","C4620083 M4","tmt",-0.0164166349101334,"380 tmt","1 tmt"
"22151","M4","C4620083","1","381","C4620083 M4","tmt",-0.0170786622264994,"381 tmt","1 tmt"
"22152","M4","C4620083","1","382","C4620083 M4","tmt",-0.0179132668463549,"382 tmt","1 tmt"
"22153","M4","C4620083","1","383","C4620083 M4","tmt",-0.0192855394283168,"383 tmt","1 tmt"
"22154","M4","C4620083","1","384","C4620083 M4","tmt",-0.0192951045440466,"384 tmt","1 tmt"
"22155","M4","C4620083","1","385","C4620083 M4","tmt",-0.0197486914886521,"385 tmt","1 tmt"
"22156","M4","C4620083","1","386","C4620083 M4","tmt",-0.0198653726248123,"386 tmt","1 tmt"
"22157","M4","C4620083","1","387","C4620083 M4","tmt",-0.0200059831252504,"387 tmt","1 tmt"
"22158","M4","C4620083","1","388","C4620083 M4","tmt",-0.0200189808752951,"388 tmt","1 tmt"
"22159","M4","C4620083","1","389","C4620083 M4","tmt",-0.021069065211626,"389 tmt","1 tmt"
"22160","M4","C4620083","1","390","C4620083 M4","tmt",-0.021983696474054,"390 tmt","1 tmt"
"22161","M4","C4620083","1","391","C4620083 M4","tmt",-0.0220367850846412,"391 tmt","1 tmt"
"22162","M4","C4620083","1","392","C4620083 M4","tmt",-0.0224339064143676,"392 tmt","1 tmt"
"22163","M4","C4620083","1","393","C4620083 M4","tmt",-0.0224720191648918,"393 tmt","1 tmt"
"22164","M4","C4620083","1","394","C4620083 M4","tmt",-0.0240594343266524,"394 tmt","1 tmt"
"22165","M4","C4620083","1","395","C4620083 M4","tmt",-0.0253799889526227,"395 tmt","1 tmt"
"22166","M4","C4620083","1","396","C4620083 M4","tmt",-0.0254654682714525,"396 tmt","1 tmt"
"22167","M4","C4620083","1","397","C4620083 M4","tmt",-0.0268529878795868,"397 tmt","1 tmt"
"22168","M4","C4620083","1","398","C4620083 M4","tmt",-0.0289203952285084,"398 tmt","1 tmt"
"22169","M4","C4620083","1","399","C4620083 M4","tmt",-0.0289379245441294,"399 tmt","1 tmt"
"22170","M4","C4620083","1","400","C4620083 M4","tmt",-0.0290173164458756,"400 tmt","1 tmt"
"22171","M4","C4620083","1","401","C4620083 M4","tmt",-0.0294549072062676,"401 tmt","1 tmt"
"22172","M4","C4620083","1","402","C4620083 M4","tmt",-0.0305981410963561,"402 tmt","1 tmt"
"22173","M4","C4620083","1","403","C4620083 M4","tmt",-0.0307002880677857,"403 tmt","1 tmt"
"22174","M4","C4620083","1","404","C4620083 M4","tmt",-0.0313159581825495,"404 tmt","1 tmt"
"22175","M4","C4620083","1","405","C4620083 M4","tmt",-0.0331690383268587,"405 tmt","1 tmt"
"22176","M4","C4620083","1","406","C4620083 M4","tmt",-0.0346071279166416,"406 tmt","1 tmt"
"22177","M4","C4620083","1","407","C4620083 M4","tmt",-0.0353130527966412,"407 tmt","1 tmt"
"22178","M4","C4620083","1","408","C4620083 M4","tmt",-0.0353877378934427,"408 tmt","1 tmt"
"22179","M4","C4620083","1","409","C4620083 M4","tmt",-0.0362628536811719,"409 tmt","1 tmt"
"22180","M4","C4620083","1","410","C4620083 M4","tmt",-0.0375476499540765,"410 tmt","1 tmt"
"22181","M4","C4620083","1","411","C4620083 M4","tmt",-0.0384510357782559,"411 tmt","1 tmt"
"22182","M4","C4620083","1","412","C4620083 M4","tmt",-0.0388073135282158,"412 tmt","1 tmt"
"22183","M4","C4620083","1","413","C4620083 M4","tmt",-0.0388231459477939,"413 tmt","1 tmt"
"22184","M4","C4620083","1","414","C4620083 M4","tmt",-0.0393340397515381,"414 tmt","1 tmt"
"22185","M4","C4620083","1","415","C4620083 M4","tmt",-0.0396944290918582,"415 tmt","1 tmt"
"22186","M4","C4620083","1","416","C4620083 M4","tmt",-0.0407764827391726,"416 tmt","1 tmt"
"22187","M4","C4620083","1","417","C4620083 M4","tmt",-0.0411140660861246,"417 tmt","1 tmt"
"22188","M4","C4620083","1","418","C4620083 M4","tmt",-0.0422039015296406,"418 tmt","1 tmt"
"22189","M4","C4620083","1","419","C4620083 M4","tmt",-0.0429621088590282,"419 tmt","1 tmt"
"22190","M4","C4620083","1","420","C4620083 M4","tmt",-0.0433245078024984,"420 tmt","1 tmt"
"22191","M4","C4620083","1","421","C4620083 M4","tmt",-0.0439079892417365,"421 tmt","1 tmt"
"22192","M4","C4620083","1","422","C4620083 M4","tmt",-0.0457528239781916,"422 tmt","1 tmt"
"22193","M4","C4620083","1","423","C4620083 M4","tmt",-0.0485665007875613,"423 tmt","1 tmt"
"22194","M4","C4620083","1","424","C4620083 M4","tmt",-0.0516767384131286,"424 tmt","1 tmt"
"22195","M4","C4620083","1","425","C4620083 M4","tmt",-0.0582356172281646,"425 tmt","1 tmt"
"22196","M2","C4620081","1","0","C4620081 M2","tmt",0.116540885818879,"0 tmt","1 tmt"
"22197","M2","C4620081","1","1","C4620081 M2","tmt",0.103391542979329,"1 tmt","1 tmt"
"22198","M2","C4620081","1","2","C4620081 M2","tmt",0.0990703164055611,"2 tmt","1 tmt"
"22199","M2","C4620081","1","3","C4620081 M2","tmt",0.0968466466565447,"3 tmt","1 tmt"
"22200","M2","C4620081","1","4","C4620081 M2","tmt",0.0946713963488758,"4 tmt","1 tmt"
"22201","M2","C4620081","1","5","C4620081 M2","tmt",0.0946458572177251,"5 tmt","1 tmt"
"22202","M2","C4620081","1","6","C4620081 M2","tmt",0.0941226565968452,"6 tmt","1 tmt"
"22203","M2","C4620081","1","7","C4620081 M2","tmt",0.0941026308862701,"7 tmt","1 tmt"
"22204","M2","C4620081","1","8","C4620081 M2","tmt",0.0937651440873686,"8 tmt","1 tmt"
"22205","M2","C4620081","1","9","C4620081 M2","tmt",0.0935019140404,"9 tmt","1 tmt"
"22206","M2","C4620081","1","10","C4620081 M2","tmt",0.0933813885291874,"10 tmt","1 tmt"
"22207","M2","C4620081","1","11","C4620081 M2","tmt",0.0916328896221186,"11 tmt","1 tmt"
"22208","M2","C4620081","1","12","C4620081 M2","tmt",0.0911742998315048,"12 tmt","1 tmt"
"22209","M2","C4620081","1","13","C4620081 M2","tmt",0.0906485797932842,"13 tmt","1 tmt"
"22210","M2","C4620081","1","14","C4620081 M2","tmt",0.0905267163245514,"14 tmt","1 tmt"
"22211","M2","C4620081","1","15","C4620081 M2","tmt",0.0897821271680671,"15 tmt","1 tmt"
"22212","M2","C4620081","1","16","C4620081 M2","tmt",0.0895559154510308,"16 tmt","1 tmt"
"22213","M2","C4620081","1","17","C4620081 M2","tmt",0.0894136378110296,"17 tmt","1 tmt"
"22214","M2","C4620081","1","18","C4620081 M2","tmt",0.0877095693200114,"18 tmt","1 tmt"
"22215","M2","C4620081","1","19","C4620081 M2","tmt",0.0846999451762217,"19 tmt","1 tmt"
"22216","M2","C4620081","1","20","C4620081 M2","tmt",0.0846413759486165,"20 tmt","1 tmt"
"22217","M2","C4620081","1","21","C4620081 M2","tmt",0.0841926652046006,"21 tmt","1 tmt"
"22218","M2","C4620081","1","22","C4620081 M2","tmt",0.0838100944308926,"22 tmt","1 tmt"
"22219","M2","C4620081","1","23","C4620081 M2","tmt",0.0831107884936417,"23 tmt","1 tmt"
"22220","M2","C4620081","1","24","C4620081 M2","tmt",0.0827515527532686,"24 tmt","1 tmt"
"22221","M2","C4620081","1","25","C4620081 M2","tmt",0.0815455818809513,"25 tmt","1 tmt"
"22222","M2","C4620081","1","26","C4620081 M2","tmt",0.0801882794099541,"26 tmt","1 tmt"
"22223","M2","C4620081","1","27","C4620081 M2","tmt",0.079400648574846,"27 tmt","1 tmt"
"22224","M2","C4620081","1","28","C4620081 M2","tmt",0.0788583988943309,"28 tmt","1 tmt"
"22225","M2","C4620081","1","29","C4620081 M2","tmt",0.0788274886120244,"29 tmt","1 tmt"
"22226","M2","C4620081","1","30","C4620081 M2","tmt",0.0784995341864674,"30 tmt","1 tmt"
"22227","M2","C4620081","1","31","C4620081 M2","tmt",0.0781502562790252,"31 tmt","1 tmt"
"22228","M2","C4620081","1","32","C4620081 M2","tmt",0.0773840134648269,"32 tmt","1 tmt"
"22229","M2","C4620081","1","33","C4620081 M2","tmt",0.0759955860283117,"33 tmt","1 tmt"
"22230","M2","C4620081","1","34","C4620081 M2","tmt",0.0756517177877425,"34 tmt","1 tmt"
"22231","M2","C4620081","1","35","C4620081 M2","tmt",0.0754437491099394,"35 tmt","1 tmt"
"22232","M2","C4620081","1","36","C4620081 M2","tmt",0.0748670084595779,"36 tmt","1 tmt"
"22233","M2","C4620081","1","37","C4620081 M2","tmt",0.0744611347858251,"37 tmt","1 tmt"
"22234","M2","C4620081","1","38","C4620081 M2","tmt",0.0741933968294914,"38 tmt","1 tmt"
"22235","M2","C4620081","1","39","C4620081 M2","tmt",0.0741595825671102,"39 tmt","1 tmt"
"22236","M2","C4620081","1","40","C4620081 M2","tmt",0.0741102336020171,"40 tmt","1 tmt"
"22237","M2","C4620081","1","41","C4620081 M2","tmt",0.0718719294511178,"41 tmt","1 tmt"
"22238","M2","C4620081","1","42","C4620081 M2","tmt",0.0716254448573502,"42 tmt","1 tmt"
"22239","M2","C4620081","1","43","C4620081 M2","tmt",0.0704850428542217,"43 tmt","1 tmt"
"22240","M2","C4620081","1","44","C4620081 M2","tmt",0.0704678753525404,"44 tmt","1 tmt"
"22241","M2","C4620081","1","45","C4620081 M2","tmt",0.0703962566316727,"45 tmt","1 tmt"
"22242","M2","C4620081","1","46","C4620081 M2","tmt",0.0701842333543175,"46 tmt","1 tmt"
"22243","M2","C4620081","1","47","C4620081 M2","tmt",0.0700391631532863,"47 tmt","1 tmt"
"22244","M2","C4620081","1","48","C4620081 M2","tmt",0.0684231892128117,"48 tmt","1 tmt"
"22245","M2","C4620081","1","49","C4620081 M2","tmt",0.0683621005628297,"49 tmt","1 tmt"
"22246","M2","C4620081","1","50","C4620081 M2","tmt",0.0682225098321271,"50 tmt","1 tmt"
"22247","M2","C4620081","1","51","C4620081 M2","tmt",0.067468191539828,"51 tmt","1 tmt"
"22248","M2","C4620081","1","52","C4620081 M2","tmt",0.0673790834402073,"52 tmt","1 tmt"
"22249","M2","C4620081","1","53","C4620081 M2","tmt",0.0666660817773164,"53 tmt","1 tmt"
"22250","M2","C4620081","1","54","C4620081 M2","tmt",0.0665723983899218,"54 tmt","1 tmt"
"22251","M2","C4620081","1","55","C4620081 M2","tmt",0.0655502774237399,"55 tmt","1 tmt"
"22252","M2","C4620081","1","56","C4620081 M2","tmt",0.0641209596107517,"56 tmt","1 tmt"
"22253","M2","C4620081","1","57","C4620081 M2","tmt",0.063828392309187,"57 tmt","1 tmt"
"22254","M2","C4620081","1","58","C4620081 M2","tmt",0.0637209124358761,"58 tmt","1 tmt"
"22255","M2","C4620081","1","59","C4620081 M2","tmt",0.0635333215605627,"59 tmt","1 tmt"
"22256","M2","C4620081","1","60","C4620081 M2","tmt",0.0630157600486341,"60 tmt","1 tmt"
"22257","M2","C4620081","1","61","C4620081 M2","tmt",0.0625913667384009,"61 tmt","1 tmt"
"22258","M2","C4620081","1","62","C4620081 M2","tmt",0.060706940390458,"62 tmt","1 tmt"
"22259","M2","C4620081","1","63","C4620081 M2","tmt",0.06069830524144,"63 tmt","1 tmt"
"22260","M2","C4620081","1","64","C4620081 M2","tmt",0.0605709493155784,"64 tmt","1 tmt"
"22261","M2","C4620081","1","65","C4620081 M2","tmt",0.0604462602251706,"65 tmt","1 tmt"
"22262","M2","C4620081","1","66","C4620081 M2","tmt",0.0602654477180975,"66 tmt","1 tmt"
"22263","M2","C4620081","1","67","C4620081 M2","tmt",0.0602101571751516,"67 tmt","1 tmt"
"22264","M2","C4620081","1","68","C4620081 M2","tmt",0.0599024453012277,"68 tmt","1 tmt"
"22265","M2","C4620081","1","69","C4620081 M2","tmt",0.0592369301065806,"69 tmt","1 tmt"
"22266","M2","C4620081","1","70","C4620081 M2","tmt",0.0576767940278841,"70 tmt","1 tmt"
"22267","M2","C4620081","1","71","C4620081 M2","tmt",0.057390744315041,"71 tmt","1 tmt"
"22268","M2","C4620081","1","72","C4620081 M2","tmt",0.0573096637172563,"72 tmt","1 tmt"
"22269","M2","C4620081","1","73","C4620081 M2","tmt",0.0565965247938868,"73 tmt","1 tmt"
"22270","M2","C4620081","1","74","C4620081 M2","tmt",0.0563944355522558,"74 tmt","1 tmt"
"22271","M2","C4620081","1","75","C4620081 M2","tmt",0.0559077021490035,"75 tmt","1 tmt"
"22272","M2","C4620081","1","76","C4620081 M2","tmt",0.0558161254067023,"76 tmt","1 tmt"
"22273","M2","C4620081","1","77","C4620081 M2","tmt",0.0554068954752948,"77 tmt","1 tmt"
"22274","M2","C4620081","1","78","C4620081 M2","tmt",0.0552347416090243,"78 tmt","1 tmt"
"22275","M2","C4620081","1","79","C4620081 M2","tmt",0.054947239662993,"79 tmt","1 tmt"
"22276","M2","C4620081","1","80","C4620081 M2","tmt",0.0548711239470689,"80 tmt","1 tmt"
"22277","M2","C4620081","1","81","C4620081 M2","tmt",0.0545580333734479,"81 tmt","1 tmt"
"22278","M2","C4620081","1","82","C4620081 M2","tmt",0.0540604056935849,"82 tmt","1 tmt"
"22279","M2","C4620081","1","83","C4620081 M2","tmt",0.0539773961202072,"83 tmt","1 tmt"
"22280","M2","C4620081","1","84","C4620081 M2","tmt",0.0537319257906686,"84 tmt","1 tmt"
"22281","M2","C4620081","1","85","C4620081 M2","tmt",0.053539497939956,"85 tmt","1 tmt"
"22282","M2","C4620081","1","86","C4620081 M2","tmt",0.0523534467777427,"86 tmt","1 tmt"
"22283","M2","C4620081","1","87","C4620081 M2","tmt",0.0522938610613529,"87 tmt","1 tmt"
"22284","M2","C4620081","1","88","C4620081 M2","tmt",0.052254788678619,"88 tmt","1 tmt"
"22285","M2","C4620081","1","89","C4620081 M2","tmt",0.0520926057577002,"89 tmt","1 tmt"
"22286","M2","C4620081","1","90","C4620081 M2","tmt",0.0520748995751676,"90 tmt","1 tmt"
"22287","M2","C4620081","1","91","C4620081 M2","tmt",0.0517803239086352,"91 tmt","1 tmt"
"22288","M2","C4620081","1","92","C4620081 M2","tmt",0.0513879113114657,"92 tmt","1 tmt"
"22289","M2","C4620081","1","93","C4620081 M2","tmt",0.0513741685648644,"93 tmt","1 tmt"
"22290","M2","C4620081","1","94","C4620081 M2","tmt",0.0513026255731732,"94 tmt","1 tmt"
"22291","M2","C4620081","1","95","C4620081 M2","tmt",0.0511606548857274,"95 tmt","1 tmt"
"22292","M2","C4620081","1","96","C4620081 M2","tmt",0.0508926441074612,"96 tmt","1 tmt"
"22293","M2","C4620081","1","97","C4620081 M2","tmt",0.0508829843008296,"97 tmt","1 tmt"
"22294","M2","C4620081","1","98","C4620081 M2","tmt",0.0507604572588988,"98 tmt","1 tmt"
"22295","M2","C4620081","1","99","C4620081 M2","tmt",0.0496724920646855,"99 tmt","1 tmt"
"22296","M2","C4620081","1","100","C4620081 M2","tmt",0.049667680345617,"100 tmt","1 tmt"
"22297","M2","C4620081","1","101","C4620081 M2","tmt",0.0494861819725461,"101 tmt","1 tmt"
"22298","M2","C4620081","1","102","C4620081 M2","tmt",0.0494769272987857,"102 tmt","1 tmt"
"22299","M2","C4620081","1","103","C4620081 M2","tmt",0.0493185741291844,"103 tmt","1 tmt"
"22300","M2","C4620081","1","104","C4620081 M2","tmt",0.0493090221113286,"104 tmt","1 tmt"
"22301","M2","C4620081","1","105","C4620081 M2","tmt",0.0492198448926979,"105 tmt","1 tmt"
"22302","M2","C4620081","1","106","C4620081 M2","tmt",0.0491507184299612,"106 tmt","1 tmt"
"22303","M2","C4620081","1","107","C4620081 M2","tmt",0.0487591997696196,"107 tmt","1 tmt"
"22304","M2","C4620081","1","108","C4620081 M2","tmt",0.0486080745179307,"108 tmt","1 tmt"
"22305","M2","C4620081","1","109","C4620081 M2","tmt",0.0484672149128351,"109 tmt","1 tmt"
"22306","M2","C4620081","1","110","C4620081 M2","tmt",0.0483202669688157,"110 tmt","1 tmt"
"22307","M2","C4620081","1","111","C4620081 M2","tmt",0.0473964746930175,"111 tmt","1 tmt"
"22308","M2","C4620081","1","112","C4620081 M2","tmt",0.0473769635848333,"112 tmt","1 tmt"
"22309","M2","C4620081","1","113","C4620081 M2","tmt",0.0467533865692342,"113 tmt","1 tmt"
"22310","M2","C4620081","1","114","C4620081 M2","tmt",0.0467526678701798,"114 tmt","1 tmt"
"22311","M2","C4620081","1","115","C4620081 M2","tmt",0.0466821813226147,"115 tmt","1 tmt"
"22312","M2","C4620081","1","116","C4620081 M2","tmt",0.0466354859631915,"116 tmt","1 tmt"
"22313","M2","C4620081","1","117","C4620081 M2","tmt",0.0463849062765749,"117 tmt","1 tmt"
"22314","M2","C4620081","1","118","C4620081 M2","tmt",0.0463522511753696,"118 tmt","1 tmt"
"22315","M2","C4620081","1","119","C4620081 M2","tmt",0.0458627159849455,"119 tmt","1 tmt"
"22316","M2","C4620081","1","120","C4620081 M2","tmt",0.045371253313339,"120 tmt","1 tmt"
"22317","M2","C4620081","1","121","C4620081 M2","tmt",0.0450278980585175,"121 tmt","1 tmt"
"22318","M2","C4620081","1","122","C4620081 M2","tmt",0.0449003991524873,"122 tmt","1 tmt"
"22319","M2","C4620081","1","123","C4620081 M2","tmt",0.044647870977485,"123 tmt","1 tmt"
"22320","M2","C4620081","1","124","C4620081 M2","tmt",0.0446469096067219,"124 tmt","1 tmt"
"22321","M2","C4620081","1","125","C4620081 M2","tmt",0.0441003048852352,"125 tmt","1 tmt"
"22322","M2","C4620081","1","126","C4620081 M2","tmt",0.0439932584012002,"126 tmt","1 tmt"
"22323","M2","C4620081","1","127","C4620081 M2","tmt",0.0437721906222483,"127 tmt","1 tmt"
"22324","M2","C4620081","1","128","C4620081 M2","tmt",0.0437695310103196,"128 tmt","1 tmt"
"22325","M2","C4620081","1","129","C4620081 M2","tmt",0.0435967618109468,"129 tmt","1 tmt"
"22326","M2","C4620081","1","130","C4620081 M2","tmt",0.0435358505056655,"130 tmt","1 tmt"
"22327","M2","C4620081","1","131","C4620081 M2","tmt",0.0435044073254113,"131 tmt","1 tmt"
"22328","M2","C4620081","1","132","C4620081 M2","tmt",0.0432005364637714,"132 tmt","1 tmt"
"22329","M2","C4620081","1","133","C4620081 M2","tmt",0.0429710313977269,"133 tmt","1 tmt"
"22330","M2","C4620081","1","134","C4620081 M2","tmt",0.0428125014681309,"134 tmt","1 tmt"
"22331","M2","C4620081","1","135","C4620081 M2","tmt",0.0425570656659304,"135 tmt","1 tmt"
"22332","M2","C4620081","1","136","C4620081 M2","tmt",0.0424050805930361,"136 tmt","1 tmt"
"22333","M2","C4620081","1","137","C4620081 M2","tmt",0.0423502576837669,"137 tmt","1 tmt"
"22334","M2","C4620081","1","138","C4620081 M2","tmt",0.0419528943829691,"138 tmt","1 tmt"
"22335","M2","C4620081","1","139","C4620081 M2","tmt",0.0415820634379975,"139 tmt","1 tmt"
"22336","M2","C4620081","1","140","C4620081 M2","tmt",0.0413723737128853,"140 tmt","1 tmt"
"22337","M2","C4620081","1","141","C4620081 M2","tmt",0.0411991557658595,"141 tmt","1 tmt"
"22338","M2","C4620081","1","142","C4620081 M2","tmt",0.040149384183624,"142 tmt","1 tmt"
"22339","M2","C4620081","1","143","C4620081 M2","tmt",0.0401326841488826,"143 tmt","1 tmt"
"22340","M2","C4620081","1","144","C4620081 M2","tmt",0.03990299532892,"144 tmt","1 tmt"
"22341","M2","C4620081","1","145","C4620081 M2","tmt",0.0395744809169744,"145 tmt","1 tmt"
"22342","M2","C4620081","1","146","C4620081 M2","tmt",0.0389321934746897,"146 tmt","1 tmt"
"22343","M2","C4620081","1","147","C4620081 M2","tmt",0.0388069637957619,"147 tmt","1 tmt"
"22344","M2","C4620081","1","148","C4620081 M2","tmt",0.038131649445441,"148 tmt","1 tmt"
"22345","M2","C4620081","1","149","C4620081 M2","tmt",0.0379503494890581,"149 tmt","1 tmt"
"22346","M2","C4620081","1","150","C4620081 M2","tmt",0.0376908242158301,"150 tmt","1 tmt"
"22347","M2","C4620081","1","151","C4620081 M2","tmt",0.0376084793243342,"151 tmt","1 tmt"
"22348","M2","C4620081","1","152","C4620081 M2","tmt",0.0373194705667922,"152 tmt","1 tmt"
"22349","M2","C4620081","1","153","C4620081 M2","tmt",0.037155234018302,"153 tmt","1 tmt"
"22350","M2","C4620081","1","154","C4620081 M2","tmt",0.0369838347882894,"154 tmt","1 tmt"
"22351","M2","C4620081","1","155","C4620081 M2","tmt",0.0369605428793784,"155 tmt","1 tmt"
"22352","M2","C4620081","1","156","C4620081 M2","tmt",0.036716675959597,"156 tmt","1 tmt"
"22353","M2","C4620081","1","157","C4620081 M2","tmt",0.036454021502092,"157 tmt","1 tmt"
"22354","M2","C4620081","1","158","C4620081 M2","tmt",0.0361943815313112,"158 tmt","1 tmt"
"22355","M2","C4620081","1","159","C4620081 M2","tmt",0.0360975780966778,"159 tmt","1 tmt"
"22356","M2","C4620081","1","160","C4620081 M2","tmt",0.0356182884575869,"160 tmt","1 tmt"
"22357","M2","C4620081","1","161","C4620081 M2","tmt",0.0355367947276468,"161 tmt","1 tmt"
"22358","M2","C4620081","1","162","C4620081 M2","tmt",0.0353857623350406,"162 tmt","1 tmt"
"22359","M2","C4620081","1","163","C4620081 M2","tmt",0.0352995388272072,"163 tmt","1 tmt"
"22360","M2","C4620081","1","164","C4620081 M2","tmt",0.035140526720697,"164 tmt","1 tmt"
"22361","M2","C4620081","1","165","C4620081 M2","tmt",0.034977243799122,"165 tmt","1 tmt"
"22362","M2","C4620081","1","166","C4620081 M2","tmt",0.0342974605919161,"166 tmt","1 tmt"
"22363","M2","C4620081","1","167","C4620081 M2","tmt",0.0340693601915458,"167 tmt","1 tmt"
"22364","M2","C4620081","1","168","C4620081 M2","tmt",0.0338007314395096,"168 tmt","1 tmt"
"22365","M2","C4620081","1","169","C4620081 M2","tmt",0.0337814507262966,"169 tmt","1 tmt"
"22366","M2","C4620081","1","170","C4620081 M2","tmt",0.0337812574886895,"170 tmt","1 tmt"
"22367","M2","C4620081","1","171","C4620081 M2","tmt",0.0335505785019199,"171 tmt","1 tmt"
"22368","M2","C4620081","1","172","C4620081 M2","tmt",0.0334530282680712,"172 tmt","1 tmt"
"22369","M2","C4620081","1","173","C4620081 M2","tmt",0.0332848479722138,"173 tmt","1 tmt"
"22370","M2","C4620081","1","174","C4620081 M2","tmt",0.0332379248376783,"174 tmt","1 tmt"
"22371","M2","C4620081","1","175","C4620081 M2","tmt",0.0330539437229255,"175 tmt","1 tmt"
"22372","M2","C4620081","1","176","C4620081 M2","tmt",0.0328910489946693,"176 tmt","1 tmt"
"22373","M2","C4620081","1","177","C4620081 M2","tmt",0.032477563396272,"177 tmt","1 tmt"
"22374","M2","C4620081","1","178","C4620081 M2","tmt",0.032249581950147,"178 tmt","1 tmt"
"22375","M2","C4620081","1","179","C4620081 M2","tmt",0.0320069825839947,"179 tmt","1 tmt"
"22376","M2","C4620081","1","180","C4620081 M2","tmt",0.0319358371225359,"180 tmt","1 tmt"
"22377","M2","C4620081","1","181","C4620081 M2","tmt",0.0315702903267529,"181 tmt","1 tmt"
"22378","M2","C4620081","1","182","C4620081 M2","tmt",0.0315571489331958,"182 tmt","1 tmt"
"22379","M2","C4620081","1","183","C4620081 M2","tmt",0.0314493706416399,"183 tmt","1 tmt"
"22380","M2","C4620081","1","184","C4620081 M2","tmt",0.0312027803079287,"184 tmt","1 tmt"
"22381","M2","C4620081","1","185","C4620081 M2","tmt",0.0309703945191696,"185 tmt","1 tmt"
"22382","M2","C4620081","1","186","C4620081 M2","tmt",0.0309569352461148,"186 tmt","1 tmt"
"22383","M2","C4620081","1","187","C4620081 M2","tmt",0.0295969629709937,"187 tmt","1 tmt"
"22384","M2","C4620081","1","188","C4620081 M2","tmt",0.0295200391022787,"188 tmt","1 tmt"
"22385","M2","C4620081","1","189","C4620081 M2","tmt",0.0289761572605287,"189 tmt","1 tmt"
"22386","M2","C4620081","1","190","C4620081 M2","tmt",0.0289749342248287,"190 tmt","1 tmt"
"22387","M2","C4620081","1","191","C4620081 M2","tmt",0.0289047322610569,"191 tmt","1 tmt"
"22388","M2","C4620081","1","192","C4620081 M2","tmt",0.0288444546774744,"192 tmt","1 tmt"
"22389","M2","C4620081","1","193","C4620081 M2","tmt",0.0286108166866304,"193 tmt","1 tmt"
"22390","M2","C4620081","1","194","C4620081 M2","tmt",0.0282435114913944,"194 tmt","1 tmt"
"22391","M2","C4620081","1","195","C4620081 M2","tmt",0.028130978775739,"195 tmt","1 tmt"
"22392","M2","C4620081","1","196","C4620081 M2","tmt",0.0280358565581839,"196 tmt","1 tmt"
"22393","M2","C4620081","1","197","C4620081 M2","tmt",0.0278809793768819,"197 tmt","1 tmt"
"22394","M2","C4620081","1","198","C4620081 M2","tmt",0.0278097031955773,"198 tmt","1 tmt"
"22395","M2","C4620081","1","199","C4620081 M2","tmt",0.0277762289917514,"199 tmt","1 tmt"
"22396","M2","C4620081","1","200","C4620081 M2","tmt",0.0277172440548714,"200 tmt","1 tmt"
"22397","M2","C4620081","1","201","C4620081 M2","tmt",0.0275399807610234,"201 tmt","1 tmt"
"22398","M2","C4620081","1","202","C4620081 M2","tmt",0.027020130014721,"202 tmt","1 tmt"
"22399","M2","C4620081","1","203","C4620081 M2","tmt",0.0269860922923677,"203 tmt","1 tmt"
"22400","M2","C4620081","1","204","C4620081 M2","tmt",0.0269341106874096,"204 tmt","1 tmt"
"22401","M2","C4620081","1","205","C4620081 M2","tmt",0.0268220643268038,"205 tmt","1 tmt"
"22402","M2","C4620081","1","206","C4620081 M2","tmt",0.0266275961787744,"206 tmt","1 tmt"
"22403","M2","C4620081","1","207","C4620081 M2","tmt",0.0266098626966247,"207 tmt","1 tmt"
"22404","M2","C4620081","1","208","C4620081 M2","tmt",0.0265293488425193,"208 tmt","1 tmt"
"22405","M2","C4620081","1","209","C4620081 M2","tmt",0.0263899564648744,"209 tmt","1 tmt"
"22406","M2","C4620081","1","210","C4620081 M2","tmt",0.0262098981296057,"210 tmt","1 tmt"
"22407","M2","C4620081","1","211","C4620081 M2","tmt",0.0259967935553941,"211 tmt","1 tmt"
"22408","M2","C4620081","1","212","C4620081 M2","tmt",0.0248620823681035,"212 tmt","1 tmt"
"22409","M2","C4620081","1","213","C4620081 M2","tmt",0.024432843000829,"213 tmt","1 tmt"
"22410","M2","C4620081","1","214","C4620081 M2","tmt",0.0243271898176106,"214 tmt","1 tmt"
"22411","M2","C4620081","1","215","C4620081 M2","tmt",0.0238613167032192,"215 tmt","1 tmt"
"22412","M2","C4620081","1","216","C4620081 M2","tmt",0.0238363853456159,"216 tmt","1 tmt"
"22413","M2","C4620081","1","217","C4620081 M2","tmt",0.0237810522420937,"217 tmt","1 tmt"
"22414","M2","C4620081","1","218","C4620081 M2","tmt",0.0236316639340867,"218 tmt","1 tmt"
"22415","M2","C4620081","1","219","C4620081 M2","tmt",0.0235988053243866,"219 tmt","1 tmt"
"22416","M2","C4620081","1","220","C4620081 M2","tmt",0.0234827649287883,"220 tmt","1 tmt"
"22417","M2","C4620081","1","221","C4620081 M2","tmt",0.0233882394040851,"221 tmt","1 tmt"
"22418","M2","C4620081","1","222","C4620081 M2","tmt",0.0233355434955989,"222 tmt","1 tmt"
"22419","M2","C4620081","1","223","C4620081 M2","tmt",0.0233215193567567,"223 tmt","1 tmt"
"22420","M2","C4620081","1","224","C4620081 M2","tmt",0.0232924062425083,"224 tmt","1 tmt"
"22421","M2","C4620081","1","225","C4620081 M2","tmt",0.0231828375428853,"225 tmt","1 tmt"
"22422","M2","C4620081","1","226","C4620081 M2","tmt",0.0227954115520529,"226 tmt","1 tmt"
"22423","M2","C4620081","1","227","C4620081 M2","tmt",0.0226952633072212,"227 tmt","1 tmt"
"22424","M2","C4620081","1","228","C4620081 M2","tmt",0.0226597213790605,"228 tmt","1 tmt"
"22425","M2","C4620081","1","229","C4620081 M2","tmt",0.0226247472269306,"229 tmt","1 tmt"
"22426","M2","C4620081","1","230","C4620081 M2","tmt",0.0225645778232205,"230 tmt","1 tmt"
"22427","M2","C4620081","1","231","C4620081 M2","tmt",0.0224744046088087,"231 tmt","1 tmt"
"22428","M2","C4620081","1","232","C4620081 M2","tmt",0.0224727846169724,"232 tmt","1 tmt"
"22429","M2","C4620081","1","233","C4620081 M2","tmt",0.0224017783523973,"233 tmt","1 tmt"
"22430","M2","C4620081","1","234","C4620081 M2","tmt",0.0223178685322324,"234 tmt","1 tmt"
"22431","M2","C4620081","1","235","C4620081 M2","tmt",0.0222743116351678,"235 tmt","1 tmt"
"22432","M2","C4620081","1","236","C4620081 M2","tmt",0.0219062960965442,"236 tmt","1 tmt"
"22433","M2","C4620081","1","237","C4620081 M2","tmt",0.0218825108403215,"237 tmt","1 tmt"
"22434","M2","C4620081","1","238","C4620081 M2","tmt",0.021685965359346,"238 tmt","1 tmt"
"22435","M2","C4620081","1","239","C4620081 M2","tmt",0.0214564872973558,"239 tmt","1 tmt"
"22436","M2","C4620081","1","240","C4620081 M2","tmt",0.0211620417031894,"240 tmt","1 tmt"
"22437","M2","C4620081","1","241","C4620081 M2","tmt",0.0210170413263714,"241 tmt","1 tmt"
"22438","M2","C4620081","1","242","C4620081 M2","tmt",0.0209851784191282,"242 tmt","1 tmt"
"22439","M2","C4620081","1","243","C4620081 M2","tmt",0.0207820442381395,"243 tmt","1 tmt"
"22440","M2","C4620081","1","244","C4620081 M2","tmt",0.0204765806770594,"244 tmt","1 tmt"
"22441","M2","C4620081","1","245","C4620081 M2","tmt",0.0203902229288103,"245 tmt","1 tmt"
"22442","M2","C4620081","1","246","C4620081 M2","tmt",0.0201202145212043,"246 tmt","1 tmt"
"22443","M2","C4620081","1","247","C4620081 M2","tmt",0.0201099914616683,"247 tmt","1 tmt"
"22444","M2","C4620081","1","248","C4620081 M2","tmt",0.0200255565259361,"248 tmt","1 tmt"
"22445","M2","C4620081","1","249","C4620081 M2","tmt",0.0200252461917289,"249 tmt","1 tmt"
"22446","M2","C4620081","1","250","C4620081 M2","tmt",0.019928193028172,"250 tmt","1 tmt"
"22447","M2","C4620081","1","251","C4620081 M2","tmt",0.0197325738315411,"251 tmt","1 tmt"
"22448","M2","C4620081","1","252","C4620081 M2","tmt",0.0197256397438891,"252 tmt","1 tmt"
"22449","M2","C4620081","1","253","C4620081 M2","tmt",0.0195177992708003,"253 tmt","1 tmt"
"22450","M2","C4620081","1","254","C4620081 M2","tmt",0.0195105189101737,"254 tmt","1 tmt"
"22451","M2","C4620081","1","255","C4620081 M2","tmt",0.0193832842013314,"255 tmt","1 tmt"
"22452","M2","C4620081","1","256","C4620081 M2","tmt",0.0191317300397608,"256 tmt","1 tmt"
"22453","M2","C4620081","1","257","C4620081 M2","tmt",0.0190937489199528,"257 tmt","1 tmt"
"22454","M2","C4620081","1","258","C4620081 M2","tmt",0.0188312123296515,"258 tmt","1 tmt"
"22455","M2","C4620081","1","259","C4620081 M2","tmt",0.0187728972426897,"259 tmt","1 tmt"
"22456","M2","C4620081","1","260","C4620081 M2","tmt",0.0187401077504577,"260 tmt","1 tmt"
"22457","M2","C4620081","1","261","C4620081 M2","tmt",0.018715054541208,"261 tmt","1 tmt"
"22458","M2","C4620081","1","262","C4620081 M2","tmt",0.0186086744509026,"262 tmt","1 tmt"
"22459","M2","C4620081","1","263","C4620081 M2","tmt",0.0184695509878374,"263 tmt","1 tmt"
"22460","M2","C4620081","1","264","C4620081 M2","tmt",0.0184693940643117,"264 tmt","1 tmt"
"22461","M2","C4620081","1","265","C4620081 M2","tmt",0.0182411953858834,"265 tmt","1 tmt"
"22462","M2","C4620081","1","266","C4620081 M2","tmt",0.0180988195864267,"266 tmt","1 tmt"
"22463","M2","C4620081","1","267","C4620081 M2","tmt",0.0178722737503733,"267 tmt","1 tmt"
"22464","M2","C4620081","1","268","C4620081 M2","tmt",0.0176817538595557,"268 tmt","1 tmt"
"22465","M2","C4620081","1","269","C4620081 M2","tmt",0.0176096038856495,"269 tmt","1 tmt"
"22466","M2","C4620081","1","270","C4620081 M2","tmt",0.017546215135695,"270 tmt","1 tmt"
"22467","M2","C4620081","1","271","C4620081 M2","tmt",0.0173541902675071,"271 tmt","1 tmt"
"22468","M2","C4620081","1","272","C4620081 M2","tmt",0.0173411536450178,"272 tmt","1 tmt"
"22469","M2","C4620081","1","273","C4620081 M2","tmt",0.0171114953989397,"273 tmt","1 tmt"
"22470","M2","C4620081","1","274","C4620081 M2","tmt",0.0170657265987716,"274 tmt","1 tmt"
"22471","M2","C4620081","1","275","C4620081 M2","tmt",0.0164443110896831,"275 tmt","1 tmt"
"22472","M2","C4620081","1","276","C4620081 M2","tmt",0.0163533655678224,"276 tmt","1 tmt"
"22473","M2","C4620081","1","277","C4620081 M2","tmt",0.0162906876198617,"277 tmt","1 tmt"
"22474","M2","C4620081","1","278","C4620081 M2","tmt",0.01627583878963,"278 tmt","1 tmt"
"22475","M2","C4620081","1","279","C4620081 M2","tmt",0.0161222381546643,"279 tmt","1 tmt"
"22476","M2","C4620081","1","280","C4620081 M2","tmt",0.0157628104693922,"280 tmt","1 tmt"
"22477","M2","C4620081","1","281","C4620081 M2","tmt",0.0157557372787489,"281 tmt","1 tmt"
"22478","M2","C4620081","1","282","C4620081 M2","tmt",0.0157126556592666,"282 tmt","1 tmt"
"22479","M2","C4620081","1","283","C4620081 M2","tmt",0.0155872343561951,"283 tmt","1 tmt"
"22480","M2","C4620081","1","284","C4620081 M2","tmt",0.015474362317021,"284 tmt","1 tmt"
"22481","M2","C4620081","1","285","C4620081 M2","tmt",0.015383177867277,"285 tmt","1 tmt"
"22482","M2","C4620081","1","286","C4620081 M2","tmt",0.0153337198125914,"286 tmt","1 tmt"
"22483","M2","C4620081","1","287","C4620081 M2","tmt",0.0146233041846957,"287 tmt","1 tmt"
"22484","M2","C4620081","1","288","C4620081 M2","tmt",0.0146046140170014,"288 tmt","1 tmt"
"22485","M2","C4620081","1","289","C4620081 M2","tmt",0.0143458944875229,"289 tmt","1 tmt"
"22486","M2","C4620081","1","290","C4620081 M2","tmt",0.0142575163170762,"290 tmt","1 tmt"
"22487","M2","C4620081","1","291","C4620081 M2","tmt",0.0141653890996816,"291 tmt","1 tmt"
"22488","M2","C4620081","1","292","C4620081 M2","tmt",0.0139480126274802,"292 tmt","1 tmt"
"22489","M2","C4620081","1","293","C4620081 M2","tmt",0.0139186662448492,"293 tmt","1 tmt"
"22490","M2","C4620081","1","294","C4620081 M2","tmt",0.0138338787790105,"294 tmt","1 tmt"
"22491","M2","C4620081","1","295","C4620081 M2","tmt",0.0137684835816441,"295 tmt","1 tmt"
"22492","M2","C4620081","1","296","C4620081 M2","tmt",0.0137484291456549,"296 tmt","1 tmt"
"22493","M2","C4620081","1","297","C4620081 M2","tmt",0.0134890811238011,"297 tmt","1 tmt"
"22494","M2","C4620081","1","298","C4620081 M2","tmt",0.0134659526421951,"298 tmt","1 tmt"
"22495","M2","C4620081","1","299","C4620081 M2","tmt",0.0132988871784972,"299 tmt","1 tmt"
"22496","M2","C4620081","1","300","C4620081 M2","tmt",0.0131890680872444,"300 tmt","1 tmt"
"22497","M2","C4620081","1","301","C4620081 M2","tmt",0.0130792320223067,"301 tmt","1 tmt"
"22498","M2","C4620081","1","302","C4620081 M2","tmt",0.0128005587156829,"302 tmt","1 tmt"
"22499","M2","C4620081","1","303","C4620081 M2","tmt",0.0127749362537229,"303 tmt","1 tmt"
"22500","M2","C4620081","1","304","C4620081 M2","tmt",0.012396201009127,"304 tmt","1 tmt"
"22501","M2","C4620081","1","305","C4620081 M2","tmt",0.0122460174542029,"305 tmt","1 tmt"
"22502","M2","C4620081","1","306","C4620081 M2","tmt",0.0121822416224155,"306 tmt","1 tmt"
"22503","M2","C4620081","1","307","C4620081 M2","tmt",0.0120751215825867,"307 tmt","1 tmt"
"22504","M2","C4620081","1","308","C4620081 M2","tmt",0.0118406400176203,"308 tmt","1 tmt"
"22505","M2","C4620081","1","309","C4620081 M2","tmt",0.0114341398359484,"309 tmt","1 tmt"
"22506","M2","C4620081","1","310","C4620081 M2","tmt",0.011331893096485,"310 tmt","1 tmt"
"22507","M2","C4620081","1","311","C4620081 M2","tmt",0.0112337109042606,"311 tmt","1 tmt"
"22508","M2","C4620081","1","312","C4620081 M2","tmt",0.0109889798423601,"312 tmt","1 tmt"
"22509","M2","C4620081","1","313","C4620081 M2","tmt",0.0109334623240151,"313 tmt","1 tmt"
"22510","M2","C4620081","1","314","C4620081 M2","tmt",0.0108244542288874,"314 tmt","1 tmt"
"22511","M2","C4620081","1","315","C4620081 M2","tmt",0.0105115287314164,"315 tmt","1 tmt"
"22512","M2","C4620081","1","316","C4620081 M2","tmt",0.0104030714550078,"316 tmt","1 tmt"
"22513","M2","C4620081","1","317","C4620081 M2","tmt",0.0103770743355934,"317 tmt","1 tmt"
"22514","M2","C4620081","1","318","C4620081 M2","tmt",0.0100023473253744,"318 tmt","1 tmt"
"22515","M2","C4620081","1","319","C4620081 M2","tmt",0.00999398137416105,"319 tmt","1 tmt"
"22516","M2","C4620081","1","320","C4620081 M2","tmt",0.00975574765014772,"320 tmt","1 tmt"
"22517","M2","C4620081","1","321","C4620081 M2","tmt",0.00940659587896387,"321 tmt","1 tmt"
"22518","M2","C4620081","1","322","C4620081 M2","tmt",0.00928588194147348,"322 tmt","1 tmt"
"22519","M2","C4620081","1","323","C4620081 M2","tmt",0.0091963808719321,"323 tmt","1 tmt"
"22520","M2","C4620081","1","324","C4620081 M2","tmt",0.00912840628433206,"324 tmt","1 tmt"
"22521","M2","C4620081","1","325","C4620081 M2","tmt",0.00904955092745431,"325 tmt","1 tmt"
"22522","M2","C4620081","1","326","C4620081 M2","tmt",0.00902640321109132,"326 tmt","1 tmt"
"22523","M2","C4620081","1","327","C4620081 M2","tmt",0.00860675667842615,"327 tmt","1 tmt"
"22524","M2","C4620081","1","328","C4620081 M2","tmt",0.00858371531221427,"328 tmt","1 tmt"
"22525","M2","C4620081","1","329","C4620081 M2","tmt",0.00855072435641229,"329 tmt","1 tmt"
"22526","M2","C4620081","1","330","C4620081 M2","tmt",0.0079057231190224,"330 tmt","1 tmt"
"22527","M2","C4620081","1","331","C4620081 M2","tmt",0.00752120403592469,"331 tmt","1 tmt"
"22528","M2","C4620081","1","332","C4620081 M2","tmt",0.00744720005267478,"332 tmt","1 tmt"
"22529","M2","C4620081","1","333","C4620081 M2","tmt",0.00729647232248019,"333 tmt","1 tmt"
"22530","M2","C4620081","1","334","C4620081 M2","tmt",0.00728518470348809,"334 tmt","1 tmt"
"22531","M2","C4620081","1","335","C4620081 M2","tmt",0.00720426378903425,"335 tmt","1 tmt"
"22532","M2","C4620081","1","336","C4620081 M2","tmt",0.00688117961412641,"336 tmt","1 tmt"
"22533","M2","C4620081","1","337","C4620081 M2","tmt",0.00684928469535382,"337 tmt","1 tmt"
"22534","M2","C4620081","1","338","C4620081 M2","tmt",0.00674546818345387,"338 tmt","1 tmt"
"22535","M2","C4620081","1","339","C4620081 M2","tmt",0.00646375282778989,"339 tmt","1 tmt"
"22536","M2","C4620081","1","340","C4620081 M2","tmt",0.00645973133968499,"340 tmt","1 tmt"
"22537","M2","C4620081","1","341","C4620081 M2","tmt",0.00609228130471089,"341 tmt","1 tmt"
"22538","M2","C4620081","1","342","C4620081 M2","tmt",0.00583572155553723,"342 tmt","1 tmt"
"22539","M2","C4620081","1","343","C4620081 M2","tmt",0.0056604245025907,"343 tmt","1 tmt"
"22540","M2","C4620081","1","344","C4620081 M2","tmt",0.00565320699363431,"344 tmt","1 tmt"
"22541","M2","C4620081","1","345","C4620081 M2","tmt",0.00560163036460665,"345 tmt","1 tmt"
"22542","M2","C4620081","1","346","C4620081 M2","tmt",0.00532810606412478,"346 tmt","1 tmt"
"22543","M2","C4620081","1","347","C4620081 M2","tmt",0.00509518793334065,"347 tmt","1 tmt"
"22544","M2","C4620081","1","348","C4620081 M2","tmt",0.00455116006911591,"348 tmt","1 tmt"
"22545","M2","C4620081","1","349","C4620081 M2","tmt",0.00382502011950559,"349 tmt","1 tmt"
"22546","M2","C4620081","1","350","C4620081 M2","tmt",0.00352305424497062,"350 tmt","1 tmt"
"22547","M2","C4620081","1","351","C4620081 M2","tmt",0.00312820103709428,"351 tmt","1 tmt"
"22548","M2","C4620081","1","352","C4620081 M2","tmt",0.00307120302359424,"352 tmt","1 tmt"
"22549","M2","C4620081","1","353","C4620081 M2","tmt",0.00276077521082278,"353 tmt","1 tmt"
"22550","M2","C4620081","1","354","C4620081 M2","tmt",0.00272500952789697,"354 tmt","1 tmt"
"22551","M2","C4620081","1","355","C4620081 M2","tmt",0.00243115874829406,"355 tmt","1 tmt"
"22552","M2","C4620081","1","356","C4620081 M2","tmt",0.00218490056060579,"356 tmt","1 tmt"
"22553","M2","C4620081","1","357","C4620081 M2","tmt",0.00218214151895147,"357 tmt","1 tmt"
"22554","M2","C4620081","1","358","C4620081 M2","tmt",0.00199091973943688,"358 tmt","1 tmt"
"22555","M2","C4620081","1","359","C4620081 M2","tmt",0.00176453338057621,"359 tmt","1 tmt"
"22556","M2","C4620081","1","360","C4620081 M2","tmt",0.0017547905189599,"360 tmt","1 tmt"
"22557","M2","C4620081","1","361","C4620081 M2","tmt",0.00110205170958172,"361 tmt","1 tmt"
"22558","M2","C4620081","1","362","C4620081 M2","tmt",0.00104467388912019,"362 tmt","1 tmt"
"22559","M2","C4620081","1","363","C4620081 M2","tmt",0.000942814332476547,"363 tmt","1 tmt"
"22560","M2","C4620081","1","364","C4620081 M2","tmt",0.000665573526028971,"364 tmt","1 tmt"
"22561","M2","C4620081","1","365","C4620081 M2","tmt",0.000421905260040724,"365 tmt","1 tmt"
"22562","M2","C4620081","1","366","C4620081 M2","tmt",0.000209066676304203,"366 tmt","1 tmt"
"22563","M2","C4620081","1","367","C4620081 M2","tmt",2.41615398131452e-05,"367 tmt","1 tmt"
"22564","M2","C4620081","1","368","C4620081 M2","tmt",-0.000722023442984911,"368 tmt","1 tmt"
"22565","M2","C4620081","1","369","C4620081 M2","tmt",-0.000731837187250942,"369 tmt","1 tmt"
"22566","M2","C4620081","1","370","C4620081 M2","tmt",-0.00114035336524284,"370 tmt","1 tmt"
"22567","M2","C4620081","1","371","C4620081 M2","tmt",-0.0014146620699024,"371 tmt","1 tmt"
"22568","M2","C4620081","1","372","C4620081 M2","tmt",-0.00173690662401187,"372 tmt","1 tmt"
"22569","M2","C4620081","1","373","C4620081 M2","tmt",-0.00174309920095325,"373 tmt","1 tmt"
"22570","M2","C4620081","1","374","C4620081 M2","tmt",-0.00190680280800192,"374 tmt","1 tmt"
"22571","M2","C4620081","1","375","C4620081 M2","tmt",-0.00211116715189059,"375 tmt","1 tmt"
"22572","M2","C4620081","1","376","C4620081 M2","tmt",-0.00211528514624792,"376 tmt","1 tmt"
"22573","M2","C4620081","1","377","C4620081 M2","tmt",-0.00216823380026397,"377 tmt","1 tmt"
"22574","M2","C4620081","1","378","C4620081 M2","tmt",-0.00217040335507114,"378 tmt","1 tmt"
"22575","M2","C4620081","1","379","C4620081 M2","tmt",-0.00217286767473197,"379 tmt","1 tmt"
"22576","M2","C4620081","1","380","C4620081 M2","tmt",-0.00283857127012626,"380 tmt","1 tmt"
"22577","M2","C4620081","1","381","C4620081 M2","tmt",-0.00386922964995881,"381 tmt","1 tmt"
"22578","M2","C4620081","1","382","C4620081 M2","tmt",-0.00426684818743802,"382 tmt","1 tmt"
"22579","M2","C4620081","1","383","C4620081 M2","tmt",-0.00443095632471306,"383 tmt","1 tmt"
"22580","M2","C4620081","1","384","C4620081 M2","tmt",-0.00463518712468796,"384 tmt","1 tmt"
"22581","M2","C4620081","1","385","C4620081 M2","tmt",-0.00486386403537521,"385 tmt","1 tmt"
"22582","M2","C4620081","1","386","C4620081 M2","tmt",-0.00530037810626443,"386 tmt","1 tmt"
"22583","M2","C4620081","1","387","C4620081 M2","tmt",-0.00547165000624446,"387 tmt","1 tmt"
"22584","M2","C4620081","1","388","C4620081 M2","tmt",-0.00569312759398955,"388 tmt","1 tmt"
"22585","M2","C4620081","1","389","C4620081 M2","tmt",-0.00571445424753348,"389 tmt","1 tmt"
"22586","M2","C4620081","1","390","C4620081 M2","tmt",-0.0057268691177058,"390 tmt","1 tmt"
"22587","M2","C4620081","1","391","C4620081 M2","tmt",-0.00580326548979077,"391 tmt","1 tmt"
"22588","M2","C4620081","1","392","C4620081 M2","tmt",-0.00608769304981569,"392 tmt","1 tmt"
"22589","M2","C4620081","1","393","C4620081 M2","tmt",-0.00636109861093129,"393 tmt","1 tmt"
"22590","M2","C4620081","1","394","C4620081 M2","tmt",-0.00651970686757092,"394 tmt","1 tmt"
"22591","M2","C4620081","1","395","C4620081 M2","tmt",-0.00686864341963664,"395 tmt","1 tmt"
"22592","M2","C4620081","1","396","C4620081 M2","tmt",-0.00718106138286167,"396 tmt","1 tmt"
"22593","M2","C4620081","1","397","C4620081 M2","tmt",-0.00733519656533976,"397 tmt","1 tmt"
"22594","M2","C4620081","1","398","C4620081 M2","tmt",-0.00748896110183984,"398 tmt","1 tmt"
"22595","M2","C4620081","1","399","C4620081 M2","tmt",-0.00808729574573046,"399 tmt","1 tmt"
"22596","M2","C4620081","1","400","C4620081 M2","tmt",-0.00825604043619768,"400 tmt","1 tmt"
"22597","M2","C4620081","1","401","C4620081 M2","tmt",-0.00842736965910209,"401 tmt","1 tmt"
"22598","M2","C4620081","1","402","C4620081 M2","tmt",-0.00887950537940042,"402 tmt","1 tmt"
"22599","M2","C4620081","1","403","C4620081 M2","tmt",-0.00915375151621747,"403 tmt","1 tmt"
"22600","M2","C4620081","1","404","C4620081 M2","tmt",-0.00918632832500282,"404 tmt","1 tmt"
"22601","M2","C4620081","1","405","C4620081 M2","tmt",-0.00976455423207999,"405 tmt","1 tmt"
"22602","M2","C4620081","1","406","C4620081 M2","tmt",-0.0100676229323957,"406 tmt","1 tmt"
"22603","M2","C4620081","1","407","C4620081 M2","tmt",-0.0101572707659891,"407 tmt","1 tmt"
"22604","M2","C4620081","1","408","C4620081 M2","tmt",-0.0103344314502559,"408 tmt","1 tmt"
"22605","M2","C4620081","1","409","C4620081 M2","tmt",-0.010376346084685,"409 tmt","1 tmt"
"22606","M2","C4620081","1","410","C4620081 M2","tmt",-0.0108454839214939,"410 tmt","1 tmt"
"22607","M2","C4620081","1","411","C4620081 M2","tmt",-0.0108742079289087,"411 tmt","1 tmt"
"22608","M2","C4620081","1","412","C4620081 M2","tmt",-0.0109252796472572,"412 tmt","1 tmt"
"22609","M2","C4620081","1","413","C4620081 M2","tmt",-0.0111374261263555,"413 tmt","1 tmt"
"22610","M2","C4620081","1","414","C4620081 M2","tmt",-0.0112013778403374,"414 tmt","1 tmt"
"22611","M2","C4620081","1","415","C4620081 M2","tmt",-0.0113939869318569,"415 tmt","1 tmt"
"22612","M2","C4620081","1","416","C4620081 M2","tmt",-0.0126174661770941,"416 tmt","1 tmt"
"22613","M2","C4620081","1","417","C4620081 M2","tmt",-0.0127299578849101,"417 tmt","1 tmt"
"22614","M2","C4620081","1","418","C4620081 M2","tmt",-0.012765568126268,"418 tmt","1 tmt"
"22615","M2","C4620081","1","419","C4620081 M2","tmt",-0.0132046147464926,"419 tmt","1 tmt"
"22616","M2","C4620081","1","420","C4620081 M2","tmt",-0.0134616547238889,"420 tmt","1 tmt"
"22617","M2","C4620081","1","421","C4620081 M2","tmt",-0.0135547444260821,"421 tmt","1 tmt"
"22618","M2","C4620081","1","422","C4620081 M2","tmt",-0.0136311877263924,"422 tmt","1 tmt"
"22619","M2","C4620081","1","423","C4620081 M2","tmt",-0.0137919080056403,"423 tmt","1 tmt"
"22620","M2","C4620081","1","424","C4620081 M2","tmt",-0.0141327227746991,"424 tmt","1 tmt"
"22621","M2","C4620081","1","425","C4620081 M2","tmt",-0.0142077758375994,"425 tmt","1 tmt"
"22622","M2","C4620081","1","426","C4620081 M2","tmt",-0.014702393158239,"426 tmt","1 tmt"
"22623","M2","C4620081","1","427","C4620081 M2","tmt",-0.014800447947575,"427 tmt","1 tmt"
"22624","M2","C4620081","1","428","C4620081 M2","tmt",-0.0148950203066872,"428 tmt","1 tmt"
"22625","M2","C4620081","1","429","C4620081 M2","tmt",-0.0150473727953596,"429 tmt","1 tmt"
"22626","M2","C4620081","1","430","C4620081 M2","tmt",-0.0154958225711996,"430 tmt","1 tmt"
"22627","M2","C4620081","1","431","C4620081 M2","tmt",-0.0156723920377078,"431 tmt","1 tmt"
"22628","M2","C4620081","1","432","C4620081 M2","tmt",-0.0156793584692806,"432 tmt","1 tmt"
"22629","M2","C4620081","1","433","C4620081 M2","tmt",-0.0157680988946999,"433 tmt","1 tmt"
"22630","M2","C4620081","1","434","C4620081 M2","tmt",-0.0158062101608612,"434 tmt","1 tmt"
"22631","M2","C4620081","1","435","C4620081 M2","tmt",-0.0164517187605652,"435 tmt","1 tmt"
"22632","M2","C4620081","1","436","C4620081 M2","tmt",-0.0166417337753639,"436 tmt","1 tmt"
"22633","M2","C4620081","1","437","C4620081 M2","tmt",-0.017019887216975,"437 tmt","1 tmt"
"22634","M2","C4620081","1","438","C4620081 M2","tmt",-0.01703032501457,"438 tmt","1 tmt"
"22635","M2","C4620081","1","439","C4620081 M2","tmt",-0.0172193644339234,"439 tmt","1 tmt"
"22636","M2","C4620081","1","440","C4620081 M2","tmt",-0.0175660305908824,"440 tmt","1 tmt"
"22637","M2","C4620081","1","441","C4620081 M2","tmt",-0.0178839603795489,"441 tmt","1 tmt"
"22638","M2","C4620081","1","442","C4620081 M2","tmt",-0.0182436990423395,"442 tmt","1 tmt"
"22639","M2","C4620081","1","443","C4620081 M2","tmt",-0.0183547572734431,"443 tmt","1 tmt"
"22640","M2","C4620081","1","444","C4620081 M2","tmt",-0.0187391542335968,"444 tmt","1 tmt"
"22641","M2","C4620081","1","445","C4620081 M2","tmt",-0.0189485976493588,"445 tmt","1 tmt"
"22642","M2","C4620081","1","446","C4620081 M2","tmt",-0.0189633426588739,"446 tmt","1 tmt"
"22643","M2","C4620081","1","447","C4620081 M2","tmt",-0.019157459535773,"447 tmt","1 tmt"
"22644","M2","C4620081","1","448","C4620081 M2","tmt",-0.019286114855456,"448 tmt","1 tmt"
"22645","M2","C4620081","1","449","C4620081 M2","tmt",-0.0193485145623938,"449 tmt","1 tmt"
"22646","M2","C4620081","1","450","C4620081 M2","tmt",-0.0194174768238197,"450 tmt","1 tmt"
"22647","M2","C4620081","1","451","C4620081 M2","tmt",-0.0195109051942083,"451 tmt","1 tmt"
"22648","M2","C4620081","1","452","C4620081 M2","tmt",-0.0195460500206671,"452 tmt","1 tmt"
"22649","M2","C4620081","1","453","C4620081 M2","tmt",-0.0204893674454712,"453 tmt","1 tmt"
"22650","M2","C4620081","1","454","C4620081 M2","tmt",-0.0208141295859481,"454 tmt","1 tmt"
"22651","M2","C4620081","1","455","C4620081 M2","tmt",-0.021801929405353,"455 tmt","1 tmt"
"22652","M2","C4620081","1","456","C4620081 M2","tmt",-0.0221379352328578,"456 tmt","1 tmt"
"22653","M2","C4620081","1","457","C4620081 M2","tmt",-0.0223585910335474,"457 tmt","1 tmt"
"22654","M2","C4620081","1","458","C4620081 M2","tmt",-0.0225034722382863,"458 tmt","1 tmt"
"22655","M2","C4620081","1","459","C4620081 M2","tmt",-0.022660126711951,"459 tmt","1 tmt"
"22656","M2","C4620081","1","460","C4620081 M2","tmt",-0.0233262504751678,"460 tmt","1 tmt"
"22657","M2","C4620081","1","461","C4620081 M2","tmt",-0.023720587815127,"461 tmt","1 tmt"
"22658","M2","C4620081","1","462","C4620081 M2","tmt",-0.0238450867839253,"462 tmt","1 tmt"
"22659","M2","C4620081","1","463","C4620081 M2","tmt",-0.0247286281489057,"463 tmt","1 tmt"
"22660","M2","C4620081","1","464","C4620081 M2","tmt",-0.0254057155014004,"464 tmt","1 tmt"
"22661","M2","C4620081","1","465","C4620081 M2","tmt",-0.0275789503291309,"465 tmt","1 tmt"
"22662","M2","C4620081","1","466","C4620081 M2","tmt",-0.0278572866590228,"466 tmt","1 tmt"
"22663","M2","C4620081","1","467","C4620081 M2","tmt",-0.0280049364899124,"467 tmt","1 tmt"
"22664","M2","C4620081","1","468","C4620081 M2","tmt",-0.02869873372834,"468 tmt","1 tmt"
"22665","M2","C4620081","1","469","C4620081 M2","tmt",-0.0288517117395472,"469 tmt","1 tmt"
"22666","M2","C4620081","1","470","C4620081 M2","tmt",-0.029016552659189,"470 tmt","1 tmt"
"22667","M2","C4620081","1","471","C4620081 M2","tmt",-0.0318869356554846,"471 tmt","1 tmt"
"22668","M2","C4620081","1","472","C4620081 M2","tmt",-0.0324785744832002,"472 tmt","1 tmt"
"22669","M2","C4620081","1","473","C4620081 M2","tmt",-0.032972400262061,"473 tmt","1 tmt"
"22670","M2","C4620081","1","474","C4620081 M2","tmt",-0.0356925586938887,"474 tmt","1 tmt"
"22671","M2","C4620081","1","475","C4620081 M2","tmt",-0.0359024963335015,"475 tmt","1 tmt"
"22672","M2","C4620081","1","476","C4620081 M2","tmt",-0.036377670069014,"476 tmt","1 tmt"
"22673","M2","C4620081","1","477","C4620081 M2","tmt",-0.0364843953868608,"477 tmt","1 tmt"
"22674","M2","C4620081","1","478","C4620081 M2","tmt",-0.0370043331247239,"478 tmt","1 tmt"
"22675","M2","C4620081","1","479","C4620081 M2","tmt",-0.0371453774918657,"479 tmt","1 tmt"
"22676","M2","C4620081","1","480","C4620081 M2","tmt",-0.0374934570926346,"480 tmt","1 tmt"
"22677","M2","C4620081","1","481","C4620081 M2","tmt",-0.0410992183543261,"481 tmt","1 tmt"
"22678","M2","C4620081","1","482","C4620081 M2","tmt",-0.0418252804466261,"482 tmt","1 tmt"
"22679","M2","C4620081","1","483","C4620081 M2","tmt",-0.043066802206934,"483 tmt","1 tmt"
"22680","M2","C4620081","1","484","C4620081 M2","tmt",-0.0484852731765569,"484 tmt","1 tmt"
"22681","M3","C4620081","1","0","C4620081 M3","tmt",0.112302433297269,"0 tmt","1 tmt"
"22682","M3","C4620081","1","1","C4620081 M3","tmt",0.0981252898246174,"1 tmt","1 tmt"
"22683","M3","C4620081","1","2","C4620081 M3","tmt",0.0975233076597682,"2 tmt","1 tmt"
"22684","M3","C4620081","1","3","C4620081 M3","tmt",0.0911925519227017,"3 tmt","1 tmt"
"22685","M3","C4620081","1","4","C4620081 M3","tmt",0.088780586987123,"4 tmt","1 tmt"
"22686","M3","C4620081","1","5","C4620081 M3","tmt",0.0879047401263504,"5 tmt","1 tmt"
"22687","M3","C4620081","1","6","C4620081 M3","tmt",0.0874923202600912,"6 tmt","1 tmt"
"22688","M3","C4620081","1","7","C4620081 M3","tmt",0.0856806745886428,"7 tmt","1 tmt"
"22689","M3","C4620081","1","8","C4620081 M3","tmt",0.084783700456804,"8 tmt","1 tmt"
"22690","M3","C4620081","1","9","C4620081 M3","tmt",0.0845361035212879,"9 tmt","1 tmt"
"22691","M3","C4620081","1","10","C4620081 M3","tmt",0.0823627800611357,"10 tmt","1 tmt"
"22692","M3","C4620081","1","11","C4620081 M3","tmt",0.0820477850973731,"11 tmt","1 tmt"
"22693","M3","C4620081","1","12","C4620081 M3","tmt",0.0773688200548946,"12 tmt","1 tmt"
"22694","M3","C4620081","1","13","C4620081 M3","tmt",0.0762425091773152,"13 tmt","1 tmt"
"22695","M3","C4620081","1","14","C4620081 M3","tmt",0.0752558043659135,"14 tmt","1 tmt"
"22696","M3","C4620081","1","15","C4620081 M3","tmt",0.0742923321996911,"15 tmt","1 tmt"
"22697","M3","C4620081","1","16","C4620081 M3","tmt",0.0738746569102191,"16 tmt","1 tmt"
"22698","M3","C4620081","1","17","C4620081 M3","tmt",0.0731866155153521,"17 tmt","1 tmt"
"22699","M3","C4620081","1","18","C4620081 M3","tmt",0.0731802850109943,"18 tmt","1 tmt"
"22700","M3","C4620081","1","19","C4620081 M3","tmt",0.070242598309785,"19 tmt","1 tmt"
"22701","M3","C4620081","1","20","C4620081 M3","tmt",0.0700490140341631,"20 tmt","1 tmt"
"22702","M3","C4620081","1","21","C4620081 M3","tmt",0.0698759361762483,"21 tmt","1 tmt"
"22703","M3","C4620081","1","22","C4620081 M3","tmt",0.0693610393927617,"22 tmt","1 tmt"
"22704","M3","C4620081","1","23","C4620081 M3","tmt",0.0681971700090917,"23 tmt","1 tmt"
"22705","M3","C4620081","1","24","C4620081 M3","tmt",0.0680563807656683,"24 tmt","1 tmt"
"22706","M3","C4620081","1","25","C4620081 M3","tmt",0.065949570032041,"25 tmt","1 tmt"
"22707","M3","C4620081","1","26","C4620081 M3","tmt",0.0654595472701167,"26 tmt","1 tmt"
"22708","M3","C4620081","1","27","C4620081 M3","tmt",0.0651520657664553,"27 tmt","1 tmt"
"22709","M3","C4620081","1","28","C4620081 M3","tmt",0.0649480910322842,"28 tmt","1 tmt"
"22710","M3","C4620081","1","29","C4620081 M3","tmt",0.0634124110910299,"29 tmt","1 tmt"
"22711","M3","C4620081","1","30","C4620081 M3","tmt",0.062563349038087,"30 tmt","1 tmt"
"22712","M3","C4620081","1","31","C4620081 M3","tmt",0.0623834606780988,"31 tmt","1 tmt"
"22713","M3","C4620081","1","32","C4620081 M3","tmt",0.0623541886286957,"32 tmt","1 tmt"
"22714","M3","C4620081","1","33","C4620081 M3","tmt",0.0621156881855677,"33 tmt","1 tmt"
"22715","M3","C4620081","1","34","C4620081 M3","tmt",0.061885644139979,"34 tmt","1 tmt"
"22716","M3","C4620081","1","35","C4620081 M3","tmt",0.0617650980652732,"35 tmt","1 tmt"
"22717","M3","C4620081","1","36","C4620081 M3","tmt",0.0615501892548518,"36 tmt","1 tmt"
"22718","M3","C4620081","1","37","C4620081 M3","tmt",0.0613537900679347,"37 tmt","1 tmt"
"22719","M3","C4620081","1","38","C4620081 M3","tmt",0.0610484992303536,"38 tmt","1 tmt"
"22720","M3","C4620081","1","39","C4620081 M3","tmt",0.0587012698061597,"39 tmt","1 tmt"
"22721","M3","C4620081","1","40","C4620081 M3","tmt",0.0580446946196115,"40 tmt","1 tmt"
"22722","M3","C4620081","1","41","C4620081 M3","tmt",0.0575218057756051,"41 tmt","1 tmt"
"22723","M3","C4620081","1","42","C4620081 M3","tmt",0.0574511767735361,"42 tmt","1 tmt"
"22724","M3","C4620081","1","43","C4620081 M3","tmt",0.0572075880282282,"43 tmt","1 tmt"
"22725","M3","C4620081","1","44","C4620081 M3","tmt",0.057017853922886,"44 tmt","1 tmt"
"22726","M3","C4620081","1","45","C4620081 M3","tmt",0.0565171018233125,"45 tmt","1 tmt"
"22727","M3","C4620081","1","46","C4620081 M3","tmt",0.0564077988449815,"46 tmt","1 tmt"
"22728","M3","C4620081","1","47","C4620081 M3","tmt",0.0558202604790198,"47 tmt","1 tmt"
"22729","M3","C4620081","1","48","C4620081 M3","tmt",0.0556043594573644,"48 tmt","1 tmt"
"22730","M3","C4620081","1","49","C4620081 M3","tmt",0.0549763451548795,"49 tmt","1 tmt"
"22731","M3","C4620081","1","50","C4620081 M3","tmt",0.0546173130805013,"50 tmt","1 tmt"
"22732","M3","C4620081","1","51","C4620081 M3","tmt",0.0543436851557905,"51 tmt","1 tmt"
"22733","M3","C4620081","1","52","C4620081 M3","tmt",0.0539846496005949,"52 tmt","1 tmt"
"22734","M3","C4620081","1","53","C4620081 M3","tmt",0.0536559050042708,"53 tmt","1 tmt"
"22735","M3","C4620081","1","54","C4620081 M3","tmt",0.0535913146802346,"54 tmt","1 tmt"
"22736","M3","C4620081","1","55","C4620081 M3","tmt",0.0534832308367998,"55 tmt","1 tmt"
"22737","M3","C4620081","1","56","C4620081 M3","tmt",0.0531700371195656,"56 tmt","1 tmt"
"22738","M3","C4620081","1","57","C4620081 M3","tmt",0.0527988465117038,"57 tmt","1 tmt"
"22739","M3","C4620081","1","58","C4620081 M3","tmt",0.052366472255542,"58 tmt","1 tmt"
"22740","M3","C4620081","1","59","C4620081 M3","tmt",0.0518729190653575,"59 tmt","1 tmt"
"22741","M3","C4620081","1","60","C4620081 M3","tmt",0.049921441351325,"60 tmt","1 tmt"
"22742","M3","C4620081","1","61","C4620081 M3","tmt",0.0499062866463308,"61 tmt","1 tmt"
"22743","M3","C4620081","1","62","C4620081 M3","tmt",0.049896741216608,"62 tmt","1 tmt"
"22744","M3","C4620081","1","63","C4620081 M3","tmt",0.0494045573294225,"63 tmt","1 tmt"
"22745","M3","C4620081","1","64","C4620081 M3","tmt",0.0493922418801097,"64 tmt","1 tmt"
"22746","M3","C4620081","1","65","C4620081 M3","tmt",0.0491990378928401,"65 tmt","1 tmt"
"22747","M3","C4620081","1","66","C4620081 M3","tmt",0.0491125474888928,"66 tmt","1 tmt"
"22748","M3","C4620081","1","67","C4620081 M3","tmt",0.0488265692954358,"67 tmt","1 tmt"
"22749","M3","C4620081","1","68","C4620081 M3","tmt",0.048577643698504,"68 tmt","1 tmt"
"22750","M3","C4620081","1","69","C4620081 M3","tmt",0.0479263464052109,"69 tmt","1 tmt"
"22751","M3","C4620081","1","70","C4620081 M3","tmt",0.0477899648489881,"70 tmt","1 tmt"
"22752","M3","C4620081","1","71","C4620081 M3","tmt",0.0477427900693009,"71 tmt","1 tmt"
"22753","M3","C4620081","1","72","C4620081 M3","tmt",0.0472663860372642,"72 tmt","1 tmt"
"22754","M3","C4620081","1","73","C4620081 M3","tmt",0.0472542681599157,"73 tmt","1 tmt"
"22755","M3","C4620081","1","74","C4620081 M3","tmt",0.0467152555430849,"74 tmt","1 tmt"
"22756","M3","C4620081","1","75","C4620081 M3","tmt",0.0465766764138618,"75 tmt","1 tmt"
"22757","M3","C4620081","1","76","C4620081 M3","tmt",0.0465335533212235,"76 tmt","1 tmt"
"22758","M3","C4620081","1","77","C4620081 M3","tmt",0.046473966268636,"77 tmt","1 tmt"
"22759","M3","C4620081","1","78","C4620081 M3","tmt",0.0463737940576374,"78 tmt","1 tmt"
"22760","M3","C4620081","1","79","C4620081 M3","tmt",0.0463395206516829,"79 tmt","1 tmt"
"22761","M3","C4620081","1","80","C4620081 M3","tmt",0.0461499723195066,"80 tmt","1 tmt"
"22762","M3","C4620081","1","81","C4620081 M3","tmt",0.0448600937078781,"81 tmt","1 tmt"
"22763","M3","C4620081","1","82","C4620081 M3","tmt",0.0446828518043663,"82 tmt","1 tmt"
"22764","M3","C4620081","1","83","C4620081 M3","tmt",0.0443412738700694,"83 tmt","1 tmt"
"22765","M3","C4620081","1","84","C4620081 M3","tmt",0.0441537719291491,"84 tmt","1 tmt"
"22766","M3","C4620081","1","85","C4620081 M3","tmt",0.0440178622259634,"85 tmt","1 tmt"
"22767","M3","C4620081","1","86","C4620081 M3","tmt",0.0438910481736052,"86 tmt","1 tmt"
"22768","M3","C4620081","1","87","C4620081 M3","tmt",0.0438673563049032,"87 tmt","1 tmt"
"22769","M3","C4620081","1","88","C4620081 M3","tmt",0.0437777073086929,"88 tmt","1 tmt"
"22770","M3","C4620081","1","89","C4620081 M3","tmt",0.0437551988370786,"89 tmt","1 tmt"
"22771","M3","C4620081","1","90","C4620081 M3","tmt",0.0436559281021653,"90 tmt","1 tmt"
"22772","M3","C4620081","1","91","C4620081 M3","tmt",0.0435010078614985,"91 tmt","1 tmt"
"22773","M3","C4620081","1","92","C4620081 M3","tmt",0.0433831065663858,"92 tmt","1 tmt"
"22774","M3","C4620081","1","93","C4620081 M3","tmt",0.0433570872169798,"93 tmt","1 tmt"
"22775","M3","C4620081","1","94","C4620081 M3","tmt",0.0433341418150665,"94 tmt","1 tmt"
"22776","M3","C4620081","1","95","C4620081 M3","tmt",0.0429591792797827,"95 tmt","1 tmt"
"22777","M3","C4620081","1","96","C4620081 M3","tmt",0.0428316818999676,"96 tmt","1 tmt"
"22778","M3","C4620081","1","97","C4620081 M3","tmt",0.0425751479686727,"97 tmt","1 tmt"
"22779","M3","C4620081","1","98","C4620081 M3","tmt",0.0424576631434745,"98 tmt","1 tmt"
"22780","M3","C4620081","1","99","C4620081 M3","tmt",0.042297055360231,"99 tmt","1 tmt"
"22781","M3","C4620081","1","100","C4620081 M3","tmt",0.0421223154203802,"100 tmt","1 tmt"
"22782","M3","C4620081","1","101","C4620081 M3","tmt",0.0420914145421538,"101 tmt","1 tmt"
"22783","M3","C4620081","1","102","C4620081 M3","tmt",0.0419668197315615,"102 tmt","1 tmt"
"22784","M3","C4620081","1","103","C4620081 M3","tmt",0.0417371873470475,"103 tmt","1 tmt"
"22785","M3","C4620081","1","104","C4620081 M3","tmt",0.0414106983161568,"104 tmt","1 tmt"
"22786","M3","C4620081","1","105","C4620081 M3","tmt",0.0413815686856565,"105 tmt","1 tmt"
"22787","M3","C4620081","1","106","C4620081 M3","tmt",0.0413142349682326,"106 tmt","1 tmt"
"22788","M3","C4620081","1","107","C4620081 M3","tmt",0.0408310648357474,"107 tmt","1 tmt"
"22789","M3","C4620081","1","108","C4620081 M3","tmt",0.0405306366297723,"108 tmt","1 tmt"
"22790","M3","C4620081","1","109","C4620081 M3","tmt",0.0403889581890408,"109 tmt","1 tmt"
"22791","M3","C4620081","1","110","C4620081 M3","tmt",0.0403826070794124,"110 tmt","1 tmt"
"22792","M3","C4620081","1","111","C4620081 M3","tmt",0.0401979411406624,"111 tmt","1 tmt"
"22793","M3","C4620081","1","112","C4620081 M3","tmt",0.0400332054045248,"112 tmt","1 tmt"
"22794","M3","C4620081","1","113","C4620081 M3","tmt",0.0398865589420295,"113 tmt","1 tmt"
"22795","M3","C4620081","1","114","C4620081 M3","tmt",0.0396536086404804,"114 tmt","1 tmt"
"22796","M3","C4620081","1","115","C4620081 M3","tmt",0.0395304494549179,"115 tmt","1 tmt"
"22797","M3","C4620081","1","116","C4620081 M3","tmt",0.0394600541466669,"116 tmt","1 tmt"
"22798","M3","C4620081","1","117","C4620081 M3","tmt",0.0392674928685184,"117 tmt","1 tmt"
"22799","M3","C4620081","1","118","C4620081 M3","tmt",0.0389299986522289,"118 tmt","1 tmt"
"22800","M3","C4620081","1","119","C4620081 M3","tmt",0.0388189116562994,"119 tmt","1 tmt"
"22801","M3","C4620081","1","120","C4620081 M3","tmt",0.0386782130430339,"120 tmt","1 tmt"
"22802","M3","C4620081","1","121","C4620081 M3","tmt",0.0385853958890054,"121 tmt","1 tmt"
"22803","M3","C4620081","1","122","C4620081 M3","tmt",0.03840345072673,"122 tmt","1 tmt"
"22804","M3","C4620081","1","123","C4620081 M3","tmt",0.0383896389117152,"123 tmt","1 tmt"
"22805","M3","C4620081","1","124","C4620081 M3","tmt",0.0380112065815793,"124 tmt","1 tmt"
"22806","M3","C4620081","1","125","C4620081 M3","tmt",0.0378673458734868,"125 tmt","1 tmt"
"22807","M3","C4620081","1","126","C4620081 M3","tmt",0.0377945290572514,"126 tmt","1 tmt"
"22808","M3","C4620081","1","127","C4620081 M3","tmt",0.0372035463241739,"127 tmt","1 tmt"
"22809","M3","C4620081","1","128","C4620081 M3","tmt",0.0369583700209503,"128 tmt","1 tmt"
"22810","M3","C4620081","1","129","C4620081 M3","tmt",0.0368220706244499,"129 tmt","1 tmt"
"22811","M3","C4620081","1","130","C4620081 M3","tmt",0.0366226402557751,"130 tmt","1 tmt"
"22812","M3","C4620081","1","131","C4620081 M3","tmt",0.036602051715727,"131 tmt","1 tmt"
"22813","M3","C4620081","1","132","C4620081 M3","tmt",0.0364997334181516,"132 tmt","1 tmt"
"22814","M3","C4620081","1","133","C4620081 M3","tmt",0.0364526135688077,"133 tmt","1 tmt"
"22815","M3","C4620081","1","134","C4620081 M3","tmt",0.0363089167286767,"134 tmt","1 tmt"
"22816","M3","C4620081","1","135","C4620081 M3","tmt",0.0362193707053319,"135 tmt","1 tmt"
"22817","M3","C4620081","1","136","C4620081 M3","tmt",0.0361922308030455,"136 tmt","1 tmt"
"22818","M3","C4620081","1","137","C4620081 M3","tmt",0.0358784931239675,"137 tmt","1 tmt"
"22819","M3","C4620081","1","138","C4620081 M3","tmt",0.0358568782210792,"138 tmt","1 tmt"
"22820","M3","C4620081","1","139","C4620081 M3","tmt",0.0357118970573354,"139 tmt","1 tmt"
"22821","M3","C4620081","1","140","C4620081 M3","tmt",0.0352323880818807,"140 tmt","1 tmt"
"22822","M3","C4620081","1","141","C4620081 M3","tmt",0.0350216671130596,"141 tmt","1 tmt"
"22823","M3","C4620081","1","142","C4620081 M3","tmt",0.0340166787769553,"142 tmt","1 tmt"
"22824","M3","C4620081","1","143","C4620081 M3","tmt",0.0333617802358004,"143 tmt","1 tmt"
"22825","M3","C4620081","1","144","C4620081 M3","tmt",0.0331737746961827,"144 tmt","1 tmt"
"22826","M3","C4620081","1","145","C4620081 M3","tmt",0.033148609186123,"145 tmt","1 tmt"
"22827","M3","C4620081","1","146","C4620081 M3","tmt",0.0324392444920996,"146 tmt","1 tmt"
"22828","M3","C4620081","1","147","C4620081 M3","tmt",0.0321669652854057,"147 tmt","1 tmt"
"22829","M3","C4620081","1","148","C4620081 M3","tmt",0.0321549567699129,"148 tmt","1 tmt"
"22830","M3","C4620081","1","149","C4620081 M3","tmt",0.032127005790293,"149 tmt","1 tmt"
"22831","M3","C4620081","1","150","C4620081 M3","tmt",0.0319371324520558,"150 tmt","1 tmt"
"22832","M3","C4620081","1","151","C4620081 M3","tmt",0.03181338609929,"151 tmt","1 tmt"
"22833","M3","C4620081","1","152","C4620081 M3","tmt",0.0316890936472207,"152 tmt","1 tmt"
"22834","M3","C4620081","1","153","C4620081 M3","tmt",0.0316888515656646,"153 tmt","1 tmt"
"22835","M3","C4620081","1","154","C4620081 M3","tmt",0.0315593710103939,"154 tmt","1 tmt"
"22836","M3","C4620081","1","155","C4620081 M3","tmt",0.0310809452099339,"155 tmt","1 tmt"
"22837","M3","C4620081","1","156","C4620081 M3","tmt",0.0309911267349652,"156 tmt","1 tmt"
"22838","M3","C4620081","1","157","C4620081 M3","tmt",0.0307518767478263,"157 tmt","1 tmt"
"22839","M3","C4620081","1","158","C4620081 M3","tmt",0.0305615848850921,"158 tmt","1 tmt"
"22840","M3","C4620081","1","159","C4620081 M3","tmt",0.0304909058509209,"159 tmt","1 tmt"
"22841","M3","C4620081","1","160","C4620081 M3","tmt",0.0304376960432092,"160 tmt","1 tmt"
"22842","M3","C4620081","1","161","C4620081 M3","tmt",0.0303963322703266,"161 tmt","1 tmt"
"22843","M3","C4620081","1","162","C4620081 M3","tmt",0.0302933995673769,"162 tmt","1 tmt"
"22844","M3","C4620081","1","163","C4620081 M3","tmt",0.0300490212453544,"163 tmt","1 tmt"
"22845","M3","C4620081","1","164","C4620081 M3","tmt",0.029997448444711,"164 tmt","1 tmt"
"22846","M3","C4620081","1","165","C4620081 M3","tmt",0.0299663913431422,"165 tmt","1 tmt"
"22847","M3","C4620081","1","166","C4620081 M3","tmt",0.0299218977378779,"166 tmt","1 tmt"
"22848","M3","C4620081","1","167","C4620081 M3","tmt",0.0299051189674326,"167 tmt","1 tmt"
"22849","M3","C4620081","1","168","C4620081 M3","tmt",0.0292512141903848,"168 tmt","1 tmt"
"22850","M3","C4620081","1","169","C4620081 M3","tmt",0.0288534431675374,"169 tmt","1 tmt"
"22851","M3","C4620081","1","170","C4620081 M3","tmt",0.0288131777887329,"170 tmt","1 tmt"
"22852","M3","C4620081","1","171","C4620081 M3","tmt",0.028419829620382,"171 tmt","1 tmt"
"22853","M3","C4620081","1","172","C4620081 M3","tmt",0.02816057098261,"172 tmt","1 tmt"
"22854","M3","C4620081","1","173","C4620081 M3","tmt",0.0278072170504358,"173 tmt","1 tmt"
"22855","M3","C4620081","1","174","C4620081 M3","tmt",0.0276318595325338,"174 tmt","1 tmt"
"22856","M3","C4620081","1","175","C4620081 M3","tmt",0.0275410619919376,"175 tmt","1 tmt"
"22857","M3","C4620081","1","176","C4620081 M3","tmt",0.027397212152468,"176 tmt","1 tmt"
"22858","M3","C4620081","1","177","C4620081 M3","tmt",0.0273047201756935,"177 tmt","1 tmt"
"22859","M3","C4620081","1","178","C4620081 M3","tmt",0.0271867704729724,"178 tmt","1 tmt"
"22860","M3","C4620081","1","179","C4620081 M3","tmt",0.0269648634937373,"179 tmt","1 tmt"
"22861","M3","C4620081","1","180","C4620081 M3","tmt",0.0269002346778812,"180 tmt","1 tmt"
"22862","M3","C4620081","1","181","C4620081 M3","tmt",0.0268911415563498,"181 tmt","1 tmt"
"22863","M3","C4620081","1","182","C4620081 M3","tmt",0.0268548133738102,"182 tmt","1 tmt"
"22864","M3","C4620081","1","183","C4620081 M3","tmt",0.0266460504746602,"183 tmt","1 tmt"
"22865","M3","C4620081","1","184","C4620081 M3","tmt",0.0266209718192552,"184 tmt","1 tmt"
"22866","M3","C4620081","1","185","C4620081 M3","tmt",0.0256298111283379,"185 tmt","1 tmt"
"22867","M3","C4620081","1","186","C4620081 M3","tmt",0.0255250265943088,"186 tmt","1 tmt"
"22868","M3","C4620081","1","187","C4620081 M3","tmt",0.0253921029391902,"187 tmt","1 tmt"
"22869","M3","C4620081","1","188","C4620081 M3","tmt",0.0246538447143191,"188 tmt","1 tmt"
"22870","M3","C4620081","1","189","C4620081 M3","tmt",0.0244070193095034,"189 tmt","1 tmt"
"22871","M3","C4620081","1","190","C4620081 M3","tmt",0.0240817658401703,"190 tmt","1 tmt"
"22872","M3","C4620081","1","191","C4620081 M3","tmt",0.0239673336073259,"191 tmt","1 tmt"
"22873","M3","C4620081","1","192","C4620081 M3","tmt",0.0237846296679795,"192 tmt","1 tmt"
"22874","M3","C4620081","1","193","C4620081 M3","tmt",0.0237761594196376,"193 tmt","1 tmt"
"22875","M3","C4620081","1","194","C4620081 M3","tmt",0.0236423906448965,"194 tmt","1 tmt"
"22876","M3","C4620081","1","195","C4620081 M3","tmt",0.023451936113514,"195 tmt","1 tmt"
"22877","M3","C4620081","1","196","C4620081 M3","tmt",0.0233514106264803,"196 tmt","1 tmt"
"22878","M3","C4620081","1","197","C4620081 M3","tmt",0.0225919322744129,"197 tmt","1 tmt"
"22879","M3","C4620081","1","198","C4620081 M3","tmt",0.0225223640530197,"198 tmt","1 tmt"
"22880","M3","C4620081","1","199","C4620081 M3","tmt",0.0222932807911353,"199 tmt","1 tmt"
"22881","M3","C4620081","1","200","C4620081 M3","tmt",0.0215851248745429,"200 tmt","1 tmt"
"22882","M3","C4620081","1","201","C4620081 M3","tmt",0.0215556861495336,"201 tmt","1 tmt"
"22883","M3","C4620081","1","202","C4620081 M3","tmt",0.0211365107997519,"202 tmt","1 tmt"
"22884","M3","C4620081","1","203","C4620081 M3","tmt",0.0201362918296427,"203 tmt","1 tmt"
"22885","M3","C4620081","1","204","C4620081 M3","tmt",0.0199274439992068,"204 tmt","1 tmt"
"22886","M3","C4620081","1","205","C4620081 M3","tmt",0.01945090302513,"205 tmt","1 tmt"
"22887","M3","C4620081","1","206","C4620081 M3","tmt",0.0194070607337282,"206 tmt","1 tmt"
"22888","M3","C4620081","1","207","C4620081 M3","tmt",0.0193428206442588,"207 tmt","1 tmt"
"22889","M3","C4620081","1","208","C4620081 M3","tmt",0.0192629458639024,"208 tmt","1 tmt"
"22890","M3","C4620081","1","209","C4620081 M3","tmt",0.0191964065088681,"209 tmt","1 tmt"
"22891","M3","C4620081","1","210","C4620081 M3","tmt",0.0185626343738305,"210 tmt","1 tmt"
"22892","M3","C4620081","1","211","C4620081 M3","tmt",0.0180440852757556,"211 tmt","1 tmt"
"22893","M3","C4620081","1","212","C4620081 M3","tmt",0.0175855145503226,"212 tmt","1 tmt"
"22894","M3","C4620081","1","213","C4620081 M3","tmt",0.0175375914704007,"213 tmt","1 tmt"
"22895","M3","C4620081","1","214","C4620081 M3","tmt",0.0174150321841491,"214 tmt","1 tmt"
"22896","M3","C4620081","1","215","C4620081 M3","tmt",0.0173740488683645,"215 tmt","1 tmt"
"22897","M3","C4620081","1","216","C4620081 M3","tmt",0.0173199453101868,"216 tmt","1 tmt"
"22898","M3","C4620081","1","217","C4620081 M3","tmt",0.0172115100450099,"217 tmt","1 tmt"
"22899","M3","C4620081","1","218","C4620081 M3","tmt",0.0171075193172312,"218 tmt","1 tmt"
"22900","M3","C4620081","1","219","C4620081 M3","tmt",0.0169238545768073,"219 tmt","1 tmt"
"22901","M3","C4620081","1","220","C4620081 M3","tmt",0.0168945004232121,"220 tmt","1 tmt"
"22902","M3","C4620081","1","221","C4620081 M3","tmt",0.0168221152900011,"221 tmt","1 tmt"
"22903","M3","C4620081","1","222","C4620081 M3","tmt",0.0166910975168913,"222 tmt","1 tmt"
"22904","M3","C4620081","1","223","C4620081 M3","tmt",0.0166718454203394,"223 tmt","1 tmt"
"22905","M3","C4620081","1","224","C4620081 M3","tmt",0.0162627148531916,"224 tmt","1 tmt"
"22906","M3","C4620081","1","225","C4620081 M3","tmt",0.0159473440423119,"225 tmt","1 tmt"
"22907","M3","C4620081","1","226","C4620081 M3","tmt",0.0158305108223487,"226 tmt","1 tmt"
"22908","M3","C4620081","1","227","C4620081 M3","tmt",0.0157368077867273,"227 tmt","1 tmt"
"22909","M3","C4620081","1","228","C4620081 M3","tmt",0.0156053880295428,"228 tmt","1 tmt"
"22910","M3","C4620081","1","229","C4620081 M3","tmt",0.0155577494055296,"229 tmt","1 tmt"
"22911","M3","C4620081","1","230","C4620081 M3","tmt",0.0154009568423118,"230 tmt","1 tmt"
"22912","M3","C4620081","1","231","C4620081 M3","tmt",0.0152593702717505,"231 tmt","1 tmt"
"22913","M3","C4620081","1","232","C4620081 M3","tmt",0.015128750626618,"232 tmt","1 tmt"
"22914","M3","C4620081","1","233","C4620081 M3","tmt",0.0144641092352109,"233 tmt","1 tmt"
"22915","M3","C4620081","1","234","C4620081 M3","tmt",0.0143446852922404,"234 tmt","1 tmt"
"22916","M3","C4620081","1","235","C4620081 M3","tmt",0.0143230183969268,"235 tmt","1 tmt"
"22917","M3","C4620081","1","236","C4620081 M3","tmt",0.0142484958261752,"236 tmt","1 tmt"
"22918","M3","C4620081","1","237","C4620081 M3","tmt",0.013741739045335,"237 tmt","1 tmt"
"22919","M3","C4620081","1","238","C4620081 M3","tmt",0.0134796371793032,"238 tmt","1 tmt"
"22920","M3","C4620081","1","239","C4620081 M3","tmt",0.0131901526196517,"239 tmt","1 tmt"
"22921","M3","C4620081","1","240","C4620081 M3","tmt",0.0128574289761533,"240 tmt","1 tmt"
"22922","M3","C4620081","1","241","C4620081 M3","tmt",0.0127777743568184,"241 tmt","1 tmt"
"22923","M3","C4620081","1","242","C4620081 M3","tmt",0.0123411908551588,"242 tmt","1 tmt"
"22924","M3","C4620081","1","243","C4620081 M3","tmt",0.0122950589803082,"243 tmt","1 tmt"
"22925","M3","C4620081","1","244","C4620081 M3","tmt",0.0122180922565194,"244 tmt","1 tmt"
"22926","M3","C4620081","1","245","C4620081 M3","tmt",0.0121953028260685,"245 tmt","1 tmt"
"22927","M3","C4620081","1","246","C4620081 M3","tmt",0.0119904935807172,"246 tmt","1 tmt"
"22928","M3","C4620081","1","247","C4620081 M3","tmt",0.0109223209723474,"247 tmt","1 tmt"
"22929","M3","C4620081","1","248","C4620081 M3","tmt",0.0109127793504892,"248 tmt","1 tmt"
"22930","M3","C4620081","1","249","C4620081 M3","tmt",0.0108989211468199,"249 tmt","1 tmt"
"22931","M3","C4620081","1","250","C4620081 M3","tmt",0.0108255652270925,"250 tmt","1 tmt"
"22932","M3","C4620081","1","251","C4620081 M3","tmt",0.0107666334529753,"251 tmt","1 tmt"
"22933","M3","C4620081","1","252","C4620081 M3","tmt",0.0105047295301377,"252 tmt","1 tmt"
"22934","M3","C4620081","1","253","C4620081 M3","tmt",0.0104230196880456,"253 tmt","1 tmt"
"22935","M3","C4620081","1","254","C4620081 M3","tmt",0.0100513768307434,"254 tmt","1 tmt"
"22936","M3","C4620081","1","255","C4620081 M3","tmt",0.00990523956347067,"255 tmt","1 tmt"
"22937","M3","C4620081","1","256","C4620081 M3","tmt",0.0091785009672691,"256 tmt","1 tmt"
"22938","M3","C4620081","1","257","C4620081 M3","tmt",0.00904219336987314,"257 tmt","1 tmt"
"22939","M3","C4620081","1","258","C4620081 M3","tmt",0.00846705335585933,"258 tmt","1 tmt"
"22940","M3","C4620081","1","259","C4620081 M3","tmt",0.00811468428386329,"259 tmt","1 tmt"
"22941","M3","C4620081","1","260","C4620081 M3","tmt",0.00765672051531475,"260 tmt","1 tmt"
"22942","M3","C4620081","1","261","C4620081 M3","tmt",0.00710922970304205,"261 tmt","1 tmt"
"22943","M3","C4620081","1","262","C4620081 M3","tmt",0.00681760290985371,"262 tmt","1 tmt"
"22944","M3","C4620081","1","263","C4620081 M3","tmt",0.00658266475567593,"263 tmt","1 tmt"
"22945","M3","C4620081","1","264","C4620081 M3","tmt",0.00655829956170729,"264 tmt","1 tmt"
"22946","M3","C4620081","1","265","C4620081 M3","tmt",0.00639734279859914,"265 tmt","1 tmt"
"22947","M3","C4620081","1","266","C4620081 M3","tmt",0.00637016252044391,"266 tmt","1 tmt"
"22948","M3","C4620081","1","267","C4620081 M3","tmt",0.00636523513588817,"267 tmt","1 tmt"
"22949","M3","C4620081","1","268","C4620081 M3","tmt",0.00629808906059948,"268 tmt","1 tmt"
"22950","M3","C4620081","1","269","C4620081 M3","tmt",0.00620592899977529,"269 tmt","1 tmt"
"22951","M3","C4620081","1","270","C4620081 M3","tmt",0.0060699356594569,"270 tmt","1 tmt"
"22952","M3","C4620081","1","271","C4620081 M3","tmt",0.00527182618277919,"271 tmt","1 tmt"
"22953","M3","C4620081","1","272","C4620081 M3","tmt",0.00512519928440351,"272 tmt","1 tmt"
"22954","M3","C4620081","1","273","C4620081 M3","tmt",0.00503354032186352,"273 tmt","1 tmt"
"22955","M3","C4620081","1","274","C4620081 M3","tmt",0.00499216231590831,"274 tmt","1 tmt"
"22956","M3","C4620081","1","275","C4620081 M3","tmt",0.00488590020763473,"275 tmt","1 tmt"
"22957","M3","C4620081","1","276","C4620081 M3","tmt",0.00451510511849067,"276 tmt","1 tmt"
"22958","M3","C4620081","1","277","C4620081 M3","tmt",0.00435812946363674,"277 tmt","1 tmt"
"22959","M3","C4620081","1","278","C4620081 M3","tmt",0.004260302714199,"278 tmt","1 tmt"
"22960","M3","C4620081","1","279","C4620081 M3","tmt",0.00366252196376619,"279 tmt","1 tmt"
"22961","M3","C4620081","1","280","C4620081 M3","tmt",0.00298959511732226,"280 tmt","1 tmt"
"22962","M3","C4620081","1","281","C4620081 M3","tmt",0.00186449282552993,"281 tmt","1 tmt"
"22963","M3","C4620081","1","282","C4620081 M3","tmt",0.000996592268923706,"282 tmt","1 tmt"
"22964","M3","C4620081","1","283","C4620081 M3","tmt",0.000726091000985089,"283 tmt","1 tmt"
"22965","M3","C4620081","1","284","C4620081 M3","tmt",0.000499831093701638,"284 tmt","1 tmt"
"22966","M3","C4620081","1","285","C4620081 M3","tmt",0.000410049813330987,"285 tmt","1 tmt"
"22967","M3","C4620081","1","286","C4620081 M3","tmt",0.000303257082741112,"286 tmt","1 tmt"
"22968","M3","C4620081","1","287","C4620081 M3","tmt",-8.79836174327514e-05,"287 tmt","1 tmt"
"22969","M3","C4620081","1","288","C4620081 M3","tmt",-0.00186519863012291,"288 tmt","1 tmt"
"22970","M3","C4620081","1","289","C4620081 M3","tmt",-0.00190315342051638,"289 tmt","1 tmt"
"22971","M3","C4620081","1","290","C4620081 M3","tmt",-0.00193106690161222,"290 tmt","1 tmt"
"22972","M3","C4620081","1","291","C4620081 M3","tmt",-0.00194790708161884,"291 tmt","1 tmt"
"22973","M3","C4620081","1","292","C4620081 M3","tmt",-0.00330571309848148,"292 tmt","1 tmt"
"22974","M3","C4620081","1","293","C4620081 M3","tmt",-0.00334740565956815,"293 tmt","1 tmt"
"22975","M3","C4620081","1","294","C4620081 M3","tmt",-0.00409641639526216,"294 tmt","1 tmt"
"22976","M3","C4620081","1","295","C4620081 M3","tmt",-0.00431339317598367,"295 tmt","1 tmt"
"22977","M3","C4620081","1","296","C4620081 M3","tmt",-0.00448779027771695,"296 tmt","1 tmt"
"22978","M3","C4620081","1","297","C4620081 M3","tmt",-0.0046500793996464,"297 tmt","1 tmt"
"22979","M3","C4620081","1","298","C4620081 M3","tmt",-0.00543131584138867,"298 tmt","1 tmt"
"22980","M3","C4620081","1","299","C4620081 M3","tmt",-0.00557951690048183,"299 tmt","1 tmt"
"22981","M3","C4620081","1","300","C4620081 M3","tmt",-0.0060956749660349,"300 tmt","1 tmt"
"22982","M3","C4620081","1","301","C4620081 M3","tmt",-0.00627205956803986,"301 tmt","1 tmt"
"22983","M3","C4620081","1","302","C4620081 M3","tmt",-0.00647243130777271,"302 tmt","1 tmt"
"22984","M3","C4620081","1","303","C4620081 M3","tmt",-0.00681706446053141,"303 tmt","1 tmt"
"22985","M3","C4620081","1","304","C4620081 M3","tmt",-0.00700509071323469,"304 tmt","1 tmt"
"22986","M3","C4620081","1","305","C4620081 M3","tmt",-0.00795102508911131,"305 tmt","1 tmt"
"22987","M3","C4620081","1","306","C4620081 M3","tmt",-0.00875362571350059,"306 tmt","1 tmt"
"22988","M3","C4620081","1","307","C4620081 M3","tmt",-0.00990117202294878,"307 tmt","1 tmt"
"22989","M3","C4620081","1","308","C4620081 M3","tmt",-0.0101204370891174,"308 tmt","1 tmt"
"22990","M3","C4620081","1","309","C4620081 M3","tmt",-0.0104454597908099,"309 tmt","1 tmt"
"22991","M3","C4620081","1","310","C4620081 M3","tmt",-0.0104538447117912,"310 tmt","1 tmt"
"22992","M3","C4620081","1","311","C4620081 M3","tmt",-0.0111374415194275,"311 tmt","1 tmt"
"22993","M3","C4620081","1","312","C4620081 M3","tmt",-0.0116610411151958,"312 tmt","1 tmt"
"22994","M3","C4620081","1","313","C4620081 M3","tmt",-0.0119846408557518,"313 tmt","1 tmt"
"22995","M3","C4620081","1","314","C4620081 M3","tmt",-0.0132644001738626,"314 tmt","1 tmt"
"22996","M3","C4620081","1","315","C4620081 M3","tmt",-0.0146309285453174,"315 tmt","1 tmt"
"22997","M3","C4620081","1","316","C4620081 M3","tmt",-0.0150655073614407,"316 tmt","1 tmt"
"22998","M3","C4620081","1","317","C4620081 M3","tmt",-0.016200870053709,"317 tmt","1 tmt"
"22999","M3","C4620081","1","318","C4620081 M3","tmt",-0.0168852432124063,"318 tmt","1 tmt"
"23000","M3","C4620081","1","319","C4620081 M3","tmt",-0.0172687811485729,"319 tmt","1 tmt"
"23001","M3","C4620081","1","320","C4620081 M3","tmt",-0.0175804812288169,"320 tmt","1 tmt"
"23002","M3","C4620081","1","321","C4620081 M3","tmt",-0.01883415268284,"321 tmt","1 tmt"
"23003","M3","C4620081","1","322","C4620081 M3","tmt",-0.0206755954458433,"322 tmt","1 tmt"
"23004","M3","C4620081","1","323","C4620081 M3","tmt",-0.0210905459336666,"323 tmt","1 tmt"
"23005","M3","C4620081","1","324","C4620081 M3","tmt",-0.0216168724134297,"324 tmt","1 tmt"
"23006","M3","C4620081","1","325","C4620081 M3","tmt",-0.0218649334901419,"325 tmt","1 tmt"
"23007","M3","C4620081","1","326","C4620081 M3","tmt",-0.0220208230186765,"326 tmt","1 tmt"
"23008","M3","C4620081","1","327","C4620081 M3","tmt",-0.0237540017711615,"327 tmt","1 tmt"
"23009","M3","C4620081","1","328","C4620081 M3","tmt",-0.0243174101506198,"328 tmt","1 tmt"
"23010","M3","C4620081","1","329","C4620081 M3","tmt",-0.0271900635788018,"329 tmt","1 tmt"
"23011","M3","C4620081","1","330","C4620081 M3","tmt",-0.0289951425587074,"330 tmt","1 tmt"
"23012","M3","C4620081","1","331","C4620081 M3","tmt",-0.0301006221394117,"331 tmt","1 tmt"
"23013","M3","C4620081","1","332","C4620081 M3","tmt",-0.0302822898554677,"332 tmt","1 tmt"
"23014","M3","C4620081","1","333","C4620081 M3","tmt",-0.0426353288391335,"333 tmt","1 tmt"
"23015","M3","C4620081","1","334","C4620081 M3","tmt",-0.0434883415564057,"334 tmt","1 tmt"
"23016","M4","C4620081","1","0","C4620081 M4","tmt",0.144784554229795,"0 tmt","1 tmt"
"23017","M4","C4620081","1","1","C4620081 M4","tmt",0.144116536787226,"1 tmt","1 tmt"
"23018","M4","C4620081","1","2","C4620081 M4","tmt",0.14259223631929,"2 tmt","1 tmt"
"23019","M4","C4620081","1","3","C4620081 M4","tmt",0.141281638127095,"3 tmt","1 tmt"
"23020","M4","C4620081","1","4","C4620081 M4","tmt",0.139481120713401,"4 tmt","1 tmt"
"23021","M4","C4620081","1","5","C4620081 M4","tmt",0.137533382769735,"5 tmt","1 tmt"
"23022","M4","C4620081","1","6","C4620081 M4","tmt",0.136167335185219,"6 tmt","1 tmt"
"23023","M4","C4620081","1","7","C4620081 M4","tmt",0.13410637955823,"7 tmt","1 tmt"
"23024","M4","C4620081","1","8","C4620081 M4","tmt",0.133150100342284,"8 tmt","1 tmt"
"23025","M4","C4620081","1","9","C4620081 M4","tmt",0.129874710904136,"9 tmt","1 tmt"
"23026","M4","C4620081","1","10","C4620081 M4","tmt",0.129791537874856,"10 tmt","1 tmt"
"23027","M4","C4620081","1","11","C4620081 M4","tmt",0.129153897014725,"11 tmt","1 tmt"
"23028","M4","C4620081","1","12","C4620081 M4","tmt",0.128828416007945,"12 tmt","1 tmt"
"23029","M4","C4620081","1","13","C4620081 M4","tmt",0.128820006340772,"13 tmt","1 tmt"
"23030","M4","C4620081","1","14","C4620081 M4","tmt",0.127437547215835,"14 tmt","1 tmt"
"23031","M4","C4620081","1","15","C4620081 M4","tmt",0.127289241815654,"15 tmt","1 tmt"
"23032","M4","C4620081","1","16","C4620081 M4","tmt",0.126467624362537,"16 tmt","1 tmt"
"23033","M4","C4620081","1","17","C4620081 M4","tmt",0.123114779635465,"17 tmt","1 tmt"
"23034","M4","C4620081","1","18","C4620081 M4","tmt",0.122686976197098,"18 tmt","1 tmt"
"23035","M4","C4620081","1","19","C4620081 M4","tmt",0.122310894889317,"19 tmt","1 tmt"
"23036","M4","C4620081","1","20","C4620081 M4","tmt",0.121995358466412,"20 tmt","1 tmt"
"23037","M4","C4620081","1","21","C4620081 M4","tmt",0.121599925044101,"21 tmt","1 tmt"
"23038","M4","C4620081","1","22","C4620081 M4","tmt",0.121344527684128,"22 tmt","1 tmt"
"23039","M4","C4620081","1","23","C4620081 M4","tmt",0.121211197064318,"23 tmt","1 tmt"
"23040","M4","C4620081","1","24","C4620081 M4","tmt",0.121209238146831,"24 tmt","1 tmt"
"23041","M4","C4620081","1","25","C4620081 M4","tmt",0.120742459118444,"25 tmt","1 tmt"
"23042","M4","C4620081","1","26","C4620081 M4","tmt",0.120453407623234,"26 tmt","1 tmt"
"23043","M4","C4620081","1","27","C4620081 M4","tmt",0.118386871947384,"27 tmt","1 tmt"
"23044","M4","C4620081","1","28","C4620081 M4","tmt",0.118019539532521,"28 tmt","1 tmt"
"23045","M4","C4620081","1","29","C4620081 M4","tmt",0.116952793070912,"29 tmt","1 tmt"
"23046","M4","C4620081","1","30","C4620081 M4","tmt",0.116020409809625,"30 tmt","1 tmt"
"23047","M4","C4620081","1","31","C4620081 M4","tmt",0.115796170252545,"31 tmt","1 tmt"
"23048","M4","C4620081","1","32","C4620081 M4","tmt",0.115134230391805,"32 tmt","1 tmt"
"23049","M4","C4620081","1","33","C4620081 M4","tmt",0.114815603156967,"33 tmt","1 tmt"
"23050","M4","C4620081","1","34","C4620081 M4","tmt",0.114304585538817,"34 tmt","1 tmt"
"23051","M4","C4620081","1","35","C4620081 M4","tmt",0.113703102565037,"35 tmt","1 tmt"
"23052","M4","C4620081","1","36","C4620081 M4","tmt",0.113027987031743,"36 tmt","1 tmt"
"23053","M4","C4620081","1","37","C4620081 M4","tmt",0.111107045193048,"37 tmt","1 tmt"
"23054","M4","C4620081","1","38","C4620081 M4","tmt",0.110996219895386,"38 tmt","1 tmt"
"23055","M4","C4620081","1","39","C4620081 M4","tmt",0.110970993600189,"39 tmt","1 tmt"
"23056","M4","C4620081","1","40","C4620081 M4","tmt",0.110087753997898,"40 tmt","1 tmt"
"23057","M4","C4620081","1","41","C4620081 M4","tmt",0.109486864209008,"41 tmt","1 tmt"
"23058","M4","C4620081","1","42","C4620081 M4","tmt",0.109227961532554,"42 tmt","1 tmt"
"23059","M4","C4620081","1","43","C4620081 M4","tmt",0.108818953820258,"43 tmt","1 tmt"
"23060","M4","C4620081","1","44","C4620081 M4","tmt",0.108728758008512,"44 tmt","1 tmt"
"23061","M4","C4620081","1","45","C4620081 M4","tmt",0.108608932265341,"45 tmt","1 tmt"
"23062","M4","C4620081","1","46","C4620081 M4","tmt",0.108176889969008,"46 tmt","1 tmt"
"23063","M4","C4620081","1","47","C4620081 M4","tmt",0.107680398562583,"47 tmt","1 tmt"
"23064","M4","C4620081","1","48","C4620081 M4","tmt",0.107651934371088,"48 tmt","1 tmt"
"23065","M4","C4620081","1","49","C4620081 M4","tmt",0.107605389212042,"49 tmt","1 tmt"
"23066","M4","C4620081","1","50","C4620081 M4","tmt",0.107447916466835,"50 tmt","1 tmt"
"23067","M4","C4620081","1","51","C4620081 M4","tmt",0.107368708310968,"51 tmt","1 tmt"
"23068","M4","C4620081","1","52","C4620081 M4","tmt",0.107128531438806,"52 tmt","1 tmt"
"23069","M4","C4620081","1","53","C4620081 M4","tmt",0.104812329550253,"53 tmt","1 tmt"
"23070","M4","C4620081","1","54","C4620081 M4","tmt",0.10464099540753,"54 tmt","1 tmt"
"23071","M4","C4620081","1","55","C4620081 M4","tmt",0.103324576485305,"55 tmt","1 tmt"
"23072","M4","C4620081","1","56","C4620081 M4","tmt",0.103014544031118,"56 tmt","1 tmt"
"23073","M4","C4620081","1","57","C4620081 M4","tmt",0.102275146236039,"57 tmt","1 tmt"
"23074","M4","C4620081","1","58","C4620081 M4","tmt",0.101784475442734,"58 tmt","1 tmt"
"23075","M4","C4620081","1","59","C4620081 M4","tmt",0.100859806353453,"59 tmt","1 tmt"
"23076","M4","C4620081","1","60","C4620081 M4","tmt",0.100750636303465,"60 tmt","1 tmt"
"23077","M4","C4620081","1","61","C4620081 M4","tmt",0.100651356982615,"61 tmt","1 tmt"
"23078","M4","C4620081","1","62","C4620081 M4","tmt",0.099986503226155,"62 tmt","1 tmt"
"23079","M4","C4620081","1","63","C4620081 M4","tmt",0.0999717622758963,"63 tmt","1 tmt"
"23080","M4","C4620081","1","64","C4620081 M4","tmt",0.0998442190108812,"64 tmt","1 tmt"
"23081","M4","C4620081","1","65","C4620081 M4","tmt",0.0987080206034927,"65 tmt","1 tmt"
"23082","M4","C4620081","1","66","C4620081 M4","tmt",0.0983578562450363,"66 tmt","1 tmt"
"23083","M4","C4620081","1","67","C4620081 M4","tmt",0.098340159807912,"67 tmt","1 tmt"
"23084","M4","C4620081","1","68","C4620081 M4","tmt",0.0982076668747411,"68 tmt","1 tmt"
"23085","M4","C4620081","1","69","C4620081 M4","tmt",0.0978532034957115,"69 tmt","1 tmt"
"23086","M4","C4620081","1","70","C4620081 M4","tmt",0.0956455595460542,"70 tmt","1 tmt"
"23087","M4","C4620081","1","71","C4620081 M4","tmt",0.0955941257598071,"71 tmt","1 tmt"
"23088","M4","C4620081","1","72","C4620081 M4","tmt",0.0954190175614738,"72 tmt","1 tmt"
"23089","M4","C4620081","1","73","C4620081 M4","tmt",0.0953632162584471,"73 tmt","1 tmt"
"23090","M4","C4620081","1","74","C4620081 M4","tmt",0.0949582215317624,"74 tmt","1 tmt"
"23091","M4","C4620081","1","75","C4620081 M4","tmt",0.0948191226975644,"75 tmt","1 tmt"
"23092","M4","C4620081","1","76","C4620081 M4","tmt",0.0939698421825041,"76 tmt","1 tmt"
"23093","M4","C4620081","1","77","C4620081 M4","tmt",0.0937269516414764,"77 tmt","1 tmt"
"23094","M4","C4620081","1","78","C4620081 M4","tmt",0.0929908378658223,"78 tmt","1 tmt"
"23095","M4","C4620081","1","79","C4620081 M4","tmt",0.0925985834883166,"79 tmt","1 tmt"
"23096","M4","C4620081","1","80","C4620081 M4","tmt",0.092518067928078,"80 tmt","1 tmt"
"23097","M4","C4620081","1","81","C4620081 M4","tmt",0.0924952983946189,"81 tmt","1 tmt"
"23098","M4","C4620081","1","82","C4620081 M4","tmt",0.0923920191372735,"82 tmt","1 tmt"
"23099","M4","C4620081","1","83","C4620081 M4","tmt",0.0908473937241994,"83 tmt","1 tmt"
"23100","M4","C4620081","1","84","C4620081 M4","tmt",0.0901368197055319,"84 tmt","1 tmt"
"23101","M4","C4620081","1","85","C4620081 M4","tmt",0.0901079425777366,"85 tmt","1 tmt"
"23102","M4","C4620081","1","86","C4620081 M4","tmt",0.0897021911756184,"86 tmt","1 tmt"
"23103","M4","C4620081","1","87","C4620081 M4","tmt",0.0895072025369586,"87 tmt","1 tmt"
"23104","M4","C4620081","1","88","C4620081 M4","tmt",0.0895063670597685,"88 tmt","1 tmt"
"23105","M4","C4620081","1","89","C4620081 M4","tmt",0.0894367320851346,"89 tmt","1 tmt"
"23106","M4","C4620081","1","90","C4620081 M4","tmt",0.0894144919522459,"90 tmt","1 tmt"
"23107","M4","C4620081","1","91","C4620081 M4","tmt",0.0891613746038397,"91 tmt","1 tmt"
"23108","M4","C4620081","1","92","C4620081 M4","tmt",0.0887291415669315,"92 tmt","1 tmt"
"23109","M4","C4620081","1","93","C4620081 M4","tmt",0.0884291031429473,"93 tmt","1 tmt"
"23110","M4","C4620081","1","94","C4620081 M4","tmt",0.0860026307512751,"94 tmt","1 tmt"
"23111","M4","C4620081","1","95","C4620081 M4","tmt",0.083944951331301,"95 tmt","1 tmt"
"23112","M4","C4620081","1","96","C4620081 M4","tmt",0.0838835216441937,"96 tmt","1 tmt"
"23113","M4","C4620081","1","97","C4620081 M4","tmt",0.083408462009743,"97 tmt","1 tmt"
"23114","M4","C4620081","1","98","C4620081 M4","tmt",0.0833808996419235,"98 tmt","1 tmt"
"23115","M4","C4620081","1","99","C4620081 M4","tmt",0.0831886684029252,"99 tmt","1 tmt"
"23116","M4","C4620081","1","100","C4620081 M4","tmt",0.08311018607562,"100 tmt","1 tmt"
"23117","M4","C4620081","1","101","C4620081 M4","tmt",0.0827724357681705,"101 tmt","1 tmt"
"23118","M4","C4620081","1","102","C4620081 M4","tmt",0.0826856162482666,"102 tmt","1 tmt"
"23119","M4","C4620081","1","103","C4620081 M4","tmt",0.0820120768408707,"103 tmt","1 tmt"
"23120","M4","C4620081","1","104","C4620081 M4","tmt",0.0818272981712999,"104 tmt","1 tmt"
"23121","M4","C4620081","1","105","C4620081 M4","tmt",0.0810815668248174,"105 tmt","1 tmt"
"23122","M4","C4620081","1","106","C4620081 M4","tmt",0.0808729740469709,"106 tmt","1 tmt"
"23123","M4","C4620081","1","107","C4620081 M4","tmt",0.0807738423203841,"107 tmt","1 tmt"
"23124","M4","C4620081","1","108","C4620081 M4","tmt",0.0801618493778152,"108 tmt","1 tmt"
"23125","M4","C4620081","1","109","C4620081 M4","tmt",0.0800846082955857,"109 tmt","1 tmt"
"23126","M4","C4620081","1","110","C4620081 M4","tmt",0.0798117392693235,"110 tmt","1 tmt"
"23127","M4","C4620081","1","111","C4620081 M4","tmt",0.0782315568680109,"111 tmt","1 tmt"
"23128","M4","C4620081","1","112","C4620081 M4","tmt",0.0781503790419802,"112 tmt","1 tmt"
"23129","M4","C4620081","1","113","C4620081 M4","tmt",0.0780494752314531,"113 tmt","1 tmt"
"23130","M4","C4620081","1","114","C4620081 M4","tmt",0.0777038834062776,"114 tmt","1 tmt"
"23131","M4","C4620081","1","115","C4620081 M4","tmt",0.0775978287258914,"115 tmt","1 tmt"
"23132","M4","C4620081","1","116","C4620081 M4","tmt",0.0774561397317035,"116 tmt","1 tmt"
"23133","M4","C4620081","1","117","C4620081 M4","tmt",0.0772447942327443,"117 tmt","1 tmt"
"23134","M4","C4620081","1","118","C4620081 M4","tmt",0.0762871816952479,"118 tmt","1 tmt"
"23135","M4","C4620081","1","119","C4620081 M4","tmt",0.0754308864830236,"119 tmt","1 tmt"
"23136","M4","C4620081","1","120","C4620081 M4","tmt",0.0748067994498113,"120 tmt","1 tmt"
"23137","M4","C4620081","1","121","C4620081 M4","tmt",0.0746915462053024,"121 tmt","1 tmt"
"23138","M4","C4620081","1","122","C4620081 M4","tmt",0.0745646497662559,"122 tmt","1 tmt"
"23139","M4","C4620081","1","123","C4620081 M4","tmt",0.0744330429721138,"123 tmt","1 tmt"
"23140","M4","C4620081","1","124","C4620081 M4","tmt",0.0741848464470003,"124 tmt","1 tmt"
"23141","M4","C4620081","1","125","C4620081 M4","tmt",0.0740433144052948,"125 tmt","1 tmt"
"23142","M4","C4620081","1","126","C4620081 M4","tmt",0.0739220073719306,"126 tmt","1 tmt"
"23143","M4","C4620081","1","127","C4620081 M4","tmt",0.073607395075927,"127 tmt","1 tmt"
"23144","M4","C4620081","1","128","C4620081 M4","tmt",0.0726603096734312,"128 tmt","1 tmt"
"23145","M4","C4620081","1","129","C4620081 M4","tmt",0.0723404993004009,"129 tmt","1 tmt"
"23146","M4","C4620081","1","130","C4620081 M4","tmt",0.0723312060054922,"130 tmt","1 tmt"
"23147","M4","C4620081","1","131","C4620081 M4","tmt",0.0720359778353203,"131 tmt","1 tmt"
"23148","M4","C4620081","1","132","C4620081 M4","tmt",0.0718533193733367,"132 tmt","1 tmt"
"23149","M4","C4620081","1","133","C4620081 M4","tmt",0.071299362604062,"133 tmt","1 tmt"
"23150","M4","C4620081","1","134","C4620081 M4","tmt",0.0712311870036851,"134 tmt","1 tmt"
"23151","M4","C4620081","1","135","C4620081 M4","tmt",0.0709366581202118,"135 tmt","1 tmt"
"23152","M4","C4620081","1","136","C4620081 M4","tmt",0.0707678512498791,"136 tmt","1 tmt"
"23153","M4","C4620081","1","137","C4620081 M4","tmt",0.0703858218926822,"137 tmt","1 tmt"
"23154","M4","C4620081","1","138","C4620081 M4","tmt",0.0700822520714702,"138 tmt","1 tmt"
"23155","M4","C4620081","1","139","C4620081 M4","tmt",0.0698693386143024,"139 tmt","1 tmt"
"23156","M4","C4620081","1","140","C4620081 M4","tmt",0.0693238586535156,"140 tmt","1 tmt"
"23157","M4","C4620081","1","141","C4620081 M4","tmt",0.0690183810157554,"141 tmt","1 tmt"
"23158","M4","C4620081","1","142","C4620081 M4","tmt",0.0687637348125887,"142 tmt","1 tmt"
"23159","M4","C4620081","1","143","C4620081 M4","tmt",0.0683689066873335,"143 tmt","1 tmt"
"23160","M4","C4620081","1","144","C4620081 M4","tmt",0.0682712004295239,"144 tmt","1 tmt"
"23161","M4","C4620081","1","145","C4620081 M4","tmt",0.068112333843176,"145 tmt","1 tmt"
"23162","M4","C4620081","1","146","C4620081 M4","tmt",0.0670567542830633,"146 tmt","1 tmt"
"23163","M4","C4620081","1","147","C4620081 M4","tmt",0.066936309904748,"147 tmt","1 tmt"
"23164","M4","C4620081","1","148","C4620081 M4","tmt",0.0667699441028982,"148 tmt","1 tmt"
"23165","M4","C4620081","1","149","C4620081 M4","tmt",0.0667624269712523,"149 tmt","1 tmt"
"23166","M4","C4620081","1","150","C4620081 M4","tmt",0.0665632350883368,"150 tmt","1 tmt"
"23167","M4","C4620081","1","151","C4620081 M4","tmt",0.0661988576044348,"151 tmt","1 tmt"
"23168","M4","C4620081","1","152","C4620081 M4","tmt",0.0658053092071609,"152 tmt","1 tmt"
"23169","M4","C4620081","1","153","C4620081 M4","tmt",0.065207546394911,"153 tmt","1 tmt"
"23170","M4","C4620081","1","154","C4620081 M4","tmt",0.0651254646598972,"154 tmt","1 tmt"
"23171","M4","C4620081","1","155","C4620081 M4","tmt",0.0650699100706838,"155 tmt","1 tmt"
"23172","M4","C4620081","1","156","C4620081 M4","tmt",0.0649883274452638,"156 tmt","1 tmt"
"23173","M4","C4620081","1","157","C4620081 M4","tmt",0.0647773634002169,"157 tmt","1 tmt"
"23174","M4","C4620081","1","158","C4620081 M4","tmt",0.0644167045110987,"158 tmt","1 tmt"
"23175","M4","C4620081","1","159","C4620081 M4","tmt",0.0641058705613258,"159 tmt","1 tmt"
"23176","M4","C4620081","1","160","C4620081 M4","tmt",0.0640180009397187,"160 tmt","1 tmt"
"23177","M4","C4620081","1","161","C4620081 M4","tmt",0.0639812085767242,"161 tmt","1 tmt"
"23178","M4","C4620081","1","162","C4620081 M4","tmt",0.0627218002902665,"162 tmt","1 tmt"
"23179","M4","C4620081","1","163","C4620081 M4","tmt",0.062522327750248,"163 tmt","1 tmt"
"23180","M4","C4620081","1","164","C4620081 M4","tmt",0.0624114467113046,"164 tmt","1 tmt"
"23181","M4","C4620081","1","165","C4620081 M4","tmt",0.0617465771174768,"165 tmt","1 tmt"
"23182","M4","C4620081","1","166","C4620081 M4","tmt",0.0610892788490891,"166 tmt","1 tmt"
"23183","M4","C4620081","1","167","C4620081 M4","tmt",0.0607657802165905,"167 tmt","1 tmt"
"23184","M4","C4620081","1","168","C4620081 M4","tmt",0.0602413678400991,"168 tmt","1 tmt"
"23185","M4","C4620081","1","169","C4620081 M4","tmt",0.0594368958425833,"169 tmt","1 tmt"
"23186","M4","C4620081","1","170","C4620081 M4","tmt",0.059354768969989,"170 tmt","1 tmt"
"23187","M4","C4620081","1","171","C4620081 M4","tmt",0.0586857340140019,"171 tmt","1 tmt"
"23188","M4","C4620081","1","172","C4620081 M4","tmt",0.0583768914658237,"172 tmt","1 tmt"
"23189","M4","C4620081","1","173","C4620081 M4","tmt",0.0581163212714911,"173 tmt","1 tmt"
"23190","M4","C4620081","1","174","C4620081 M4","tmt",0.057858207373183,"174 tmt","1 tmt"
"23191","M4","C4620081","1","175","C4620081 M4","tmt",0.0578324019484373,"175 tmt","1 tmt"
"23192","M4","C4620081","1","176","C4620081 M4","tmt",0.0578239512632279,"176 tmt","1 tmt"
"23193","M4","C4620081","1","177","C4620081 M4","tmt",0.0575234240751953,"177 tmt","1 tmt"
"23194","M4","C4620081","1","178","C4620081 M4","tmt",0.0572610614834522,"178 tmt","1 tmt"
"23195","M4","C4620081","1","179","C4620081 M4","tmt",0.057231485533794,"179 tmt","1 tmt"
"23196","M4","C4620081","1","180","C4620081 M4","tmt",0.0572226403870659,"180 tmt","1 tmt"
"23197","M4","C4620081","1","181","C4620081 M4","tmt",0.0572189012151757,"181 tmt","1 tmt"
"23198","M4","C4620081","1","182","C4620081 M4","tmt",0.0568111731473388,"182 tmt","1 tmt"
"23199","M4","C4620081","1","183","C4620081 M4","tmt",0.0558423356567012,"183 tmt","1 tmt"
"23200","M4","C4620081","1","184","C4620081 M4","tmt",0.0555484818708888,"184 tmt","1 tmt"
"23201","M4","C4620081","1","185","C4620081 M4","tmt",0.0553392473295898,"185 tmt","1 tmt"
"23202","M4","C4620081","1","186","C4620081 M4","tmt",0.0552621285132152,"186 tmt","1 tmt"
"23203","M4","C4620081","1","187","C4620081 M4","tmt",0.0551399142700175,"187 tmt","1 tmt"
"23204","M4","C4620081","1","188","C4620081 M4","tmt",0.0545253311531462,"188 tmt","1 tmt"
"23205","M4","C4620081","1","189","C4620081 M4","tmt",0.0544752819043931,"189 tmt","1 tmt"
"23206","M4","C4620081","1","190","C4620081 M4","tmt",0.0544091492869161,"190 tmt","1 tmt"
"23207","M4","C4620081","1","191","C4620081 M4","tmt",0.0537015558616564,"191 tmt","1 tmt"
"23208","M4","C4620081","1","192","C4620081 M4","tmt",0.0533423936293062,"192 tmt","1 tmt"
"23209","M4","C4620081","1","193","C4620081 M4","tmt",0.0532732865602272,"193 tmt","1 tmt"
"23210","M4","C4620081","1","194","C4620081 M4","tmt",0.0527827321031569,"194 tmt","1 tmt"
"23211","M4","C4620081","1","195","C4620081 M4","tmt",0.0517075492120126,"195 tmt","1 tmt"
"23212","M4","C4620081","1","196","C4620081 M4","tmt",0.0515179852268458,"196 tmt","1 tmt"
"23213","M4","C4620081","1","197","C4620081 M4","tmt",0.0515099346418051,"197 tmt","1 tmt"
"23214","M4","C4620081","1","198","C4620081 M4","tmt",0.0513943108180916,"198 tmt","1 tmt"
"23215","M4","C4620081","1","199","C4620081 M4","tmt",0.0511703857512681,"199 tmt","1 tmt"
"23216","M4","C4620081","1","200","C4620081 M4","tmt",0.0508017267016192,"200 tmt","1 tmt"
"23217","M4","C4620081","1","201","C4620081 M4","tmt",0.0507177726108292,"201 tmt","1 tmt"
"23218","M4","C4620081","1","202","C4620081 M4","tmt",0.0505346079586113,"202 tmt","1 tmt"
"23219","M4","C4620081","1","203","C4620081 M4","tmt",0.0490083288493996,"203 tmt","1 tmt"
"23220","M4","C4620081","1","204","C4620081 M4","tmt",0.0488578574894589,"204 tmt","1 tmt"
"23221","M4","C4620081","1","205","C4620081 M4","tmt",0.0486062986172606,"205 tmt","1 tmt"
"23222","M4","C4620081","1","206","C4620081 M4","tmt",0.0481953022349688,"206 tmt","1 tmt"
"23223","M4","C4620081","1","207","C4620081 M4","tmt",0.0477770249840442,"207 tmt","1 tmt"
"23224","M4","C4620081","1","208","C4620081 M4","tmt",0.0477306568513764,"208 tmt","1 tmt"
"23225","M4","C4620081","1","209","C4620081 M4","tmt",0.0468258903797258,"209 tmt","1 tmt"
"23226","M4","C4620081","1","210","C4620081 M4","tmt",0.0459685310255386,"210 tmt","1 tmt"
"23227","M4","C4620081","1","211","C4620081 M4","tmt",0.0453862159113409,"211 tmt","1 tmt"
"23228","M4","C4620081","1","212","C4620081 M4","tmt",0.0453694577899581,"212 tmt","1 tmt"
"23229","M4","C4620081","1","213","C4620081 M4","tmt",0.0451907674972091,"213 tmt","1 tmt"
"23230","M4","C4620081","1","214","C4620081 M4","tmt",0.0451043047457887,"214 tmt","1 tmt"
"23231","M4","C4620081","1","215","C4620081 M4","tmt",0.0448940971528558,"215 tmt","1 tmt"
"23232","M4","C4620081","1","216","C4620081 M4","tmt",0.0437115600913495,"216 tmt","1 tmt"
"23233","M4","C4620081","1","217","C4620081 M4","tmt",0.0435726048810975,"217 tmt","1 tmt"
"23234","M4","C4620081","1","218","C4620081 M4","tmt",0.0431862214393735,"218 tmt","1 tmt"
"23235","M4","C4620081","1","219","C4620081 M4","tmt",0.0430463027638478,"219 tmt","1 tmt"
"23236","M4","C4620081","1","220","C4620081 M4","tmt",0.0428351159786479,"220 tmt","1 tmt"
"23237","M4","C4620081","1","221","C4620081 M4","tmt",0.0428277379579517,"221 tmt","1 tmt"
"23238","M4","C4620081","1","222","C4620081 M4","tmt",0.0426084904579122,"222 tmt","1 tmt"
"23239","M4","C4620081","1","223","C4620081 M4","tmt",0.0423969678132125,"223 tmt","1 tmt"
"23240","M4","C4620081","1","224","C4620081 M4","tmt",0.0415311865175126,"224 tmt","1 tmt"
"23241","M4","C4620081","1","225","C4620081 M4","tmt",0.0413098946511699,"225 tmt","1 tmt"
"23242","M4","C4620081","1","226","C4620081 M4","tmt",0.0410292537157483,"226 tmt","1 tmt"
"23243","M4","C4620081","1","227","C4620081 M4","tmt",0.0409800905584645,"227 tmt","1 tmt"
"23244","M4","C4620081","1","228","C4620081 M4","tmt",0.040356632957089,"228 tmt","1 tmt"
"23245","M4","C4620081","1","229","C4620081 M4","tmt",0.0401108173006681,"229 tmt","1 tmt"
"23246","M4","C4620081","1","230","C4620081 M4","tmt",0.0399810345404301,"230 tmt","1 tmt"
"23247","M4","C4620081","1","231","C4620081 M4","tmt",0.0399277523234683,"231 tmt","1 tmt"
"23248","M4","C4620081","1","232","C4620081 M4","tmt",0.0397577350408601,"232 tmt","1 tmt"
"23249","M4","C4620081","1","233","C4620081 M4","tmt",0.039151181126438,"233 tmt","1 tmt"
"23250","M4","C4620081","1","234","C4620081 M4","tmt",0.0390650182473936,"234 tmt","1 tmt"
"23251","M4","C4620081","1","235","C4620081 M4","tmt",0.0389648011870106,"235 tmt","1 tmt"
"23252","M4","C4620081","1","236","C4620081 M4","tmt",0.0389446826193622,"236 tmt","1 tmt"
"23253","M4","C4620081","1","237","C4620081 M4","tmt",0.0388881509884522,"237 tmt","1 tmt"
"23254","M4","C4620081","1","238","C4620081 M4","tmt",0.0388825322113741,"238 tmt","1 tmt"
"23255","M4","C4620081","1","239","C4620081 M4","tmt",0.0388038295049545,"239 tmt","1 tmt"
"23256","M4","C4620081","1","240","C4620081 M4","tmt",0.0385473055139757,"240 tmt","1 tmt"
"23257","M4","C4620081","1","241","C4620081 M4","tmt",0.0384690671265188,"241 tmt","1 tmt"
"23258","M4","C4620081","1","242","C4620081 M4","tmt",0.03830443373143,"242 tmt","1 tmt"
"23259","M4","C4620081","1","243","C4620081 M4","tmt",0.0382778693063061,"243 tmt","1 tmt"
"23260","M4","C4620081","1","244","C4620081 M4","tmt",0.037784875422324,"244 tmt","1 tmt"
"23261","M4","C4620081","1","245","C4620081 M4","tmt",0.0375716076831009,"245 tmt","1 tmt"
"23262","M4","C4620081","1","246","C4620081 M4","tmt",0.0372131445790975,"246 tmt","1 tmt"
"23263","M4","C4620081","1","247","C4620081 M4","tmt",0.0371399310251987,"247 tmt","1 tmt"
"23264","M4","C4620081","1","248","C4620081 M4","tmt",0.037139781699964,"248 tmt","1 tmt"
"23265","M4","C4620081","1","249","C4620081 M4","tmt",0.0361906414808515,"249 tmt","1 tmt"
"23266","M4","C4620081","1","250","C4620081 M4","tmt",0.035966266686386,"250 tmt","1 tmt"
"23267","M4","C4620081","1","251","C4620081 M4","tmt",0.0359275224971342,"251 tmt","1 tmt"
"23268","M4","C4620081","1","252","C4620081 M4","tmt",0.0352017318719891,"252 tmt","1 tmt"
"23269","M4","C4620081","1","253","C4620081 M4","tmt",0.0350810018117316,"253 tmt","1 tmt"
"23270","M4","C4620081","1","254","C4620081 M4","tmt",0.0349884183465396,"254 tmt","1 tmt"
"23271","M4","C4620081","1","255","C4620081 M4","tmt",0.0343715409827395,"255 tmt","1 tmt"
"23272","M4","C4620081","1","256","C4620081 M4","tmt",0.0343585958603467,"256 tmt","1 tmt"
"23273","M4","C4620081","1","257","C4620081 M4","tmt",0.0340615250209768,"257 tmt","1 tmt"
"23274","M4","C4620081","1","258","C4620081 M4","tmt",0.0336837173853418,"258 tmt","1 tmt"
"23275","M4","C4620081","1","259","C4620081 M4","tmt",0.0318716909003709,"259 tmt","1 tmt"
"23276","M4","C4620081","1","260","C4620081 M4","tmt",0.0313408779922028,"260 tmt","1 tmt"
"23277","M4","C4620081","1","261","C4620081 M4","tmt",0.0295172125754294,"261 tmt","1 tmt"
"23278","M4","C4620081","1","262","C4620081 M4","tmt",0.0289257992065452,"262 tmt","1 tmt"
"23279","M4","C4620081","1","263","C4620081 M4","tmt",0.0285601628138578,"263 tmt","1 tmt"
"23280","M4","C4620081","1","264","C4620081 M4","tmt",0.0281417281260268,"264 tmt","1 tmt"
"23281","M4","C4620081","1","265","C4620081 M4","tmt",0.0281326501398568,"265 tmt","1 tmt"
"23282","M4","C4620081","1","266","C4620081 M4","tmt",0.0279718122192708,"266 tmt","1 tmt"
"23283","M4","C4620081","1","267","C4620081 M4","tmt",0.0278927137662594,"267 tmt","1 tmt"
"23284","M4","C4620081","1","268","C4620081 M4","tmt",0.026722716427462,"268 tmt","1 tmt"
"23285","M4","C4620081","1","269","C4620081 M4","tmt",0.0264051365723463,"269 tmt","1 tmt"
"23286","M4","C4620081","1","270","C4620081 M4","tmt",0.0263136691763393,"270 tmt","1 tmt"
"23287","M4","C4620081","1","271","C4620081 M4","tmt",0.0253976494644641,"271 tmt","1 tmt"
"23288","M4","C4620081","1","272","C4620081 M4","tmt",0.0249542059533269,"272 tmt","1 tmt"
"23289","M4","C4620081","1","273","C4620081 M4","tmt",0.0246499419599613,"273 tmt","1 tmt"
"23290","M4","C4620081","1","274","C4620081 M4","tmt",0.0243170494085648,"274 tmt","1 tmt"
"23291","M4","C4620081","1","275","C4620081 M4","tmt",0.0240501227601299,"275 tmt","1 tmt"
"23292","M4","C4620081","1","276","C4620081 M4","tmt",0.0238752080729481,"276 tmt","1 tmt"
"23293","M4","C4620081","1","277","C4620081 M4","tmt",0.0234634746772811,"277 tmt","1 tmt"
"23294","M4","C4620081","1","278","C4620081 M4","tmt",0.022993436393998,"278 tmt","1 tmt"
"23295","M4","C4620081","1","279","C4620081 M4","tmt",0.0228918237038927,"279 tmt","1 tmt"
"23296","M4","C4620081","1","280","C4620081 M4","tmt",0.0220888929832034,"280 tmt","1 tmt"
"23297","M4","C4620081","1","281","C4620081 M4","tmt",0.0219584155757217,"281 tmt","1 tmt"
"23298","M4","C4620081","1","282","C4620081 M4","tmt",0.0217458295148757,"282 tmt","1 tmt"
"23299","M4","C4620081","1","283","C4620081 M4","tmt",0.0215851389335579,"283 tmt","1 tmt"
"23300","M4","C4620081","1","284","C4620081 M4","tmt",0.0212592202019941,"284 tmt","1 tmt"
"23301","M4","C4620081","1","285","C4620081 M4","tmt",0.0209623631633819,"285 tmt","1 tmt"
"23302","M4","C4620081","1","286","C4620081 M4","tmt",0.0204259387975121,"286 tmt","1 tmt"
"23303","M4","C4620081","1","287","C4620081 M4","tmt",0.0204128898362889,"287 tmt","1 tmt"
"23304","M4","C4620081","1","288","C4620081 M4","tmt",0.0195614277770069,"288 tmt","1 tmt"
"23305","M4","C4620081","1","289","C4620081 M4","tmt",0.0195097354782619,"289 tmt","1 tmt"
"23306","M4","C4620081","1","290","C4620081 M4","tmt",0.0191288378594207,"290 tmt","1 tmt"
"23307","M4","C4620081","1","291","C4620081 M4","tmt",0.0190820029547538,"291 tmt","1 tmt"
"23308","M4","C4620081","1","292","C4620081 M4","tmt",0.0187084569309436,"292 tmt","1 tmt"
"23309","M4","C4620081","1","293","C4620081 M4","tmt",0.0186869164519917,"293 tmt","1 tmt"
"23310","M4","C4620081","1","294","C4620081 M4","tmt",0.0183729851767476,"294 tmt","1 tmt"
"23311","M4","C4620081","1","295","C4620081 M4","tmt",0.0169139846612264,"295 tmt","1 tmt"
"23312","M4","C4620081","1","296","C4620081 M4","tmt",0.0168597147848063,"296 tmt","1 tmt"
"23313","M4","C4620081","1","297","C4620081 M4","tmt",0.0161836307409853,"297 tmt","1 tmt"
"23314","M4","C4620081","1","298","C4620081 M4","tmt",0.0159656139686554,"298 tmt","1 tmt"
"23315","M4","C4620081","1","299","C4620081 M4","tmt",0.0156422411502495,"299 tmt","1 tmt"
"23316","M4","C4620081","1","300","C4620081 M4","tmt",0.0155113179581378,"300 tmt","1 tmt"
"23317","M4","C4620081","1","301","C4620081 M4","tmt",0.0153409840258867,"301 tmt","1 tmt"
"23318","M4","C4620081","1","302","C4620081 M4","tmt",0.015311604616456,"302 tmt","1 tmt"
"23319","M4","C4620081","1","303","C4620081 M4","tmt",0.0151344619277507,"303 tmt","1 tmt"
"23320","M4","C4620081","1","304","C4620081 M4","tmt",0.0150935540352461,"304 tmt","1 tmt"
"23321","M4","C4620081","1","305","C4620081 M4","tmt",0.0148225270376003,"305 tmt","1 tmt"
"23322","M4","C4620081","1","306","C4620081 M4","tmt",0.014326167727275,"306 tmt","1 tmt"
"23323","M4","C4620081","1","307","C4620081 M4","tmt",0.0141783034981828,"307 tmt","1 tmt"
"23324","M4","C4620081","1","308","C4620081 M4","tmt",0.0140086929193963,"308 tmt","1 tmt"
"23325","M4","C4620081","1","309","C4620081 M4","tmt",0.0138715300593274,"309 tmt","1 tmt"
"23326","M4","C4620081","1","310","C4620081 M4","tmt",0.0129399745291447,"310 tmt","1 tmt"
"23327","M4","C4620081","1","311","C4620081 M4","tmt",0.0128774894121848,"311 tmt","1 tmt"
"23328","M4","C4620081","1","312","C4620081 M4","tmt",0.0127384187213461,"312 tmt","1 tmt"
"23329","M4","C4620081","1","313","C4620081 M4","tmt",0.0123473702735247,"313 tmt","1 tmt"
"23330","M4","C4620081","1","314","C4620081 M4","tmt",0.0119621415811802,"314 tmt","1 tmt"
"23331","M4","C4620081","1","315","C4620081 M4","tmt",0.0115879691062879,"315 tmt","1 tmt"
"23332","M4","C4620081","1","316","C4620081 M4","tmt",0.0113251174051196,"316 tmt","1 tmt"
"23333","M4","C4620081","1","317","C4620081 M4","tmt",0.0111194840557287,"317 tmt","1 tmt"
"23334","M4","C4620081","1","318","C4620081 M4","tmt",0.011037999837592,"318 tmt","1 tmt"
"23335","M4","C4620081","1","319","C4620081 M4","tmt",0.0104899270815832,"319 tmt","1 tmt"
"23336","M4","C4620081","1","320","C4620081 M4","tmt",0.00988314575458115,"320 tmt","1 tmt"
"23337","M4","C4620081","1","321","C4620081 M4","tmt",0.00954051340730856,"321 tmt","1 tmt"
"23338","M4","C4620081","1","322","C4620081 M4","tmt",0.00914074695562892,"322 tmt","1 tmt"
"23339","M4","C4620081","1","323","C4620081 M4","tmt",0.00822551391467129,"323 tmt","1 tmt"
"23340","M4","C4620081","1","324","C4620081 M4","tmt",0.00694457507130004,"324 tmt","1 tmt"
"23341","M4","C4620081","1","325","C4620081 M4","tmt",0.00654470161915999,"325 tmt","1 tmt"
"23342","M4","C4620081","1","326","C4620081 M4","tmt",0.00641926568601531,"326 tmt","1 tmt"
"23343","M4","C4620081","1","327","C4620081 M4","tmt",0.00624784716689396,"327 tmt","1 tmt"
"23344","M4","C4620081","1","328","C4620081 M4","tmt",0.00543405130853408,"328 tmt","1 tmt"
"23345","M4","C4620081","1","329","C4620081 M4","tmt",0.00539673328832972,"329 tmt","1 tmt"
"23346","M4","C4620081","1","330","C4620081 M4","tmt",0.00537373171895758,"330 tmt","1 tmt"
"23347","M4","C4620081","1","331","C4620081 M4","tmt",0.0053243886858621,"331 tmt","1 tmt"
"23348","M4","C4620081","1","332","C4620081 M4","tmt",0.00498482231303137,"332 tmt","1 tmt"
"23349","M4","C4620081","1","333","C4620081 M4","tmt",0.0048505530541273,"333 tmt","1 tmt"
"23350","M4","C4620081","1","334","C4620081 M4","tmt",0.00481963039010378,"334 tmt","1 tmt"
"23351","M4","C4620081","1","335","C4620081 M4","tmt",0.00388496327035582,"335 tmt","1 tmt"
"23352","M4","C4620081","1","336","C4620081 M4","tmt",0.00376051445412038,"336 tmt","1 tmt"
"23353","M4","C4620081","1","337","C4620081 M4","tmt",0.00321140595843738,"337 tmt","1 tmt"
"23354","M4","C4620081","1","338","C4620081 M4","tmt",0.0031418127747588,"338 tmt","1 tmt"
"23355","M4","C4620081","1","339","C4620081 M4","tmt",0.00298105444298169,"339 tmt","1 tmt"
"23356","M4","C4620081","1","340","C4620081 M4","tmt",0.00288653720156828,"340 tmt","1 tmt"
"23357","M4","C4620081","1","341","C4620081 M4","tmt",0.00275538221500912,"341 tmt","1 tmt"
"23358","M4","C4620081","1","342","C4620081 M4","tmt",0.00190077366615955,"342 tmt","1 tmt"
"23359","M4","C4620081","1","343","C4620081 M4","tmt",0.00185852712200038,"343 tmt","1 tmt"
"23360","M4","C4620081","1","344","C4620081 M4","tmt",0.00154802442066474,"344 tmt","1 tmt"
"23361","M4","C4620081","1","345","C4620081 M4","tmt",-0.000210986031866389,"345 tmt","1 tmt"
"23362","M4","C4620081","1","346","C4620081 M4","tmt",-0.000963896478565909,"346 tmt","1 tmt"
"23363","M4","C4620081","1","347","C4620081 M4","tmt",-0.00154445570319694,"347 tmt","1 tmt"
"23364","M4","C4620081","1","348","C4620081 M4","tmt",-0.0022397459394108,"348 tmt","1 tmt"
"23365","M4","C4620081","1","349","C4620081 M4","tmt",-0.0022799165575537,"349 tmt","1 tmt"
"23366","M4","C4620081","1","350","C4620081 M4","tmt",-0.00234425904466227,"350 tmt","1 tmt"
"23367","M4","C4620081","1","351","C4620081 M4","tmt",-0.00292472965560898,"351 tmt","1 tmt"
"23368","M4","C4620081","1","352","C4620081 M4","tmt",-0.0029723876064438,"352 tmt","1 tmt"
"23369","M4","C4620081","1","353","C4620081 M4","tmt",-0.00302097085694257,"353 tmt","1 tmt"
"23370","M4","C4620081","1","354","C4620081 M4","tmt",-0.00372842162160619,"354 tmt","1 tmt"
"23371","M4","C4620081","1","355","C4620081 M4","tmt",-0.00381148855760345,"355 tmt","1 tmt"
"23372","M4","C4620081","1","356","C4620081 M4","tmt",-0.00434348037612454,"356 tmt","1 tmt"
"23373","M4","C4620081","1","357","C4620081 M4","tmt",-0.00480770110185536,"357 tmt","1 tmt"
"23374","M4","C4620081","1","358","C4620081 M4","tmt",-0.00688939898512763,"358 tmt","1 tmt"
"23375","M4","C4620081","1","359","C4620081 M4","tmt",-0.00845307308124679,"359 tmt","1 tmt"
"23376","M4","C4620081","1","360","C4620081 M4","tmt",-0.00930565752088669,"360 tmt","1 tmt"
"23377","M4","C4620081","1","361","C4620081 M4","tmt",-0.0103808081916935,"361 tmt","1 tmt"
"23378","M4","C4620081","1","362","C4620081 M4","tmt",-0.0106701769620719,"362 tmt","1 tmt"
"23379","M4","C4620081","1","363","C4620081 M4","tmt",-0.0108389074098961,"363 tmt","1 tmt"
"23380","M4","C4620081","1","364","C4620081 M4","tmt",-0.011171199512135,"364 tmt","1 tmt"
"23381","M4","C4620081","1","365","C4620081 M4","tmt",-0.011352665768422,"365 tmt","1 tmt"
"23382","M4","C4620081","1","366","C4620081 M4","tmt",-0.0116834547291564,"366 tmt","1 tmt"
"23383","M4","C4620081","1","367","C4620081 M4","tmt",-0.0122578293811248,"367 tmt","1 tmt"
"23384","M4","C4620081","1","368","C4620081 M4","tmt",-0.0134110831876116,"368 tmt","1 tmt"
"23385","M4","C4620081","1","369","C4620081 M4","tmt",-0.0137089242759292,"369 tmt","1 tmt"
"23386","M4","C4620081","1","370","C4620081 M4","tmt",-0.0142680873049859,"370 tmt","1 tmt"
"23387","M4","C4620081","1","371","C4620081 M4","tmt",-0.0145533507474247,"371 tmt","1 tmt"
"23388","M4","C4620081","1","372","C4620081 M4","tmt",-0.0151016547724913,"372 tmt","1 tmt"
"23389","M4","C4620081","1","373","C4620081 M4","tmt",-0.0152788863103771,"373 tmt","1 tmt"
"23390","M4","C4620081","1","374","C4620081 M4","tmt",-0.0156552065508305,"374 tmt","1 tmt"
"23391","M4","C4620081","1","375","C4620081 M4","tmt",-0.0156917714550487,"375 tmt","1 tmt"
"23392","M4","C4620081","1","376","C4620081 M4","tmt",-0.0158473489658478,"376 tmt","1 tmt"
"23393","M4","C4620081","1","377","C4620081 M4","tmt",-0.0162624744047129,"377 tmt","1 tmt"
"23394","M4","C4620081","1","378","C4620081 M4","tmt",-0.0163025613703857,"378 tmt","1 tmt"
"23395","M4","C4620081","1","379","C4620081 M4","tmt",-0.0164423010368298,"379 tmt","1 tmt"
"23396","M4","C4620081","1","380","C4620081 M4","tmt",-0.0177692097628538,"380 tmt","1 tmt"
"23397","M4","C4620081","1","381","C4620081 M4","tmt",-0.0177957976981488,"381 tmt","1 tmt"
"23398","M4","C4620081","1","382","C4620081 M4","tmt",-0.0182176704660534,"382 tmt","1 tmt"
"23399","M4","C4620081","1","383","C4620081 M4","tmt",-0.018476669877931,"383 tmt","1 tmt"
"23400","M4","C4620081","1","384","C4620081 M4","tmt",-0.0192194511022694,"384 tmt","1 tmt"
"23401","M4","C4620081","1","385","C4620081 M4","tmt",-0.0192763173121572,"385 tmt","1 tmt"
"23402","M4","C4620081","1","386","C4620081 M4","tmt",-0.0196252413009949,"386 tmt","1 tmt"
"23403","M4","C4620081","1","387","C4620081 M4","tmt",-0.0207173988536583,"387 tmt","1 tmt"
"23404","M4","C4620081","1","388","C4620081 M4","tmt",-0.0208909798325461,"388 tmt","1 tmt"
"23405","M4","C4620081","1","389","C4620081 M4","tmt",-0.0211201321039165,"389 tmt","1 tmt"
"23406","M4","C4620081","1","390","C4620081 M4","tmt",-0.0222188383282566,"390 tmt","1 tmt"
"23407","M4","C4620081","1","391","C4620081 M4","tmt",-0.0230683333914486,"391 tmt","1 tmt"
"23408","M4","C4620081","1","392","C4620081 M4","tmt",-0.0236650885222939,"392 tmt","1 tmt"
"23409","M4","C4620081","1","393","C4620081 M4","tmt",-0.0240587765754278,"393 tmt","1 tmt"
"23410","M4","C4620081","1","394","C4620081 M4","tmt",-0.0253085909750813,"394 tmt","1 tmt"
"23411","M4","C4620081","1","395","C4620081 M4","tmt",-0.0255735185582135,"395 tmt","1 tmt"
"23412","M4","C4620081","1","396","C4620081 M4","tmt",-0.0256484958535469,"396 tmt","1 tmt"
"23413","M4","C4620081","1","397","C4620081 M4","tmt",-0.0258761340837495,"397 tmt","1 tmt"
"23414","M4","C4620081","1","398","C4620081 M4","tmt",-0.0264143250424578,"398 tmt","1 tmt"
"23415","M4","C4620081","1","399","C4620081 M4","tmt",-0.0264396061391886,"399 tmt","1 tmt"
"23416","M4","C4620081","1","400","C4620081 M4","tmt",-0.0265538977005191,"400 tmt","1 tmt"
"23417","M4","C4620081","1","401","C4620081 M4","tmt",-0.0267320565510447,"401 tmt","1 tmt"
"23418","M4","C4620081","1","402","C4620081 M4","tmt",-0.0273136129703048,"402 tmt","1 tmt"
"23419","M4","C4620081","1","403","C4620081 M4","tmt",-0.0274141803455263,"403 tmt","1 tmt"
"23420","M4","C4620081","1","404","C4620081 M4","tmt",-0.0283645125777538,"404 tmt","1 tmt"
"23421","M4","C4620081","1","405","C4620081 M4","tmt",-0.0290218523840057,"405 tmt","1 tmt"
"23422","M4","C4620081","1","406","C4620081 M4","tmt",-0.0299660143910325,"406 tmt","1 tmt"
"23423","M4","C4620081","1","407","C4620081 M4","tmt",-0.0300217450433839,"407 tmt","1 tmt"
"23424","M4","C4620081","1","408","C4620081 M4","tmt",-0.031731498269048,"408 tmt","1 tmt"
"23425","M4","C4620081","1","409","C4620081 M4","tmt",-0.0339480144445087,"409 tmt","1 tmt"
"23426","M4","C4620081","1","410","C4620081 M4","tmt",-0.0350603732037677,"410 tmt","1 tmt"
"23427","M4","C4620081","1","411","C4620081 M4","tmt",-0.0352937324298798,"411 tmt","1 tmt"
"23428","M4","C4620081","1","412","C4620081 M4","tmt",-0.0359118206748763,"412 tmt","1 tmt"
"23429","M4","C4620081","1","413","C4620081 M4","tmt",-0.0377342991948334,"413 tmt","1 tmt"
"23430","M4","C4620081","1","414","C4620081 M4","tmt",-0.0380352699266191,"414 tmt","1 tmt"
"23431","M4","C4620081","1","415","C4620081 M4","tmt",-0.0382215605769941,"415 tmt","1 tmt"
"23432","M4","C4620081","1","416","C4620081 M4","tmt",-0.0391807901926063,"416 tmt","1 tmt"
"23433","M4","C4620081","1","417","C4620081 M4","tmt",-0.0393879260549085,"417 tmt","1 tmt"
"23434","M4","C4620081","1","418","C4620081 M4","tmt",-0.0396097836574249,"418 tmt","1 tmt"
"23435","M4","C4620081","1","419","C4620081 M4","tmt",-0.0400594705570805,"419 tmt","1 tmt"
"23436","M4","C4620081","1","420","C4620081 M4","tmt",-0.0401845386831431,"420 tmt","1 tmt"
"23437","M4","C4620081","1","421","C4620081 M4","tmt",-0.0411848189944288,"421 tmt","1 tmt"
"23438","M4","C4620081","1","422","C4620081 M4","tmt",-0.0420084259509446,"422 tmt","1 tmt"
"23439","M4","C4620081","1","423","C4620081 M4","tmt",-0.0420393982620295,"423 tmt","1 tmt"
"23440","M4","C4620081","1","424","C4620081 M4","tmt",-0.0453806732700288,"424 tmt","1 tmt"
"23441","M4","C4620081","1","425","C4620081 M4","tmt",-0.0465426738600952,"425 tmt","1 tmt"
"23442","M4","C4620081","1","426","C4620081 M4","tmt",-0.0502334399370839,"426 tmt","1 tmt"
"23443","M4","C4620081","1","427","C4620081 M4","tmt",-0.0504709963187098,"427 tmt","1 tmt"
"23444","M4","C4620081","1","428","C4620081 M4","tmt",-0.0535489913392644,"428 tmt","1 tmt"
"23445","M4","C4620081","1","429","C4620081 M4","tmt",-0.0579936065759543,"429 tmt","1 tmt"
"23446","M4","C4620081","1","430","C4620081 M4","tmt",-0.0620512781176399,"430 tmt","1 tmt"
"23447","M4","C4620081","1","431","C4620081 M4","tmt",-0.0641711686113163,"431 tmt","1 tmt"
"23448","M4","C4620081","1","432","C4620081 M4","tmt",-0.0648989874918833,"432 tmt","1 tmt"
"23449","M4","C4620081","1","433","C4620081 M4","tmt",-0.068245453375261,"433 tmt","1 tmt"
"23450","M4","C4620081","1","434","C4620081 M4","tmt",-0.0687441552872309,"434 tmt","1 tmt"
"23451","M4","C4620081","1","435","C4620081 M4","tmt",-0.0691287544775859,"435 tmt","1 tmt"
"23452","M4","C4620081","1","436","C4620081 M4","tmt",-0.0701377444184134,"436 tmt","1 tmt"
"23453","M4","C4620081","1","437","C4620081 M4","tmt",-0.0703330676214764,"437 tmt","1 tmt"
"23454","M4","C4620081","1","438","C4620081 M4","tmt",-0.0721644698006909,"438 tmt","1 tmt"
"23455","M4","C4620081","1","439","C4620081 M4","tmt",-0.0778639241077854,"439 tmt","1 tmt"
"23456","M4","C4620081","1","440","C4620081 M4","tmt",-0.0839593955567265,"440 tmt","1 tmt"
"23457","M4","C4620081","1","441","C4620081 M4","tmt",-0.0869942778216431,"441 tmt","1 tmt"
"23458","M4","C4620081","1","442","C4620081 M4","tmt",-0.105937657622222,"442 tmt","1 tmt"
"23459","M5","C4620081","1","0","C4620081 M5","tmt",0.315963178774309,"0 tmt","1 tmt"
"23460","M5","C4620081","1","1","C4620081 M5","tmt",0.305694637398462,"1 tmt","1 tmt"
"23461","M5","C4620081","1","2","C4620081 M5","tmt",0.303642552804111,"2 tmt","1 tmt"
"23462","M5","C4620081","1","3","C4620081 M5","tmt",0.302394422922828,"3 tmt","1 tmt"
"23463","M5","C4620081","1","4","C4620081 M5","tmt",0.292399146931145,"4 tmt","1 tmt"
"23464","M5","C4620081","1","5","C4620081 M5","tmt",0.288601780022349,"5 tmt","1 tmt"
"23465","M5","C4620081","1","6","C4620081 M5","tmt",0.283290685157346,"6 tmt","1 tmt"
"23466","M5","C4620081","1","7","C4620081 M5","tmt",0.282017120972027,"7 tmt","1 tmt"
"23467","M5","C4620081","1","8","C4620081 M5","tmt",0.279900141808716,"8 tmt","1 tmt"
"23468","M5","C4620081","1","9","C4620081 M5","tmt",0.278028365233313,"9 tmt","1 tmt"
"23469","M5","C4620081","1","10","C4620081 M5","tmt",0.276905254569558,"10 tmt","1 tmt"
"23470","M5","C4620081","1","11","C4620081 M5","tmt",0.27676873849724,"11 tmt","1 tmt"
"23471","M5","C4620081","1","12","C4620081 M5","tmt",0.274251373524454,"12 tmt","1 tmt"
"23472","M5","C4620081","1","13","C4620081 M5","tmt",0.26999467289615,"13 tmt","1 tmt"
"23473","M5","C4620081","1","14","C4620081 M5","tmt",0.264983620544186,"14 tmt","1 tmt"
"23474","M5","C4620081","1","15","C4620081 M5","tmt",0.264332970256303,"15 tmt","1 tmt"
"23475","M5","C4620081","1","16","C4620081 M5","tmt",0.264307352238329,"16 tmt","1 tmt"
"23476","M5","C4620081","1","17","C4620081 M5","tmt",0.257574995328859,"17 tmt","1 tmt"
"23477","M5","C4620081","1","18","C4620081 M5","tmt",0.253464700148912,"18 tmt","1 tmt"
"23478","M5","C4620081","1","19","C4620081 M5","tmt",0.253170302420371,"19 tmt","1 tmt"
"23479","M5","C4620081","1","20","C4620081 M5","tmt",0.252575786549757,"20 tmt","1 tmt"
"23480","M5","C4620081","1","21","C4620081 M5","tmt",0.251386958355457,"21 tmt","1 tmt"
"23481","M5","C4620081","1","22","C4620081 M5","tmt",0.250029832239303,"22 tmt","1 tmt"
"23482","M5","C4620081","1","23","C4620081 M5","tmt",0.248656390937641,"23 tmt","1 tmt"
"23483","M5","C4620081","1","24","C4620081 M5","tmt",0.248131192866643,"24 tmt","1 tmt"
"23484","M5","C4620081","1","25","C4620081 M5","tmt",0.246002968789088,"25 tmt","1 tmt"
"23485","M5","C4620081","1","26","C4620081 M5","tmt",0.244677756405574,"26 tmt","1 tmt"
"23486","M5","C4620081","1","27","C4620081 M5","tmt",0.244345295501768,"27 tmt","1 tmt"
"23487","M5","C4620081","1","28","C4620081 M5","tmt",0.240591212518511,"28 tmt","1 tmt"
"23488","M5","C4620081","1","29","C4620081 M5","tmt",0.239631498815609,"29 tmt","1 tmt"
"23489","M5","C4620081","1","30","C4620081 M5","tmt",0.237732181037725,"30 tmt","1 tmt"
"23490","M5","C4620081","1","31","C4620081 M5","tmt",0.237027538797759,"31 tmt","1 tmt"
"23491","M5","C4620081","1","32","C4620081 M5","tmt",0.236542188472367,"32 tmt","1 tmt"
"23492","M5","C4620081","1","33","C4620081 M5","tmt",0.235542075145707,"33 tmt","1 tmt"
"23493","M5","C4620081","1","34","C4620081 M5","tmt",0.234230341672699,"34 tmt","1 tmt"
"23494","M5","C4620081","1","35","C4620081 M5","tmt",0.234111265845436,"35 tmt","1 tmt"
"23495","M5","C4620081","1","36","C4620081 M5","tmt",0.234084352365552,"36 tmt","1 tmt"
"23496","M5","C4620081","1","37","C4620081 M5","tmt",0.23316423692749,"37 tmt","1 tmt"
"23497","M5","C4620081","1","38","C4620081 M5","tmt",0.231877459519814,"38 tmt","1 tmt"
"23498","M5","C4620081","1","39","C4620081 M5","tmt",0.231293947333318,"39 tmt","1 tmt"
"23499","M5","C4620081","1","40","C4620081 M5","tmt",0.228642861668635,"40 tmt","1 tmt"
"23500","M5","C4620081","1","41","C4620081 M5","tmt",0.226337798911993,"41 tmt","1 tmt"
"23501","M5","C4620081","1","42","C4620081 M5","tmt",0.225216076924845,"42 tmt","1 tmt"
"23502","M5","C4620081","1","43","C4620081 M5","tmt",0.225177098662501,"43 tmt","1 tmt"
"23503","M5","C4620081","1","44","C4620081 M5","tmt",0.222750644750065,"44 tmt","1 tmt"
"23504","M5","C4620081","1","45","C4620081 M5","tmt",0.221559666745072,"45 tmt","1 tmt"
"23505","M5","C4620081","1","46","C4620081 M5","tmt",0.220403218864533,"46 tmt","1 tmt"
"23506","M5","C4620081","1","47","C4620081 M5","tmt",0.219072754759287,"47 tmt","1 tmt"
"23507","M5","C4620081","1","48","C4620081 M5","tmt",0.213931871435949,"48 tmt","1 tmt"
"23508","M5","C4620081","1","49","C4620081 M5","tmt",0.213893477523611,"49 tmt","1 tmt"
"23509","M5","C4620081","1","50","C4620081 M5","tmt",0.211584408798293,"50 tmt","1 tmt"
"23510","M5","C4620081","1","51","C4620081 M5","tmt",0.210984752722951,"51 tmt","1 tmt"
"23511","M5","C4620081","1","52","C4620081 M5","tmt",0.206542091324618,"52 tmt","1 tmt"
"23512","M5","C4620081","1","53","C4620081 M5","tmt",0.206179467605804,"53 tmt","1 tmt"
"23513","M5","C4620081","1","54","C4620081 M5","tmt",0.204669618997707,"54 tmt","1 tmt"
"23514","M5","C4620081","1","55","C4620081 M5","tmt",0.204048882210483,"55 tmt","1 tmt"
"23515","M5","C4620081","1","56","C4620081 M5","tmt",0.203631083257828,"56 tmt","1 tmt"
"23516","M5","C4620081","1","57","C4620081 M5","tmt",0.203206775149739,"57 tmt","1 tmt"
"23517","M5","C4620081","1","58","C4620081 M5","tmt",0.19996532133218,"58 tmt","1 tmt"
"23518","M5","C4620081","1","59","C4620081 M5","tmt",0.19840794913713,"59 tmt","1 tmt"
"23519","M5","C4620081","1","60","C4620081 M5","tmt",0.198374717457918,"60 tmt","1 tmt"
"23520","M5","C4620081","1","61","C4620081 M5","tmt",0.197449422395737,"61 tmt","1 tmt"
"23521","M5","C4620081","1","62","C4620081 M5","tmt",0.19662555553418,"62 tmt","1 tmt"
"23522","M5","C4620081","1","63","C4620081 M5","tmt",0.193373564731075,"63 tmt","1 tmt"
"23523","M5","C4620081","1","64","C4620081 M5","tmt",0.191951449975852,"64 tmt","1 tmt"
"23524","M5","C4620081","1","65","C4620081 M5","tmt",0.190630049598581,"65 tmt","1 tmt"
"23525","M5","C4620081","1","66","C4620081 M5","tmt",0.189439228380037,"66 tmt","1 tmt"
"23526","M5","C4620081","1","67","C4620081 M5","tmt",0.18871899281399,"67 tmt","1 tmt"
"23527","M5","C4620081","1","68","C4620081 M5","tmt",0.188455033743954,"68 tmt","1 tmt"
"23528","M5","C4620081","1","69","C4620081 M5","tmt",0.188265531084671,"69 tmt","1 tmt"
"23529","M5","C4620081","1","70","C4620081 M5","tmt",0.187156601958767,"70 tmt","1 tmt"
"23530","M5","C4620081","1","71","C4620081 M5","tmt",0.184971229288771,"71 tmt","1 tmt"
"23531","M5","C4620081","1","72","C4620081 M5","tmt",0.184216990440072,"72 tmt","1 tmt"
"23532","M5","C4620081","1","73","C4620081 M5","tmt",0.182885525759634,"73 tmt","1 tmt"
"23533","M5","C4620081","1","74","C4620081 M5","tmt",0.180944827550068,"74 tmt","1 tmt"
"23534","M5","C4620081","1","75","C4620081 M5","tmt",0.171196900728564,"75 tmt","1 tmt"
"23535","M5","C4620081","1","76","C4620081 M5","tmt",0.169053949919862,"76 tmt","1 tmt"
"23536","M5","C4620081","1","77","C4620081 M5","tmt",0.168964820509318,"77 tmt","1 tmt"
"23537","M5","C4620081","1","78","C4620081 M5","tmt",0.168493178500533,"78 tmt","1 tmt"
"23538","M5","C4620081","1","79","C4620081 M5","tmt",0.166606794479671,"79 tmt","1 tmt"
"23539","M5","C4620081","1","80","C4620081 M5","tmt",0.165448977015652,"80 tmt","1 tmt"
"23540","M5","C4620081","1","81","C4620081 M5","tmt",0.163268382179642,"81 tmt","1 tmt"
"23541","M5","C4620081","1","82","C4620081 M5","tmt",0.163193044993438,"82 tmt","1 tmt"
"23542","M5","C4620081","1","83","C4620081 M5","tmt",0.15457770827948,"83 tmt","1 tmt"
"23543","M5","C4620081","1","84","C4620081 M5","tmt",0.152338194799231,"84 tmt","1 tmt"
"23544","M5","C4620081","1","85","C4620081 M5","tmt",0.152061475617951,"85 tmt","1 tmt"
"23545","M5","C4620081","1","86","C4620081 M5","tmt",0.150018306074412,"86 tmt","1 tmt"
"23546","M5","C4620081","1","87","C4620081 M5","tmt",0.149071543435193,"87 tmt","1 tmt"
"23547","M5","C4620081","1","88","C4620081 M5","tmt",0.143327444213082,"88 tmt","1 tmt"
"23548","M5","C4620081","1","89","C4620081 M5","tmt",0.137648241246406,"89 tmt","1 tmt"
"23549","M5","C4620081","1","90","C4620081 M5","tmt",0.136865699067769,"90 tmt","1 tmt"
"23550","M5","C4620081","1","91","C4620081 M5","tmt",0.136172001216199,"91 tmt","1 tmt"
"23551","M5","C4620081","1","92","C4620081 M5","tmt",0.136008387762989,"92 tmt","1 tmt"
"23552","M5","C4620081","1","93","C4620081 M5","tmt",0.134173005753968,"93 tmt","1 tmt"
"23553","M5","C4620081","1","94","C4620081 M5","tmt",0.124965747215958,"94 tmt","1 tmt"
"23554","M5","C4620081","1","95","C4620081 M5","tmt",0.124323111904034,"95 tmt","1 tmt"
"23555","M5","C4620081","1","96","C4620081 M5","tmt",0.124269818932938,"96 tmt","1 tmt"
"23556","M5","C4620081","1","97","C4620081 M5","tmt",0.123763434346724,"97 tmt","1 tmt"
"23557","M5","C4620081","1","98","C4620081 M5","tmt",0.11718430269819,"98 tmt","1 tmt"
"23558","M5","C4620081","1","99","C4620081 M5","tmt",0.115126093738848,"99 tmt","1 tmt"
"23559","M5","C4620081","1","100","C4620081 M5","tmt",0.113995811380371,"100 tmt","1 tmt"
"23560","M5","C4620081","1","101","C4620081 M5","tmt",0.112464513469919,"101 tmt","1 tmt"
"23561","M5","C4620081","1","102","C4620081 M5","tmt",0.109428578655369,"102 tmt","1 tmt"
"23562","M5","C4620081","1","103","C4620081 M5","tmt",0.108283004510612,"103 tmt","1 tmt"
"23563","M5","C4620081","1","104","C4620081 M5","tmt",0.107656857863374,"104 tmt","1 tmt"
"23564","M5","C4620081","1","105","C4620081 M5","tmt",0.103937852505156,"105 tmt","1 tmt"
"23565","M5","C4620081","1","106","C4620081 M5","tmt",0.101290501571396,"106 tmt","1 tmt"
"23566","M5","C4620081","1","107","C4620081 M5","tmt",0.0992897113855813,"107 tmt","1 tmt"
"23567","M5","C4620081","1","108","C4620081 M5","tmt",0.0990336740490979,"108 tmt","1 tmt"
"23568","M5","C4620081","1","109","C4620081 M5","tmt",0.0985264750214227,"109 tmt","1 tmt"
"23569","M5","C4620081","1","110","C4620081 M5","tmt",0.0966747918877399,"110 tmt","1 tmt"
"23570","M5","C4620081","1","111","C4620081 M5","tmt",0.0918735697458976,"111 tmt","1 tmt"
"23571","M5","C4620081","1","112","C4620081 M5","tmt",0.090301194794365,"112 tmt","1 tmt"
"23572","M5","C4620081","1","113","C4620081 M5","tmt",0.0899279473255789,"113 tmt","1 tmt"
"23573","M5","C4620081","1","114","C4620081 M5","tmt",0.0886772673454929,"114 tmt","1 tmt"
"23574","M5","C4620081","1","115","C4620081 M5","tmt",0.0856248583618245,"115 tmt","1 tmt"
"23575","M5","C4620081","1","116","C4620081 M5","tmt",0.0806430383689831,"116 tmt","1 tmt"
"23576","M5","C4620081","1","117","C4620081 M5","tmt",0.0789720023118783,"117 tmt","1 tmt"
"23577","M5","C4620081","1","118","C4620081 M5","tmt",0.0785006154161944,"118 tmt","1 tmt"
"23578","M5","C4620081","1","119","C4620081 M5","tmt",0.074498154621872,"119 tmt","1 tmt"
"23579","M5","C4620081","1","120","C4620081 M5","tmt",0.0735236272823796,"120 tmt","1 tmt"
"23580","M5","C4620081","1","121","C4620081 M5","tmt",0.0658189112971144,"121 tmt","1 tmt"
"23581","M5","C4620081","1","122","C4620081 M5","tmt",0.0610963867689412,"122 tmt","1 tmt"
"23582","M5","C4620081","1","123","C4620081 M5","tmt",0.0580899722960351,"123 tmt","1 tmt"
"23583","M5","C4620081","1","124","C4620081 M5","tmt",0.0535756911476149,"124 tmt","1 tmt"
"23584","M5","C4620081","1","125","C4620081 M5","tmt",0.0519567661208494,"125 tmt","1 tmt"
"23585","M5","C4620081","1","126","C4620081 M5","tmt",0.040089035994817,"126 tmt","1 tmt"
"23586","M5","C4620081","1","127","C4620081 M5","tmt",0.0357208913095291,"127 tmt","1 tmt"
"23587","M5","C4620081","1","128","C4620081 M5","tmt",0.0351301214886766,"128 tmt","1 tmt"
"23588","M5","C4620081","1","129","C4620081 M5","tmt",0.0347878985699845,"129 tmt","1 tmt"
"23589","M5","C4620081","1","130","C4620081 M5","tmt",0.0322782803834091,"130 tmt","1 tmt"
"23590","M5","C4620081","1","131","C4620081 M5","tmt",0.030304319087063,"131 tmt","1 tmt"
"23591","M5","C4620081","1","132","C4620081 M5","tmt",0.029002666009114,"132 tmt","1 tmt"
"23592","M5","C4620081","1","133","C4620081 M5","tmt",0.0284314691032821,"133 tmt","1 tmt"
"23593","M5","C4620081","1","134","C4620081 M5","tmt",0.0280205353619055,"134 tmt","1 tmt"
"23594","M5","C4620081","1","135","C4620081 M5","tmt",0.0254337132206428,"135 tmt","1 tmt"
"23595","M5","C4620081","1","136","C4620081 M5","tmt",0.0211807183931301,"136 tmt","1 tmt"
"23596","M5","C4620081","1","137","C4620081 M5","tmt",0.0186556650694517,"137 tmt","1 tmt"
"23597","M5","C4620081","1","138","C4620081 M5","tmt",0.0165008490121761,"138 tmt","1 tmt"
"23598","M5","C4620081","1","139","C4620081 M5","tmt",0.0153134573908531,"139 tmt","1 tmt"
"23599","M5","C4620081","1","140","C4620081 M5","tmt",0.0125337776917332,"140 tmt","1 tmt"
"23600","M5","C4620081","1","141","C4620081 M5","tmt",0.00716509988728902,"141 tmt","1 tmt"
"23601","M5","C4620081","1","142","C4620081 M5","tmt",0.00566821291306654,"142 tmt","1 tmt"
"23602","M5","C4620081","1","143","C4620081 M5","tmt",0.00191738972924735,"143 tmt","1 tmt"
"23603","M5","C4620081","1","144","C4620081 M5","tmt",0.000741228785837212,"144 tmt","1 tmt"
"23604","M5","C4620081","1","145","C4620081 M5","tmt",-0.0067277930131336,"145 tmt","1 tmt"
"23605","M5","C4620081","1","146","C4620081 M5","tmt",-0.012045880368539,"146 tmt","1 tmt"
"23606","M5","C4620081","1","147","C4620081 M5","tmt",-0.0195323934382889,"147 tmt","1 tmt"
"23607","M5","C4620081","1","148","C4620081 M5","tmt",-0.0247397102813237,"148 tmt","1 tmt"
"23608","M5","C4620081","1","149","C4620081 M5","tmt",-0.0260157518719251,"149 tmt","1 tmt"
"23609","M5","C4620081","1","150","C4620081 M5","tmt",-0.0283683892027329,"150 tmt","1 tmt"
"23610","M5","C4620081","1","151","C4620081 M5","tmt",-0.0385777275885538,"151 tmt","1 tmt"
"23611","M5","C4620081","1","152","C4620081 M5","tmt",-0.0442079115825687,"152 tmt","1 tmt"
"23612","M5","C4620081","1","153","C4620081 M5","tmt",-0.0467444872277379,"153 tmt","1 tmt"
"23613","M5","C4620081","1","154","C4620081 M5","tmt",-0.0468844542080202,"154 tmt","1 tmt"
"23614","M5","C4620081","1","155","C4620081 M5","tmt",-0.0484096893011991,"155 tmt","1 tmt"
"23615","M5","C4620081","1","156","C4620081 M5","tmt",-0.11512663475171,"156 tmt","1 tmt"
"23616","M1","C4620081","14","0","C4620081 M1","tmt",0.109511604364111,"0 tmt","14 tmt"
"23617","M1","C4620081","14","1","C4620081 M1","tmt",0.103954161638971,"1 tmt","14 tmt"
"23618","M1","C4620081","14","2","C4620081 M1","tmt",0.0982520174817076,"2 tmt","14 tmt"
"23619","M1","C4620081","14","3","C4620081 M1","tmt",0.0933971725262422,"3 tmt","14 tmt"
"23620","M1","C4620081","14","4","C4620081 M1","tmt",0.0915127273838909,"4 tmt","14 tmt"
"23621","M1","C4620081","14","5","C4620081 M1","tmt",0.0901489217401305,"5 tmt","14 tmt"
"23622","M1","C4620081","14","6","C4620081 M1","tmt",0.0882390847334434,"6 tmt","14 tmt"
"23623","M1","C4620081","14","7","C4620081 M1","tmt",0.0863191697130655,"7 tmt","14 tmt"
"23624","M1","C4620081","14","8","C4620081 M1","tmt",0.0862249453701002,"8 tmt","14 tmt"
"23625","M1","C4620081","14","9","C4620081 M1","tmt",0.0849095751272448,"9 tmt","14 tmt"
"23626","M1","C4620081","14","10","C4620081 M1","tmt",0.0847470141324313,"10 tmt","14 tmt"
"23627","M1","C4620081","14","11","C4620081 M1","tmt",0.0813608230334391,"11 tmt","14 tmt"
"23628","M1","C4620081","14","12","C4620081 M1","tmt",0.0811562891530538,"12 tmt","14 tmt"
"23629","M1","C4620081","14","13","C4620081 M1","tmt",0.0792165368264426,"13 tmt","14 tmt"
"23630","M1","C4620081","14","14","C4620081 M1","tmt",0.0777116150823685,"14 tmt","14 tmt"
"23631","M1","C4620081","14","15","C4620081 M1","tmt",0.0758530461613578,"15 tmt","14 tmt"
"23632","M1","C4620081","14","16","C4620081 M1","tmt",0.0750092490216186,"16 tmt","14 tmt"
"23633","M1","C4620081","14","17","C4620081 M1","tmt",0.0749612666260873,"17 tmt","14 tmt"
"23634","M1","C4620081","14","18","C4620081 M1","tmt",0.07415005254636,"18 tmt","14 tmt"
"23635","M1","C4620081","14","19","C4620081 M1","tmt",0.0732459155223142,"19 tmt","14 tmt"
"23636","M1","C4620081","14","20","C4620081 M1","tmt",0.0728168438073551,"20 tmt","14 tmt"
"23637","M1","C4620081","14","21","C4620081 M1","tmt",0.0719405072076257,"21 tmt","14 tmt"
"23638","M1","C4620081","14","22","C4620081 M1","tmt",0.0706046411674335,"22 tmt","14 tmt"
"23639","M1","C4620081","14","23","C4620081 M1","tmt",0.0703681168051105,"23 tmt","14 tmt"
"23640","M1","C4620081","14","24","C4620081 M1","tmt",0.0703131496743674,"24 tmt","14 tmt"
"23641","M1","C4620081","14","25","C4620081 M1","tmt",0.0697897771304695,"25 tmt","14 tmt"
"23642","M1","C4620081","14","26","C4620081 M1","tmt",0.0690374575997638,"26 tmt","14 tmt"
"23643","M1","C4620081","14","27","C4620081 M1","tmt",0.0688867142900874,"27 tmt","14 tmt"
"23644","M1","C4620081","14","28","C4620081 M1","tmt",0.0684545339526635,"28 tmt","14 tmt"
"23645","M1","C4620081","14","29","C4620081 M1","tmt",0.0684261657017019,"29 tmt","14 tmt"
"23646","M1","C4620081","14","30","C4620081 M1","tmt",0.0683112144443797,"30 tmt","14 tmt"
"23647","M1","C4620081","14","31","C4620081 M1","tmt",0.066757931968245,"31 tmt","14 tmt"
"23648","M1","C4620081","14","32","C4620081 M1","tmt",0.0662328981669134,"32 tmt","14 tmt"
"23649","M1","C4620081","14","33","C4620081 M1","tmt",0.0656772038944684,"33 tmt","14 tmt"
"23650","M1","C4620081","14","34","C4620081 M1","tmt",0.0638910239269344,"34 tmt","14 tmt"
"23651","M1","C4620081","14","35","C4620081 M1","tmt",0.0638315351971569,"35 tmt","14 tmt"
"23652","M1","C4620081","14","36","C4620081 M1","tmt",0.0635684294152628,"36 tmt","14 tmt"
"23653","M1","C4620081","14","37","C4620081 M1","tmt",0.0631305578234608,"37 tmt","14 tmt"
"23654","M1","C4620081","14","38","C4620081 M1","tmt",0.0625406538605547,"38 tmt","14 tmt"
"23655","M1","C4620081","14","39","C4620081 M1","tmt",0.0618849686910239,"39 tmt","14 tmt"
"23656","M1","C4620081","14","40","C4620081 M1","tmt",0.0614618864784201,"40 tmt","14 tmt"
"23657","M1","C4620081","14","41","C4620081 M1","tmt",0.0611660096074089,"41 tmt","14 tmt"
"23658","M1","C4620081","14","42","C4620081 M1","tmt",0.0604257063730447,"42 tmt","14 tmt"
"23659","M1","C4620081","14","43","C4620081 M1","tmt",0.0603991565583476,"43 tmt","14 tmt"
"23660","M1","C4620081","14","44","C4620081 M1","tmt",0.0603817842129846,"44 tmt","14 tmt"
"23661","M1","C4620081","14","45","C4620081 M1","tmt",0.0600548225697871,"45 tmt","14 tmt"
"23662","M1","C4620081","14","46","C4620081 M1","tmt",0.0594756048658979,"46 tmt","14 tmt"
"23663","M1","C4620081","14","47","C4620081 M1","tmt",0.0585396413309577,"47 tmt","14 tmt"
"23664","M1","C4620081","14","48","C4620081 M1","tmt",0.058151717269333,"48 tmt","14 tmt"
"23665","M1","C4620081","14","49","C4620081 M1","tmt",0.0577226077891038,"49 tmt","14 tmt"
"23666","M1","C4620081","14","50","C4620081 M1","tmt",0.0573483732691315,"50 tmt","14 tmt"
"23667","M1","C4620081","14","51","C4620081 M1","tmt",0.0570955638895961,"51 tmt","14 tmt"
"23668","M1","C4620081","14","52","C4620081 M1","tmt",0.0567018493575359,"52 tmt","14 tmt"
"23669","M1","C4620081","14","53","C4620081 M1","tmt",0.0564531453399273,"53 tmt","14 tmt"
"23670","M1","C4620081","14","54","C4620081 M1","tmt",0.0559689530095262,"54 tmt","14 tmt"
"23671","M1","C4620081","14","55","C4620081 M1","tmt",0.0556045855298072,"55 tmt","14 tmt"
"23672","M1","C4620081","14","56","C4620081 M1","tmt",0.0554550243116645,"56 tmt","14 tmt"
"23673","M1","C4620081","14","57","C4620081 M1","tmt",0.0551450777559687,"57 tmt","14 tmt"
"23674","M1","C4620081","14","58","C4620081 M1","tmt",0.0545593135542571,"58 tmt","14 tmt"
"23675","M1","C4620081","14","59","C4620081 M1","tmt",0.0540628038158712,"59 tmt","14 tmt"
"23676","M1","C4620081","14","60","C4620081 M1","tmt",0.053827495338142,"60 tmt","14 tmt"
"23677","M1","C4620081","14","61","C4620081 M1","tmt",0.0536633290807487,"61 tmt","14 tmt"
"23678","M1","C4620081","14","62","C4620081 M1","tmt",0.053515820046721,"62 tmt","14 tmt"
"23679","M1","C4620081","14","63","C4620081 M1","tmt",0.0527526148982979,"63 tmt","14 tmt"
"23680","M1","C4620081","14","64","C4620081 M1","tmt",0.0524059981518434,"64 tmt","14 tmt"
"23681","M1","C4620081","14","65","C4620081 M1","tmt",0.0516001604842468,"65 tmt","14 tmt"
"23682","M1","C4620081","14","66","C4620081 M1","tmt",0.0511420508921423,"66 tmt","14 tmt"
"23683","M1","C4620081","14","67","C4620081 M1","tmt",0.0507125872123693,"67 tmt","14 tmt"
"23684","M1","C4620081","14","68","C4620081 M1","tmt",0.050605458407091,"68 tmt","14 tmt"
"23685","M1","C4620081","14","69","C4620081 M1","tmt",0.050248912793538,"69 tmt","14 tmt"
"23686","M1","C4620081","14","70","C4620081 M1","tmt",0.0497891374922309,"70 tmt","14 tmt"
"23687","M1","C4620081","14","71","C4620081 M1","tmt",0.0495281704876084,"71 tmt","14 tmt"
"23688","M1","C4620081","14","72","C4620081 M1","tmt",0.0485473589615356,"72 tmt","14 tmt"
"23689","M1","C4620081","14","73","C4620081 M1","tmt",0.0484503493931583,"73 tmt","14 tmt"
"23690","M1","C4620081","14","74","C4620081 M1","tmt",0.048428830996987,"74 tmt","14 tmt"
"23691","M1","C4620081","14","75","C4620081 M1","tmt",0.0482299604137649,"75 tmt","14 tmt"
"23692","M1","C4620081","14","76","C4620081 M1","tmt",0.0477928419820877,"76 tmt","14 tmt"
"23693","M1","C4620081","14","77","C4620081 M1","tmt",0.0477443606604246,"77 tmt","14 tmt"
"23694","M1","C4620081","14","78","C4620081 M1","tmt",0.0477109827060537,"78 tmt","14 tmt"
"23695","M1","C4620081","14","79","C4620081 M1","tmt",0.0474786827096586,"79 tmt","14 tmt"
"23696","M1","C4620081","14","80","C4620081 M1","tmt",0.0467189638760161,"80 tmt","14 tmt"
"23697","M1","C4620081","14","81","C4620081 M1","tmt",0.0466247281815794,"81 tmt","14 tmt"
"23698","M1","C4620081","14","82","C4620081 M1","tmt",0.046319376584439,"82 tmt","14 tmt"
"23699","M1","C4620081","14","83","C4620081 M1","tmt",0.0460040208029578,"83 tmt","14 tmt"
"23700","M1","C4620081","14","84","C4620081 M1","tmt",0.0458121262758211,"84 tmt","14 tmt"
"23701","M1","C4620081","14","85","C4620081 M1","tmt",0.0455269133721293,"85 tmt","14 tmt"
"23702","M1","C4620081","14","86","C4620081 M1","tmt",0.0453068508993121,"86 tmt","14 tmt"
"23703","M1","C4620081","14","87","C4620081 M1","tmt",0.0452547045025068,"87 tmt","14 tmt"
"23704","M1","C4620081","14","88","C4620081 M1","tmt",0.045237944265709,"88 tmt","14 tmt"
"23705","M1","C4620081","14","89","C4620081 M1","tmt",0.0451114921094768,"89 tmt","14 tmt"
"23706","M1","C4620081","14","90","C4620081 M1","tmt",0.0441223528683956,"90 tmt","14 tmt"
"23707","M1","C4620081","14","91","C4620081 M1","tmt",0.0440359151642788,"91 tmt","14 tmt"
"23708","M1","C4620081","14","92","C4620081 M1","tmt",0.0437405536019789,"92 tmt","14 tmt"
"23709","M1","C4620081","14","93","C4620081 M1","tmt",0.0435104033978388,"93 tmt","14 tmt"
"23710","M1","C4620081","14","94","C4620081 M1","tmt",0.0430950633417218,"94 tmt","14 tmt"
"23711","M1","C4620081","14","95","C4620081 M1","tmt",0.0429655018128861,"95 tmt","14 tmt"
"23712","M1","C4620081","14","96","C4620081 M1","tmt",0.0428992354670936,"96 tmt","14 tmt"
"23713","M1","C4620081","14","97","C4620081 M1","tmt",0.0419573037537189,"97 tmt","14 tmt"
"23714","M1","C4620081","14","98","C4620081 M1","tmt",0.0418881935307005,"98 tmt","14 tmt"
"23715","M1","C4620081","14","99","C4620081 M1","tmt",0.0418145057309214,"99 tmt","14 tmt"
"23716","M1","C4620081","14","100","C4620081 M1","tmt",0.0412164788927986,"100 tmt","14 tmt"
"23717","M1","C4620081","14","101","C4620081 M1","tmt",0.0409577602499914,"101 tmt","14 tmt"
"23718","M1","C4620081","14","102","C4620081 M1","tmt",0.0408645966107159,"102 tmt","14 tmt"
"23719","M1","C4620081","14","103","C4620081 M1","tmt",0.0407538077929671,"103 tmt","14 tmt"
"23720","M1","C4620081","14","104","C4620081 M1","tmt",0.0403951304323263,"104 tmt","14 tmt"
"23721","M1","C4620081","14","105","C4620081 M1","tmt",0.0403358960531627,"105 tmt","14 tmt"
"23722","M1","C4620081","14","106","C4620081 M1","tmt",0.04025214463966,"106 tmt","14 tmt"
"23723","M1","C4620081","14","107","C4620081 M1","tmt",0.0402411857407368,"107 tmt","14 tmt"
"23724","M1","C4620081","14","108","C4620081 M1","tmt",0.0401990047777801,"108 tmt","14 tmt"
"23725","M1","C4620081","14","109","C4620081 M1","tmt",0.0395295246417603,"109 tmt","14 tmt"
"23726","M1","C4620081","14","110","C4620081 M1","tmt",0.0390002449591038,"110 tmt","14 tmt"
"23727","M1","C4620081","14","111","C4620081 M1","tmt",0.0388174129888886,"111 tmt","14 tmt"
"23728","M1","C4620081","14","112","C4620081 M1","tmt",0.0387638937668993,"112 tmt","14 tmt"
"23729","M1","C4620081","14","113","C4620081 M1","tmt",0.0387178480297345,"113 tmt","14 tmt"
"23730","M1","C4620081","14","114","C4620081 M1","tmt",0.0385581734300569,"114 tmt","14 tmt"
"23731","M1","C4620081","14","115","C4620081 M1","tmt",0.0381213210069673,"115 tmt","14 tmt"
"23732","M1","C4620081","14","116","C4620081 M1","tmt",0.0380274383147949,"116 tmt","14 tmt"
"23733","M1","C4620081","14","117","C4620081 M1","tmt",0.0379529543265217,"117 tmt","14 tmt"
"23734","M1","C4620081","14","118","C4620081 M1","tmt",0.0376640224739931,"118 tmt","14 tmt"
"23735","M1","C4620081","14","119","C4620081 M1","tmt",0.0374861646060075,"119 tmt","14 tmt"
"23736","M1","C4620081","14","120","C4620081 M1","tmt",0.0372055735077574,"120 tmt","14 tmt"
"23737","M1","C4620081","14","121","C4620081 M1","tmt",0.0370196226975234,"121 tmt","14 tmt"
"23738","M1","C4620081","14","122","C4620081 M1","tmt",0.0370191689164265,"122 tmt","14 tmt"
"23739","M1","C4620081","14","123","C4620081 M1","tmt",0.0368043906022997,"123 tmt","14 tmt"
"23740","M1","C4620081","14","124","C4620081 M1","tmt",0.036631168772934,"124 tmt","14 tmt"
"23741","M1","C4620081","14","125","C4620081 M1","tmt",0.03657909374563,"125 tmt","14 tmt"
"23742","M1","C4620081","14","126","C4620081 M1","tmt",0.0364333884743969,"126 tmt","14 tmt"
"23743","M1","C4620081","14","127","C4620081 M1","tmt",0.0364196494297026,"127 tmt","14 tmt"
"23744","M1","C4620081","14","128","C4620081 M1","tmt",0.0355443654962429,"128 tmt","14 tmt"
"23745","M1","C4620081","14","129","C4620081 M1","tmt",0.0353565805221486,"129 tmt","14 tmt"
"23746","M1","C4620081","14","130","C4620081 M1","tmt",0.035321732739106,"130 tmt","14 tmt"
"23747","M1","C4620081","14","131","C4620081 M1","tmt",0.0353205164747596,"131 tmt","14 tmt"
"23748","M1","C4620081","14","132","C4620081 M1","tmt",0.0347466447007054,"132 tmt","14 tmt"
"23749","M1","C4620081","14","133","C4620081 M1","tmt",0.0339501686969178,"133 tmt","14 tmt"
"23750","M1","C4620081","14","134","C4620081 M1","tmt",0.0335653871796486,"134 tmt","14 tmt"
"23751","M1","C4620081","14","135","C4620081 M1","tmt",0.0334678974539086,"135 tmt","14 tmt"
"23752","M1","C4620081","14","136","C4620081 M1","tmt",0.033170496239721,"136 tmt","14 tmt"
"23753","M1","C4620081","14","137","C4620081 M1","tmt",0.0331662337655022,"137 tmt","14 tmt"
"23754","M1","C4620081","14","138","C4620081 M1","tmt",0.0330778878075103,"138 tmt","14 tmt"
"23755","M1","C4620081","14","139","C4620081 M1","tmt",0.0326787785275592,"139 tmt","14 tmt"
"23756","M1","C4620081","14","140","C4620081 M1","tmt",0.0322402961448006,"140 tmt","14 tmt"
"23757","M1","C4620081","14","141","C4620081 M1","tmt",0.0313922232823805,"141 tmt","14 tmt"
"23758","M1","C4620081","14","142","C4620081 M1","tmt",0.031085430548211,"142 tmt","14 tmt"
"23759","M1","C4620081","14","143","C4620081 M1","tmt",0.0310679553756375,"143 tmt","14 tmt"
"23760","M1","C4620081","14","144","C4620081 M1","tmt",0.0309917697458501,"144 tmt","14 tmt"
"23761","M1","C4620081","14","145","C4620081 M1","tmt",0.0305101877483291,"145 tmt","14 tmt"
"23762","M1","C4620081","14","146","C4620081 M1","tmt",0.0302756272732212,"146 tmt","14 tmt"
"23763","M1","C4620081","14","147","C4620081 M1","tmt",0.0299182505345886,"147 tmt","14 tmt"
"23764","M1","C4620081","14","148","C4620081 M1","tmt",0.0299042331752332,"148 tmt","14 tmt"
"23765","M1","C4620081","14","149","C4620081 M1","tmt",0.0294039951304515,"149 tmt","14 tmt"
"23766","M1","C4620081","14","150","C4620081 M1","tmt",0.0290030688918182,"150 tmt","14 tmt"
"23767","M1","C4620081","14","151","C4620081 M1","tmt",0.0288860503809996,"151 tmt","14 tmt"
"23768","M1","C4620081","14","152","C4620081 M1","tmt",0.0285791463444581,"152 tmt","14 tmt"
"23769","M1","C4620081","14","153","C4620081 M1","tmt",0.0284964152462474,"153 tmt","14 tmt"
"23770","M1","C4620081","14","154","C4620081 M1","tmt",0.0280923221078367,"154 tmt","14 tmt"
"23771","M1","C4620081","14","155","C4620081 M1","tmt",0.0278238841919761,"155 tmt","14 tmt"
"23772","M1","C4620081","14","156","C4620081 M1","tmt",0.0276461374465571,"156 tmt","14 tmt"
"23773","M1","C4620081","14","157","C4620081 M1","tmt",0.0273516615774996,"157 tmt","14 tmt"
"23774","M1","C4620081","14","158","C4620081 M1","tmt",0.0273106557829574,"158 tmt","14 tmt"
"23775","M1","C4620081","14","159","C4620081 M1","tmt",0.0271778836204037,"159 tmt","14 tmt"
"23776","M1","C4620081","14","160","C4620081 M1","tmt",0.0271210888028225,"160 tmt","14 tmt"
"23777","M1","C4620081","14","161","C4620081 M1","tmt",0.027103946103334,"161 tmt","14 tmt"
"23778","M1","C4620081","14","162","C4620081 M1","tmt",0.0268056129168,"162 tmt","14 tmt"
"23779","M1","C4620081","14","163","C4620081 M1","tmt",0.0266749814771288,"163 tmt","14 tmt"
"23780","M1","C4620081","14","164","C4620081 M1","tmt",0.0265978794721104,"164 tmt","14 tmt"
"23781","M1","C4620081","14","165","C4620081 M1","tmt",0.026572278331191,"165 tmt","14 tmt"
"23782","M1","C4620081","14","166","C4620081 M1","tmt",0.026414018586286,"166 tmt","14 tmt"
"23783","M1","C4620081","14","167","C4620081 M1","tmt",0.0261285382574115,"167 tmt","14 tmt"
"23784","M1","C4620081","14","168","C4620081 M1","tmt",0.0259821559980182,"168 tmt","14 tmt"
"23785","M1","C4620081","14","169","C4620081 M1","tmt",0.0259190622167987,"169 tmt","14 tmt"
"23786","M1","C4620081","14","170","C4620081 M1","tmt",0.0256914588065866,"170 tmt","14 tmt"
"23787","M1","C4620081","14","171","C4620081 M1","tmt",0.0256567255669334,"171 tmt","14 tmt"
"23788","M1","C4620081","14","172","C4620081 M1","tmt",0.0256215402697018,"172 tmt","14 tmt"
"23789","M1","C4620081","14","173","C4620081 M1","tmt",0.0255678395041073,"173 tmt","14 tmt"
"23790","M1","C4620081","14","174","C4620081 M1","tmt",0.025533766852659,"174 tmt","14 tmt"
"23791","M1","C4620081","14","175","C4620081 M1","tmt",0.0255154927934946,"175 tmt","14 tmt"
"23792","M1","C4620081","14","176","C4620081 M1","tmt",0.0254638983738847,"176 tmt","14 tmt"
"23793","M1","C4620081","14","177","C4620081 M1","tmt",0.0253586386054235,"177 tmt","14 tmt"
"23794","M1","C4620081","14","178","C4620081 M1","tmt",0.0252192633292992,"178 tmt","14 tmt"
"23795","M1","C4620081","14","179","C4620081 M1","tmt",0.025189427494183,"179 tmt","14 tmt"
"23796","M1","C4620081","14","180","C4620081 M1","tmt",0.0250563354272345,"180 tmt","14 tmt"
"23797","M1","C4620081","14","181","C4620081 M1","tmt",0.0250525823778934,"181 tmt","14 tmt"
"23798","M1","C4620081","14","182","C4620081 M1","tmt",0.0248178143262366,"182 tmt","14 tmt"
"23799","M1","C4620081","14","183","C4620081 M1","tmt",0.0245006087040676,"183 tmt","14 tmt"
"23800","M1","C4620081","14","184","C4620081 M1","tmt",0.0243156995866756,"184 tmt","14 tmt"
"23801","M1","C4620081","14","185","C4620081 M1","tmt",0.0242342893435548,"185 tmt","14 tmt"
"23802","M1","C4620081","14","186","C4620081 M1","tmt",0.024123218178212,"186 tmt","14 tmt"
"23803","M1","C4620081","14","187","C4620081 M1","tmt",0.0238656176416119,"187 tmt","14 tmt"
"23804","M1","C4620081","14","188","C4620081 M1","tmt",0.0236083417807409,"188 tmt","14 tmt"
"23805","M1","C4620081","14","189","C4620081 M1","tmt",0.0234348101209052,"189 tmt","14 tmt"
"23806","M1","C4620081","14","190","C4620081 M1","tmt",0.0227819878239699,"190 tmt","14 tmt"
"23807","M1","C4620081","14","191","C4620081 M1","tmt",0.0227417850875696,"191 tmt","14 tmt"
"23808","M1","C4620081","14","192","C4620081 M1","tmt",0.0227239087579561,"192 tmt","14 tmt"
"23809","M1","C4620081","14","193","C4620081 M1","tmt",0.0225114956827824,"193 tmt","14 tmt"
"23810","M1","C4620081","14","194","C4620081 M1","tmt",0.0224365129889299,"194 tmt","14 tmt"
"23811","M1","C4620081","14","195","C4620081 M1","tmt",0.022345393680471,"195 tmt","14 tmt"
"23812","M1","C4620081","14","196","C4620081 M1","tmt",0.0222243675750734,"196 tmt","14 tmt"
"23813","M1","C4620081","14","197","C4620081 M1","tmt",0.0221843443946132,"197 tmt","14 tmt"
"23814","M1","C4620081","14","198","C4620081 M1","tmt",0.0221657894499415,"198 tmt","14 tmt"
"23815","M1","C4620081","14","199","C4620081 M1","tmt",0.0221389858475705,"199 tmt","14 tmt"
"23816","M1","C4620081","14","200","C4620081 M1","tmt",0.022127748805694,"200 tmt","14 tmt"
"23817","M1","C4620081","14","201","C4620081 M1","tmt",0.0218868786485027,"201 tmt","14 tmt"
"23818","M1","C4620081","14","202","C4620081 M1","tmt",0.0216601483613158,"202 tmt","14 tmt"
"23819","M1","C4620081","14","203","C4620081 M1","tmt",0.0214679637801761,"203 tmt","14 tmt"
"23820","M1","C4620081","14","204","C4620081 M1","tmt",0.0213188375200737,"204 tmt","14 tmt"
"23821","M1","C4620081","14","205","C4620081 M1","tmt",0.020688076796353,"205 tmt","14 tmt"
"23822","M1","C4620081","14","206","C4620081 M1","tmt",0.0206477952275461,"206 tmt","14 tmt"
"23823","M1","C4620081","14","207","C4620081 M1","tmt",0.0205760904491496,"207 tmt","14 tmt"
"23824","M1","C4620081","14","208","C4620081 M1","tmt",0.0204688883864325,"208 tmt","14 tmt"
"23825","M1","C4620081","14","209","C4620081 M1","tmt",0.0199184657955399,"209 tmt","14 tmt"
"23826","M1","C4620081","14","210","C4620081 M1","tmt",0.0198269106332312,"210 tmt","14 tmt"
"23827","M1","C4620081","14","211","C4620081 M1","tmt",0.019670923464793,"211 tmt","14 tmt"
"23828","M1","C4620081","14","212","C4620081 M1","tmt",0.0195626434610649,"212 tmt","14 tmt"
"23829","M1","C4620081","14","213","C4620081 M1","tmt",0.019556488903509,"213 tmt","14 tmt"
"23830","M1","C4620081","14","214","C4620081 M1","tmt",0.019533321975059,"214 tmt","14 tmt"
"23831","M1","C4620081","14","215","C4620081 M1","tmt",0.0189783829610221,"215 tmt","14 tmt"
"23832","M1","C4620081","14","216","C4620081 M1","tmt",0.0186905236165618,"216 tmt","14 tmt"
"23833","M1","C4620081","14","217","C4620081 M1","tmt",0.0186479502080652,"217 tmt","14 tmt"
"23834","M1","C4620081","14","218","C4620081 M1","tmt",0.0185129070895633,"218 tmt","14 tmt"
"23835","M1","C4620081","14","219","C4620081 M1","tmt",0.0180678079190702,"219 tmt","14 tmt"
"23836","M1","C4620081","14","220","C4620081 M1","tmt",0.0176315392061389,"220 tmt","14 tmt"
"23837","M1","C4620081","14","221","C4620081 M1","tmt",0.0176085892161186,"221 tmt","14 tmt"
"23838","M1","C4620081","14","222","C4620081 M1","tmt",0.0175942779440103,"222 tmt","14 tmt"
"23839","M1","C4620081","14","223","C4620081 M1","tmt",0.0174497377639989,"223 tmt","14 tmt"
"23840","M1","C4620081","14","224","C4620081 M1","tmt",0.0171675179836258,"224 tmt","14 tmt"
"23841","M1","C4620081","14","225","C4620081 M1","tmt",0.0167507774118934,"225 tmt","14 tmt"
"23842","M1","C4620081","14","226","C4620081 M1","tmt",0.0166592668762961,"226 tmt","14 tmt"
"23843","M1","C4620081","14","227","C4620081 M1","tmt",0.0165462768356553,"227 tmt","14 tmt"
"23844","M1","C4620081","14","228","C4620081 M1","tmt",0.0165095035741013,"228 tmt","14 tmt"
"23845","M1","C4620081","14","229","C4620081 M1","tmt",0.0163596741266902,"229 tmt","14 tmt"
"23846","M1","C4620081","14","230","C4620081 M1","tmt",0.015769245933858,"230 tmt","14 tmt"
"23847","M1","C4620081","14","231","C4620081 M1","tmt",0.0157049645708155,"231 tmt","14 tmt"
"23848","M1","C4620081","14","232","C4620081 M1","tmt",0.0150257727675486,"232 tmt","14 tmt"
"23849","M1","C4620081","14","233","C4620081 M1","tmt",0.014678435610978,"233 tmt","14 tmt"
"23850","M1","C4620081","14","234","C4620081 M1","tmt",0.0146264213747683,"234 tmt","14 tmt"
"23851","M1","C4620081","14","235","C4620081 M1","tmt",0.0144674836729222,"235 tmt","14 tmt"
"23852","M1","C4620081","14","236","C4620081 M1","tmt",0.0142718699807739,"236 tmt","14 tmt"
"23853","M1","C4620081","14","237","C4620081 M1","tmt",0.013937341638995,"237 tmt","14 tmt"
"23854","M1","C4620081","14","238","C4620081 M1","tmt",0.0139129537997024,"238 tmt","14 tmt"
"23855","M1","C4620081","14","239","C4620081 M1","tmt",0.0131789276124734,"239 tmt","14 tmt"
"23856","M1","C4620081","14","240","C4620081 M1","tmt",0.013144021783411,"240 tmt","14 tmt"
"23857","M1","C4620081","14","241","C4620081 M1","tmt",0.0131173812241459,"241 tmt","14 tmt"
"23858","M1","C4620081","14","242","C4620081 M1","tmt",0.0124797655592363,"242 tmt","14 tmt"
"23859","M1","C4620081","14","243","C4620081 M1","tmt",0.0123231793605315,"243 tmt","14 tmt"
"23860","M1","C4620081","14","244","C4620081 M1","tmt",0.0120657727107003,"244 tmt","14 tmt"
"23861","M1","C4620081","14","245","C4620081 M1","tmt",0.0119935836748347,"245 tmt","14 tmt"
"23862","M1","C4620081","14","246","C4620081 M1","tmt",0.01151635751042,"246 tmt","14 tmt"
"23863","M1","C4620081","14","247","C4620081 M1","tmt",0.0111210185509384,"247 tmt","14 tmt"
"23864","M1","C4620081","14","248","C4620081 M1","tmt",0.0106608870801095,"248 tmt","14 tmt"
"23865","M1","C4620081","14","249","C4620081 M1","tmt",0.0106147943382587,"249 tmt","14 tmt"
"23866","M1","C4620081","14","250","C4620081 M1","tmt",0.0105201084335517,"250 tmt","14 tmt"
"23867","M1","C4620081","14","251","C4620081 M1","tmt",0.0102147942590622,"251 tmt","14 tmt"
"23868","M1","C4620081","14","252","C4620081 M1","tmt",0.0101532207381363,"252 tmt","14 tmt"
"23869","M1","C4620081","14","253","C4620081 M1","tmt",0.0100965830296064,"253 tmt","14 tmt"
"23870","M1","C4620081","14","254","C4620081 M1","tmt",0.0099877632211107,"254 tmt","14 tmt"
"23871","M1","C4620081","14","255","C4620081 M1","tmt",0.00996576508064583,"255 tmt","14 tmt"
"23872","M1","C4620081","14","256","C4620081 M1","tmt",0.00979745819501411,"256 tmt","14 tmt"
"23873","M1","C4620081","14","257","C4620081 M1","tmt",0.00977934083022717,"257 tmt","14 tmt"
"23874","M1","C4620081","14","258","C4620081 M1","tmt",0.00973984515100887,"258 tmt","14 tmt"
"23875","M1","C4620081","14","259","C4620081 M1","tmt",0.00920896327554003,"259 tmt","14 tmt"
"23876","M1","C4620081","14","260","C4620081 M1","tmt",0.00906284622124695,"260 tmt","14 tmt"
"23877","M1","C4620081","14","261","C4620081 M1","tmt",0.00894049373806419,"261 tmt","14 tmt"
"23878","M1","C4620081","14","262","C4620081 M1","tmt",0.00887190612736214,"262 tmt","14 tmt"
"23879","M1","C4620081","14","263","C4620081 M1","tmt",0.00866539524365671,"263 tmt","14 tmt"
"23880","M1","C4620081","14","264","C4620081 M1","tmt",0.00856386288861132,"264 tmt","14 tmt"
"23881","M1","C4620081","14","265","C4620081 M1","tmt",0.00821794606690683,"265 tmt","14 tmt"
"23882","M1","C4620081","14","266","C4620081 M1","tmt",0.00818329364949988,"266 tmt","14 tmt"
"23883","M1","C4620081","14","267","C4620081 M1","tmt",0.00797910009262152,"267 tmt","14 tmt"
"23884","M1","C4620081","14","268","C4620081 M1","tmt",0.00779311692139618,"268 tmt","14 tmt"
"23885","M1","C4620081","14","269","C4620081 M1","tmt",0.00736204854109707,"269 tmt","14 tmt"
"23886","M1","C4620081","14","270","C4620081 M1","tmt",0.00724997753172447,"270 tmt","14 tmt"
"23887","M1","C4620081","14","271","C4620081 M1","tmt",0.00719671925823666,"271 tmt","14 tmt"
"23888","M1","C4620081","14","272","C4620081 M1","tmt",0.00708564393847549,"272 tmt","14 tmt"
"23889","M1","C4620081","14","273","C4620081 M1","tmt",0.00702948483805255,"273 tmt","14 tmt"
"23890","M1","C4620081","14","274","C4620081 M1","tmt",0.00661733278829254,"274 tmt","14 tmt"
"23891","M1","C4620081","14","275","C4620081 M1","tmt",0.00629679231363967,"275 tmt","14 tmt"
"23892","M1","C4620081","14","276","C4620081 M1","tmt",0.00556757792311156,"276 tmt","14 tmt"
"23893","M1","C4620081","14","277","C4620081 M1","tmt",0.00545601900069251,"277 tmt","14 tmt"
"23894","M1","C4620081","14","278","C4620081 M1","tmt",0.00535153591141336,"278 tmt","14 tmt"
"23895","M1","C4620081","14","279","C4620081 M1","tmt",0.00502569040814168,"279 tmt","14 tmt"
"23896","M1","C4620081","14","280","C4620081 M1","tmt",0.00484512820850712,"280 tmt","14 tmt"
"23897","M1","C4620081","14","281","C4620081 M1","tmt",0.00479800574267348,"281 tmt","14 tmt"
"23898","M1","C4620081","14","282","C4620081 M1","tmt",0.00475134125145973,"282 tmt","14 tmt"
"23899","M1","C4620081","14","283","C4620081 M1","tmt",0.004686059930715,"283 tmt","14 tmt"
"23900","M1","C4620081","14","284","C4620081 M1","tmt",0.0045529401468236,"284 tmt","14 tmt"
"23901","M1","C4620081","14","285","C4620081 M1","tmt",0.00321555841951965,"285 tmt","14 tmt"
"23902","M1","C4620081","14","286","C4620081 M1","tmt",0.00242609621876976,"286 tmt","14 tmt"
"23903","M1","C4620081","14","287","C4620081 M1","tmt",0.00178694950982241,"287 tmt","14 tmt"
"23904","M1","C4620081","14","288","C4620081 M1","tmt",0.00147587702113038,"288 tmt","14 tmt"
"23905","M1","C4620081","14","289","C4620081 M1","tmt",0.00143578737775706,"289 tmt","14 tmt"
"23906","M1","C4620081","14","290","C4620081 M1","tmt",0.000918334579426662,"290 tmt","14 tmt"
"23907","M1","C4620081","14","291","C4620081 M1","tmt",-0.000267937989539428,"291 tmt","14 tmt"
"23908","M1","C4620081","14","292","C4620081 M1","tmt",-0.000991727416053236,"292 tmt","14 tmt"
"23909","M1","C4620081","14","293","C4620081 M1","tmt",-0.00261100066855499,"293 tmt","14 tmt"
"23910","M1","C4620081","14","294","C4620081 M1","tmt",-0.002964393165497,"294 tmt","14 tmt"
"23911","M1","C4620081","14","295","C4620081 M1","tmt",-0.00343981082097583,"295 tmt","14 tmt"
"23912","M1","C4620081","14","296","C4620081 M1","tmt",-0.00368132335850656,"296 tmt","14 tmt"
"23913","M1","C4620081","14","297","C4620081 M1","tmt",-0.00451340100652001,"297 tmt","14 tmt"
"23914","M1","C4620081","14","298","C4620081 M1","tmt",-0.0045901499677568,"298 tmt","14 tmt"
"23915","M1","C4620081","14","299","C4620081 M1","tmt",-0.004767526881515,"299 tmt","14 tmt"
"23916","M1","C4620081","14","300","C4620081 M1","tmt",-0.00498631378849478,"300 tmt","14 tmt"
"23917","M1","C4620081","14","301","C4620081 M1","tmt",-0.0057365064426843,"301 tmt","14 tmt"
"23918","M1","C4620081","14","302","C4620081 M1","tmt",-0.00604585703531327,"302 tmt","14 tmt"
"23919","M1","C4620081","14","303","C4620081 M1","tmt",-0.00607189207865866,"303 tmt","14 tmt"
"23920","M1","C4620081","14","304","C4620081 M1","tmt",-0.00741540076483113,"304 tmt","14 tmt"
"23921","M1","C4620081","14","305","C4620081 M1","tmt",-0.00748719442661723,"305 tmt","14 tmt"
"23922","M1","C4620081","14","306","C4620081 M1","tmt",-0.00786424637229098,"306 tmt","14 tmt"
"23923","M1","C4620081","14","307","C4620081 M1","tmt",-0.00819697162476675,"307 tmt","14 tmt"
"23924","M1","C4620081","14","308","C4620081 M1","tmt",-0.00854747131172304,"308 tmt","14 tmt"
"23925","M1","C4620081","14","309","C4620081 M1","tmt",-0.00877434061683161,"309 tmt","14 tmt"
"23926","M1","C4620081","14","310","C4620081 M1","tmt",-0.00975964094408169,"310 tmt","14 tmt"
"23927","M1","C4620081","14","311","C4620081 M1","tmt",-0.0100167075764721,"311 tmt","14 tmt"
"23928","M1","C4620081","14","312","C4620081 M1","tmt",-0.0103709851754598,"312 tmt","14 tmt"
"23929","M1","C4620081","14","313","C4620081 M1","tmt",-0.0107937560564658,"313 tmt","14 tmt"
"23930","M1","C4620081","14","314","C4620081 M1","tmt",-0.0114808954411235,"314 tmt","14 tmt"
"23931","M1","C4620081","14","315","C4620081 M1","tmt",-0.0134409852087757,"315 tmt","14 tmt"
"23932","M1","C4620081","14","316","C4620081 M1","tmt",-0.0143131418671165,"316 tmt","14 tmt"
"23933","M1","C4620081","14","317","C4620081 M1","tmt",-0.0145254451471644,"317 tmt","14 tmt"
"23934","M1","C4620081","14","318","C4620081 M1","tmt",-0.0163899540854762,"318 tmt","14 tmt"
"23935","M1","C4620081","14","319","C4620081 M1","tmt",-0.0173005734666774,"319 tmt","14 tmt"
"23936","M1","C4620081","14","320","C4620081 M1","tmt",-0.0178198036742581,"320 tmt","14 tmt"
"23937","M1","C4620081","14","321","C4620081 M1","tmt",-0.0178867740464806,"321 tmt","14 tmt"
"23938","M1","C4620081","14","322","C4620081 M1","tmt",-0.0191575865462149,"322 tmt","14 tmt"
"23939","M1","C4620081","14","323","C4620081 M1","tmt",-0.0193300760718888,"323 tmt","14 tmt"
"23940","M1","C4620081","14","324","C4620081 M1","tmt",-0.0199694711791219,"324 tmt","14 tmt"
"23941","M1","C4620081","14","325","C4620081 M1","tmt",-0.020534852225736,"325 tmt","14 tmt"
"23942","M1","C4620081","14","326","C4620081 M1","tmt",-0.0225162690727265,"326 tmt","14 tmt"
"23943","M1","C4620081","14","327","C4620081 M1","tmt",-0.022765264679682,"327 tmt","14 tmt"
"23944","M1","C4620081","14","328","C4620081 M1","tmt",-0.0229883948581934,"328 tmt","14 tmt"
"23945","M1","C4620081","14","329","C4620081 M1","tmt",-0.0270296490052205,"329 tmt","14 tmt"
"23946","M1","C4620081","14","330","C4620081 M1","tmt",-0.0304024278917465,"330 tmt","14 tmt"
"23947","M2","C4620081","14","0","C4620081 M2","tmt",0.0933678153581528,"0 tmt","14 tmt"
"23948","M2","C4620081","14","1","C4620081 M2","tmt",0.0878864338454438,"1 tmt","14 tmt"
"23949","M2","C4620081","14","2","C4620081 M2","tmt",0.0792873243971977,"2 tmt","14 tmt"
"23950","M2","C4620081","14","3","C4620081 M2","tmt",0.0776798621835565,"3 tmt","14 tmt"
"23951","M2","C4620081","14","4","C4620081 M2","tmt",0.0776633847971217,"4 tmt","14 tmt"
"23952","M2","C4620081","14","5","C4620081 M2","tmt",0.0771519968983515,"5 tmt","14 tmt"
"23953","M2","C4620081","14","6","C4620081 M2","tmt",0.0770399293909194,"6 tmt","14 tmt"
"23954","M2","C4620081","14","7","C4620081 M2","tmt",0.0765843115609815,"7 tmt","14 tmt"
"23955","M2","C4620081","14","8","C4620081 M2","tmt",0.0762008935895795,"8 tmt","14 tmt"
"23956","M2","C4620081","14","9","C4620081 M2","tmt",0.074887036137387,"9 tmt","14 tmt"
"23957","M2","C4620081","14","10","C4620081 M2","tmt",0.0746860998831195,"10 tmt","14 tmt"
"23958","M2","C4620081","14","11","C4620081 M2","tmt",0.0742863272952117,"11 tmt","14 tmt"
"23959","M2","C4620081","14","12","C4620081 M2","tmt",0.0736609921477376,"12 tmt","14 tmt"
"23960","M2","C4620081","14","13","C4620081 M2","tmt",0.0731338352735426,"13 tmt","14 tmt"
"23961","M2","C4620081","14","14","C4620081 M2","tmt",0.0713235780791321,"14 tmt","14 tmt"
"23962","M2","C4620081","14","15","C4620081 M2","tmt",0.0713111094139961,"15 tmt","14 tmt"
"23963","M2","C4620081","14","16","C4620081 M2","tmt",0.070873421219485,"16 tmt","14 tmt"
"23964","M2","C4620081","14","17","C4620081 M2","tmt",0.0706932055967454,"17 tmt","14 tmt"
"23965","M2","C4620081","14","18","C4620081 M2","tmt",0.0687334083765448,"18 tmt","14 tmt"
"23966","M2","C4620081","14","19","C4620081 M2","tmt",0.068516672432592,"19 tmt","14 tmt"
"23967","M2","C4620081","14","20","C4620081 M2","tmt",0.0666102336332316,"20 tmt","14 tmt"
"23968","M2","C4620081","14","21","C4620081 M2","tmt",0.0664066882185403,"21 tmt","14 tmt"
"23969","M2","C4620081","14","22","C4620081 M2","tmt",0.0663354820336548,"22 tmt","14 tmt"
"23970","M2","C4620081","14","23","C4620081 M2","tmt",0.0656455363802225,"23 tmt","14 tmt"
"23971","M2","C4620081","14","24","C4620081 M2","tmt",0.0651578532778284,"24 tmt","14 tmt"
"23972","M2","C4620081","14","25","C4620081 M2","tmt",0.0639659204554467,"25 tmt","14 tmt"
"23973","M2","C4620081","14","26","C4620081 M2","tmt",0.0631914528440868,"26 tmt","14 tmt"
"23974","M2","C4620081","14","27","C4620081 M2","tmt",0.0628651089815911,"27 tmt","14 tmt"
"23975","M2","C4620081","14","28","C4620081 M2","tmt",0.0626926302804018,"28 tmt","14 tmt"
"23976","M2","C4620081","14","29","C4620081 M2","tmt",0.0626860344340559,"29 tmt","14 tmt"
"23977","M2","C4620081","14","30","C4620081 M2","tmt",0.0622207350598513,"30 tmt","14 tmt"
"23978","M2","C4620081","14","31","C4620081 M2","tmt",0.0618810761228092,"31 tmt","14 tmt"
"23979","M2","C4620081","14","32","C4620081 M2","tmt",0.0614520848888844,"32 tmt","14 tmt"
"23980","M2","C4620081","14","33","C4620081 M2","tmt",0.0612752402574161,"33 tmt","14 tmt"
"23981","M2","C4620081","14","34","C4620081 M2","tmt",0.0602867317476724,"34 tmt","14 tmt"
"23982","M2","C4620081","14","35","C4620081 M2","tmt",0.0601371184766592,"35 tmt","14 tmt"
"23983","M2","C4620081","14","36","C4620081 M2","tmt",0.0599000506147694,"36 tmt","14 tmt"
"23984","M2","C4620081","14","37","C4620081 M2","tmt",0.0598420065636819,"37 tmt","14 tmt"
"23985","M2","C4620081","14","38","C4620081 M2","tmt",0.0594338676599607,"38 tmt","14 tmt"
"23986","M2","C4620081","14","39","C4620081 M2","tmt",0.059127267307881,"39 tmt","14 tmt"
"23987","M2","C4620081","14","40","C4620081 M2","tmt",0.0586311777020032,"40 tmt","14 tmt"
"23988","M2","C4620081","14","41","C4620081 M2","tmt",0.0585276282936625,"41 tmt","14 tmt"
"23989","M2","C4620081","14","42","C4620081 M2","tmt",0.0579773865518069,"42 tmt","14 tmt"
"23990","M2","C4620081","14","43","C4620081 M2","tmt",0.0578373780658287,"43 tmt","14 tmt"
"23991","M2","C4620081","14","44","C4620081 M2","tmt",0.0573110324174654,"44 tmt","14 tmt"
"23992","M2","C4620081","14","45","C4620081 M2","tmt",0.0572203512290145,"45 tmt","14 tmt"
"23993","M2","C4620081","14","46","C4620081 M2","tmt",0.0567960702172917,"46 tmt","14 tmt"
"23994","M2","C4620081","14","47","C4620081 M2","tmt",0.0559722719155525,"47 tmt","14 tmt"
"23995","M2","C4620081","14","48","C4620081 M2","tmt",0.0558467621513763,"48 tmt","14 tmt"
"23996","M2","C4620081","14","49","C4620081 M2","tmt",0.0557104706110648,"49 tmt","14 tmt"
"23997","M2","C4620081","14","50","C4620081 M2","tmt",0.0551506258375348,"50 tmt","14 tmt"
"23998","M2","C4620081","14","51","C4620081 M2","tmt",0.0545629691418788,"51 tmt","14 tmt"
"23999","M2","C4620081","14","52","C4620081 M2","tmt",0.0541256544525026,"52 tmt","14 tmt"
"24000","M2","C4620081","14","53","C4620081 M2","tmt",0.0539782790759682,"53 tmt","14 tmt"
"24001","M2","C4620081","14","54","C4620081 M2","tmt",0.0536265257580748,"54 tmt","14 tmt"
"24002","M2","C4620081","14","55","C4620081 M2","tmt",0.0534720414550606,"55 tmt","14 tmt"
"24003","M2","C4620081","14","56","C4620081 M2","tmt",0.0530365842475639,"56 tmt","14 tmt"
"24004","M2","C4620081","14","57","C4620081 M2","tmt",0.0526204749171939,"57 tmt","14 tmt"
"24005","M2","C4620081","14","58","C4620081 M2","tmt",0.0518206856026743,"58 tmt","14 tmt"
"24006","M2","C4620081","14","59","C4620081 M2","tmt",0.0517636820039963,"59 tmt","14 tmt"
"24007","M2","C4620081","14","60","C4620081 M2","tmt",0.051586373895798,"60 tmt","14 tmt"
"24008","M2","C4620081","14","61","C4620081 M2","tmt",0.0513799522829594,"61 tmt","14 tmt"
"24009","M2","C4620081","14","62","C4620081 M2","tmt",0.0512464225936634,"62 tmt","14 tmt"
"24010","M2","C4620081","14","63","C4620081 M2","tmt",0.050418200931626,"63 tmt","14 tmt"
"24011","M2","C4620081","14","64","C4620081 M2","tmt",0.0503296719322239,"64 tmt","14 tmt"
"24012","M2","C4620081","14","65","C4620081 M2","tmt",0.0501778585213657,"65 tmt","14 tmt"
"24013","M2","C4620081","14","66","C4620081 M2","tmt",0.0500582312414248,"66 tmt","14 tmt"
"24014","M2","C4620081","14","67","C4620081 M2","tmt",0.0499548134621362,"67 tmt","14 tmt"
"24015","M2","C4620081","14","68","C4620081 M2","tmt",0.0498798176600534,"68 tmt","14 tmt"
"24016","M2","C4620081","14","69","C4620081 M2","tmt",0.0493910135365144,"69 tmt","14 tmt"
"24017","M2","C4620081","14","70","C4620081 M2","tmt",0.0493194312094078,"70 tmt","14 tmt"
"24018","M2","C4620081","14","71","C4620081 M2","tmt",0.0491649100357013,"71 tmt","14 tmt"
"24019","M2","C4620081","14","72","C4620081 M2","tmt",0.0489187323562852,"72 tmt","14 tmt"
"24020","M2","C4620081","14","73","C4620081 M2","tmt",0.0488622221170227,"73 tmt","14 tmt"
"24021","M2","C4620081","14","74","C4620081 M2","tmt",0.0485576844354899,"74 tmt","14 tmt"
"24022","M2","C4620081","14","75","C4620081 M2","tmt",0.0483672919843427,"75 tmt","14 tmt"
"24023","M2","C4620081","14","76","C4620081 M2","tmt",0.0482292139903438,"76 tmt","14 tmt"
"24024","M2","C4620081","14","77","C4620081 M2","tmt",0.0475392777071983,"77 tmt","14 tmt"
"24025","M2","C4620081","14","78","C4620081 M2","tmt",0.0469724688049781,"78 tmt","14 tmt"
"24026","M2","C4620081","14","79","C4620081 M2","tmt",0.0469650554763752,"79 tmt","14 tmt"
"24027","M2","C4620081","14","80","C4620081 M2","tmt",0.0464782738312041,"80 tmt","14 tmt"
"24028","M2","C4620081","14","81","C4620081 M2","tmt",0.0462856792129233,"81 tmt","14 tmt"
"24029","M2","C4620081","14","82","C4620081 M2","tmt",0.0460823422689471,"82 tmt","14 tmt"
"24030","M2","C4620081","14","83","C4620081 M2","tmt",0.0460272905796391,"83 tmt","14 tmt"
"24031","M2","C4620081","14","84","C4620081 M2","tmt",0.0455956657443351,"84 tmt","14 tmt"
"24032","M2","C4620081","14","85","C4620081 M2","tmt",0.0454334806152005,"85 tmt","14 tmt"
"24033","M2","C4620081","14","86","C4620081 M2","tmt",0.0449911963523489,"86 tmt","14 tmt"
"24034","M2","C4620081","14","87","C4620081 M2","tmt",0.0448592200948341,"87 tmt","14 tmt"
"24035","M2","C4620081","14","88","C4620081 M2","tmt",0.0440051851419347,"88 tmt","14 tmt"
"24036","M2","C4620081","14","89","C4620081 M2","tmt",0.0439026208140052,"89 tmt","14 tmt"
"24037","M2","C4620081","14","90","C4620081 M2","tmt",0.0438823693114926,"90 tmt","14 tmt"
"24038","M2","C4620081","14","91","C4620081 M2","tmt",0.0438125965798166,"91 tmt","14 tmt"
"24039","M2","C4620081","14","92","C4620081 M2","tmt",0.043727187810921,"92 tmt","14 tmt"
"24040","M2","C4620081","14","93","C4620081 M2","tmt",0.043663482772111,"93 tmt","14 tmt"
"24041","M2","C4620081","14","94","C4620081 M2","tmt",0.0435561091463033,"94 tmt","14 tmt"
"24042","M2","C4620081","14","95","C4620081 M2","tmt",0.0434647903764943,"95 tmt","14 tmt"
"24043","M2","C4620081","14","96","C4620081 M2","tmt",0.0433500138245061,"96 tmt","14 tmt"
"24044","M2","C4620081","14","97","C4620081 M2","tmt",0.0431438743392134,"97 tmt","14 tmt"
"24045","M2","C4620081","14","98","C4620081 M2","tmt",0.0430068179543329,"98 tmt","14 tmt"
"24046","M2","C4620081","14","99","C4620081 M2","tmt",0.0428991066429162,"99 tmt","14 tmt"
"24047","M2","C4620081","14","100","C4620081 M2","tmt",0.0427976502040966,"100 tmt","14 tmt"
"24048","M2","C4620081","14","101","C4620081 M2","tmt",0.0427779273890009,"101 tmt","14 tmt"
"24049","M2","C4620081","14","102","C4620081 M2","tmt",0.0419925730814504,"102 tmt","14 tmt"
"24050","M2","C4620081","14","103","C4620081 M2","tmt",0.0418939073665946,"103 tmt","14 tmt"
"24051","M2","C4620081","14","104","C4620081 M2","tmt",0.0417675182317686,"104 tmt","14 tmt"
"24052","M2","C4620081","14","105","C4620081 M2","tmt",0.0406212081698936,"105 tmt","14 tmt"
"24053","M2","C4620081","14","106","C4620081 M2","tmt",0.0405693915687012,"106 tmt","14 tmt"
"24054","M2","C4620081","14","107","C4620081 M2","tmt",0.0401223360099073,"107 tmt","14 tmt"
"24055","M2","C4620081","14","108","C4620081 M2","tmt",0.0396448941754021,"108 tmt","14 tmt"
"24056","M2","C4620081","14","109","C4620081 M2","tmt",0.0390324168025629,"109 tmt","14 tmt"
"24057","M2","C4620081","14","110","C4620081 M2","tmt",0.0389481103901702,"110 tmt","14 tmt"
"24058","M2","C4620081","14","111","C4620081 M2","tmt",0.0389189048649795,"111 tmt","14 tmt"
"24059","M2","C4620081","14","112","C4620081 M2","tmt",0.0388704932151682,"112 tmt","14 tmt"
"24060","M2","C4620081","14","113","C4620081 M2","tmt",0.038803176198783,"113 tmt","14 tmt"
"24061","M2","C4620081","14","114","C4620081 M2","tmt",0.0384018841299745,"114 tmt","14 tmt"
"24062","M2","C4620081","14","115","C4620081 M2","tmt",0.0369871297337638,"115 tmt","14 tmt"
"24063","M2","C4620081","14","116","C4620081 M2","tmt",0.0368842863215162,"116 tmt","14 tmt"
"24064","M2","C4620081","14","117","C4620081 M2","tmt",0.0365046280805529,"117 tmt","14 tmt"
"24065","M2","C4620081","14","118","C4620081 M2","tmt",0.03643976611136,"118 tmt","14 tmt"
"24066","M2","C4620081","14","119","C4620081 M2","tmt",0.0363764951361383,"119 tmt","14 tmt"
"24067","M2","C4620081","14","120","C4620081 M2","tmt",0.0362692658873038,"120 tmt","14 tmt"
"24068","M2","C4620081","14","121","C4620081 M2","tmt",0.0360575119170024,"121 tmt","14 tmt"
"24069","M2","C4620081","14","122","C4620081 M2","tmt",0.0360488896523956,"122 tmt","14 tmt"
"24070","M2","C4620081","14","123","C4620081 M2","tmt",0.0358856846776746,"123 tmt","14 tmt"
"24071","M2","C4620081","14","124","C4620081 M2","tmt",0.0357988687361133,"124 tmt","14 tmt"
"24072","M2","C4620081","14","125","C4620081 M2","tmt",0.0353919215763895,"125 tmt","14 tmt"
"24073","M2","C4620081","14","126","C4620081 M2","tmt",0.0353492562293794,"126 tmt","14 tmt"
"24074","M2","C4620081","14","127","C4620081 M2","tmt",0.0352804179703715,"127 tmt","14 tmt"
"24075","M2","C4620081","14","128","C4620081 M2","tmt",0.0352314082634958,"128 tmt","14 tmt"
"24076","M2","C4620081","14","129","C4620081 M2","tmt",0.0350695784817929,"129 tmt","14 tmt"
"24077","M2","C4620081","14","130","C4620081 M2","tmt",0.0349010617216368,"130 tmt","14 tmt"
"24078","M2","C4620081","14","131","C4620081 M2","tmt",0.0341617328134213,"131 tmt","14 tmt"
"24079","M2","C4620081","14","132","C4620081 M2","tmt",0.0341596911093223,"132 tmt","14 tmt"
"24080","M2","C4620081","14","133","C4620081 M2","tmt",0.0341517082045963,"133 tmt","14 tmt"
"24081","M2","C4620081","14","134","C4620081 M2","tmt",0.0340969898596848,"134 tmt","14 tmt"
"24082","M2","C4620081","14","135","C4620081 M2","tmt",0.0339315905043742,"135 tmt","14 tmt"
"24083","M2","C4620081","14","136","C4620081 M2","tmt",0.0338929194067115,"136 tmt","14 tmt"
"24084","M2","C4620081","14","137","C4620081 M2","tmt",0.0337319865701622,"137 tmt","14 tmt"
"24085","M2","C4620081","14","138","C4620081 M2","tmt",0.0336989968862626,"138 tmt","14 tmt"
"24086","M2","C4620081","14","139","C4620081 M2","tmt",0.0336905634244149,"139 tmt","14 tmt"
"24087","M2","C4620081","14","140","C4620081 M2","tmt",0.0336028610395418,"140 tmt","14 tmt"
"24088","M2","C4620081","14","141","C4620081 M2","tmt",0.0334212968382913,"141 tmt","14 tmt"
"24089","M2","C4620081","14","142","C4620081 M2","tmt",0.0333974722193768,"142 tmt","14 tmt"
"24090","M2","C4620081","14","143","C4620081 M2","tmt",0.0333850565273953,"143 tmt","14 tmt"
"24091","M2","C4620081","14","144","C4620081 M2","tmt",0.033075804262198,"144 tmt","14 tmt"
"24092","M2","C4620081","14","145","C4620081 M2","tmt",0.0330432379470307,"145 tmt","14 tmt"
"24093","M2","C4620081","14","146","C4620081 M2","tmt",0.0325933967194311,"146 tmt","14 tmt"
"24094","M2","C4620081","14","147","C4620081 M2","tmt",0.0325823355125022,"147 tmt","14 tmt"
"24095","M2","C4620081","14","148","C4620081 M2","tmt",0.0323040718361526,"148 tmt","14 tmt"
"24096","M2","C4620081","14","149","C4620081 M2","tmt",0.0320769260230198,"149 tmt","14 tmt"
"24097","M2","C4620081","14","150","C4620081 M2","tmt",0.0319549148215489,"150 tmt","14 tmt"
"24098","M2","C4620081","14","151","C4620081 M2","tmt",0.0318946331359411,"151 tmt","14 tmt"
"24099","M2","C4620081","14","152","C4620081 M2","tmt",0.0317821468272017,"152 tmt","14 tmt"
"24100","M2","C4620081","14","153","C4620081 M2","tmt",0.0316612483345483,"153 tmt","14 tmt"
"24101","M2","C4620081","14","154","C4620081 M2","tmt",0.0311384880230679,"154 tmt","14 tmt"
"24102","M2","C4620081","14","155","C4620081 M2","tmt",0.0311333789393268,"155 tmt","14 tmt"
"24103","M2","C4620081","14","156","C4620081 M2","tmt",0.0309221481596648,"156 tmt","14 tmt"
"24104","M2","C4620081","14","157","C4620081 M2","tmt",0.0304625500542644,"157 tmt","14 tmt"
"24105","M2","C4620081","14","158","C4620081 M2","tmt",0.0303621682279201,"158 tmt","14 tmt"
"24106","M2","C4620081","14","159","C4620081 M2","tmt",0.0302288126193211,"159 tmt","14 tmt"
"24107","M2","C4620081","14","160","C4620081 M2","tmt",0.0296056978448327,"160 tmt","14 tmt"
"24108","M2","C4620081","14","161","C4620081 M2","tmt",0.0294604103204825,"161 tmt","14 tmt"
"24109","M2","C4620081","14","162","C4620081 M2","tmt",0.0294139475529809,"162 tmt","14 tmt"
"24110","M2","C4620081","14","163","C4620081 M2","tmt",0.029339543704151,"163 tmt","14 tmt"
"24111","M2","C4620081","14","164","C4620081 M2","tmt",0.029233420564781,"164 tmt","14 tmt"
"24112","M2","C4620081","14","165","C4620081 M2","tmt",0.0282807945303555,"165 tmt","14 tmt"
"24113","M2","C4620081","14","166","C4620081 M2","tmt",0.0280205220082812,"166 tmt","14 tmt"
"24114","M2","C4620081","14","167","C4620081 M2","tmt",0.0279320163446077,"167 tmt","14 tmt"
"24115","M2","C4620081","14","168","C4620081 M2","tmt",0.0276085919687963,"168 tmt","14 tmt"
"24116","M2","C4620081","14","169","C4620081 M2","tmt",0.0275086655114032,"169 tmt","14 tmt"
"24117","M2","C4620081","14","170","C4620081 M2","tmt",0.0267219437099219,"170 tmt","14 tmt"
"24118","M2","C4620081","14","171","C4620081 M2","tmt",0.0265401335413027,"171 tmt","14 tmt"
"24119","M2","C4620081","14","172","C4620081 M2","tmt",0.0259905989551551,"172 tmt","14 tmt"
"24120","M2","C4620081","14","173","C4620081 M2","tmt",0.0259363776051063,"173 tmt","14 tmt"
"24121","M2","C4620081","14","174","C4620081 M2","tmt",0.0258928068714245,"174 tmt","14 tmt"
"24122","M2","C4620081","14","175","C4620081 M2","tmt",0.0258659167564045,"175 tmt","14 tmt"
"24123","M2","C4620081","14","176","C4620081 M2","tmt",0.0255742331265382,"176 tmt","14 tmt"
"24124","M2","C4620081","14","177","C4620081 M2","tmt",0.0254912660162266,"177 tmt","14 tmt"
"24125","M2","C4620081","14","178","C4620081 M2","tmt",0.0253911800028968,"178 tmt","14 tmt"
"24126","M2","C4620081","14","179","C4620081 M2","tmt",0.0253325319420288,"179 tmt","14 tmt"
"24127","M2","C4620081","14","180","C4620081 M2","tmt",0.0251782048585936,"180 tmt","14 tmt"
"24128","M2","C4620081","14","181","C4620081 M2","tmt",0.0250666765859696,"181 tmt","14 tmt"
"24129","M2","C4620081","14","182","C4620081 M2","tmt",0.0249141700679063,"182 tmt","14 tmt"
"24130","M2","C4620081","14","183","C4620081 M2","tmt",0.024700083298257,"183 tmt","14 tmt"
"24131","M2","C4620081","14","184","C4620081 M2","tmt",0.0244117041666787,"184 tmt","14 tmt"
"24132","M2","C4620081","14","185","C4620081 M2","tmt",0.024220386858538,"185 tmt","14 tmt"
"24133","M2","C4620081","14","186","C4620081 M2","tmt",0.0241318556858449,"186 tmt","14 tmt"
"24134","M2","C4620081","14","187","C4620081 M2","tmt",0.0237965422433326,"187 tmt","14 tmt"
"24135","M2","C4620081","14","188","C4620081 M2","tmt",0.0236400201280441,"188 tmt","14 tmt"
"24136","M2","C4620081","14","189","C4620081 M2","tmt",0.0234933663442217,"189 tmt","14 tmt"
"24137","M2","C4620081","14","190","C4620081 M2","tmt",0.0234655402453852,"190 tmt","14 tmt"
"24138","M2","C4620081","14","191","C4620081 M2","tmt",0.022790088074746,"191 tmt","14 tmt"
"24139","M2","C4620081","14","192","C4620081 M2","tmt",0.022753274986958,"192 tmt","14 tmt"
"24140","M2","C4620081","14","193","C4620081 M2","tmt",0.022725494735903,"193 tmt","14 tmt"
"24141","M2","C4620081","14","194","C4620081 M2","tmt",0.0226664924353225,"194 tmt","14 tmt"
"24142","M2","C4620081","14","195","C4620081 M2","tmt",0.0223851788935107,"195 tmt","14 tmt"
"24143","M2","C4620081","14","196","C4620081 M2","tmt",0.0219700091319744,"196 tmt","14 tmt"
"24144","M2","C4620081","14","197","C4620081 M2","tmt",0.0219483732857054,"197 tmt","14 tmt"
"24145","M2","C4620081","14","198","C4620081 M2","tmt",0.0217696938907739,"198 tmt","14 tmt"
"24146","M2","C4620081","14","199","C4620081 M2","tmt",0.0210056327076693,"199 tmt","14 tmt"
"24147","M2","C4620081","14","200","C4620081 M2","tmt",0.0209316754671154,"200 tmt","14 tmt"
"24148","M2","C4620081","14","201","C4620081 M2","tmt",0.0209133205442826,"201 tmt","14 tmt"
"24149","M2","C4620081","14","202","C4620081 M2","tmt",0.0208391986895342,"202 tmt","14 tmt"
"24150","M2","C4620081","14","203","C4620081 M2","tmt",0.0207806957340081,"203 tmt","14 tmt"
"24151","M2","C4620081","14","204","C4620081 M2","tmt",0.0207801363984226,"204 tmt","14 tmt"
"24152","M2","C4620081","14","205","C4620081 M2","tmt",0.020418839001063,"205 tmt","14 tmt"
"24153","M2","C4620081","14","206","C4620081 M2","tmt",0.0203209462344145,"206 tmt","14 tmt"
"24154","M2","C4620081","14","207","C4620081 M2","tmt",0.0201275781035782,"207 tmt","14 tmt"
"24155","M2","C4620081","14","208","C4620081 M2","tmt",0.0200531195048484,"208 tmt","14 tmt"
"24156","M2","C4620081","14","209","C4620081 M2","tmt",0.0199915530481251,"209 tmt","14 tmt"
"24157","M2","C4620081","14","210","C4620081 M2","tmt",0.0193877095668526,"210 tmt","14 tmt"
"24158","M2","C4620081","14","211","C4620081 M2","tmt",0.0193338419820702,"211 tmt","14 tmt"
"24159","M2","C4620081","14","212","C4620081 M2","tmt",0.01929067295145,"212 tmt","14 tmt"
"24160","M2","C4620081","14","213","C4620081 M2","tmt",0.0192497666423254,"213 tmt","14 tmt"
"24161","M2","C4620081","14","214","C4620081 M2","tmt",0.0191328210390172,"214 tmt","14 tmt"
"24162","M2","C4620081","14","215","C4620081 M2","tmt",0.0189166125488192,"215 tmt","14 tmt"
"24163","M2","C4620081","14","216","C4620081 M2","tmt",0.0185884277871019,"216 tmt","14 tmt"
"24164","M2","C4620081","14","217","C4620081 M2","tmt",0.0184704767364819,"217 tmt","14 tmt"
"24165","M2","C4620081","14","218","C4620081 M2","tmt",0.0184256704808372,"218 tmt","14 tmt"
"24166","M2","C4620081","14","219","C4620081 M2","tmt",0.0183154963848453,"219 tmt","14 tmt"
"24167","M2","C4620081","14","220","C4620081 M2","tmt",0.0180084308421288,"220 tmt","14 tmt"
"24168","M2","C4620081","14","221","C4620081 M2","tmt",0.0177694237175213,"221 tmt","14 tmt"
"24169","M2","C4620081","14","222","C4620081 M2","tmt",0.0177084703051776,"222 tmt","14 tmt"
"24170","M2","C4620081","14","223","C4620081 M2","tmt",0.0170634952206825,"223 tmt","14 tmt"
"24171","M2","C4620081","14","224","C4620081 M2","tmt",0.0167112589772638,"224 tmt","14 tmt"
"24172","M2","C4620081","14","225","C4620081 M2","tmt",0.0166299188686439,"225 tmt","14 tmt"
"24173","M2","C4620081","14","226","C4620081 M2","tmt",0.0160156021152059,"226 tmt","14 tmt"
"24174","M2","C4620081","14","227","C4620081 M2","tmt",0.0158504693174422,"227 tmt","14 tmt"
"24175","M2","C4620081","14","228","C4620081 M2","tmt",0.0155942240293754,"228 tmt","14 tmt"
"24176","M2","C4620081","14","229","C4620081 M2","tmt",0.0155631974771993,"229 tmt","14 tmt"
"24177","M2","C4620081","14","230","C4620081 M2","tmt",0.0154985119121941,"230 tmt","14 tmt"
"24178","M2","C4620081","14","231","C4620081 M2","tmt",0.0153090475146476,"231 tmt","14 tmt"
"24179","M2","C4620081","14","232","C4620081 M2","tmt",0.0151482860449885,"232 tmt","14 tmt"
"24180","M2","C4620081","14","233","C4620081 M2","tmt",0.0147933291489665,"233 tmt","14 tmt"
"24181","M2","C4620081","14","234","C4620081 M2","tmt",0.0147512136106431,"234 tmt","14 tmt"
"24182","M2","C4620081","14","235","C4620081 M2","tmt",0.0145143302727874,"235 tmt","14 tmt"
"24183","M2","C4620081","14","236","C4620081 M2","tmt",0.0144825175996735,"236 tmt","14 tmt"
"24184","M2","C4620081","14","237","C4620081 M2","tmt",0.0143049801330903,"237 tmt","14 tmt"
"24185","M2","C4620081","14","238","C4620081 M2","tmt",0.0137141974550314,"238 tmt","14 tmt"
"24186","M2","C4620081","14","239","C4620081 M2","tmt",0.0131517274194224,"239 tmt","14 tmt"
"24187","M2","C4620081","14","240","C4620081 M2","tmt",0.0125067598270564,"240 tmt","14 tmt"
"24188","M2","C4620081","14","241","C4620081 M2","tmt",0.0122768591253868,"241 tmt","14 tmt"
"24189","M2","C4620081","14","242","C4620081 M2","tmt",0.0120061447757039,"242 tmt","14 tmt"
"24190","M2","C4620081","14","243","C4620081 M2","tmt",0.0119504428885487,"243 tmt","14 tmt"
"24191","M2","C4620081","14","244","C4620081 M2","tmt",0.011797673862,"244 tmt","14 tmt"
"24192","M2","C4620081","14","245","C4620081 M2","tmt",0.0117415844016489,"245 tmt","14 tmt"
"24193","M2","C4620081","14","246","C4620081 M2","tmt",0.0111110853741598,"246 tmt","14 tmt"
"24194","M2","C4620081","14","247","C4620081 M2","tmt",0.0109819188123019,"247 tmt","14 tmt"
"24195","M2","C4620081","14","248","C4620081 M2","tmt",0.0108640492341118,"248 tmt","14 tmt"
"24196","M2","C4620081","14","249","C4620081 M2","tmt",0.0105864471726492,"249 tmt","14 tmt"
"24197","M2","C4620081","14","250","C4620081 M2","tmt",0.0105568375501395,"250 tmt","14 tmt"
"24198","M2","C4620081","14","251","C4620081 M2","tmt",0.0104512360561338,"251 tmt","14 tmt"
"24199","M2","C4620081","14","252","C4620081 M2","tmt",0.0103340138422198,"252 tmt","14 tmt"
"24200","M2","C4620081","14","253","C4620081 M2","tmt",0.00947919302315172,"253 tmt","14 tmt"
"24201","M2","C4620081","14","254","C4620081 M2","tmt",0.00945032069936307,"254 tmt","14 tmt"
"24202","M2","C4620081","14","255","C4620081 M2","tmt",0.00884806837394268,"255 tmt","14 tmt"
"24203","M2","C4620081","14","256","C4620081 M2","tmt",0.00875703493135355,"256 tmt","14 tmt"
"24204","M2","C4620081","14","257","C4620081 M2","tmt",0.00873442302200573,"257 tmt","14 tmt"
"24205","M2","C4620081","14","258","C4620081 M2","tmt",0.00855236876849375,"258 tmt","14 tmt"
"24206","M2","C4620081","14","259","C4620081 M2","tmt",0.00851583657177315,"259 tmt","14 tmt"
"24207","M2","C4620081","14","260","C4620081 M2","tmt",0.008235606421014,"260 tmt","14 tmt"
"24208","M2","C4620081","14","261","C4620081 M2","tmt",0.00797026243134693,"261 tmt","14 tmt"
"24209","M2","C4620081","14","262","C4620081 M2","tmt",0.00759258167896834,"262 tmt","14 tmt"
"24210","M2","C4620081","14","263","C4620081 M2","tmt",0.00754323079354451,"263 tmt","14 tmt"
"24211","M2","C4620081","14","264","C4620081 M2","tmt",0.00750812320299689,"264 tmt","14 tmt"
"24212","M2","C4620081","14","265","C4620081 M2","tmt",0.0068746216460661,"265 tmt","14 tmt"
"24213","M2","C4620081","14","266","C4620081 M2","tmt",0.00680144626227619,"266 tmt","14 tmt"
"24214","M2","C4620081","14","267","C4620081 M2","tmt",0.00661577443632709,"267 tmt","14 tmt"
"24215","M2","C4620081","14","268","C4620081 M2","tmt",0.00632367012430403,"268 tmt","14 tmt"
"24216","M2","C4620081","14","269","C4620081 M2","tmt",0.00576695107768246,"269 tmt","14 tmt"
"24217","M2","C4620081","14","270","C4620081 M2","tmt",0.00562257287529235,"270 tmt","14 tmt"
"24218","M2","C4620081","14","271","C4620081 M2","tmt",0.0055904216587438,"271 tmt","14 tmt"
"24219","M2","C4620081","14","272","C4620081 M2","tmt",0.00553722092125513,"272 tmt","14 tmt"
"24220","M2","C4620081","14","273","C4620081 M2","tmt",0.00489535270912752,"273 tmt","14 tmt"
"24221","M2","C4620081","14","274","C4620081 M2","tmt",0.00442508129840772,"274 tmt","14 tmt"
"24222","M2","C4620081","14","275","C4620081 M2","tmt",0.00432336281209868,"275 tmt","14 tmt"
"24223","M2","C4620081","14","276","C4620081 M2","tmt",0.00429328674556513,"276 tmt","14 tmt"
"24224","M2","C4620081","14","277","C4620081 M2","tmt",0.0042178294628047,"277 tmt","14 tmt"
"24225","M2","C4620081","14","278","C4620081 M2","tmt",0.00385075908698681,"278 tmt","14 tmt"
"24226","M2","C4620081","14","279","C4620081 M2","tmt",0.00383705397770383,"279 tmt","14 tmt"
"24227","M2","C4620081","14","280","C4620081 M2","tmt",0.00368607260611051,"280 tmt","14 tmt"
"24228","M2","C4620081","14","281","C4620081 M2","tmt",0.00352400371235004,"281 tmt","14 tmt"
"24229","M2","C4620081","14","282","C4620081 M2","tmt",0.00351442075029799,"282 tmt","14 tmt"
"24230","M2","C4620081","14","283","C4620081 M2","tmt",0.00325729369366567,"283 tmt","14 tmt"
"24231","M2","C4620081","14","284","C4620081 M2","tmt",0.00316549461246681,"284 tmt","14 tmt"
"24232","M2","C4620081","14","285","C4620081 M2","tmt",0.00276442595719483,"285 tmt","14 tmt"
"24233","M2","C4620081","14","286","C4620081 M2","tmt",0.00263971451429661,"286 tmt","14 tmt"
"24234","M2","C4620081","14","287","C4620081 M2","tmt",0.00200415265603608,"287 tmt","14 tmt"
"24235","M2","C4620081","14","288","C4620081 M2","tmt",0.00196017886831342,"288 tmt","14 tmt"
"24236","M2","C4620081","14","289","C4620081 M2","tmt",0.00189921231941938,"289 tmt","14 tmt"
"24237","M2","C4620081","14","290","C4620081 M2","tmt",0.00123947475808689,"290 tmt","14 tmt"
"24238","M2","C4620081","14","291","C4620081 M2","tmt",0.00101908008757893,"291 tmt","14 tmt"
"24239","M2","C4620081","14","292","C4620081 M2","tmt",0.00099808666806485,"292 tmt","14 tmt"
"24240","M2","C4620081","14","293","C4620081 M2","tmt",0.000765219237218305,"293 tmt","14 tmt"
"24241","M2","C4620081","14","294","C4620081 M2","tmt",0.000528824516258016,"294 tmt","14 tmt"
"24242","M2","C4620081","14","295","C4620081 M2","tmt",0.000522903703182355,"295 tmt","14 tmt"
"24243","M2","C4620081","14","296","C4620081 M2","tmt",0.000420934830350383,"296 tmt","14 tmt"
"24244","M2","C4620081","14","297","C4620081 M2","tmt",0.000290910186380571,"297 tmt","14 tmt"
"24245","M2","C4620081","14","298","C4620081 M2","tmt",-0.000347399813103452,"298 tmt","14 tmt"
"24246","M2","C4620081","14","299","C4620081 M2","tmt",-0.000723241613820468,"299 tmt","14 tmt"
"24247","M2","C4620081","14","300","C4620081 M2","tmt",-0.000995761815591171,"300 tmt","14 tmt"
"24248","M2","C4620081","14","301","C4620081 M2","tmt",-0.00112211594021797,"301 tmt","14 tmt"
"24249","M2","C4620081","14","302","C4620081 M2","tmt",-0.00145223226542486,"302 tmt","14 tmt"
"24250","M2","C4620081","14","303","C4620081 M2","tmt",-0.00174382112994427,"303 tmt","14 tmt"
"24251","M2","C4620081","14","304","C4620081 M2","tmt",-0.00178370083513392,"304 tmt","14 tmt"
"24252","M2","C4620081","14","305","C4620081 M2","tmt",-0.0028211550564438,"305 tmt","14 tmt"
"24253","M2","C4620081","14","306","C4620081 M2","tmt",-0.00313970302955702,"306 tmt","14 tmt"
"24254","M2","C4620081","14","307","C4620081 M2","tmt",-0.00365916936069188,"307 tmt","14 tmt"
"24255","M2","C4620081","14","308","C4620081 M2","tmt",-0.0037737287606339,"308 tmt","14 tmt"
"24256","M2","C4620081","14","309","C4620081 M2","tmt",-0.00387778922826279,"309 tmt","14 tmt"
"24257","M2","C4620081","14","310","C4620081 M2","tmt",-0.00425330825879816,"310 tmt","14 tmt"
"24258","M2","C4620081","14","311","C4620081 M2","tmt",-0.00477778527294004,"311 tmt","14 tmt"
"24259","M2","C4620081","14","312","C4620081 M2","tmt",-0.0050431876573393,"312 tmt","14 tmt"
"24260","M2","C4620081","14","313","C4620081 M2","tmt",-0.00505879683531851,"313 tmt","14 tmt"
"24261","M2","C4620081","14","314","C4620081 M2","tmt",-0.00563947242121269,"314 tmt","14 tmt"
"24262","M2","C4620081","14","315","C4620081 M2","tmt",-0.00596963301541006,"315 tmt","14 tmt"
"24263","M2","C4620081","14","316","C4620081 M2","tmt",-0.00603253211975657,"316 tmt","14 tmt"
"24264","M2","C4620081","14","317","C4620081 M2","tmt",-0.00654125539618056,"317 tmt","14 tmt"
"24265","M2","C4620081","14","318","C4620081 M2","tmt",-0.00698998770756418,"318 tmt","14 tmt"
"24266","M2","C4620081","14","319","C4620081 M2","tmt",-0.00749164850676598,"319 tmt","14 tmt"
"24267","M2","C4620081","14","320","C4620081 M2","tmt",-0.00754021366057605,"320 tmt","14 tmt"
"24268","M2","C4620081","14","321","C4620081 M2","tmt",-0.00777532475740203,"321 tmt","14 tmt"
"24269","M2","C4620081","14","322","C4620081 M2","tmt",-0.00807066720868858,"322 tmt","14 tmt"
"24270","M2","C4620081","14","323","C4620081 M2","tmt",-0.00807930531089054,"323 tmt","14 tmt"
"24271","M2","C4620081","14","324","C4620081 M2","tmt",-0.00845807034636652,"324 tmt","14 tmt"
"24272","M2","C4620081","14","325","C4620081 M2","tmt",-0.00894769919142892,"325 tmt","14 tmt"
"24273","M2","C4620081","14","326","C4620081 M2","tmt",-0.00897409683523723,"326 tmt","14 tmt"
"24274","M2","C4620081","14","327","C4620081 M2","tmt",-0.00939837895901908,"327 tmt","14 tmt"
"24275","M2","C4620081","14","328","C4620081 M2","tmt",-0.0100689227553665,"328 tmt","14 tmt"
"24276","M2","C4620081","14","329","C4620081 M2","tmt",-0.0101175486426583,"329 tmt","14 tmt"
"24277","M2","C4620081","14","330","C4620081 M2","tmt",-0.0113564593064823,"330 tmt","14 tmt"
"24278","M2","C4620081","14","331","C4620081 M2","tmt",-0.0114927238520397,"331 tmt","14 tmt"
"24279","M2","C4620081","14","332","C4620081 M2","tmt",-0.0119000151374765,"332 tmt","14 tmt"
"24280","M2","C4620081","14","333","C4620081 M2","tmt",-0.0124787214416653,"333 tmt","14 tmt"
"24281","M2","C4620081","14","334","C4620081 M2","tmt",-0.0125571042203893,"334 tmt","14 tmt"
"24282","M2","C4620081","14","335","C4620081 M2","tmt",-0.0131477281250226,"335 tmt","14 tmt"
"24283","M2","C4620081","14","336","C4620081 M2","tmt",-0.01361517670007,"336 tmt","14 tmt"
"24284","M2","C4620081","14","337","C4620081 M2","tmt",-0.0136199559375987,"337 tmt","14 tmt"
"24285","M2","C4620081","14","338","C4620081 M2","tmt",-0.0138691768986876,"338 tmt","14 tmt"
"24286","M2","C4620081","14","339","C4620081 M2","tmt",-0.0140226223483901,"339 tmt","14 tmt"
"24287","M2","C4620081","14","340","C4620081 M2","tmt",-0.014245728758802,"340 tmt","14 tmt"
"24288","M2","C4620081","14","341","C4620081 M2","tmt",-0.0151288050650686,"341 tmt","14 tmt"
"24289","M2","C4620081","14","342","C4620081 M2","tmt",-0.0157389003986557,"342 tmt","14 tmt"
"24290","M2","C4620081","14","343","C4620081 M2","tmt",-0.0157970554786089,"343 tmt","14 tmt"
"24291","M2","C4620081","14","344","C4620081 M2","tmt",-0.0157988168109165,"344 tmt","14 tmt"
"24292","M2","C4620081","14","345","C4620081 M2","tmt",-0.0157995165557909,"345 tmt","14 tmt"
"24293","M2","C4620081","14","346","C4620081 M2","tmt",-0.0161912429438061,"346 tmt","14 tmt"
"24294","M2","C4620081","14","347","C4620081 M2","tmt",-0.0162196974606691,"347 tmt","14 tmt"
"24295","M2","C4620081","14","348","C4620081 M2","tmt",-0.0164737877600363,"348 tmt","14 tmt"
"24296","M2","C4620081","14","349","C4620081 M2","tmt",-0.0171416304709852,"349 tmt","14 tmt"
"24297","M2","C4620081","14","350","C4620081 M2","tmt",-0.0179196113034173,"350 tmt","14 tmt"
"24298","M2","C4620081","14","351","C4620081 M2","tmt",-0.0180731582790169,"351 tmt","14 tmt"
"24299","M2","C4620081","14","352","C4620081 M2","tmt",-0.0181269821360854,"352 tmt","14 tmt"
"24300","M2","C4620081","14","353","C4620081 M2","tmt",-0.0183071303655925,"353 tmt","14 tmt"
"24301","M2","C4620081","14","354","C4620081 M2","tmt",-0.0183270126851678,"354 tmt","14 tmt"
"24302","M2","C4620081","14","355","C4620081 M2","tmt",-0.0200295836478059,"355 tmt","14 tmt"
"24303","M2","C4620081","14","356","C4620081 M2","tmt",-0.0213574341367856,"356 tmt","14 tmt"
"24304","M2","C4620081","14","357","C4620081 M2","tmt",-0.0219287955549113,"357 tmt","14 tmt"
"24305","M2","C4620081","14","358","C4620081 M2","tmt",-0.022093063271678,"358 tmt","14 tmt"
"24306","M2","C4620081","14","359","C4620081 M2","tmt",-0.0224706485226729,"359 tmt","14 tmt"
"24307","M2","C4620081","14","360","C4620081 M2","tmt",-0.0232917688124416,"360 tmt","14 tmt"
"24308","M2","C4620081","14","361","C4620081 M2","tmt",-0.0238119555001601,"361 tmt","14 tmt"
"24309","M2","C4620081","14","362","C4620081 M2","tmt",-0.02400261167933,"362 tmt","14 tmt"
"24310","M2","C4620081","14","363","C4620081 M2","tmt",-0.0242520002165512,"363 tmt","14 tmt"
"24311","M2","C4620081","14","364","C4620081 M2","tmt",-0.0260685912789229,"364 tmt","14 tmt"
"24312","M2","C4620081","14","365","C4620081 M2","tmt",-0.0265633743380583,"365 tmt","14 tmt"
"24313","M2","C4620081","14","366","C4620081 M2","tmt",-0.0273800800121706,"366 tmt","14 tmt"
"24314","M2","C4620081","14","367","C4620081 M2","tmt",-0.0278178129822386,"367 tmt","14 tmt"
"24315","M2","C4620081","14","368","C4620081 M2","tmt",-0.0308945815866095,"368 tmt","14 tmt"
"24316","M2","C4620081","14","369","C4620081 M2","tmt",-0.0338059806197489,"369 tmt","14 tmt"
"24317","M2","C4620081","14","370","C4620081 M2","tmt",-0.0340455287303869,"370 tmt","14 tmt"
"24318","M2","C4620081","14","371","C4620081 M2","tmt",-0.034488038963011,"371 tmt","14 tmt"
"24319","M2","C4620081","14","372","C4620081 M2","tmt",-0.0350733708802294,"372 tmt","14 tmt"
"24320","M2","C4620081","14","373","C4620081 M2","tmt",-0.0352381146467394,"373 tmt","14 tmt"
"24321","M2","C4620081","14","374","C4620081 M2","tmt",-0.0355966542713717,"374 tmt","14 tmt"
"24322","M2","C4620081","14","375","C4620081 M2","tmt",-0.0383429664622543,"375 tmt","14 tmt"
"24323","M2","C4620081","14","376","C4620081 M2","tmt",-0.0394496399815638,"376 tmt","14 tmt"
"24324","M2","C4620081","14","377","C4620081 M2","tmt",-0.0405214096154101,"377 tmt","14 tmt"
"24325","M2","C4620081","14","378","C4620081 M2","tmt",-0.0422074653138317,"378 tmt","14 tmt"
"24326","M2","C4620081","14","379","C4620081 M2","tmt",-0.0470912402942272,"379 tmt","14 tmt"
"24327","M2","C4620081","14","380","C4620081 M2","tmt",-0.049415342520774,"380 tmt","14 tmt"
"24328","M2","C4620081","14","381","C4620081 M2","tmt",-0.0513144494908447,"381 tmt","14 tmt"
"24329","M2","C4620081","14","382","C4620081 M2","tmt",-0.0525751592557528,"382 tmt","14 tmt"
"24330","M3","C4620081","14","0","C4620081 M3","tmt",0.17890921177037,"0 tmt","14 tmt"
"24331","M3","C4620081","14","1","C4620081 M3","tmt",0.166775004718439,"1 tmt","14 tmt"
"24332","M3","C4620081","14","2","C4620081 M3","tmt",0.16558799224859,"2 tmt","14 tmt"
"24333","M3","C4620081","14","3","C4620081 M3","tmt",0.162680524628695,"3 tmt","14 tmt"
"24334","M3","C4620081","14","4","C4620081 M3","tmt",0.162227280331739,"4 tmt","14 tmt"
"24335","M3","C4620081","14","5","C4620081 M3","tmt",0.160116193993974,"5 tmt","14 tmt"
"24336","M3","C4620081","14","6","C4620081 M3","tmt",0.157491776030369,"6 tmt","14 tmt"
"24337","M3","C4620081","14","7","C4620081 M3","tmt",0.155146206125127,"7 tmt","14 tmt"
"24338","M3","C4620081","14","8","C4620081 M3","tmt",0.153490529391198,"8 tmt","14 tmt"
"24339","M3","C4620081","14","9","C4620081 M3","tmt",0.152395876228636,"9 tmt","14 tmt"
"24340","M3","C4620081","14","10","C4620081 M3","tmt",0.14911357879958,"10 tmt","14 tmt"
"24341","M3","C4620081","14","11","C4620081 M3","tmt",0.147668016236571,"11 tmt","14 tmt"
"24342","M3","C4620081","14","12","C4620081 M3","tmt",0.146745093641839,"12 tmt","14 tmt"
"24343","M3","C4620081","14","13","C4620081 M3","tmt",0.146464412007585,"13 tmt","14 tmt"
"24344","M3","C4620081","14","14","C4620081 M3","tmt",0.142508003067971,"14 tmt","14 tmt"
"24345","M3","C4620081","14","15","C4620081 M3","tmt",0.14156874280367,"15 tmt","14 tmt"
"24346","M3","C4620081","14","16","C4620081 M3","tmt",0.141206645874841,"16 tmt","14 tmt"
"24347","M3","C4620081","14","17","C4620081 M3","tmt",0.139326803207264,"17 tmt","14 tmt"
"24348","M3","C4620081","14","18","C4620081 M3","tmt",0.138792089429193,"18 tmt","14 tmt"
"24349","M3","C4620081","14","19","C4620081 M3","tmt",0.138312357711197,"19 tmt","14 tmt"
"24350","M3","C4620081","14","20","C4620081 M3","tmt",0.136647556068469,"20 tmt","14 tmt"
"24351","M3","C4620081","14","21","C4620081 M3","tmt",0.135947541118267,"21 tmt","14 tmt"
"24352","M3","C4620081","14","22","C4620081 M3","tmt",0.132115947281404,"22 tmt","14 tmt"
"24353","M3","C4620081","14","23","C4620081 M3","tmt",0.130327790496689,"23 tmt","14 tmt"
"24354","M3","C4620081","14","24","C4620081 M3","tmt",0.129463051772742,"24 tmt","14 tmt"
"24355","M3","C4620081","14","25","C4620081 M3","tmt",0.128918794329222,"25 tmt","14 tmt"
"24356","M3","C4620081","14","26","C4620081 M3","tmt",0.128316070696758,"26 tmt","14 tmt"
"24357","M3","C4620081","14","27","C4620081 M3","tmt",0.127362037184966,"27 tmt","14 tmt"
"24358","M3","C4620081","14","28","C4620081 M3","tmt",0.1258817500074,"28 tmt","14 tmt"
"24359","M3","C4620081","14","29","C4620081 M3","tmt",0.125801171761358,"29 tmt","14 tmt"
"24360","M3","C4620081","14","30","C4620081 M3","tmt",0.125579054070613,"30 tmt","14 tmt"
"24361","M3","C4620081","14","31","C4620081 M3","tmt",0.125310645866752,"31 tmt","14 tmt"
"24362","M3","C4620081","14","32","C4620081 M3","tmt",0.123850548501292,"32 tmt","14 tmt"
"24363","M3","C4620081","14","33","C4620081 M3","tmt",0.123105361370505,"33 tmt","14 tmt"
"24364","M3","C4620081","14","34","C4620081 M3","tmt",0.119992733229547,"34 tmt","14 tmt"
"24365","M3","C4620081","14","35","C4620081 M3","tmt",0.11995716221868,"35 tmt","14 tmt"
"24366","M3","C4620081","14","36","C4620081 M3","tmt",0.117919633341168,"36 tmt","14 tmt"
"24367","M3","C4620081","14","37","C4620081 M3","tmt",0.117784054192787,"37 tmt","14 tmt"
"24368","M3","C4620081","14","38","C4620081 M3","tmt",0.116859093423847,"38 tmt","14 tmt"
"24369","M3","C4620081","14","39","C4620081 M3","tmt",0.116725889826768,"39 tmt","14 tmt"
"24370","M3","C4620081","14","40","C4620081 M3","tmt",0.116713778538089,"40 tmt","14 tmt"
"24371","M3","C4620081","14","41","C4620081 M3","tmt",0.115809895431848,"41 tmt","14 tmt"
"24372","M3","C4620081","14","42","C4620081 M3","tmt",0.115614034139186,"42 tmt","14 tmt"
"24373","M3","C4620081","14","43","C4620081 M3","tmt",0.114673092675099,"43 tmt","14 tmt"
"24374","M3","C4620081","14","44","C4620081 M3","tmt",0.112920862032091,"44 tmt","14 tmt"
"24375","M3","C4620081","14","45","C4620081 M3","tmt",0.112627576335664,"45 tmt","14 tmt"
"24376","M3","C4620081","14","46","C4620081 M3","tmt",0.112112336828347,"46 tmt","14 tmt"
"24377","M3","C4620081","14","47","C4620081 M3","tmt",0.111651748176299,"47 tmt","14 tmt"
"24378","M3","C4620081","14","48","C4620081 M3","tmt",0.111646751753983,"48 tmt","14 tmt"
"24379","M3","C4620081","14","49","C4620081 M3","tmt",0.111318973669523,"49 tmt","14 tmt"
"24380","M3","C4620081","14","50","C4620081 M3","tmt",0.108751467130605,"50 tmt","14 tmt"
"24381","M3","C4620081","14","51","C4620081 M3","tmt",0.107461840792328,"51 tmt","14 tmt"
"24382","M3","C4620081","14","52","C4620081 M3","tmt",0.106848124490324,"52 tmt","14 tmt"
"24383","M3","C4620081","14","53","C4620081 M3","tmt",0.105493123205075,"53 tmt","14 tmt"
"24384","M3","C4620081","14","54","C4620081 M3","tmt",0.104847261120465,"54 tmt","14 tmt"
"24385","M3","C4620081","14","55","C4620081 M3","tmt",0.104599134034207,"55 tmt","14 tmt"
"24386","M3","C4620081","14","56","C4620081 M3","tmt",0.103428750327527,"56 tmt","14 tmt"
"24387","M3","C4620081","14","57","C4620081 M3","tmt",0.10256869813656,"57 tmt","14 tmt"
"24388","M3","C4620081","14","58","C4620081 M3","tmt",0.102138709347067,"58 tmt","14 tmt"
"24389","M3","C4620081","14","59","C4620081 M3","tmt",0.101881968167156,"59 tmt","14 tmt"
"24390","M3","C4620081","14","60","C4620081 M3","tmt",0.101403964381265,"60 tmt","14 tmt"
"24391","M3","C4620081","14","61","C4620081 M3","tmt",0.101275653029154,"61 tmt","14 tmt"
"24392","M3","C4620081","14","62","C4620081 M3","tmt",0.101040920908638,"62 tmt","14 tmt"
"24393","M3","C4620081","14","63","C4620081 M3","tmt",0.100552611627017,"63 tmt","14 tmt"
"24394","M3","C4620081","14","64","C4620081 M3","tmt",0.100507291986737,"64 tmt","14 tmt"
"24395","M3","C4620081","14","65","C4620081 M3","tmt",0.100229162745411,"65 tmt","14 tmt"
"24396","M3","C4620081","14","66","C4620081 M3","tmt",0.100058840785576,"66 tmt","14 tmt"
"24397","M3","C4620081","14","67","C4620081 M3","tmt",0.100037757133264,"67 tmt","14 tmt"
"24398","M3","C4620081","14","68","C4620081 M3","tmt",0.0999392473315433,"68 tmt","14 tmt"
"24399","M3","C4620081","14","69","C4620081 M3","tmt",0.0993795656695828,"69 tmt","14 tmt"
"24400","M3","C4620081","14","70","C4620081 M3","tmt",0.0990517116642245,"70 tmt","14 tmt"
"24401","M3","C4620081","14","71","C4620081 M3","tmt",0.0989425137514578,"71 tmt","14 tmt"
"24402","M3","C4620081","14","72","C4620081 M3","tmt",0.0978543242480266,"72 tmt","14 tmt"
"24403","M3","C4620081","14","73","C4620081 M3","tmt",0.0975170264190872,"73 tmt","14 tmt"
"24404","M3","C4620081","14","74","C4620081 M3","tmt",0.0968817934935345,"74 tmt","14 tmt"
"24405","M3","C4620081","14","75","C4620081 M3","tmt",0.0966399707665271,"75 tmt","14 tmt"
"24406","M3","C4620081","14","76","C4620081 M3","tmt",0.0955692100354264,"76 tmt","14 tmt"
"24407","M3","C4620081","14","77","C4620081 M3","tmt",0.0955501028979202,"77 tmt","14 tmt"
"24408","M3","C4620081","14","78","C4620081 M3","tmt",0.0946756673383524,"78 tmt","14 tmt"
"24409","M3","C4620081","14","79","C4620081 M3","tmt",0.0946121226536794,"79 tmt","14 tmt"
"24410","M3","C4620081","14","80","C4620081 M3","tmt",0.0945782768373657,"80 tmt","14 tmt"
"24411","M3","C4620081","14","81","C4620081 M3","tmt",0.0945302860786529,"81 tmt","14 tmt"
"24412","M3","C4620081","14","82","C4620081 M3","tmt",0.0939107924032458,"82 tmt","14 tmt"
"24413","M3","C4620081","14","83","C4620081 M3","tmt",0.0931621584228887,"83 tmt","14 tmt"
"24414","M3","C4620081","14","84","C4620081 M3","tmt",0.0928471487827858,"84 tmt","14 tmt"
"24415","M3","C4620081","14","85","C4620081 M3","tmt",0.0927615106894133,"85 tmt","14 tmt"
"24416","M3","C4620081","14","86","C4620081 M3","tmt",0.0923060661306359,"86 tmt","14 tmt"
"24417","M3","C4620081","14","87","C4620081 M3","tmt",0.0922743208858353,"87 tmt","14 tmt"
"24418","M3","C4620081","14","88","C4620081 M3","tmt",0.0913389307098499,"88 tmt","14 tmt"
"24419","M3","C4620081","14","89","C4620081 M3","tmt",0.0912658755628888,"89 tmt","14 tmt"
"24420","M3","C4620081","14","90","C4620081 M3","tmt",0.0896325297583693,"90 tmt","14 tmt"
"24421","M3","C4620081","14","91","C4620081 M3","tmt",0.0896169852862144,"91 tmt","14 tmt"
"24422","M3","C4620081","14","92","C4620081 M3","tmt",0.0896035290861367,"92 tmt","14 tmt"
"24423","M3","C4620081","14","93","C4620081 M3","tmt",0.0887354424166441,"93 tmt","14 tmt"
"24424","M3","C4620081","14","94","C4620081 M3","tmt",0.0879792397531066,"94 tmt","14 tmt"
"24425","M3","C4620081","14","95","C4620081 M3","tmt",0.0862513118880744,"95 tmt","14 tmt"
"24426","M3","C4620081","14","96","C4620081 M3","tmt",0.0855023740375822,"96 tmt","14 tmt"
"24427","M3","C4620081","14","97","C4620081 M3","tmt",0.0850491697466491,"97 tmt","14 tmt"
"24428","M3","C4620081","14","98","C4620081 M3","tmt",0.0845619975018762,"98 tmt","14 tmt"
"24429","M3","C4620081","14","99","C4620081 M3","tmt",0.084410206960313,"99 tmt","14 tmt"
"24430","M3","C4620081","14","100","C4620081 M3","tmt",0.0841939960544843,"100 tmt","14 tmt"
"24431","M3","C4620081","14","101","C4620081 M3","tmt",0.0841562261025033,"101 tmt","14 tmt"
"24432","M3","C4620081","14","102","C4620081 M3","tmt",0.0841375331136479,"102 tmt","14 tmt"
"24433","M3","C4620081","14","103","C4620081 M3","tmt",0.0841082134943086,"103 tmt","14 tmt"
"24434","M3","C4620081","14","104","C4620081 M3","tmt",0.083701541121234,"104 tmt","14 tmt"
"24435","M3","C4620081","14","105","C4620081 M3","tmt",0.0836200960214411,"105 tmt","14 tmt"
"24436","M3","C4620081","14","106","C4620081 M3","tmt",0.0831172716777866,"106 tmt","14 tmt"
"24437","M3","C4620081","14","107","C4620081 M3","tmt",0.0804458123191252,"107 tmt","14 tmt"
"24438","M3","C4620081","14","108","C4620081 M3","tmt",0.0800833466917668,"108 tmt","14 tmt"
"24439","M3","C4620081","14","109","C4620081 M3","tmt",0.0798889750180575,"109 tmt","14 tmt"
"24440","M3","C4620081","14","110","C4620081 M3","tmt",0.0796953675178114,"110 tmt","14 tmt"
"24441","M3","C4620081","14","111","C4620081 M3","tmt",0.0792806243231739,"111 tmt","14 tmt"
"24442","M3","C4620081","14","112","C4620081 M3","tmt",0.0790779022489781,"112 tmt","14 tmt"
"24443","M3","C4620081","14","113","C4620081 M3","tmt",0.0764325509543285,"113 tmt","14 tmt"
"24444","M3","C4620081","14","114","C4620081 M3","tmt",0.0760190702441073,"114 tmt","14 tmt"
"24445","M3","C4620081","14","115","C4620081 M3","tmt",0.0758466268756978,"115 tmt","14 tmt"
"24446","M3","C4620081","14","116","C4620081 M3","tmt",0.0745116449748341,"116 tmt","14 tmt"
"24447","M3","C4620081","14","117","C4620081 M3","tmt",0.0744673063237856,"117 tmt","14 tmt"
"24448","M3","C4620081","14","118","C4620081 M3","tmt",0.0743367263320552,"118 tmt","14 tmt"
"24449","M3","C4620081","14","119","C4620081 M3","tmt",0.0743319224553238,"119 tmt","14 tmt"
"24450","M3","C4620081","14","120","C4620081 M3","tmt",0.0736031350153926,"120 tmt","14 tmt"
"24451","M3","C4620081","14","121","C4620081 M3","tmt",0.0736019428799313,"121 tmt","14 tmt"
"24452","M3","C4620081","14","122","C4620081 M3","tmt",0.0735470647835219,"122 tmt","14 tmt"
"24453","M3","C4620081","14","123","C4620081 M3","tmt",0.0730015024980886,"123 tmt","14 tmt"
"24454","M3","C4620081","14","124","C4620081 M3","tmt",0.0721802720346899,"124 tmt","14 tmt"
"24455","M3","C4620081","14","125","C4620081 M3","tmt",0.0721347108425388,"125 tmt","14 tmt"
"24456","M3","C4620081","14","126","C4620081 M3","tmt",0.0708316762335292,"126 tmt","14 tmt"
"24457","M3","C4620081","14","127","C4620081 M3","tmt",0.0708138638306727,"127 tmt","14 tmt"
"24458","M3","C4620081","14","128","C4620081 M3","tmt",0.0707162353826223,"128 tmt","14 tmt"
"24459","M3","C4620081","14","129","C4620081 M3","tmt",0.0706990973450011,"129 tmt","14 tmt"
"24460","M3","C4620081","14","130","C4620081 M3","tmt",0.0702197858411043,"130 tmt","14 tmt"
"24461","M3","C4620081","14","131","C4620081 M3","tmt",0.0698687689912537,"131 tmt","14 tmt"
"24462","M3","C4620081","14","132","C4620081 M3","tmt",0.0689827333361528,"132 tmt","14 tmt"
"24463","M3","C4620081","14","133","C4620081 M3","tmt",0.0689679756912942,"133 tmt","14 tmt"
"24464","M3","C4620081","14","134","C4620081 M3","tmt",0.068951398813502,"134 tmt","14 tmt"
"24465","M3","C4620081","14","135","C4620081 M3","tmt",0.068861297831734,"135 tmt","14 tmt"
"24466","M3","C4620081","14","136","C4620081 M3","tmt",0.0682711790003493,"136 tmt","14 tmt"
"24467","M3","C4620081","14","137","C4620081 M3","tmt",0.0679743889146633,"137 tmt","14 tmt"
"24468","M3","C4620081","14","138","C4620081 M3","tmt",0.0673603893219663,"138 tmt","14 tmt"
"24469","M3","C4620081","14","139","C4620081 M3","tmt",0.066789982944833,"139 tmt","14 tmt"
"24470","M3","C4620081","14","140","C4620081 M3","tmt",0.0666949743684968,"140 tmt","14 tmt"
"24471","M3","C4620081","14","141","C4620081 M3","tmt",0.0665303257985157,"141 tmt","14 tmt"
"24472","M3","C4620081","14","142","C4620081 M3","tmt",0.0661390600857933,"142 tmt","14 tmt"
"24473","M3","C4620081","14","143","C4620081 M3","tmt",0.0657217773542169,"143 tmt","14 tmt"
"24474","M3","C4620081","14","144","C4620081 M3","tmt",0.0651669439970573,"144 tmt","14 tmt"
"24475","M3","C4620081","14","145","C4620081 M3","tmt",0.064848822436955,"145 tmt","14 tmt"
"24476","M3","C4620081","14","146","C4620081 M3","tmt",0.0639981851525513,"146 tmt","14 tmt"
"24477","M3","C4620081","14","147","C4620081 M3","tmt",0.0633630599591968,"147 tmt","14 tmt"
"24478","M3","C4620081","14","148","C4620081 M3","tmt",0.0633019498817643,"148 tmt","14 tmt"
"24479","M3","C4620081","14","149","C4620081 M3","tmt",0.0632405996213887,"149 tmt","14 tmt"
"24480","M3","C4620081","14","150","C4620081 M3","tmt",0.062969239499322,"150 tmt","14 tmt"
"24481","M3","C4620081","14","151","C4620081 M3","tmt",0.062534364197609,"151 tmt","14 tmt"
"24482","M3","C4620081","14","152","C4620081 M3","tmt",0.0618014869637394,"152 tmt","14 tmt"
"24483","M3","C4620081","14","153","C4620081 M3","tmt",0.0616938700146232,"153 tmt","14 tmt"
"24484","M3","C4620081","14","154","C4620081 M3","tmt",0.0613343121700877,"154 tmt","14 tmt"
"24485","M3","C4620081","14","155","C4620081 M3","tmt",0.061235752871211,"155 tmt","14 tmt"
"24486","M3","C4620081","14","156","C4620081 M3","tmt",0.0603753257500899,"156 tmt","14 tmt"
"24487","M3","C4620081","14","157","C4620081 M3","tmt",0.0603016081843681,"157 tmt","14 tmt"
"24488","M3","C4620081","14","158","C4620081 M3","tmt",0.0595872172077555,"158 tmt","14 tmt"
"24489","M3","C4620081","14","159","C4620081 M3","tmt",0.059214009689999,"159 tmt","14 tmt"
"24490","M3","C4620081","14","160","C4620081 M3","tmt",0.0591637611312884,"160 tmt","14 tmt"
"24491","M3","C4620081","14","161","C4620081 M3","tmt",0.0587980115690921,"161 tmt","14 tmt"
"24492","M3","C4620081","14","162","C4620081 M3","tmt",0.0587088584587032,"162 tmt","14 tmt"
"24493","M3","C4620081","14","163","C4620081 M3","tmt",0.0586337122072474,"163 tmt","14 tmt"
"24494","M3","C4620081","14","164","C4620081 M3","tmt",0.0583191299729708,"164 tmt","14 tmt"
"24495","M3","C4620081","14","165","C4620081 M3","tmt",0.0583012317452515,"165 tmt","14 tmt"
"24496","M3","C4620081","14","166","C4620081 M3","tmt",0.057573393135949,"166 tmt","14 tmt"
"24497","M3","C4620081","14","167","C4620081 M3","tmt",0.0543625020032182,"167 tmt","14 tmt"
"24498","M3","C4620081","14","168","C4620081 M3","tmt",0.0543385427220473,"168 tmt","14 tmt"
"24499","M3","C4620081","14","169","C4620081 M3","tmt",0.0542154385325931,"169 tmt","14 tmt"
"24500","M3","C4620081","14","170","C4620081 M3","tmt",0.0539374546794903,"170 tmt","14 tmt"
"24501","M3","C4620081","14","171","C4620081 M3","tmt",0.0538483512334998,"171 tmt","14 tmt"
"24502","M3","C4620081","14","172","C4620081 M3","tmt",0.0528469160229539,"172 tmt","14 tmt"
"24503","M3","C4620081","14","173","C4620081 M3","tmt",0.0523086207229682,"173 tmt","14 tmt"
"24504","M3","C4620081","14","174","C4620081 M3","tmt",0.0515350627737221,"174 tmt","14 tmt"
"24505","M3","C4620081","14","175","C4620081 M3","tmt",0.0507325597465111,"175 tmt","14 tmt"
"24506","M3","C4620081","14","176","C4620081 M3","tmt",0.0495869058432871,"176 tmt","14 tmt"
"24507","M3","C4620081","14","177","C4620081 M3","tmt",0.0491421700400199,"177 tmt","14 tmt"
"24508","M3","C4620081","14","178","C4620081 M3","tmt",0.0489286596496979,"178 tmt","14 tmt"
"24509","M3","C4620081","14","179","C4620081 M3","tmt",0.048876420691686,"179 tmt","14 tmt"
"24510","M3","C4620081","14","180","C4620081 M3","tmt",0.0487870962761584,"180 tmt","14 tmt"
"24511","M3","C4620081","14","181","C4620081 M3","tmt",0.0486087936365107,"181 tmt","14 tmt"
"24512","M3","C4620081","14","182","C4620081 M3","tmt",0.0485679421626823,"182 tmt","14 tmt"
"24513","M3","C4620081","14","183","C4620081 M3","tmt",0.0482415787604321,"183 tmt","14 tmt"
"24514","M3","C4620081","14","184","C4620081 M3","tmt",0.0481926133568051,"184 tmt","14 tmt"
"24515","M3","C4620081","14","185","C4620081 M3","tmt",0.0474872623058097,"185 tmt","14 tmt"
"24516","M3","C4620081","14","186","C4620081 M3","tmt",0.046229872063348,"186 tmt","14 tmt"
"24517","M3","C4620081","14","187","C4620081 M3","tmt",0.0457609786006499,"187 tmt","14 tmt"
"24518","M3","C4620081","14","188","C4620081 M3","tmt",0.0443561083186316,"188 tmt","14 tmt"
"24519","M3","C4620081","14","189","C4620081 M3","tmt",0.0441460771700948,"189 tmt","14 tmt"
"24520","M3","C4620081","14","190","C4620081 M3","tmt",0.0437366244767673,"190 tmt","14 tmt"
"24521","M3","C4620081","14","191","C4620081 M3","tmt",0.0430838547911976,"191 tmt","14 tmt"
"24522","M3","C4620081","14","192","C4620081 M3","tmt",0.0430094552042719,"192 tmt","14 tmt"
"24523","M3","C4620081","14","193","C4620081 M3","tmt",0.0427378367511192,"193 tmt","14 tmt"
"24524","M3","C4620081","14","194","C4620081 M3","tmt",0.0425031572129337,"194 tmt","14 tmt"
"24525","M3","C4620081","14","195","C4620081 M3","tmt",0.0418741996319582,"195 tmt","14 tmt"
"24526","M3","C4620081","14","196","C4620081 M3","tmt",0.0408587958063812,"196 tmt","14 tmt"
"24527","M3","C4620081","14","197","C4620081 M3","tmt",0.0402953636707688,"197 tmt","14 tmt"
"24528","M3","C4620081","14","198","C4620081 M3","tmt",0.0390250515428564,"198 tmt","14 tmt"
"24529","M3","C4620081","14","199","C4620081 M3","tmt",0.0384781319076187,"199 tmt","14 tmt"
"24530","M3","C4620081","14","200","C4620081 M3","tmt",0.038367192048975,"200 tmt","14 tmt"
"24531","M3","C4620081","14","201","C4620081 M3","tmt",0.0379582132552031,"201 tmt","14 tmt"
"24532","M3","C4620081","14","202","C4620081 M3","tmt",0.0378978584290678,"202 tmt","14 tmt"
"24533","M3","C4620081","14","203","C4620081 M3","tmt",0.0372516737883444,"203 tmt","14 tmt"
"24534","M3","C4620081","14","204","C4620081 M3","tmt",0.0361788519813252,"204 tmt","14 tmt"
"24535","M3","C4620081","14","205","C4620081 M3","tmt",0.0348958288213308,"205 tmt","14 tmt"
"24536","M3","C4620081","14","206","C4620081 M3","tmt",0.031347579997179,"206 tmt","14 tmt"
"24537","M3","C4620081","14","207","C4620081 M3","tmt",0.0312247904945577,"207 tmt","14 tmt"
"24538","M3","C4620081","14","208","C4620081 M3","tmt",0.0312020491259304,"208 tmt","14 tmt"
"24539","M3","C4620081","14","209","C4620081 M3","tmt",0.030292860092753,"209 tmt","14 tmt"
"24540","M3","C4620081","14","210","C4620081 M3","tmt",0.0274766477315172,"210 tmt","14 tmt"
"24541","M3","C4620081","14","211","C4620081 M3","tmt",0.0273280774847136,"211 tmt","14 tmt"
"24542","M3","C4620081","14","212","C4620081 M3","tmt",0.0269250522974819,"212 tmt","14 tmt"
"24543","M3","C4620081","14","213","C4620081 M3","tmt",0.026924602826065,"213 tmt","14 tmt"
"24544","M3","C4620081","14","214","C4620081 M3","tmt",0.0268143444041688,"214 tmt","14 tmt"
"24545","M3","C4620081","14","215","C4620081 M3","tmt",0.0255561111042032,"215 tmt","14 tmt"
"24546","M3","C4620081","14","216","C4620081 M3","tmt",0.0227974782329153,"216 tmt","14 tmt"
"24547","M3","C4620081","14","217","C4620081 M3","tmt",0.0217769344846408,"217 tmt","14 tmt"
"24548","M3","C4620081","14","218","C4620081 M3","tmt",0.0213175961398537,"218 tmt","14 tmt"
"24549","M3","C4620081","14","219","C4620081 M3","tmt",0.0202619000682631,"219 tmt","14 tmt"
"24550","M3","C4620081","14","220","C4620081 M3","tmt",0.0193254518500598,"220 tmt","14 tmt"
"24551","M3","C4620081","14","221","C4620081 M3","tmt",0.0187856879052684,"221 tmt","14 tmt"
"24552","M3","C4620081","14","222","C4620081 M3","tmt",0.0182789324089252,"222 tmt","14 tmt"
"24553","M3","C4620081","14","223","C4620081 M3","tmt",0.0181929010058512,"223 tmt","14 tmt"
"24554","M3","C4620081","14","224","C4620081 M3","tmt",0.017168632665189,"224 tmt","14 tmt"
"24555","M3","C4620081","14","225","C4620081 M3","tmt",0.0160674083023137,"225 tmt","14 tmt"
"24556","M3","C4620081","14","226","C4620081 M3","tmt",0.0157558413406786,"226 tmt","14 tmt"
"24557","M3","C4620081","14","227","C4620081 M3","tmt",0.0153363776029373,"227 tmt","14 tmt"
"24558","M3","C4620081","14","228","C4620081 M3","tmt",0.0152846378979751,"228 tmt","14 tmt"
"24559","M3","C4620081","14","229","C4620081 M3","tmt",0.0152328837696226,"229 tmt","14 tmt"
"24560","M3","C4620081","14","230","C4620081 M3","tmt",0.0148121470654433,"230 tmt","14 tmt"
"24561","M3","C4620081","14","231","C4620081 M3","tmt",0.0145620097567357,"231 tmt","14 tmt"
"24562","M3","C4620081","14","232","C4620081 M3","tmt",0.0141198195911172,"232 tmt","14 tmt"
"24563","M3","C4620081","14","233","C4620081 M3","tmt",0.0127928718436344,"233 tmt","14 tmt"
"24564","M3","C4620081","14","234","C4620081 M3","tmt",0.0125335386772756,"234 tmt","14 tmt"
"24565","M3","C4620081","14","235","C4620081 M3","tmt",0.0118664585705342,"235 tmt","14 tmt"
"24566","M3","C4620081","14","236","C4620081 M3","tmt",0.0114799557129326,"236 tmt","14 tmt"
"24567","M3","C4620081","14","237","C4620081 M3","tmt",0.0111116761245006,"237 tmt","14 tmt"
"24568","M3","C4620081","14","238","C4620081 M3","tmt",0.0110229419742549,"238 tmt","14 tmt"
"24569","M3","C4620081","14","239","C4620081 M3","tmt",0.0102949358460241,"239 tmt","14 tmt"
"24570","M3","C4620081","14","240","C4620081 M3","tmt",0.00938117474985404,"240 tmt","14 tmt"
"24571","M3","C4620081","14","241","C4620081 M3","tmt",0.00870313869702579,"241 tmt","14 tmt"
"24572","M3","C4620081","14","242","C4620081 M3","tmt",0.00772968304468435,"242 tmt","14 tmt"
"24573","M3","C4620081","14","243","C4620081 M3","tmt",0.00762504226066732,"243 tmt","14 tmt"
"24574","M3","C4620081","14","244","C4620081 M3","tmt",0.00619225874679175,"244 tmt","14 tmt"
"24575","M3","C4620081","14","245","C4620081 M3","tmt",0.00614928370276627,"245 tmt","14 tmt"
"24576","M3","C4620081","14","246","C4620081 M3","tmt",0.00606879049003284,"246 tmt","14 tmt"
"24577","M3","C4620081","14","247","C4620081 M3","tmt",0.00606134262008324,"247 tmt","14 tmt"
"24578","M3","C4620081","14","248","C4620081 M3","tmt",0.00580168770477669,"248 tmt","14 tmt"
"24579","M3","C4620081","14","249","C4620081 M3","tmt",0.00541564079673868,"249 tmt","14 tmt"
"24580","M3","C4620081","14","250","C4620081 M3","tmt",0.00508072099266713,"250 tmt","14 tmt"
"24581","M3","C4620081","14","251","C4620081 M3","tmt",0.00484475253579583,"251 tmt","14 tmt"
"24582","M3","C4620081","14","252","C4620081 M3","tmt",0.00338708822695815,"252 tmt","14 tmt"
"24583","M3","C4620081","14","253","C4620081 M3","tmt",0.00111959127529599,"253 tmt","14 tmt"
"24584","M3","C4620081","14","254","C4620081 M3","tmt",0.000818050122341053,"254 tmt","14 tmt"
"24585","M3","C4620081","14","255","C4620081 M3","tmt",0.000741969002645509,"255 tmt","14 tmt"
"24586","M3","C4620081","14","256","C4620081 M3","tmt",0.000736092699862317,"256 tmt","14 tmt"
"24587","M3","C4620081","14","257","C4620081 M3","tmt",0.000564383702964047,"257 tmt","14 tmt"
"24588","M3","C4620081","14","258","C4620081 M3","tmt",-0.00058103844406847,"258 tmt","14 tmt"
"24589","M3","C4620081","14","259","C4620081 M3","tmt",-0.00156952066833195,"259 tmt","14 tmt"
"24590","M3","C4620081","14","260","C4620081 M3","tmt",-0.00190170852321518,"260 tmt","14 tmt"
"24591","M3","C4620081","14","261","C4620081 M3","tmt",-0.00275883755793465,"261 tmt","14 tmt"
"24592","M3","C4620081","14","262","C4620081 M3","tmt",-0.005656637847458,"262 tmt","14 tmt"
"24593","M3","C4620081","14","263","C4620081 M3","tmt",-0.00650103254341382,"263 tmt","14 tmt"
"24594","M3","C4620081","14","264","C4620081 M3","tmt",-0.00716297537965067,"264 tmt","14 tmt"
"24595","M3","C4620081","14","265","C4620081 M3","tmt",-0.00765324441193264,"265 tmt","14 tmt"
"24596","M3","C4620081","14","266","C4620081 M3","tmt",-0.00830910334795912,"266 tmt","14 tmt"
"24597","M3","C4620081","14","267","C4620081 M3","tmt",-0.00933237232580678,"267 tmt","14 tmt"
"24598","M3","C4620081","14","268","C4620081 M3","tmt",-0.00940475388860621,"268 tmt","14 tmt"
"24599","M3","C4620081","14","269","C4620081 M3","tmt",-0.00951521390452399,"269 tmt","14 tmt"
"24600","M3","C4620081","14","270","C4620081 M3","tmt",-0.0123192179767289,"270 tmt","14 tmt"
"24601","M3","C4620081","14","271","C4620081 M3","tmt",-0.0133296645362097,"271 tmt","14 tmt"
"24602","M3","C4620081","14","272","C4620081 M3","tmt",-0.0177366930712283,"272 tmt","14 tmt"
"24603","M3","C4620081","14","273","C4620081 M3","tmt",-0.0197700120417515,"273 tmt","14 tmt"
"24604","M3","C4620081","14","274","C4620081 M3","tmt",-0.0211013918915117,"274 tmt","14 tmt"
"24605","M3","C4620081","14","275","C4620081 M3","tmt",-0.0212192540253806,"275 tmt","14 tmt"
"24606","M3","C4620081","14","276","C4620081 M3","tmt",-0.0221443880683871,"276 tmt","14 tmt"
"24607","M3","C4620081","14","277","C4620081 M3","tmt",-0.0250148050665787,"277 tmt","14 tmt"
"24608","M3","C4620081","14","278","C4620081 M3","tmt",-0.0286271656447763,"278 tmt","14 tmt"
"24609","M3","C4620081","14","279","C4620081 M3","tmt",-0.0303235265547864,"279 tmt","14 tmt"
"24610","M3","C4620081","14","280","C4620081 M3","tmt",-0.0481229877455061,"280 tmt","14 tmt"
"24611","M3","C4620081","14","281","C4620081 M3","tmt",-0.0518449175199101,"281 tmt","14 tmt"
"24612","M3","C4620081","14","282","C4620081 M3","tmt",-0.0548336582606832,"282 tmt","14 tmt"
"24613","M3","C4620081","14","283","C4620081 M3","tmt",-0.0632184345235642,"283 tmt","14 tmt"
"24614","M3","C4620081","14","284","C4620081 M3","tmt",-0.0643687089839641,"284 tmt","14 tmt"
"24615","M3","C4620081","14","285","C4620081 M3","tmt",-0.0750933109080508,"285 tmt","14 tmt"
"24616","M3","C4620081","14","286","C4620081 M3","tmt",-0.0883261818618011,"286 tmt","14 tmt"
"24617","M4","C4620081","14","0","C4620081 M4","tmt",0.150744491396973,"0 tmt","14 tmt"
"24618","M4","C4620081","14","1","C4620081 M4","tmt",0.149864107932111,"1 tmt","14 tmt"
"24619","M4","C4620081","14","2","C4620081 M4","tmt",0.146971850538103,"2 tmt","14 tmt"
"24620","M4","C4620081","14","3","C4620081 M4","tmt",0.146931642106147,"3 tmt","14 tmt"
"24621","M4","C4620081","14","4","C4620081 M4","tmt",0.146343697908763,"4 tmt","14 tmt"
"24622","M4","C4620081","14","5","C4620081 M4","tmt",0.14551269658659,"5 tmt","14 tmt"
"24623","M4","C4620081","14","6","C4620081 M4","tmt",0.145412478607604,"6 tmt","14 tmt"
"24624","M4","C4620081","14","7","C4620081 M4","tmt",0.141500241221832,"7 tmt","14 tmt"
"24625","M4","C4620081","14","8","C4620081 M4","tmt",0.140588338453744,"8 tmt","14 tmt"
"24626","M4","C4620081","14","9","C4620081 M4","tmt",0.140409071028525,"9 tmt","14 tmt"
"24627","M4","C4620081","14","10","C4620081 M4","tmt",0.13832501101938,"10 tmt","14 tmt"
"24628","M4","C4620081","14","11","C4620081 M4","tmt",0.137599754301848,"11 tmt","14 tmt"
"24629","M4","C4620081","14","12","C4620081 M4","tmt",0.133243180240301,"12 tmt","14 tmt"
"24630","M4","C4620081","14","13","C4620081 M4","tmt",0.132465390592078,"13 tmt","14 tmt"
"24631","M4","C4620081","14","14","C4620081 M4","tmt",0.131672508070086,"14 tmt","14 tmt"
"24632","M4","C4620081","14","15","C4620081 M4","tmt",0.129261534251315,"15 tmt","14 tmt"
"24633","M4","C4620081","14","16","C4620081 M4","tmt",0.128550173082072,"16 tmt","14 tmt"
"24634","M4","C4620081","14","17","C4620081 M4","tmt",0.127558039690274,"17 tmt","14 tmt"
"24635","M4","C4620081","14","18","C4620081 M4","tmt",0.126119361993488,"18 tmt","14 tmt"
"24636","M4","C4620081","14","19","C4620081 M4","tmt",0.125408540321013,"19 tmt","14 tmt"
"24637","M4","C4620081","14","20","C4620081 M4","tmt",0.125279965791066,"20 tmt","14 tmt"
"24638","M4","C4620081","14","21","C4620081 M4","tmt",0.122941510611486,"21 tmt","14 tmt"
"24639","M4","C4620081","14","22","C4620081 M4","tmt",0.122663187997315,"22 tmt","14 tmt"
"24640","M4","C4620081","14","23","C4620081 M4","tmt",0.121850244245157,"23 tmt","14 tmt"
"24641","M4","C4620081","14","24","C4620081 M4","tmt",0.121685351103116,"24 tmt","14 tmt"
"24642","M4","C4620081","14","25","C4620081 M4","tmt",0.121448945085563,"25 tmt","14 tmt"
"24643","M4","C4620081","14","26","C4620081 M4","tmt",0.12135764325431,"26 tmt","14 tmt"
"24644","M4","C4620081","14","27","C4620081 M4","tmt",0.121055151719803,"27 tmt","14 tmt"
"24645","M4","C4620081","14","28","C4620081 M4","tmt",0.120831207866809,"28 tmt","14 tmt"
"24646","M4","C4620081","14","29","C4620081 M4","tmt",0.11809267407606,"29 tmt","14 tmt"
"24647","M4","C4620081","14","30","C4620081 M4","tmt",0.117714207660553,"30 tmt","14 tmt"
"24648","M4","C4620081","14","31","C4620081 M4","tmt",0.116454959333672,"31 tmt","14 tmt"
"24649","M4","C4620081","14","32","C4620081 M4","tmt",0.116409300324861,"32 tmt","14 tmt"
"24650","M4","C4620081","14","33","C4620081 M4","tmt",0.116341679611596,"33 tmt","14 tmt"
"24651","M4","C4620081","14","34","C4620081 M4","tmt",0.114555457432231,"34 tmt","14 tmt"
"24652","M4","C4620081","14","35","C4620081 M4","tmt",0.114314256279677,"35 tmt","14 tmt"
"24653","M4","C4620081","14","36","C4620081 M4","tmt",0.114185182078494,"36 tmt","14 tmt"
"24654","M4","C4620081","14","37","C4620081 M4","tmt",0.113486391320025,"37 tmt","14 tmt"
"24655","M4","C4620081","14","38","C4620081 M4","tmt",0.113458024060085,"38 tmt","14 tmt"
"24656","M4","C4620081","14","39","C4620081 M4","tmt",0.113401618169189,"39 tmt","14 tmt"
"24657","M4","C4620081","14","40","C4620081 M4","tmt",0.113370598910578,"40 tmt","14 tmt"
"24658","M4","C4620081","14","41","C4620081 M4","tmt",0.113065297585807,"41 tmt","14 tmt"
"24659","M4","C4620081","14","42","C4620081 M4","tmt",0.112856333649937,"42 tmt","14 tmt"
"24660","M4","C4620081","14","43","C4620081 M4","tmt",0.112091004075468,"43 tmt","14 tmt"
"24661","M4","C4620081","14","44","C4620081 M4","tmt",0.111910097301928,"44 tmt","14 tmt"
"24662","M4","C4620081","14","45","C4620081 M4","tmt",0.111425152905119,"45 tmt","14 tmt"
"24663","M4","C4620081","14","46","C4620081 M4","tmt",0.111411513799,"46 tmt","14 tmt"
"24664","M4","C4620081","14","47","C4620081 M4","tmt",0.111403522488777,"47 tmt","14 tmt"
"24665","M4","C4620081","14","48","C4620081 M4","tmt",0.111398173682694,"48 tmt","14 tmt"
"24666","M4","C4620081","14","49","C4620081 M4","tmt",0.111352071800906,"49 tmt","14 tmt"
"24667","M4","C4620081","14","50","C4620081 M4","tmt",0.110664836624367,"50 tmt","14 tmt"
"24668","M4","C4620081","14","51","C4620081 M4","tmt",0.109044758573026,"51 tmt","14 tmt"
"24669","M4","C4620081","14","52","C4620081 M4","tmt",0.106594747025875,"52 tmt","14 tmt"
"24670","M4","C4620081","14","53","C4620081 M4","tmt",0.106333725142587,"53 tmt","14 tmt"
"24671","M4","C4620081","14","54","C4620081 M4","tmt",0.104472168239145,"54 tmt","14 tmt"
"24672","M4","C4620081","14","55","C4620081 M4","tmt",0.104292206214316,"55 tmt","14 tmt"
"24673","M4","C4620081","14","56","C4620081 M4","tmt",0.104188215899253,"56 tmt","14 tmt"
"24674","M4","C4620081","14","57","C4620081 M4","tmt",0.104140126981285,"57 tmt","14 tmt"
"24675","M4","C4620081","14","58","C4620081 M4","tmt",0.104113425404082,"58 tmt","14 tmt"
"24676","M4","C4620081","14","59","C4620081 M4","tmt",0.102810782835619,"59 tmt","14 tmt"
"24677","M4","C4620081","14","60","C4620081 M4","tmt",0.101807678844511,"60 tmt","14 tmt"
"24678","M4","C4620081","14","61","C4620081 M4","tmt",0.101179435635085,"61 tmt","14 tmt"
"24679","M4","C4620081","14","62","C4620081 M4","tmt",0.101119084153478,"62 tmt","14 tmt"
"24680","M4","C4620081","14","63","C4620081 M4","tmt",0.0997012557967629,"63 tmt","14 tmt"
"24681","M4","C4620081","14","64","C4620081 M4","tmt",0.0994882564050917,"64 tmt","14 tmt"
"24682","M4","C4620081","14","65","C4620081 M4","tmt",0.0985655858313018,"65 tmt","14 tmt"
"24683","M4","C4620081","14","66","C4620081 M4","tmt",0.0982417300589524,"66 tmt","14 tmt"
"24684","M4","C4620081","14","67","C4620081 M4","tmt",0.0974918584197192,"67 tmt","14 tmt"
"24685","M4","C4620081","14","68","C4620081 M4","tmt",0.0971493397617557,"68 tmt","14 tmt"
"24686","M4","C4620081","14","69","C4620081 M4","tmt",0.0967985780448393,"69 tmt","14 tmt"
"24687","M4","C4620081","14","70","C4620081 M4","tmt",0.0967404336403112,"70 tmt","14 tmt"
"24688","M4","C4620081","14","71","C4620081 M4","tmt",0.0966128375820159,"71 tmt","14 tmt"
"24689","M4","C4620081","14","72","C4620081 M4","tmt",0.0960190715793136,"72 tmt","14 tmt"
"24690","M4","C4620081","14","73","C4620081 M4","tmt",0.0955803386912273,"73 tmt","14 tmt"
"24691","M4","C4620081","14","74","C4620081 M4","tmt",0.0953917159235954,"74 tmt","14 tmt"
"24692","M4","C4620081","14","75","C4620081 M4","tmt",0.0953012601140288,"75 tmt","14 tmt"
"24693","M4","C4620081","14","76","C4620081 M4","tmt",0.0947465647031156,"76 tmt","14 tmt"
"24694","M4","C4620081","14","77","C4620081 M4","tmt",0.0946608861356126,"77 tmt","14 tmt"
"24695","M4","C4620081","14","78","C4620081 M4","tmt",0.0939642932275982,"78 tmt","14 tmt"
"24696","M4","C4620081","14","79","C4620081 M4","tmt",0.093608029085026,"79 tmt","14 tmt"
"24697","M4","C4620081","14","80","C4620081 M4","tmt",0.0933944346119132,"80 tmt","14 tmt"
"24698","M4","C4620081","14","81","C4620081 M4","tmt",0.0933304180980383,"81 tmt","14 tmt"
"24699","M4","C4620081","14","82","C4620081 M4","tmt",0.0929194477313024,"82 tmt","14 tmt"
"24700","M4","C4620081","14","83","C4620081 M4","tmt",0.0923204004057595,"83 tmt","14 tmt"
"24701","M4","C4620081","14","84","C4620081 M4","tmt",0.0918547208942533,"84 tmt","14 tmt"
"24702","M4","C4620081","14","85","C4620081 M4","tmt",0.0902936030489623,"85 tmt","14 tmt"
"24703","M4","C4620081","14","86","C4620081 M4","tmt",0.0901463469594947,"86 tmt","14 tmt"
"24704","M4","C4620081","14","87","C4620081 M4","tmt",0.0888271754994132,"87 tmt","14 tmt"
"24705","M4","C4620081","14","88","C4620081 M4","tmt",0.0885500045444164,"88 tmt","14 tmt"
"24706","M4","C4620081","14","89","C4620081 M4","tmt",0.0876797675789385,"89 tmt","14 tmt"
"24707","M4","C4620081","14","90","C4620081 M4","tmt",0.0874437035756769,"90 tmt","14 tmt"
"24708","M4","C4620081","14","91","C4620081 M4","tmt",0.0873202555739605,"91 tmt","14 tmt"
"24709","M4","C4620081","14","92","C4620081 M4","tmt",0.0872277795344175,"92 tmt","14 tmt"
"24710","M4","C4620081","14","93","C4620081 M4","tmt",0.0869764253683219,"93 tmt","14 tmt"
"24711","M4","C4620081","14","94","C4620081 M4","tmt",0.0858175410576673,"94 tmt","14 tmt"
"24712","M4","C4620081","14","95","C4620081 M4","tmt",0.0857204268799506,"95 tmt","14 tmt"
"24713","M4","C4620081","14","96","C4620081 M4","tmt",0.0853909217766654,"96 tmt","14 tmt"
"24714","M4","C4620081","14","97","C4620081 M4","tmt",0.0849873583464592,"97 tmt","14 tmt"
"24715","M4","C4620081","14","98","C4620081 M4","tmt",0.0848091264275578,"98 tmt","14 tmt"
"24716","M4","C4620081","14","99","C4620081 M4","tmt",0.0845238280174804,"99 tmt","14 tmt"
"24717","M4","C4620081","14","100","C4620081 M4","tmt",0.0843742535327073,"100 tmt","14 tmt"
"24718","M4","C4620081","14","101","C4620081 M4","tmt",0.0840455212197494,"101 tmt","14 tmt"
"24719","M4","C4620081","14","102","C4620081 M4","tmt",0.0840116245122886,"102 tmt","14 tmt"
"24720","M4","C4620081","14","103","C4620081 M4","tmt",0.0838836171714235,"103 tmt","14 tmt"
"24721","M4","C4620081","14","104","C4620081 M4","tmt",0.0837070922626917,"104 tmt","14 tmt"
"24722","M4","C4620081","14","105","C4620081 M4","tmt",0.083160667396799,"105 tmt","14 tmt"
"24723","M4","C4620081","14","106","C4620081 M4","tmt",0.0830633745674108,"106 tmt","14 tmt"
"24724","M4","C4620081","14","107","C4620081 M4","tmt",0.0829843542753172,"107 tmt","14 tmt"
"24725","M4","C4620081","14","108","C4620081 M4","tmt",0.0828216715656525,"108 tmt","14 tmt"
"24726","M4","C4620081","14","109","C4620081 M4","tmt",0.0825302964991549,"109 tmt","14 tmt"
"24727","M4","C4620081","14","110","C4620081 M4","tmt",0.0822163512941267,"110 tmt","14 tmt"
"24728","M4","C4620081","14","111","C4620081 M4","tmt",0.081336755680595,"111 tmt","14 tmt"
"24729","M4","C4620081","14","112","C4620081 M4","tmt",0.0810715447212722,"112 tmt","14 tmt"
"24730","M4","C4620081","14","113","C4620081 M4","tmt",0.0803966399499498,"113 tmt","14 tmt"
"24731","M4","C4620081","14","114","C4620081 M4","tmt",0.080370775220612,"114 tmt","14 tmt"
"24732","M4","C4620081","14","115","C4620081 M4","tmt",0.0803228275000577,"115 tmt","14 tmt"
"24733","M4","C4620081","14","116","C4620081 M4","tmt",0.0802220856706577,"116 tmt","14 tmt"
"24734","M4","C4620081","14","117","C4620081 M4","tmt",0.0796609271732051,"117 tmt","14 tmt"
"24735","M4","C4620081","14","118","C4620081 M4","tmt",0.0794812171692479,"118 tmt","14 tmt"
"24736","M4","C4620081","14","119","C4620081 M4","tmt",0.0788034780374654,"119 tmt","14 tmt"
"24737","M4","C4620081","14","120","C4620081 M4","tmt",0.0783371340140377,"120 tmt","14 tmt"
"24738","M4","C4620081","14","121","C4620081 M4","tmt",0.0780722110559195,"121 tmt","14 tmt"
"24739","M4","C4620081","14","122","C4620081 M4","tmt",0.0775586629584015,"122 tmt","14 tmt"
"24740","M4","C4620081","14","123","C4620081 M4","tmt",0.0772120855726989,"123 tmt","14 tmt"
"24741","M4","C4620081","14","124","C4620081 M4","tmt",0.0772116698235284,"124 tmt","14 tmt"
"24742","M4","C4620081","14","125","C4620081 M4","tmt",0.0770551698605957,"125 tmt","14 tmt"
"24743","M4","C4620081","14","126","C4620081 M4","tmt",0.0763854620362651,"126 tmt","14 tmt"
"24744","M4","C4620081","14","127","C4620081 M4","tmt",0.0757006465066084,"127 tmt","14 tmt"
"24745","M4","C4620081","14","128","C4620081 M4","tmt",0.0747515543190222,"128 tmt","14 tmt"
"24746","M4","C4620081","14","129","C4620081 M4","tmt",0.0744451852867312,"129 tmt","14 tmt"
"24747","M4","C4620081","14","130","C4620081 M4","tmt",0.0737007935955242,"130 tmt","14 tmt"
"24748","M4","C4620081","14","131","C4620081 M4","tmt",0.0736955667364678,"131 tmt","14 tmt"
"24749","M4","C4620081","14","132","C4620081 M4","tmt",0.0730931592484328,"132 tmt","14 tmt"
"24750","M4","C4620081","14","133","C4620081 M4","tmt",0.0730351240358954,"133 tmt","14 tmt"
"24751","M4","C4620081","14","134","C4620081 M4","tmt",0.0730107845949244,"134 tmt","14 tmt"
"24752","M4","C4620081","14","135","C4620081 M4","tmt",0.0721068474542894,"135 tmt","14 tmt"
"24753","M4","C4620081","14","136","C4620081 M4","tmt",0.0720719570181815,"136 tmt","14 tmt"
"24754","M4","C4620081","14","137","C4620081 M4","tmt",0.0718201797560544,"137 tmt","14 tmt"
"24755","M4","C4620081","14","138","C4620081 M4","tmt",0.0711587205775756,"138 tmt","14 tmt"
"24756","M4","C4620081","14","139","C4620081 M4","tmt",0.0710140850746266,"139 tmt","14 tmt"
"24757","M4","C4620081","14","140","C4620081 M4","tmt",0.071001458555712,"140 tmt","14 tmt"
"24758","M4","C4620081","14","141","C4620081 M4","tmt",0.070965801507264,"141 tmt","14 tmt"
"24759","M4","C4620081","14","142","C4620081 M4","tmt",0.0705969673796453,"142 tmt","14 tmt"
"24760","M4","C4620081","14","143","C4620081 M4","tmt",0.0701041662431961,"143 tmt","14 tmt"
"24761","M4","C4620081","14","144","C4620081 M4","tmt",0.0691940323681748,"144 tmt","14 tmt"
"24762","M4","C4620081","14","145","C4620081 M4","tmt",0.0691470551166191,"145 tmt","14 tmt"
"24763","M4","C4620081","14","146","C4620081 M4","tmt",0.0690845217822504,"146 tmt","14 tmt"
"24764","M4","C4620081","14","147","C4620081 M4","tmt",0.0687063185444867,"147 tmt","14 tmt"
"24765","M4","C4620081","14","148","C4620081 M4","tmt",0.0686770457910743,"148 tmt","14 tmt"
"24766","M4","C4620081","14","149","C4620081 M4","tmt",0.0686165663628201,"149 tmt","14 tmt"
"24767","M4","C4620081","14","150","C4620081 M4","tmt",0.0685665233121934,"150 tmt","14 tmt"
"24768","M4","C4620081","14","151","C4620081 M4","tmt",0.0683821757133501,"151 tmt","14 tmt"
"24769","M4","C4620081","14","152","C4620081 M4","tmt",0.0668578735211029,"152 tmt","14 tmt"
"24770","M4","C4620081","14","153","C4620081 M4","tmt",0.0668299893979964,"153 tmt","14 tmt"
"24771","M4","C4620081","14","154","C4620081 M4","tmt",0.0664120218711471,"154 tmt","14 tmt"
"24772","M4","C4620081","14","155","C4620081 M4","tmt",0.0660349639984271,"155 tmt","14 tmt"
"24773","M4","C4620081","14","156","C4620081 M4","tmt",0.0659351856328889,"156 tmt","14 tmt"
"24774","M4","C4620081","14","157","C4620081 M4","tmt",0.0658899583467716,"157 tmt","14 tmt"
"24775","M4","C4620081","14","158","C4620081 M4","tmt",0.0655102917636308,"158 tmt","14 tmt"
"24776","M4","C4620081","14","159","C4620081 M4","tmt",0.0652212688999207,"159 tmt","14 tmt"
"24777","M4","C4620081","14","160","C4620081 M4","tmt",0.0651521177693732,"160 tmt","14 tmt"
"24778","M4","C4620081","14","161","C4620081 M4","tmt",0.0646872011342231,"161 tmt","14 tmt"
"24779","M4","C4620081","14","162","C4620081 M4","tmt",0.064626051865192,"162 tmt","14 tmt"
"24780","M4","C4620081","14","163","C4620081 M4","tmt",0.0639327704678003,"163 tmt","14 tmt"
"24781","M4","C4620081","14","164","C4620081 M4","tmt",0.0639115823152555,"164 tmt","14 tmt"
"24782","M4","C4620081","14","165","C4620081 M4","tmt",0.063749953982428,"165 tmt","14 tmt"
"24783","M4","C4620081","14","166","C4620081 M4","tmt",0.0634686747940629,"166 tmt","14 tmt"
"24784","M4","C4620081","14","167","C4620081 M4","tmt",0.0630515414599876,"167 tmt","14 tmt"
"24785","M4","C4620081","14","168","C4620081 M4","tmt",0.0627524491220127,"168 tmt","14 tmt"
"24786","M4","C4620081","14","169","C4620081 M4","tmt",0.0627403501556407,"169 tmt","14 tmt"
"24787","M4","C4620081","14","170","C4620081 M4","tmt",0.0621360079563292,"170 tmt","14 tmt"
"24788","M4","C4620081","14","171","C4620081 M4","tmt",0.0620373831239668,"171 tmt","14 tmt"
"24789","M4","C4620081","14","172","C4620081 M4","tmt",0.0615637574413491,"172 tmt","14 tmt"
"24790","M4","C4620081","14","173","C4620081 M4","tmt",0.0615604896917605,"173 tmt","14 tmt"
"24791","M4","C4620081","14","174","C4620081 M4","tmt",0.0610880398187929,"174 tmt","14 tmt"
"24792","M4","C4620081","14","175","C4620081 M4","tmt",0.0607180166962043,"175 tmt","14 tmt"
"24793","M4","C4620081","14","176","C4620081 M4","tmt",0.0606574227646899,"176 tmt","14 tmt"
"24794","M4","C4620081","14","177","C4620081 M4","tmt",0.0605502899339422,"177 tmt","14 tmt"
"24795","M4","C4620081","14","178","C4620081 M4","tmt",0.0601203257810567,"178 tmt","14 tmt"
"24796","M4","C4620081","14","179","C4620081 M4","tmt",0.0600003809765959,"179 tmt","14 tmt"
"24797","M4","C4620081","14","180","C4620081 M4","tmt",0.0598892243642488,"180 tmt","14 tmt"
"24798","M4","C4620081","14","181","C4620081 M4","tmt",0.0596950998872402,"181 tmt","14 tmt"
"24799","M4","C4620081","14","182","C4620081 M4","tmt",0.0596438533420771,"182 tmt","14 tmt"
"24800","M4","C4620081","14","183","C4620081 M4","tmt",0.0596393363904064,"183 tmt","14 tmt"
"24801","M4","C4620081","14","184","C4620081 M4","tmt",0.0595570634996722,"184 tmt","14 tmt"
"24802","M4","C4620081","14","185","C4620081 M4","tmt",0.0592859629875177,"185 tmt","14 tmt"
"24803","M4","C4620081","14","186","C4620081 M4","tmt",0.0592212246965039,"186 tmt","14 tmt"
"24804","M4","C4620081","14","187","C4620081 M4","tmt",0.0589916335932848,"187 tmt","14 tmt"
"24805","M4","C4620081","14","188","C4620081 M4","tmt",0.0589134937887982,"188 tmt","14 tmt"
"24806","M4","C4620081","14","189","C4620081 M4","tmt",0.058807078565229,"189 tmt","14 tmt"
"24807","M4","C4620081","14","190","C4620081 M4","tmt",0.0587982203336827,"190 tmt","14 tmt"
"24808","M4","C4620081","14","191","C4620081 M4","tmt",0.0583840898293623,"191 tmt","14 tmt"
"24809","M4","C4620081","14","192","C4620081 M4","tmt",0.0583294638992922,"192 tmt","14 tmt"
"24810","M4","C4620081","14","193","C4620081 M4","tmt",0.057913246371157,"193 tmt","14 tmt"
"24811","M4","C4620081","14","194","C4620081 M4","tmt",0.0578769040366938,"194 tmt","14 tmt"
"24812","M4","C4620081","14","195","C4620081 M4","tmt",0.0573466139532229,"195 tmt","14 tmt"
"24813","M4","C4620081","14","196","C4620081 M4","tmt",0.0572785709218394,"196 tmt","14 tmt"
"24814","M4","C4620081","14","197","C4620081 M4","tmt",0.0572289430102037,"197 tmt","14 tmt"
"24815","M4","C4620081","14","198","C4620081 M4","tmt",0.0571159639625464,"198 tmt","14 tmt"
"24816","M4","C4620081","14","199","C4620081 M4","tmt",0.0570799559990396,"199 tmt","14 tmt"
"24817","M4","C4620081","14","200","C4620081 M4","tmt",0.0569713662551391,"200 tmt","14 tmt"
"24818","M4","C4620081","14","201","C4620081 M4","tmt",0.0569015375207181,"201 tmt","14 tmt"
"24819","M4","C4620081","14","202","C4620081 M4","tmt",0.0564974126436812,"202 tmt","14 tmt"
"24820","M4","C4620081","14","203","C4620081 M4","tmt",0.0564799726979525,"203 tmt","14 tmt"
"24821","M4","C4620081","14","204","C4620081 M4","tmt",0.0564122095564226,"204 tmt","14 tmt"
"24822","M4","C4620081","14","205","C4620081 M4","tmt",0.0560126157383718,"205 tmt","14 tmt"
"24823","M4","C4620081","14","206","C4620081 M4","tmt",0.0558481250759961,"206 tmt","14 tmt"
"24824","M4","C4620081","14","207","C4620081 M4","tmt",0.0558373906563663,"207 tmt","14 tmt"
"24825","M4","C4620081","14","208","C4620081 M4","tmt",0.0557518787066067,"208 tmt","14 tmt"
"24826","M4","C4620081","14","209","C4620081 M4","tmt",0.0553080766449363,"209 tmt","14 tmt"
"24827","M4","C4620081","14","210","C4620081 M4","tmt",0.0552653235945833,"210 tmt","14 tmt"
"24828","M4","C4620081","14","211","C4620081 M4","tmt",0.0550112551145025,"211 tmt","14 tmt"
"24829","M4","C4620081","14","212","C4620081 M4","tmt",0.0546998246998611,"212 tmt","14 tmt"
"24830","M4","C4620081","14","213","C4620081 M4","tmt",0.0544376446843318,"213 tmt","14 tmt"
"24831","M4","C4620081","14","214","C4620081 M4","tmt",0.0541115268308329,"214 tmt","14 tmt"
"24832","M4","C4620081","14","215","C4620081 M4","tmt",0.0540846748330804,"215 tmt","14 tmt"
"24833","M4","C4620081","14","216","C4620081 M4","tmt",0.0537511362926433,"216 tmt","14 tmt"
"24834","M4","C4620081","14","217","C4620081 M4","tmt",0.052970380163355,"217 tmt","14 tmt"
"24835","M4","C4620081","14","218","C4620081 M4","tmt",0.0528209710446298,"218 tmt","14 tmt"
"24836","M4","C4620081","14","219","C4620081 M4","tmt",0.0526868034445382,"219 tmt","14 tmt"
"24837","M4","C4620081","14","220","C4620081 M4","tmt",0.0523425258121815,"220 tmt","14 tmt"
"24838","M4","C4620081","14","221","C4620081 M4","tmt",0.0519360727400416,"221 tmt","14 tmt"
"24839","M4","C4620081","14","222","C4620081 M4","tmt",0.0516373043553713,"222 tmt","14 tmt"
"24840","M4","C4620081","14","223","C4620081 M4","tmt",0.0512252854668408,"223 tmt","14 tmt"
"24841","M4","C4620081","14","224","C4620081 M4","tmt",0.0502605628314655,"224 tmt","14 tmt"
"24842","M4","C4620081","14","225","C4620081 M4","tmt",0.0499974664553867,"225 tmt","14 tmt"
"24843","M4","C4620081","14","226","C4620081 M4","tmt",0.0496136898793214,"226 tmt","14 tmt"
"24844","M4","C4620081","14","227","C4620081 M4","tmt",0.0493950949808893,"227 tmt","14 tmt"
"24845","M4","C4620081","14","228","C4620081 M4","tmt",0.0493867463326804,"228 tmt","14 tmt"
"24846","M4","C4620081","14","229","C4620081 M4","tmt",0.0492848214951288,"229 tmt","14 tmt"
"24847","M4","C4620081","14","230","C4620081 M4","tmt",0.0492057634453201,"230 tmt","14 tmt"
"24848","M4","C4620081","14","231","C4620081 M4","tmt",0.0491568915676562,"231 tmt","14 tmt"
"24849","M4","C4620081","14","232","C4620081 M4","tmt",0.0490539306333782,"232 tmt","14 tmt"
"24850","M4","C4620081","14","233","C4620081 M4","tmt",0.0490331766352784,"233 tmt","14 tmt"
"24851","M4","C4620081","14","234","C4620081 M4","tmt",0.0489998608379453,"234 tmt","14 tmt"
"24852","M4","C4620081","14","235","C4620081 M4","tmt",0.0489454268421744,"235 tmt","14 tmt"
"24853","M4","C4620081","14","236","C4620081 M4","tmt",0.0489033698547449,"236 tmt","14 tmt"
"24854","M4","C4620081","14","237","C4620081 M4","tmt",0.0488544400636878,"237 tmt","14 tmt"
"24855","M4","C4620081","14","238","C4620081 M4","tmt",0.0488529705382354,"238 tmt","14 tmt"
"24856","M4","C4620081","14","239","C4620081 M4","tmt",0.0485871138196401,"239 tmt","14 tmt"
"24857","M4","C4620081","14","240","C4620081 M4","tmt",0.0485022090651534,"240 tmt","14 tmt"
"24858","M4","C4620081","14","241","C4620081 M4","tmt",0.0475893876476508,"241 tmt","14 tmt"
"24859","M4","C4620081","14","242","C4620081 M4","tmt",0.0474723012757645,"242 tmt","14 tmt"
"24860","M4","C4620081","14","243","C4620081 M4","tmt",0.0473530315502386,"243 tmt","14 tmt"
"24861","M4","C4620081","14","244","C4620081 M4","tmt",0.047299741669897,"244 tmt","14 tmt"
"24862","M4","C4620081","14","245","C4620081 M4","tmt",0.0464082402776719,"245 tmt","14 tmt"
"24863","M4","C4620081","14","246","C4620081 M4","tmt",0.0459802999679268,"246 tmt","14 tmt"
"24864","M4","C4620081","14","247","C4620081 M4","tmt",0.0458189650203376,"247 tmt","14 tmt"
"24865","M4","C4620081","14","248","C4620081 M4","tmt",0.0457830246051482,"248 tmt","14 tmt"
"24866","M4","C4620081","14","249","C4620081 M4","tmt",0.0449442693440821,"249 tmt","14 tmt"
"24867","M4","C4620081","14","250","C4620081 M4","tmt",0.0448140264052038,"250 tmt","14 tmt"
"24868","M4","C4620081","14","251","C4620081 M4","tmt",0.0443357637762611,"251 tmt","14 tmt"
"24869","M4","C4620081","14","252","C4620081 M4","tmt",0.0442474289413552,"252 tmt","14 tmt"
"24870","M4","C4620081","14","253","C4620081 M4","tmt",0.044091988119543,"253 tmt","14 tmt"
"24871","M4","C4620081","14","254","C4620081 M4","tmt",0.0434211060059604,"254 tmt","14 tmt"
"24872","M4","C4620081","14","255","C4620081 M4","tmt",0.0429378596611008,"255 tmt","14 tmt"
"24873","M4","C4620081","14","256","C4620081 M4","tmt",0.0425450134829135,"256 tmt","14 tmt"
"24874","M4","C4620081","14","257","C4620081 M4","tmt",0.0424457962334957,"257 tmt","14 tmt"
"24875","M4","C4620081","14","258","C4620081 M4","tmt",0.0422642376281389,"258 tmt","14 tmt"
"24876","M4","C4620081","14","259","C4620081 M4","tmt",0.0422597231818813,"259 tmt","14 tmt"
"24877","M4","C4620081","14","260","C4620081 M4","tmt",0.0418208518228577,"260 tmt","14 tmt"
"24878","M4","C4620081","14","261","C4620081 M4","tmt",0.0416707492295985,"261 tmt","14 tmt"
"24879","M4","C4620081","14","262","C4620081 M4","tmt",0.0412258286988756,"262 tmt","14 tmt"
"24880","M4","C4620081","14","263","C4620081 M4","tmt",0.0411272703881147,"263 tmt","14 tmt"
"24881","M4","C4620081","14","264","C4620081 M4","tmt",0.0408588050986283,"264 tmt","14 tmt"
"24882","M4","C4620081","14","265","C4620081 M4","tmt",0.040737042847559,"265 tmt","14 tmt"
"24883","M4","C4620081","14","266","C4620081 M4","tmt",0.0395914890296928,"266 tmt","14 tmt"
"24884","M4","C4620081","14","267","C4620081 M4","tmt",0.0391352129633385,"267 tmt","14 tmt"
"24885","M4","C4620081","14","268","C4620081 M4","tmt",0.0391207327907818,"268 tmt","14 tmt"
"24886","M4","C4620081","14","269","C4620081 M4","tmt",0.0382531868984324,"269 tmt","14 tmt"
"24887","M4","C4620081","14","270","C4620081 M4","tmt",0.0381620429262836,"270 tmt","14 tmt"
"24888","M4","C4620081","14","271","C4620081 M4","tmt",0.0377973407648173,"271 tmt","14 tmt"
"24889","M4","C4620081","14","272","C4620081 M4","tmt",0.0375798672712889,"272 tmt","14 tmt"
"24890","M4","C4620081","14","273","C4620081 M4","tmt",0.037558260357204,"273 tmt","14 tmt"
"24891","M4","C4620081","14","274","C4620081 M4","tmt",0.0372285834124166,"274 tmt","14 tmt"
"24892","M4","C4620081","14","275","C4620081 M4","tmt",0.0370240890969973,"275 tmt","14 tmt"
"24893","M4","C4620081","14","276","C4620081 M4","tmt",0.0367668374646421,"276 tmt","14 tmt"
"24894","M4","C4620081","14","277","C4620081 M4","tmt",0.0362783171370383,"277 tmt","14 tmt"
"24895","M4","C4620081","14","278","C4620081 M4","tmt",0.035887532576466,"278 tmt","14 tmt"
"24896","M4","C4620081","14","279","C4620081 M4","tmt",0.0356987805681458,"279 tmt","14 tmt"
"24897","M4","C4620081","14","280","C4620081 M4","tmt",0.0356406509772074,"280 tmt","14 tmt"
"24898","M4","C4620081","14","281","C4620081 M4","tmt",0.0352599443355704,"281 tmt","14 tmt"
"24899","M4","C4620081","14","282","C4620081 M4","tmt",0.0352284348700536,"282 tmt","14 tmt"
"24900","M4","C4620081","14","283","C4620081 M4","tmt",0.0351016713440031,"283 tmt","14 tmt"
"24901","M4","C4620081","14","284","C4620081 M4","tmt",0.034869961460864,"284 tmt","14 tmt"
"24902","M4","C4620081","14","285","C4620081 M4","tmt",0.0348226755051995,"285 tmt","14 tmt"
"24903","M4","C4620081","14","286","C4620081 M4","tmt",0.034676976925597,"286 tmt","14 tmt"
"24904","M4","C4620081","14","287","C4620081 M4","tmt",0.0343755792776373,"287 tmt","14 tmt"
"24905","M4","C4620081","14","288","C4620081 M4","tmt",0.0333023804956448,"288 tmt","14 tmt"
"24906","M4","C4620081","14","289","C4620081 M4","tmt",0.0332314894984564,"289 tmt","14 tmt"
"24907","M4","C4620081","14","290","C4620081 M4","tmt",0.0330451415924819,"290 tmt","14 tmt"
"24908","M4","C4620081","14","291","C4620081 M4","tmt",0.0320363452366425,"291 tmt","14 tmt"
"24909","M4","C4620081","14","292","C4620081 M4","tmt",0.0319830982970764,"292 tmt","14 tmt"
"24910","M4","C4620081","14","293","C4620081 M4","tmt",0.0312130983927398,"293 tmt","14 tmt"
"24911","M4","C4620081","14","294","C4620081 M4","tmt",0.0309924590447501,"294 tmt","14 tmt"
"24912","M4","C4620081","14","295","C4620081 M4","tmt",0.0305687506822957,"295 tmt","14 tmt"
"24913","M4","C4620081","14","296","C4620081 M4","tmt",0.0302935558776241,"296 tmt","14 tmt"
"24914","M4","C4620081","14","297","C4620081 M4","tmt",0.0296632787459616,"297 tmt","14 tmt"
"24915","M4","C4620081","14","298","C4620081 M4","tmt",0.0296253751414354,"298 tmt","14 tmt"
"24916","M4","C4620081","14","299","C4620081 M4","tmt",0.0296217825011069,"299 tmt","14 tmt"
"24917","M4","C4620081","14","300","C4620081 M4","tmt",0.0291320464237018,"300 tmt","14 tmt"
"24918","M4","C4620081","14","301","C4620081 M4","tmt",0.0289399953241963,"301 tmt","14 tmt"
"24919","M4","C4620081","14","302","C4620081 M4","tmt",0.0286576371054119,"302 tmt","14 tmt"
"24920","M4","C4620081","14","303","C4620081 M4","tmt",0.0286509420248804,"303 tmt","14 tmt"
"24921","M4","C4620081","14","304","C4620081 M4","tmt",0.0286292741889563,"304 tmt","14 tmt"
"24922","M4","C4620081","14","305","C4620081 M4","tmt",0.0285782251963481,"305 tmt","14 tmt"
"24923","M4","C4620081","14","306","C4620081 M4","tmt",0.0284297384126901,"306 tmt","14 tmt"
"24924","M4","C4620081","14","307","C4620081 M4","tmt",0.0283649158368758,"307 tmt","14 tmt"
"24925","M4","C4620081","14","308","C4620081 M4","tmt",0.0277501432707603,"308 tmt","14 tmt"
"24926","M4","C4620081","14","309","C4620081 M4","tmt",0.0276374184363794,"309 tmt","14 tmt"
"24927","M4","C4620081","14","310","C4620081 M4","tmt",0.0271124948906835,"310 tmt","14 tmt"
"24928","M4","C4620081","14","311","C4620081 M4","tmt",0.0265896803715164,"311 tmt","14 tmt"
"24929","M4","C4620081","14","312","C4620081 M4","tmt",0.026125052681306,"312 tmt","14 tmt"
"24930","M4","C4620081","14","313","C4620081 M4","tmt",0.02593992137126,"313 tmt","14 tmt"
"24931","M4","C4620081","14","314","C4620081 M4","tmt",0.0257092838878757,"314 tmt","14 tmt"
"24932","M4","C4620081","14","315","C4620081 M4","tmt",0.0255358380125134,"315 tmt","14 tmt"
"24933","M4","C4620081","14","316","C4620081 M4","tmt",0.0250011166565418,"316 tmt","14 tmt"
"24934","M4","C4620081","14","317","C4620081 M4","tmt",0.0249929808357234,"317 tmt","14 tmt"
"24935","M4","C4620081","14","318","C4620081 M4","tmt",0.024811943875432,"318 tmt","14 tmt"
"24936","M4","C4620081","14","319","C4620081 M4","tmt",0.0247345018126582,"319 tmt","14 tmt"
"24937","M4","C4620081","14","320","C4620081 M4","tmt",0.0246807377636091,"320 tmt","14 tmt"
"24938","M4","C4620081","14","321","C4620081 M4","tmt",0.0243254113773104,"321 tmt","14 tmt"
"24939","M4","C4620081","14","322","C4620081 M4","tmt",0.0228693444991037,"322 tmt","14 tmt"
"24940","M4","C4620081","14","323","C4620081 M4","tmt",0.0228327227065009,"323 tmt","14 tmt"
"24941","M4","C4620081","14","324","C4620081 M4","tmt",0.0223956644320095,"324 tmt","14 tmt"
"24942","M4","C4620081","14","325","C4620081 M4","tmt",0.0213235304376129,"325 tmt","14 tmt"
"24943","M4","C4620081","14","326","C4620081 M4","tmt",0.0211704899878346,"326 tmt","14 tmt"
"24944","M4","C4620081","14","327","C4620081 M4","tmt",0.0211317531953811,"327 tmt","14 tmt"
"24945","M4","C4620081","14","328","C4620081 M4","tmt",0.0208971403125801,"328 tmt","14 tmt"
"24946","M4","C4620081","14","329","C4620081 M4","tmt",0.0207145090180936,"329 tmt","14 tmt"
"24947","M4","C4620081","14","330","C4620081 M4","tmt",0.02068150806478,"330 tmt","14 tmt"
"24948","M4","C4620081","14","331","C4620081 M4","tmt",0.020431368803821,"331 tmt","14 tmt"
"24949","M4","C4620081","14","332","C4620081 M4","tmt",0.0202423331185479,"332 tmt","14 tmt"
"24950","M4","C4620081","14","333","C4620081 M4","tmt",0.0200310883111942,"333 tmt","14 tmt"
"24951","M4","C4620081","14","334","C4620081 M4","tmt",0.0199994607484843,"334 tmt","14 tmt"
"24952","M4","C4620081","14","335","C4620081 M4","tmt",0.019870210026175,"335 tmt","14 tmt"
"24953","M4","C4620081","14","336","C4620081 M4","tmt",0.0197831501825105,"336 tmt","14 tmt"
"24954","M4","C4620081","14","337","C4620081 M4","tmt",0.0197676676116745,"337 tmt","14 tmt"
"24955","M4","C4620081","14","338","C4620081 M4","tmt",0.0195469839948976,"338 tmt","14 tmt"
"24956","M4","C4620081","14","339","C4620081 M4","tmt",0.0193194801019741,"339 tmt","14 tmt"
"24957","M4","C4620081","14","340","C4620081 M4","tmt",0.0180826832720661,"340 tmt","14 tmt"
"24958","M4","C4620081","14","341","C4620081 M4","tmt",0.0180304395384797,"341 tmt","14 tmt"
"24959","M4","C4620081","14","342","C4620081 M4","tmt",0.0174822285148021,"342 tmt","14 tmt"
"24960","M4","C4620081","14","343","C4620081 M4","tmt",0.0173959415714565,"343 tmt","14 tmt"
"24961","M4","C4620081","14","344","C4620081 M4","tmt",0.0172086887598744,"344 tmt","14 tmt"
"24962","M4","C4620081","14","345","C4620081 M4","tmt",0.0170897197006141,"345 tmt","14 tmt"
"24963","M4","C4620081","14","346","C4620081 M4","tmt",0.0165158026710513,"346 tmt","14 tmt"
"24964","M4","C4620081","14","347","C4620081 M4","tmt",0.0162398136473227,"347 tmt","14 tmt"
"24965","M4","C4620081","14","348","C4620081 M4","tmt",0.0160321270564142,"348 tmt","14 tmt"
"24966","M4","C4620081","14","349","C4620081 M4","tmt",0.0157645248923592,"349 tmt","14 tmt"
"24967","M4","C4620081","14","350","C4620081 M4","tmt",0.0157372664124739,"350 tmt","14 tmt"
"24968","M4","C4620081","14","351","C4620081 M4","tmt",0.0155781354520697,"351 tmt","14 tmt"
"24969","M4","C4620081","14","352","C4620081 M4","tmt",0.0154490591947072,"352 tmt","14 tmt"
"24970","M4","C4620081","14","353","C4620081 M4","tmt",0.0152807592773828,"353 tmt","14 tmt"
"24971","M4","C4620081","14","354","C4620081 M4","tmt",0.0152664960118897,"354 tmt","14 tmt"
"24972","M4","C4620081","14","355","C4620081 M4","tmt",0.0144890407950777,"355 tmt","14 tmt"
"24973","M4","C4620081","14","356","C4620081 M4","tmt",0.0140281098770846,"356 tmt","14 tmt"
"24974","M4","C4620081","14","357","C4620081 M4","tmt",0.0138741505413617,"357 tmt","14 tmt"
"24975","M4","C4620081","14","358","C4620081 M4","tmt",0.0138010457438828,"358 tmt","14 tmt"
"24976","M4","C4620081","14","359","C4620081 M4","tmt",0.0128483085425522,"359 tmt","14 tmt"
"24977","M4","C4620081","14","360","C4620081 M4","tmt",0.0127769658098829,"360 tmt","14 tmt"
"24978","M4","C4620081","14","361","C4620081 M4","tmt",0.01233985642538,"361 tmt","14 tmt"
"24979","M4","C4620081","14","362","C4620081 M4","tmt",0.0114255338491698,"362 tmt","14 tmt"
"24980","M4","C4620081","14","363","C4620081 M4","tmt",0.0106459449816097,"363 tmt","14 tmt"
"24981","M4","C4620081","14","364","C4620081 M4","tmt",0.0106092892753317,"364 tmt","14 tmt"
"24982","M4","C4620081","14","365","C4620081 M4","tmt",0.0105500005342378,"365 tmt","14 tmt"
"24983","M4","C4620081","14","366","C4620081 M4","tmt",0.0105069791693007,"366 tmt","14 tmt"
"24984","M4","C4620081","14","367","C4620081 M4","tmt",0.0104263265283498,"367 tmt","14 tmt"
"24985","M4","C4620081","14","368","C4620081 M4","tmt",0.010411700740699,"368 tmt","14 tmt"
"24986","M4","C4620081","14","369","C4620081 M4","tmt",0.00971155273892017,"369 tmt","14 tmt"
"24987","M4","C4620081","14","370","C4620081 M4","tmt",0.00965325585191679,"370 tmt","14 tmt"
"24988","M4","C4620081","14","371","C4620081 M4","tmt",0.00942688822846037,"371 tmt","14 tmt"
"24989","M4","C4620081","14","372","C4620081 M4","tmt",0.00911623561900338,"372 tmt","14 tmt"
"24990","M4","C4620081","14","373","C4620081 M4","tmt",0.00908446140916324,"373 tmt","14 tmt"
"24991","M4","C4620081","14","374","C4620081 M4","tmt",0.00883701170251225,"374 tmt","14 tmt"
"24992","M4","C4620081","14","375","C4620081 M4","tmt",0.00865332135941381,"375 tmt","14 tmt"
"24993","M4","C4620081","14","376","C4620081 M4","tmt",0.00834909187572321,"376 tmt","14 tmt"
"24994","M4","C4620081","14","377","C4620081 M4","tmt",0.00821873515550217,"377 tmt","14 tmt"
"24995","M4","C4620081","14","378","C4620081 M4","tmt",0.008165036576676,"378 tmt","14 tmt"
"24996","M4","C4620081","14","379","C4620081 M4","tmt",0.00783799194292861,"379 tmt","14 tmt"
"24997","M4","C4620081","14","380","C4620081 M4","tmt",0.00759280168556227,"380 tmt","14 tmt"
"24998","M4","C4620081","14","381","C4620081 M4","tmt",0.00683797464979086,"381 tmt","14 tmt"
"24999","M4","C4620081","14","382","C4620081 M4","tmt",0.00676867880114182,"382 tmt","14 tmt"
"25000","M4","C4620081","14","383","C4620081 M4","tmt",0.006631073256306,"383 tmt","14 tmt"
"25001","M4","C4620081","14","384","C4620081 M4","tmt",0.00618796406001919,"384 tmt","14 tmt"
"25002","M4","C4620081","14","385","C4620081 M4","tmt",0.00616854879656744,"385 tmt","14 tmt"
"25003","M4","C4620081","14","386","C4620081 M4","tmt",0.00593106489925453,"386 tmt","14 tmt"
"25004","M4","C4620081","14","387","C4620081 M4","tmt",0.00480343903869669,"387 tmt","14 tmt"
"25005","M4","C4620081","14","388","C4620081 M4","tmt",0.00390220321779972,"388 tmt","14 tmt"
"25006","M4","C4620081","14","389","C4620081 M4","tmt",0.00374161768896756,"389 tmt","14 tmt"
"25007","M4","C4620081","14","390","C4620081 M4","tmt",0.00334948951258846,"390 tmt","14 tmt"
"25008","M4","C4620081","14","391","C4620081 M4","tmt",0.0029338215561015,"391 tmt","14 tmt"
"25009","M4","C4620081","14","392","C4620081 M4","tmt",0.00279886928911199,"392 tmt","14 tmt"
"25010","M4","C4620081","14","393","C4620081 M4","tmt",0.00215103394924772,"393 tmt","14 tmt"
"25011","M4","C4620081","14","394","C4620081 M4","tmt",0.0020753692578833,"394 tmt","14 tmt"
"25012","M4","C4620081","14","395","C4620081 M4","tmt",0.00176733054066126,"395 tmt","14 tmt"
"25013","M4","C4620081","14","396","C4620081 M4","tmt",0.00131771331352274,"396 tmt","14 tmt"
"25014","M4","C4620081","14","397","C4620081 M4","tmt",0.000925500006146816,"397 tmt","14 tmt"
"25015","M4","C4620081","14","398","C4620081 M4","tmt",0.000923382474182953,"398 tmt","14 tmt"
"25016","M4","C4620081","14","399","C4620081 M4","tmt",0.000802465710986792,"399 tmt","14 tmt"
"25017","M4","C4620081","14","400","C4620081 M4","tmt",0.000366470439487864,"400 tmt","14 tmt"
"25018","M4","C4620081","14","401","C4620081 M4","tmt",0.000171886276180847,"401 tmt","14 tmt"
"25019","M4","C4620081","14","402","C4620081 M4","tmt",-0.000350060046204853,"402 tmt","14 tmt"
"25020","M4","C4620081","14","403","C4620081 M4","tmt",-0.000496744501056832,"403 tmt","14 tmt"
"25021","M4","C4620081","14","404","C4620081 M4","tmt",-0.00050115258557744,"404 tmt","14 tmt"
"25022","M4","C4620081","14","405","C4620081 M4","tmt",-0.000980680126508203,"405 tmt","14 tmt"
"25023","M4","C4620081","14","406","C4620081 M4","tmt",-0.00142056699811281,"406 tmt","14 tmt"
"25024","M4","C4620081","14","407","C4620081 M4","tmt",-0.00147521700583833,"407 tmt","14 tmt"
"25025","M4","C4620081","14","408","C4620081 M4","tmt",-0.00158959687145233,"408 tmt","14 tmt"
"25026","M4","C4620081","14","409","C4620081 M4","tmt",-0.00279549346417855,"409 tmt","14 tmt"
"25027","M4","C4620081","14","410","C4620081 M4","tmt",-0.00301428220944592,"410 tmt","14 tmt"
"25028","M4","C4620081","14","411","C4620081 M4","tmt",-0.00312193024060253,"411 tmt","14 tmt"
"25029","M4","C4620081","14","412","C4620081 M4","tmt",-0.00330283467822494,"412 tmt","14 tmt"
"25030","M4","C4620081","14","413","C4620081 M4","tmt",-0.00332975473903485,"413 tmt","14 tmt"
"25031","M4","C4620081","14","414","C4620081 M4","tmt",-0.00335960021225595,"414 tmt","14 tmt"
"25032","M4","C4620081","14","415","C4620081 M4","tmt",-0.00350743932205888,"415 tmt","14 tmt"
"25033","M4","C4620081","14","416","C4620081 M4","tmt",-0.00354665745830798,"416 tmt","14 tmt"
"25034","M4","C4620081","14","417","C4620081 M4","tmt",-0.00391940352202087,"417 tmt","14 tmt"
"25035","M4","C4620081","14","418","C4620081 M4","tmt",-0.00393800488444897,"418 tmt","14 tmt"
"25036","M4","C4620081","14","419","C4620081 M4","tmt",-0.00404601398603153,"419 tmt","14 tmt"
"25037","M4","C4620081","14","420","C4620081 M4","tmt",-0.00428020237640963,"420 tmt","14 tmt"
"25038","M4","C4620081","14","421","C4620081 M4","tmt",-0.00434435681624281,"421 tmt","14 tmt"
"25039","M4","C4620081","14","422","C4620081 M4","tmt",-0.0044654937893814,"422 tmt","14 tmt"
"25040","M4","C4620081","14","423","C4620081 M4","tmt",-0.00479144602908202,"423 tmt","14 tmt"
"25041","M4","C4620081","14","424","C4620081 M4","tmt",-0.00496072253850942,"424 tmt","14 tmt"
"25042","M4","C4620081","14","425","C4620081 M4","tmt",-0.0052170003920744,"425 tmt","14 tmt"
"25043","M4","C4620081","14","426","C4620081 M4","tmt",-0.00562974302451109,"426 tmt","14 tmt"
"25044","M4","C4620081","14","427","C4620081 M4","tmt",-0.00566248335320546,"427 tmt","14 tmt"
"25045","M4","C4620081","14","428","C4620081 M4","tmt",-0.00686653408974763,"428 tmt","14 tmt"
"25046","M4","C4620081","14","429","C4620081 M4","tmt",-0.0070369147866452,"429 tmt","14 tmt"
"25047","M4","C4620081","14","430","C4620081 M4","tmt",-0.00749125967869442,"430 tmt","14 tmt"
"25048","M4","C4620081","14","431","C4620081 M4","tmt",-0.00767948464606789,"431 tmt","14 tmt"
"25049","M4","C4620081","14","432","C4620081 M4","tmt",-0.00770106357053266,"432 tmt","14 tmt"
"25050","M4","C4620081","14","433","C4620081 M4","tmt",-0.00835308107325851,"433 tmt","14 tmt"
"25051","M4","C4620081","14","434","C4620081 M4","tmt",-0.00865048385045648,"434 tmt","14 tmt"
"25052","M4","C4620081","14","435","C4620081 M4","tmt",-0.00921016716401105,"435 tmt","14 tmt"
"25053","M4","C4620081","14","436","C4620081 M4","tmt",-0.00921302839283585,"436 tmt","14 tmt"
"25054","M4","C4620081","14","437","C4620081 M4","tmt",-0.00946102704445194,"437 tmt","14 tmt"
"25055","M4","C4620081","14","438","C4620081 M4","tmt",-0.00979860980346921,"438 tmt","14 tmt"
"25056","M4","C4620081","14","439","C4620081 M4","tmt",-0.0106501403520404,"439 tmt","14 tmt"
"25057","M4","C4620081","14","440","C4620081 M4","tmt",-0.0111727338130184,"440 tmt","14 tmt"
"25058","M4","C4620081","14","441","C4620081 M4","tmt",-0.011230041633259,"441 tmt","14 tmt"
"25059","M4","C4620081","14","442","C4620081 M4","tmt",-0.0114288212907068,"442 tmt","14 tmt"
"25060","M4","C4620081","14","443","C4620081 M4","tmt",-0.0116738930731815,"443 tmt","14 tmt"
"25061","M4","C4620081","14","444","C4620081 M4","tmt",-0.0116810855523622,"444 tmt","14 tmt"
"25062","M4","C4620081","14","445","C4620081 M4","tmt",-0.0117053727214677,"445 tmt","14 tmt"
"25063","M4","C4620081","14","446","C4620081 M4","tmt",-0.0121379971668014,"446 tmt","14 tmt"
"25064","M4","C4620081","14","447","C4620081 M4","tmt",-0.0125736171198514,"447 tmt","14 tmt"
"25065","M4","C4620081","14","448","C4620081 M4","tmt",-0.0126013857582829,"448 tmt","14 tmt"
"25066","M4","C4620081","14","449","C4620081 M4","tmt",-0.0127843971899355,"449 tmt","14 tmt"
"25067","M4","C4620081","14","450","C4620081 M4","tmt",-0.0128586785348156,"450 tmt","14 tmt"
"25068","M4","C4620081","14","451","C4620081 M4","tmt",-0.0129413717426047,"451 tmt","14 tmt"
"25069","M4","C4620081","14","452","C4620081 M4","tmt",-0.0130325547685562,"452 tmt","14 tmt"
"25070","M4","C4620081","14","453","C4620081 M4","tmt",-0.0130536416289721,"453 tmt","14 tmt"
"25071","M4","C4620081","14","454","C4620081 M4","tmt",-0.0132677311159581,"454 tmt","14 tmt"
"25072","M4","C4620081","14","455","C4620081 M4","tmt",-0.0138484906497031,"455 tmt","14 tmt"
"25073","M4","C4620081","14","456","C4620081 M4","tmt",-0.0153991723047646,"456 tmt","14 tmt"
"25074","M4","C4620081","14","457","C4620081 M4","tmt",-0.0154130739865609,"457 tmt","14 tmt"
"25075","M4","C4620081","14","458","C4620081 M4","tmt",-0.0159032046026762,"458 tmt","14 tmt"
"25076","M4","C4620081","14","459","C4620081 M4","tmt",-0.0163678954187242,"459 tmt","14 tmt"
"25077","M4","C4620081","14","460","C4620081 M4","tmt",-0.0165985571101723,"460 tmt","14 tmt"
"25078","M4","C4620081","14","461","C4620081 M4","tmt",-0.0173162568461496,"461 tmt","14 tmt"
"25079","M4","C4620081","14","462","C4620081 M4","tmt",-0.0174821698036869,"462 tmt","14 tmt"
"25080","M4","C4620081","14","463","C4620081 M4","tmt",-0.01774914473998,"463 tmt","14 tmt"
"25081","M4","C4620081","14","464","C4620081 M4","tmt",-0.0178382550234745,"464 tmt","14 tmt"
"25082","M4","C4620081","14","465","C4620081 M4","tmt",-0.018149954396099,"465 tmt","14 tmt"
"25083","M4","C4620081","14","466","C4620081 M4","tmt",-0.0181800444655941,"466 tmt","14 tmt"
"25084","M4","C4620081","14","467","C4620081 M4","tmt",-0.0189815458429403,"467 tmt","14 tmt"
"25085","M4","C4620081","14","468","C4620081 M4","tmt",-0.0195796020589032,"468 tmt","14 tmt"
"25086","M4","C4620081","14","469","C4620081 M4","tmt",-0.0199995799592265,"469 tmt","14 tmt"
"25087","M4","C4620081","14","470","C4620081 M4","tmt",-0.0207428506651829,"470 tmt","14 tmt"
"25088","M4","C4620081","14","471","C4620081 M4","tmt",-0.0215589330993239,"471 tmt","14 tmt"
"25089","M4","C4620081","14","472","C4620081 M4","tmt",-0.0225241003597471,"472 tmt","14 tmt"
"25090","M4","C4620081","14","473","C4620081 M4","tmt",-0.0226384263545842,"473 tmt","14 tmt"
"25091","M4","C4620081","14","474","C4620081 M4","tmt",-0.0230091241583202,"474 tmt","14 tmt"
"25092","M4","C4620081","14","475","C4620081 M4","tmt",-0.0232341472910938,"475 tmt","14 tmt"
"25093","M4","C4620081","14","476","C4620081 M4","tmt",-0.0246292112919265,"476 tmt","14 tmt"
"25094","M4","C4620081","14","477","C4620081 M4","tmt",-0.0263223067735292,"477 tmt","14 tmt"
"25095","M4","C4620081","14","478","C4620081 M4","tmt",-0.0263999967275771,"478 tmt","14 tmt"
"25096","M4","C4620081","14","479","C4620081 M4","tmt",-0.0266140777628805,"479 tmt","14 tmt"
"25097","M4","C4620081","14","480","C4620081 M4","tmt",-0.0270819096910079,"480 tmt","14 tmt"
"25098","M4","C4620081","14","481","C4620081 M4","tmt",-0.027421302598109,"481 tmt","14 tmt"
"25099","M4","C4620081","14","482","C4620081 M4","tmt",-0.0280735314701059,"482 tmt","14 tmt"
"25100","M4","C4620081","14","483","C4620081 M4","tmt",-0.0283907987752909,"483 tmt","14 tmt"
"25101","M4","C4620081","14","484","C4620081 M4","tmt",-0.0287354516845586,"484 tmt","14 tmt"
"25102","M4","C4620081","14","485","C4620081 M4","tmt",-0.0288463149080745,"485 tmt","14 tmt"
"25103","M4","C4620081","14","486","C4620081 M4","tmt",-0.0292959688298572,"486 tmt","14 tmt"
"25104","M4","C4620081","14","487","C4620081 M4","tmt",-0.029457080285117,"487 tmt","14 tmt"
"25105","M4","C4620081","14","488","C4620081 M4","tmt",-0.0296793884866882,"488 tmt","14 tmt"
"25106","M4","C4620081","14","489","C4620081 M4","tmt",-0.0298414861107417,"489 tmt","14 tmt"
"25107","M4","C4620081","14","490","C4620081 M4","tmt",-0.0302197384658103,"490 tmt","14 tmt"
"25108","M4","C4620081","14","491","C4620081 M4","tmt",-0.0304794569523591,"491 tmt","14 tmt"
"25109","M4","C4620081","14","492","C4620081 M4","tmt",-0.0305829785043015,"492 tmt","14 tmt"
"25110","M4","C4620081","14","493","C4620081 M4","tmt",-0.0306511294428144,"493 tmt","14 tmt"
"25111","M4","C4620081","14","494","C4620081 M4","tmt",-0.0310633534637328,"494 tmt","14 tmt"
"25112","M4","C4620081","14","495","C4620081 M4","tmt",-0.0311985991826113,"495 tmt","14 tmt"
"25113","M4","C4620081","14","496","C4620081 M4","tmt",-0.0315629729053456,"496 tmt","14 tmt"
"25114","M4","C4620081","14","497","C4620081 M4","tmt",-0.0316379009823452,"497 tmt","14 tmt"
"25115","M4","C4620081","14","498","C4620081 M4","tmt",-0.0326390921470312,"498 tmt","14 tmt"
"25116","M4","C4620081","14","499","C4620081 M4","tmt",-0.034270722296772,"499 tmt","14 tmt"
"25117","M4","C4620081","14","500","C4620081 M4","tmt",-0.0342974445972719,"500 tmt","14 tmt"
"25118","M4","C4620081","14","501","C4620081 M4","tmt",-0.0356915623370331,"501 tmt","14 tmt"
"25119","M4","C4620081","14","502","C4620081 M4","tmt",-0.0358620954482003,"502 tmt","14 tmt"
"25120","M4","C4620081","14","503","C4620081 M4","tmt",-0.0373383013199981,"503 tmt","14 tmt"
"25121","M4","C4620081","14","504","C4620081 M4","tmt",-0.0378138525681417,"504 tmt","14 tmt"
"25122","M4","C4620081","14","505","C4620081 M4","tmt",-0.038383038333989,"505 tmt","14 tmt"
"25123","M4","C4620081","14","506","C4620081 M4","tmt",-0.0385159596844701,"506 tmt","14 tmt"
"25124","M4","C4620081","14","507","C4620081 M4","tmt",-0.0397502870960535,"507 tmt","14 tmt"
"25125","M4","C4620081","14","508","C4620081 M4","tmt",-0.0399175651790684,"508 tmt","14 tmt"
"25126","M4","C4620081","14","509","C4620081 M4","tmt",-0.0400079804694236,"509 tmt","14 tmt"
"25127","M4","C4620081","14","510","C4620081 M4","tmt",-0.04025335458542,"510 tmt","14 tmt"
"25128","M4","C4620081","14","511","C4620081 M4","tmt",-0.0406640221136205,"511 tmt","14 tmt"
"25129","M4","C4620081","14","512","C4620081 M4","tmt",-0.0417674615447085,"512 tmt","14 tmt"
"25130","M4","C4620081","14","513","C4620081 M4","tmt",-0.0425884458326191,"513 tmt","14 tmt"
"25131","M4","C4620081","14","514","C4620081 M4","tmt",-0.0426717604133595,"514 tmt","14 tmt"
"25132","M4","C4620081","14","515","C4620081 M4","tmt",-0.0432028729594617,"515 tmt","14 tmt"
"25133","M4","C4620081","14","516","C4620081 M4","tmt",-0.0452232594231963,"516 tmt","14 tmt"
"25134","M4","C4620081","14","517","C4620081 M4","tmt",-0.0453657600099496,"517 tmt","14 tmt"
"25135","M4","C4620081","14","518","C4620081 M4","tmt",-0.0454836030579286,"518 tmt","14 tmt"
"25136","M4","C4620081","14","519","C4620081 M4","tmt",-0.0459243597836321,"519 tmt","14 tmt"
"25137","M4","C4620081","14","520","C4620081 M4","tmt",-0.0463186745743947,"520 tmt","14 tmt"
"25138","M4","C4620081","14","521","C4620081 M4","tmt",-0.0466487856725076,"521 tmt","14 tmt"
"25139","M4","C4620081","14","522","C4620081 M4","tmt",-0.0475593296028921,"522 tmt","14 tmt"
"25140","M4","C4620081","14","523","C4620081 M4","tmt",-0.0479398245747568,"523 tmt","14 tmt"
"25141","M4","C4620081","14","524","C4620081 M4","tmt",-0.0479775134785408,"524 tmt","14 tmt"
"25142","M4","C4620081","14","525","C4620081 M4","tmt",-0.048644378776556,"525 tmt","14 tmt"
"25143","M4","C4620081","14","526","C4620081 M4","tmt",-0.0494638036999468,"526 tmt","14 tmt"
"25144","M4","C4620081","14","527","C4620081 M4","tmt",-0.0499083782066202,"527 tmt","14 tmt"
"25145","M4","C4620081","14","528","C4620081 M4","tmt",-0.0499855651742942,"528 tmt","14 tmt"
"25146","M4","C4620081","14","529","C4620081 M4","tmt",-0.0502831800151664,"529 tmt","14 tmt"
"25147","M4","C4620081","14","530","C4620081 M4","tmt",-0.0512239167090348,"530 tmt","14 tmt"
"25148","M4","C4620081","14","531","C4620081 M4","tmt",-0.0521070887001689,"531 tmt","14 tmt"
"25149","M4","C4620081","14","532","C4620081 M4","tmt",-0.0547346599710688,"532 tmt","14 tmt"
"25150","M4","C4620081","14","533","C4620081 M4","tmt",-0.0563553764870606,"533 tmt","14 tmt"
"25151","M4","C4620081","14","534","C4620081 M4","tmt",-0.0566412343506532,"534 tmt","14 tmt"
"25152","M4","C4620081","14","535","C4620081 M4","tmt",-0.0581066022915586,"535 tmt","14 tmt"
"25153","M4","C4620081","14","536","C4620081 M4","tmt",-0.0606114335919098,"536 tmt","14 tmt"
"25154","M4","C4620081","14","537","C4620081 M4","tmt",-0.0621789185098171,"537 tmt","14 tmt"
"25155","M4","C4620081","14","538","C4620081 M4","tmt",-0.0623691327432055,"538 tmt","14 tmt"
"25156","M4","C4620081","14","539","C4620081 M4","tmt",-0.0688861139488462,"539 tmt","14 tmt"
"25157","M5","C4620081","14","0","C4620081 M5","tmt",0.0924360345241563,"0 tmt","14 tmt"
"25158","M5","C4620081","14","1","C4620081 M5","tmt",0.0844599535180598,"1 tmt","14 tmt"
"25159","M5","C4620081","14","2","C4620081 M5","tmt",0.0793032876902766,"2 tmt","14 tmt"
"25160","M5","C4620081","14","3","C4620081 M5","tmt",0.0784681423526864,"3 tmt","14 tmt"
"25161","M5","C4620081","14","4","C4620081 M5","tmt",0.0782259814033132,"4 tmt","14 tmt"
"25162","M5","C4620081","14","5","C4620081 M5","tmt",0.0777149643043938,"5 tmt","14 tmt"
"25163","M5","C4620081","14","6","C4620081 M5","tmt",0.0770107414403386,"6 tmt","14 tmt"
"25164","M5","C4620081","14","7","C4620081 M5","tmt",0.0764628176257837,"7 tmt","14 tmt"
"25165","M5","C4620081","14","8","C4620081 M5","tmt",0.0730241577859954,"8 tmt","14 tmt"
"25166","M5","C4620081","14","9","C4620081 M5","tmt",0.0719245716492186,"9 tmt","14 tmt"
"25167","M5","C4620081","14","10","C4620081 M5","tmt",0.0716183262572878,"10 tmt","14 tmt"
"25168","M5","C4620081","14","11","C4620081 M5","tmt",0.0705393935061876,"11 tmt","14 tmt"
"25169","M5","C4620081","14","12","C4620081 M5","tmt",0.0691841305639309,"12 tmt","14 tmt"
"25170","M5","C4620081","14","13","C4620081 M5","tmt",0.0678253035737763,"13 tmt","14 tmt"
"25171","M5","C4620081","14","14","C4620081 M5","tmt",0.0673926198828508,"14 tmt","14 tmt"
"25172","M5","C4620081","14","15","C4620081 M5","tmt",0.0672007137074931,"15 tmt","14 tmt"
"25173","M5","C4620081","14","16","C4620081 M5","tmt",0.0669351690279667,"16 tmt","14 tmt"
"25174","M5","C4620081","14","17","C4620081 M5","tmt",0.0660786290358686,"17 tmt","14 tmt"
"25175","M5","C4620081","14","18","C4620081 M5","tmt",0.0656472187865622,"18 tmt","14 tmt"
"25176","M5","C4620081","14","19","C4620081 M5","tmt",0.0647394144315767,"19 tmt","14 tmt"
"25177","M5","C4620081","14","20","C4620081 M5","tmt",0.0638464693626799,"20 tmt","14 tmt"
"25178","M5","C4620081","14","21","C4620081 M5","tmt",0.0638093723250541,"21 tmt","14 tmt"
"25179","M5","C4620081","14","22","C4620081 M5","tmt",0.0612838561953922,"22 tmt","14 tmt"
"25180","M5","C4620081","14","23","C4620081 M5","tmt",0.0603782135160876,"23 tmt","14 tmt"
"25181","M5","C4620081","14","24","C4620081 M5","tmt",0.0602544674337278,"24 tmt","14 tmt"
"25182","M5","C4620081","14","25","C4620081 M5","tmt",0.0592443699343271,"25 tmt","14 tmt"
"25183","M5","C4620081","14","26","C4620081 M5","tmt",0.0579464778249446,"26 tmt","14 tmt"
"25184","M5","C4620081","14","27","C4620081 M5","tmt",0.0563885762517075,"27 tmt","14 tmt"
"25185","M5","C4620081","14","28","C4620081 M5","tmt",0.056109563999186,"28 tmt","14 tmt"
"25186","M5","C4620081","14","29","C4620081 M5","tmt",0.055894064642415,"29 tmt","14 tmt"
"25187","M5","C4620081","14","30","C4620081 M5","tmt",0.054855628525292,"30 tmt","14 tmt"
"25188","M5","C4620081","14","31","C4620081 M5","tmt",0.0547625148487977,"31 tmt","14 tmt"
"25189","M5","C4620081","14","32","C4620081 M5","tmt",0.0546312239570843,"32 tmt","14 tmt"
"25190","M5","C4620081","14","33","C4620081 M5","tmt",0.0544314791559333,"33 tmt","14 tmt"
"25191","M5","C4620081","14","34","C4620081 M5","tmt",0.0541410051155257,"34 tmt","14 tmt"
"25192","M5","C4620081","14","35","C4620081 M5","tmt",0.0541098358446031,"35 tmt","14 tmt"
"25193","M5","C4620081","14","36","C4620081 M5","tmt",0.05338043588531,"36 tmt","14 tmt"
"25194","M5","C4620081","14","37","C4620081 M5","tmt",0.0532078864844098,"37 tmt","14 tmt"
"25195","M5","C4620081","14","38","C4620081 M5","tmt",0.0531283854333504,"38 tmt","14 tmt"
"25196","M5","C4620081","14","39","C4620081 M5","tmt",0.0521155980619246,"39 tmt","14 tmt"
"25197","M5","C4620081","14","40","C4620081 M5","tmt",0.051768149063055,"40 tmt","14 tmt"
"25198","M5","C4620081","14","41","C4620081 M5","tmt",0.0514244417040554,"41 tmt","14 tmt"
"25199","M5","C4620081","14","42","C4620081 M5","tmt",0.0514101569050263,"42 tmt","14 tmt"
"25200","M5","C4620081","14","43","C4620081 M5","tmt",0.051340718688156,"43 tmt","14 tmt"
"25201","M5","C4620081","14","44","C4620081 M5","tmt",0.0503854387326622,"44 tmt","14 tmt"
"25202","M5","C4620081","14","45","C4620081 M5","tmt",0.0498532699435843,"45 tmt","14 tmt"
"25203","M5","C4620081","14","46","C4620081 M5","tmt",0.0488615249050946,"46 tmt","14 tmt"
"25204","M5","C4620081","14","47","C4620081 M5","tmt",0.0470882759685675,"47 tmt","14 tmt"
"25205","M5","C4620081","14","48","C4620081 M5","tmt",0.0469182219231498,"48 tmt","14 tmt"
"25206","M5","C4620081","14","49","C4620081 M5","tmt",0.0467970807898956,"49 tmt","14 tmt"
"25207","M5","C4620081","14","50","C4620081 M5","tmt",0.0465924661752734,"50 tmt","14 tmt"
"25208","M5","C4620081","14","51","C4620081 M5","tmt",0.0460250035092022,"51 tmt","14 tmt"
"25209","M5","C4620081","14","52","C4620081 M5","tmt",0.0450976373958028,"52 tmt","14 tmt"
"25210","M5","C4620081","14","53","C4620081 M5","tmt",0.0447978469902659,"53 tmt","14 tmt"
"25211","M5","C4620081","14","54","C4620081 M5","tmt",0.0447246268364813,"54 tmt","14 tmt"
"25212","M5","C4620081","14","55","C4620081 M5","tmt",0.0446740241906334,"55 tmt","14 tmt"
"25213","M5","C4620081","14","56","C4620081 M5","tmt",0.0440509349096032,"56 tmt","14 tmt"
"25214","M5","C4620081","14","57","C4620081 M5","tmt",0.0437448553070641,"57 tmt","14 tmt"
"25215","M5","C4620081","14","58","C4620081 M5","tmt",0.0429769084807879,"58 tmt","14 tmt"
"25216","M5","C4620081","14","59","C4620081 M5","tmt",0.0427457329856673,"59 tmt","14 tmt"
"25217","M5","C4620081","14","60","C4620081 M5","tmt",0.042578394389076,"60 tmt","14 tmt"
"25218","M5","C4620081","14","61","C4620081 M5","tmt",0.041996724411406,"61 tmt","14 tmt"
"25219","M5","C4620081","14","62","C4620081 M5","tmt",0.0418989285522895,"62 tmt","14 tmt"
"25220","M5","C4620081","14","63","C4620081 M5","tmt",0.0418421395370799,"63 tmt","14 tmt"
"25221","M5","C4620081","14","64","C4620081 M5","tmt",0.0418016455994557,"64 tmt","14 tmt"
"25222","M5","C4620081","14","65","C4620081 M5","tmt",0.0416777280917053,"65 tmt","14 tmt"
"25223","M5","C4620081","14","66","C4620081 M5","tmt",0.0404898949609073,"66 tmt","14 tmt"
"25224","M5","C4620081","14","67","C4620081 M5","tmt",0.0402620407721938,"67 tmt","14 tmt"
"25225","M5","C4620081","14","68","C4620081 M5","tmt",0.0388295087007521,"68 tmt","14 tmt"
"25226","M5","C4620081","14","69","C4620081 M5","tmt",0.0387011587597716,"69 tmt","14 tmt"
"25227","M5","C4620081","14","70","C4620081 M5","tmt",0.038518763697925,"70 tmt","14 tmt"
"25228","M5","C4620081","14","71","C4620081 M5","tmt",0.0382051942293119,"71 tmt","14 tmt"
"25229","M5","C4620081","14","72","C4620081 M5","tmt",0.0381699215370243,"72 tmt","14 tmt"
"25230","M5","C4620081","14","73","C4620081 M5","tmt",0.0377619200227405,"73 tmt","14 tmt"
"25231","M5","C4620081","14","74","C4620081 M5","tmt",0.0375025617758419,"74 tmt","14 tmt"
"25232","M5","C4620081","14","75","C4620081 M5","tmt",0.0371626488099755,"75 tmt","14 tmt"
"25233","M5","C4620081","14","76","C4620081 M5","tmt",0.0366159541616293,"76 tmt","14 tmt"
"25234","M5","C4620081","14","77","C4620081 M5","tmt",0.0363813396518863,"77 tmt","14 tmt"
"25235","M5","C4620081","14","78","C4620081 M5","tmt",0.0361414427197281,"78 tmt","14 tmt"
"25236","M5","C4620081","14","79","C4620081 M5","tmt",0.0356689120146953,"79 tmt","14 tmt"
"25237","M5","C4620081","14","80","C4620081 M5","tmt",0.0348901892706364,"80 tmt","14 tmt"
"25238","M5","C4620081","14","81","C4620081 M5","tmt",0.0348637817507208,"81 tmt","14 tmt"
"25239","M5","C4620081","14","82","C4620081 M5","tmt",0.0333436708151139,"82 tmt","14 tmt"
"25240","M5","C4620081","14","83","C4620081 M5","tmt",0.033290270479958,"83 tmt","14 tmt"
"25241","M5","C4620081","14","84","C4620081 M5","tmt",0.0328908877410106,"84 tmt","14 tmt"
"25242","M5","C4620081","14","85","C4620081 M5","tmt",0.0328791124051842,"85 tmt","14 tmt"
"25243","M5","C4620081","14","86","C4620081 M5","tmt",0.0325027313288329,"86 tmt","14 tmt"
"25244","M5","C4620081","14","87","C4620081 M5","tmt",0.0323545966799283,"87 tmt","14 tmt"
"25245","M5","C4620081","14","88","C4620081 M5","tmt",0.0323481936680982,"88 tmt","14 tmt"
"25246","M5","C4620081","14","89","C4620081 M5","tmt",0.031979457017979,"89 tmt","14 tmt"
"25247","M5","C4620081","14","90","C4620081 M5","tmt",0.0318106865347507,"90 tmt","14 tmt"
"25248","M5","C4620081","14","91","C4620081 M5","tmt",0.0316321480117292,"91 tmt","14 tmt"
"25249","M5","C4620081","14","92","C4620081 M5","tmt",0.0311617151576741,"92 tmt","14 tmt"
"25250","M5","C4620081","14","93","C4620081 M5","tmt",0.0302024322236858,"93 tmt","14 tmt"
"25251","M5","C4620081","14","94","C4620081 M5","tmt",0.0299150493678592,"94 tmt","14 tmt"
"25252","M5","C4620081","14","95","C4620081 M5","tmt",0.0298021035188681,"95 tmt","14 tmt"
"25253","M5","C4620081","14","96","C4620081 M5","tmt",0.0293802277258674,"96 tmt","14 tmt"
"25254","M5","C4620081","14","97","C4620081 M5","tmt",0.0292827532626183,"97 tmt","14 tmt"
"25255","M5","C4620081","14","98","C4620081 M5","tmt",0.0290511210212559,"98 tmt","14 tmt"
"25256","M5","C4620081","14","99","C4620081 M5","tmt",0.0290227488135899,"99 tmt","14 tmt"
"25257","M5","C4620081","14","100","C4620081 M5","tmt",0.0289793376156973,"100 tmt","14 tmt"
"25258","M5","C4620081","14","101","C4620081 M5","tmt",0.0289354247118471,"101 tmt","14 tmt"
"25259","M5","C4620081","14","102","C4620081 M5","tmt",0.0288607004761574,"102 tmt","14 tmt"
"25260","M5","C4620081","14","103","C4620081 M5","tmt",0.0288524185030503,"103 tmt","14 tmt"
"25261","M5","C4620081","14","104","C4620081 M5","tmt",0.0287428414490859,"104 tmt","14 tmt"
"25262","M5","C4620081","14","105","C4620081 M5","tmt",0.0286237980011429,"105 tmt","14 tmt"
"25263","M5","C4620081","14","106","C4620081 M5","tmt",0.028162874948991,"106 tmt","14 tmt"
"25264","M5","C4620081","14","107","C4620081 M5","tmt",0.0280884011962224,"107 tmt","14 tmt"
"25265","M5","C4620081","14","108","C4620081 M5","tmt",0.0276698192551006,"108 tmt","14 tmt"
"25266","M5","C4620081","14","109","C4620081 M5","tmt",0.0272735890196921,"109 tmt","14 tmt"
"25267","M5","C4620081","14","110","C4620081 M5","tmt",0.0269359915502485,"110 tmt","14 tmt"
"25268","M5","C4620081","14","111","C4620081 M5","tmt",0.0265018845782941,"111 tmt","14 tmt"
"25269","M5","C4620081","14","112","C4620081 M5","tmt",0.0262224115793523,"112 tmt","14 tmt"
"25270","M5","C4620081","14","113","C4620081 M5","tmt",0.0259011398728259,"113 tmt","14 tmt"
"25271","M5","C4620081","14","114","C4620081 M5","tmt",0.0257807189600646,"114 tmt","14 tmt"
"25272","M5","C4620081","14","115","C4620081 M5","tmt",0.025746526471963,"115 tmt","14 tmt"
"25273","M5","C4620081","14","116","C4620081 M5","tmt",0.0251801405199834,"116 tmt","14 tmt"
"25274","M5","C4620081","14","117","C4620081 M5","tmt",0.0250083287206858,"117 tmt","14 tmt"
"25275","M5","C4620081","14","118","C4620081 M5","tmt",0.0249739746453922,"118 tmt","14 tmt"
"25276","M5","C4620081","14","119","C4620081 M5","tmt",0.024946392006658,"119 tmt","14 tmt"
"25277","M5","C4620081","14","120","C4620081 M5","tmt",0.0248296792437796,"120 tmt","14 tmt"
"25278","M5","C4620081","14","121","C4620081 M5","tmt",0.0246575860632134,"121 tmt","14 tmt"
"25279","M5","C4620081","14","122","C4620081 M5","tmt",0.0242880880999284,"122 tmt","14 tmt"
"25280","M5","C4620081","14","123","C4620081 M5","tmt",0.0241791602551414,"123 tmt","14 tmt"
"25281","M5","C4620081","14","124","C4620081 M5","tmt",0.0232908846500878,"124 tmt","14 tmt"
"25282","M5","C4620081","14","125","C4620081 M5","tmt",0.0217753531307298,"125 tmt","14 tmt"
"25283","M5","C4620081","14","126","C4620081 M5","tmt",0.0214641955314116,"126 tmt","14 tmt"
"25284","M5","C4620081","14","127","C4620081 M5","tmt",0.0212994282369974,"127 tmt","14 tmt"
"25285","M5","C4620081","14","128","C4620081 M5","tmt",0.0207573771979211,"128 tmt","14 tmt"
"25286","M5","C4620081","14","129","C4620081 M5","tmt",0.0205751362992534,"129 tmt","14 tmt"
"25287","M5","C4620081","14","130","C4620081 M5","tmt",0.0200184221028773,"130 tmt","14 tmt"
"25288","M5","C4620081","14","131","C4620081 M5","tmt",0.0198855169869935,"131 tmt","14 tmt"
"25289","M5","C4620081","14","132","C4620081 M5","tmt",0.0195336024444019,"132 tmt","14 tmt"
"25290","M5","C4620081","14","133","C4620081 M5","tmt",0.0191155893421716,"133 tmt","14 tmt"
"25291","M5","C4620081","14","134","C4620081 M5","tmt",0.0183342114038872,"134 tmt","14 tmt"
"25292","M5","C4620081","14","135","C4620081 M5","tmt",0.0182908643514609,"135 tmt","14 tmt"
"25293","M5","C4620081","14","136","C4620081 M5","tmt",0.0181376145903505,"136 tmt","14 tmt"
"25294","M5","C4620081","14","137","C4620081 M5","tmt",0.0180526758400066,"137 tmt","14 tmt"
"25295","M5","C4620081","14","138","C4620081 M5","tmt",0.0178002745147604,"138 tmt","14 tmt"
"25296","M5","C4620081","14","139","C4620081 M5","tmt",0.0176965441735238,"139 tmt","14 tmt"
"25297","M5","C4620081","14","140","C4620081 M5","tmt",0.0167231133965989,"140 tmt","14 tmt"
"25298","M5","C4620081","14","141","C4620081 M5","tmt",0.0166435150579875,"141 tmt","14 tmt"
"25299","M5","C4620081","14","142","C4620081 M5","tmt",0.0164770578165702,"142 tmt","14 tmt"
"25300","M5","C4620081","14","143","C4620081 M5","tmt",0.0155416602682776,"143 tmt","14 tmt"
"25301","M5","C4620081","14","144","C4620081 M5","tmt",0.0153920709045539,"144 tmt","14 tmt"
"25302","M5","C4620081","14","145","C4620081 M5","tmt",0.0151977268861195,"145 tmt","14 tmt"
"25303","M5","C4620081","14","146","C4620081 M5","tmt",0.0146382370826024,"146 tmt","14 tmt"
"25304","M5","C4620081","14","147","C4620081 M5","tmt",0.0144611943259056,"147 tmt","14 tmt"
"25305","M5","C4620081","14","148","C4620081 M5","tmt",0.0142920588378207,"148 tmt","14 tmt"
"25306","M5","C4620081","14","149","C4620081 M5","tmt",0.0136294826370905,"149 tmt","14 tmt"
"25307","M5","C4620081","14","150","C4620081 M5","tmt",0.0133379608353913,"150 tmt","14 tmt"
"25308","M5","C4620081","14","151","C4620081 M5","tmt",0.0125939503334892,"151 tmt","14 tmt"
"25309","M5","C4620081","14","152","C4620081 M5","tmt",0.0125014764110248,"152 tmt","14 tmt"
"25310","M5","C4620081","14","153","C4620081 M5","tmt",0.0118763774939617,"153 tmt","14 tmt"
"25311","M5","C4620081","14","154","C4620081 M5","tmt",0.0115944671186302,"154 tmt","14 tmt"
"25312","M5","C4620081","14","155","C4620081 M5","tmt",0.0115870671334203,"155 tmt","14 tmt"
"25313","M5","C4620081","14","156","C4620081 M5","tmt",0.0105271283558357,"156 tmt","14 tmt"
"25314","M5","C4620081","14","157","C4620081 M5","tmt",0.0100891564103085,"157 tmt","14 tmt"
"25315","M5","C4620081","14","158","C4620081 M5","tmt",0.00961095682322832,"158 tmt","14 tmt"
"25316","M5","C4620081","14","159","C4620081 M5","tmt",0.00752450120505238,"159 tmt","14 tmt"
"25317","M5","C4620081","14","160","C4620081 M5","tmt",0.0073652775263651,"160 tmt","14 tmt"
"25318","M5","C4620081","14","161","C4620081 M5","tmt",0.0070447493109185,"161 tmt","14 tmt"
"25319","M5","C4620081","14","162","C4620081 M5","tmt",0.00624452940814825,"162 tmt","14 tmt"
"25320","M5","C4620081","14","163","C4620081 M5","tmt",0.00579969261154855,"163 tmt","14 tmt"
"25321","M5","C4620081","14","164","C4620081 M5","tmt",0.00534016882433055,"164 tmt","14 tmt"
"25322","M5","C4620081","14","165","C4620081 M5","tmt",0.00532929556800366,"165 tmt","14 tmt"
"25323","M5","C4620081","14","166","C4620081 M5","tmt",0.00501262077529159,"166 tmt","14 tmt"
"25324","M5","C4620081","14","167","C4620081 M5","tmt",0.00477226774370516,"167 tmt","14 tmt"
"25325","M5","C4620081","14","168","C4620081 M5","tmt",0.00462924718189338,"168 tmt","14 tmt"
"25326","M5","C4620081","14","169","C4620081 M5","tmt",0.00448870174333936,"169 tmt","14 tmt"
"25327","M5","C4620081","14","170","C4620081 M5","tmt",0.00274474907145369,"170 tmt","14 tmt"
"25328","M5","C4620081","14","171","C4620081 M5","tmt",0.00269596381532369,"171 tmt","14 tmt"
"25329","M5","C4620081","14","172","C4620081 M5","tmt",0.00261569409675588,"172 tmt","14 tmt"
"25330","M5","C4620081","14","173","C4620081 M5","tmt",0.00237909521584939,"173 tmt","14 tmt"
"25331","M5","C4620081","14","174","C4620081 M5","tmt",0.00167104146318564,"174 tmt","14 tmt"
"25332","M5","C4620081","14","175","C4620081 M5","tmt",0.00165957845081094,"175 tmt","14 tmt"
"25333","M5","C4620081","14","176","C4620081 M5","tmt",0.0015085826078094,"176 tmt","14 tmt"
"25334","M5","C4620081","14","177","C4620081 M5","tmt",0.00145715462353211,"177 tmt","14 tmt"
"25335","M5","C4620081","14","178","C4620081 M5","tmt",0.00114441857323161,"178 tmt","14 tmt"
"25336","M5","C4620081","14","179","C4620081 M5","tmt",0.000340460004092957,"179 tmt","14 tmt"
"25337","M5","C4620081","14","180","C4620081 M5","tmt",0.000208383944174979,"180 tmt","14 tmt"
"25338","M5","C4620081","14","181","C4620081 M5","tmt",8.6453222602958e-05,"181 tmt","14 tmt"
"25339","M5","C4620081","14","182","C4620081 M5","tmt",-0.000820036796652895,"182 tmt","14 tmt"
"25340","M5","C4620081","14","183","C4620081 M5","tmt",-0.000862790355662139,"183 tmt","14 tmt"
"25341","M5","C4620081","14","184","C4620081 M5","tmt",-0.0026508066362809,"184 tmt","14 tmt"
"25342","M5","C4620081","14","185","C4620081 M5","tmt",-0.00364122345484685,"185 tmt","14 tmt"
"25343","M5","C4620081","14","186","C4620081 M5","tmt",-0.00365019746269699,"186 tmt","14 tmt"
"25344","M5","C4620081","14","187","C4620081 M5","tmt",-0.00450804792428186,"187 tmt","14 tmt"
"25345","M5","C4620081","14","188","C4620081 M5","tmt",-0.00551362703710438,"188 tmt","14 tmt"
"25346","M5","C4620081","14","189","C4620081 M5","tmt",-0.00646650967852593,"189 tmt","14 tmt"
"25347","M5","C4620081","14","190","C4620081 M5","tmt",-0.00786936983354195,"190 tmt","14 tmt"
"25348","M5","C4620081","14","191","C4620081 M5","tmt",-0.0107205317337247,"191 tmt","14 tmt"
"25349","M5","C4620081","14","192","C4620081 M5","tmt",-0.01216234821461,"192 tmt","14 tmt"
"25350","M5","C4620081","14","193","C4620081 M5","tmt",-0.0127854014174784,"193 tmt","14 tmt"
"25351","M5","C4620081","14","194","C4620081 M5","tmt",-0.0130297258141762,"194 tmt","14 tmt"
"25352","M5","C4620081","14","195","C4620081 M5","tmt",-0.0131383041749619,"195 tmt","14 tmt"
"25353","M5","C4620081","14","196","C4620081 M5","tmt",-0.0132120561121075,"196 tmt","14 tmt"
"25354","M5","C4620081","14","197","C4620081 M5","tmt",-0.0134276899288914,"197 tmt","14 tmt"
"25355","M5","C4620081","14","198","C4620081 M5","tmt",-0.0160288502717991,"198 tmt","14 tmt"
"25356","M5","C4620081","14","199","C4620081 M5","tmt",-0.0173304824084977,"199 tmt","14 tmt"
"25357","M5","C4620081","14","200","C4620081 M5","tmt",-0.0175083187814903,"200 tmt","14 tmt"
"25358","M5","C4620081","14","201","C4620081 M5","tmt",-0.0205353769402779,"201 tmt","14 tmt"
"25359","M5","C4620081","14","202","C4620081 M5","tmt",-0.0234001211451122,"202 tmt","14 tmt"
"25360","M5","C4620081","14","203","C4620081 M5","tmt",-0.0241786715963793,"203 tmt","14 tmt"
"25361","M5","C4620081","14","204","C4620081 M5","tmt",-0.0429669470391251,"204 tmt","14 tmt"
"25362","M5","C4620081","14","205","C4620081 M5","tmt",-0.0578476198450511,"205 tmt","14 tmt"
"25363","M1","C4620083","14","0","C4620083 M1","tmt",0.440830160612561,"0 tmt","14 tmt"
"25364","M1","C4620083","14","1","C4620083 M1","tmt",0.439587005815233,"1 tmt","14 tmt"
"25365","M1","C4620083","14","2","C4620083 M1","tmt",0.431968491794569,"2 tmt","14 tmt"
"25366","M1","C4620083","14","3","C4620083 M1","tmt",0.429916713207416,"3 tmt","14 tmt"
"25367","M1","C4620083","14","4","C4620083 M1","tmt",0.427512603403402,"4 tmt","14 tmt"
"25368","M1","C4620083","14","5","C4620083 M1","tmt",0.423595299086644,"5 tmt","14 tmt"
"25369","M1","C4620083","14","6","C4620083 M1","tmt",0.421291374426974,"6 tmt","14 tmt"
"25370","M1","C4620083","14","7","C4620083 M1","tmt",0.421136231247516,"7 tmt","14 tmt"
"25371","M1","C4620083","14","8","C4620083 M1","tmt",0.420183324842271,"8 tmt","14 tmt"
"25372","M1","C4620083","14","9","C4620083 M1","tmt",0.419576947341056,"9 tmt","14 tmt"
"25373","M1","C4620083","14","10","C4620083 M1","tmt",0.418281292644865,"10 tmt","14 tmt"
"25374","M1","C4620083","14","11","C4620083 M1","tmt",0.417223825951438,"11 tmt","14 tmt"
"25375","M1","C4620083","14","12","C4620083 M1","tmt",0.41593318342638,"12 tmt","14 tmt"
"25376","M1","C4620083","14","13","C4620083 M1","tmt",0.415000405099375,"13 tmt","14 tmt"
"25377","M1","C4620083","14","14","C4620083 M1","tmt",0.414684663473052,"14 tmt","14 tmt"
"25378","M1","C4620083","14","15","C4620083 M1","tmt",0.412937407019234,"15 tmt","14 tmt"
"25379","M1","C4620083","14","16","C4620083 M1","tmt",0.412806548826883,"16 tmt","14 tmt"
"25380","M1","C4620083","14","17","C4620083 M1","tmt",0.412686645607113,"17 tmt","14 tmt"
"25381","M1","C4620083","14","18","C4620083 M1","tmt",0.411238948451986,"18 tmt","14 tmt"
"25382","M1","C4620083","14","19","C4620083 M1","tmt",0.411009891280745,"19 tmt","14 tmt"
"25383","M1","C4620083","14","20","C4620083 M1","tmt",0.409705203942161,"20 tmt","14 tmt"
"25384","M1","C4620083","14","21","C4620083 M1","tmt",0.409238981840521,"21 tmt","14 tmt"
"25385","M1","C4620083","14","22","C4620083 M1","tmt",0.408744551707181,"22 tmt","14 tmt"
"25386","M1","C4620083","14","23","C4620083 M1","tmt",0.408470910409251,"23 tmt","14 tmt"
"25387","M1","C4620083","14","24","C4620083 M1","tmt",0.407405734673524,"24 tmt","14 tmt"
"25388","M1","C4620083","14","25","C4620083 M1","tmt",0.40645634899641,"25 tmt","14 tmt"
"25389","M1","C4620083","14","26","C4620083 M1","tmt",0.405546401263525,"26 tmt","14 tmt"
"25390","M1","C4620083","14","27","C4620083 M1","tmt",0.405302176509335,"27 tmt","14 tmt"
"25391","M1","C4620083","14","28","C4620083 M1","tmt",0.405055169685402,"28 tmt","14 tmt"
"25392","M1","C4620083","14","29","C4620083 M1","tmt",0.405049211552034,"29 tmt","14 tmt"
"25393","M1","C4620083","14","30","C4620083 M1","tmt",0.405040974099622,"30 tmt","14 tmt"
"25394","M1","C4620083","14","31","C4620083 M1","tmt",0.404515770264018,"31 tmt","14 tmt"
"25395","M1","C4620083","14","32","C4620083 M1","tmt",0.40233361709198,"32 tmt","14 tmt"
"25396","M1","C4620083","14","33","C4620083 M1","tmt",0.401143510237793,"33 tmt","14 tmt"
"25397","M1","C4620083","14","34","C4620083 M1","tmt",0.401076336197328,"34 tmt","14 tmt"
"25398","M1","C4620083","14","35","C4620083 M1","tmt",0.400516766874345,"35 tmt","14 tmt"
"25399","M1","C4620083","14","36","C4620083 M1","tmt",0.400513720014268,"36 tmt","14 tmt"
"25400","M1","C4620083","14","37","C4620083 M1","tmt",0.400375230419416,"37 tmt","14 tmt"
"25401","M1","C4620083","14","38","C4620083 M1","tmt",0.39851517704035,"38 tmt","14 tmt"
"25402","M1","C4620083","14","39","C4620083 M1","tmt",0.39835379328891,"39 tmt","14 tmt"
"25403","M1","C4620083","14","40","C4620083 M1","tmt",0.397998536878637,"40 tmt","14 tmt"
"25404","M1","C4620083","14","41","C4620083 M1","tmt",0.397329690669381,"41 tmt","14 tmt"
"25405","M1","C4620083","14","42","C4620083 M1","tmt",0.397089082917229,"42 tmt","14 tmt"
"25406","M1","C4620083","14","43","C4620083 M1","tmt",0.396863228967237,"43 tmt","14 tmt"
"25407","M1","C4620083","14","44","C4620083 M1","tmt",0.39679212178022,"44 tmt","14 tmt"
"25408","M1","C4620083","14","45","C4620083 M1","tmt",0.396744301029462,"45 tmt","14 tmt"
"25409","M1","C4620083","14","46","C4620083 M1","tmt",0.396453836811987,"46 tmt","14 tmt"
"25410","M1","C4620083","14","47","C4620083 M1","tmt",0.395876801310128,"47 tmt","14 tmt"
"25411","M1","C4620083","14","48","C4620083 M1","tmt",0.395006588352344,"48 tmt","14 tmt"
"25412","M1","C4620083","14","49","C4620083 M1","tmt",0.394498783848956,"49 tmt","14 tmt"
"25413","M1","C4620083","14","50","C4620083 M1","tmt",0.394441616862869,"50 tmt","14 tmt"
"25414","M1","C4620083","14","51","C4620083 M1","tmt",0.39329252450061,"51 tmt","14 tmt"
"25415","M1","C4620083","14","52","C4620083 M1","tmt",0.39299535470212,"52 tmt","14 tmt"
"25416","M1","C4620083","14","53","C4620083 M1","tmt",0.392724268675329,"53 tmt","14 tmt"
"25417","M1","C4620083","14","54","C4620083 M1","tmt",0.391964364774622,"54 tmt","14 tmt"
"25418","M1","C4620083","14","55","C4620083 M1","tmt",0.391917392920472,"55 tmt","14 tmt"
"25419","M1","C4620083","14","56","C4620083 M1","tmt",0.39127992109105,"56 tmt","14 tmt"
"25420","M1","C4620083","14","57","C4620083 M1","tmt",0.39056731698637,"57 tmt","14 tmt"
"25421","M1","C4620083","14","58","C4620083 M1","tmt",0.3903213793868,"58 tmt","14 tmt"
"25422","M1","C4620083","14","59","C4620083 M1","tmt",0.390283625770023,"59 tmt","14 tmt"
"25423","M1","C4620083","14","60","C4620083 M1","tmt",0.389558096036506,"60 tmt","14 tmt"
"25424","M1","C4620083","14","61","C4620083 M1","tmt",0.389487118926517,"61 tmt","14 tmt"
"25425","M1","C4620083","14","62","C4620083 M1","tmt",0.389143097338478,"62 tmt","14 tmt"
"25426","M1","C4620083","14","63","C4620083 M1","tmt",0.389007145435337,"63 tmt","14 tmt"
"25427","M1","C4620083","14","64","C4620083 M1","tmt",0.387742063257033,"64 tmt","14 tmt"
"25428","M1","C4620083","14","65","C4620083 M1","tmt",0.387596301787983,"65 tmt","14 tmt"
"25429","M1","C4620083","14","66","C4620083 M1","tmt",0.387578917150203,"66 tmt","14 tmt"
"25430","M1","C4620083","14","67","C4620083 M1","tmt",0.386788654979575,"67 tmt","14 tmt"
"25431","M1","C4620083","14","68","C4620083 M1","tmt",0.385800133600716,"68 tmt","14 tmt"
"25432","M1","C4620083","14","69","C4620083 M1","tmt",0.385614943464876,"69 tmt","14 tmt"
"25433","M1","C4620083","14","70","C4620083 M1","tmt",0.385399044865937,"70 tmt","14 tmt"
"25434","M1","C4620083","14","71","C4620083 M1","tmt",0.384712033381757,"71 tmt","14 tmt"
"25435","M1","C4620083","14","72","C4620083 M1","tmt",0.383885976960739,"72 tmt","14 tmt"
"25436","M1","C4620083","14","73","C4620083 M1","tmt",0.383416099096407,"73 tmt","14 tmt"
"25437","M1","C4620083","14","74","C4620083 M1","tmt",0.383207496946489,"74 tmt","14 tmt"
"25438","M1","C4620083","14","75","C4620083 M1","tmt",0.382222790127834,"75 tmt","14 tmt"
"25439","M1","C4620083","14","76","C4620083 M1","tmt",0.381820942880406,"76 tmt","14 tmt"
"25440","M1","C4620083","14","77","C4620083 M1","tmt",0.381638647542816,"77 tmt","14 tmt"
"25441","M1","C4620083","14","78","C4620083 M1","tmt",0.38068458567994,"78 tmt","14 tmt"
"25442","M1","C4620083","14","79","C4620083 M1","tmt",0.380534966328587,"79 tmt","14 tmt"
"25443","M1","C4620083","14","80","C4620083 M1","tmt",0.380524721561549,"80 tmt","14 tmt"
"25444","M1","C4620083","14","81","C4620083 M1","tmt",0.380377710841264,"81 tmt","14 tmt"
"25445","M1","C4620083","14","82","C4620083 M1","tmt",0.379994120269082,"82 tmt","14 tmt"
"25446","M1","C4620083","14","83","C4620083 M1","tmt",0.379970431765748,"83 tmt","14 tmt"
"25447","M1","C4620083","14","84","C4620083 M1","tmt",0.379575485100123,"84 tmt","14 tmt"
"25448","M1","C4620083","14","85","C4620083 M1","tmt",0.37928643687516,"85 tmt","14 tmt"
"25449","M1","C4620083","14","86","C4620083 M1","tmt",0.378688211331622,"86 tmt","14 tmt"
"25450","M1","C4620083","14","87","C4620083 M1","tmt",0.378664425527607,"87 tmt","14 tmt"
"25451","M1","C4620083","14","88","C4620083 M1","tmt",0.377801502179941,"88 tmt","14 tmt"
"25452","M1","C4620083","14","89","C4620083 M1","tmt",0.377698340492754,"89 tmt","14 tmt"
"25453","M1","C4620083","14","90","C4620083 M1","tmt",0.376952662814362,"90 tmt","14 tmt"
"25454","M1","C4620083","14","91","C4620083 M1","tmt",0.376785638180819,"91 tmt","14 tmt"
"25455","M1","C4620083","14","92","C4620083 M1","tmt",0.376452687218267,"92 tmt","14 tmt"
"25456","M1","C4620083","14","93","C4620083 M1","tmt",0.376433565310539,"93 tmt","14 tmt"
"25457","M1","C4620083","14","94","C4620083 M1","tmt",0.376422870836888,"94 tmt","14 tmt"
"25458","M1","C4620083","14","95","C4620083 M1","tmt",0.375962939626553,"95 tmt","14 tmt"
"25459","M1","C4620083","14","96","C4620083 M1","tmt",0.375958802373029,"96 tmt","14 tmt"
"25460","M1","C4620083","14","97","C4620083 M1","tmt",0.375922849962304,"97 tmt","14 tmt"
"25461","M1","C4620083","14","98","C4620083 M1","tmt",0.375839433609987,"98 tmt","14 tmt"
"25462","M1","C4620083","14","99","C4620083 M1","tmt",0.375561830422965,"99 tmt","14 tmt"
"25463","M1","C4620083","14","100","C4620083 M1","tmt",0.375034141886618,"100 tmt","14 tmt"
"25464","M1","C4620083","14","101","C4620083 M1","tmt",0.374593025445561,"101 tmt","14 tmt"
"25465","M1","C4620083","14","102","C4620083 M1","tmt",0.374219040300215,"102 tmt","14 tmt"
"25466","M1","C4620083","14","103","C4620083 M1","tmt",0.373699013420057,"103 tmt","14 tmt"
"25467","M1","C4620083","14","104","C4620083 M1","tmt",0.373478538202521,"104 tmt","14 tmt"
"25468","M1","C4620083","14","105","C4620083 M1","tmt",0.373332661462928,"105 tmt","14 tmt"
"25469","M1","C4620083","14","106","C4620083 M1","tmt",0.373329149148995,"106 tmt","14 tmt"
"25470","M1","C4620083","14","107","C4620083 M1","tmt",0.373309281919135,"107 tmt","14 tmt"
"25471","M1","C4620083","14","108","C4620083 M1","tmt",0.372620932381321,"108 tmt","14 tmt"
"25472","M1","C4620083","14","109","C4620083 M1","tmt",0.372500811456649,"109 tmt","14 tmt"
"25473","M1","C4620083","14","110","C4620083 M1","tmt",0.372415824435649,"110 tmt","14 tmt"
"25474","M1","C4620083","14","111","C4620083 M1","tmt",0.372346425869399,"111 tmt","14 tmt"
"25475","M1","C4620083","14","112","C4620083 M1","tmt",0.372302867374177,"112 tmt","14 tmt"
"25476","M1","C4620083","14","113","C4620083 M1","tmt",0.371998890928943,"113 tmt","14 tmt"
"25477","M1","C4620083","14","114","C4620083 M1","tmt",0.371475154161155,"114 tmt","14 tmt"
"25478","M1","C4620083","14","115","C4620083 M1","tmt",0.371271316800792,"115 tmt","14 tmt"
"25479","M1","C4620083","14","116","C4620083 M1","tmt",0.371256802823964,"116 tmt","14 tmt"
"25480","M1","C4620083","14","117","C4620083 M1","tmt",0.371236864846762,"117 tmt","14 tmt"
"25481","M1","C4620083","14","118","C4620083 M1","tmt",0.371032101232362,"118 tmt","14 tmt"
"25482","M1","C4620083","14","119","C4620083 M1","tmt",0.37096682346898,"119 tmt","14 tmt"
"25483","M1","C4620083","14","120","C4620083 M1","tmt",0.370419513186958,"120 tmt","14 tmt"
"25484","M1","C4620083","14","121","C4620083 M1","tmt",0.369803813126086,"121 tmt","14 tmt"
"25485","M1","C4620083","14","122","C4620083 M1","tmt",0.3691362765105,"122 tmt","14 tmt"
"25486","M1","C4620083","14","123","C4620083 M1","tmt",0.369093802690404,"123 tmt","14 tmt"
"25487","M1","C4620083","14","124","C4620083 M1","tmt",0.369022807213445,"124 tmt","14 tmt"
"25488","M1","C4620083","14","125","C4620083 M1","tmt",0.368934438911689,"125 tmt","14 tmt"
"25489","M1","C4620083","14","126","C4620083 M1","tmt",0.368679695065112,"126 tmt","14 tmt"
"25490","M1","C4620083","14","127","C4620083 M1","tmt",0.367819006571783,"127 tmt","14 tmt"
"25491","M1","C4620083","14","128","C4620083 M1","tmt",0.367814634164611,"128 tmt","14 tmt"
"25492","M1","C4620083","14","129","C4620083 M1","tmt",0.367363719989837,"129 tmt","14 tmt"
"25493","M1","C4620083","14","130","C4620083 M1","tmt",0.367306516523805,"130 tmt","14 tmt"
"25494","M1","C4620083","14","131","C4620083 M1","tmt",0.367125220441232,"131 tmt","14 tmt"
"25495","M1","C4620083","14","132","C4620083 M1","tmt",0.367004585288442,"132 tmt","14 tmt"
"25496","M1","C4620083","14","133","C4620083 M1","tmt",0.366898435841234,"133 tmt","14 tmt"
"25497","M1","C4620083","14","134","C4620083 M1","tmt",0.366832981681556,"134 tmt","14 tmt"
"25498","M1","C4620083","14","135","C4620083 M1","tmt",0.366366502647665,"135 tmt","14 tmt"
"25499","M1","C4620083","14","136","C4620083 M1","tmt",0.365041518122362,"136 tmt","14 tmt"
"25500","M1","C4620083","14","137","C4620083 M1","tmt",0.365013320389984,"137 tmt","14 tmt"
"25501","M1","C4620083","14","138","C4620083 M1","tmt",0.364409440074672,"138 tmt","14 tmt"
"25502","M1","C4620083","14","139","C4620083 M1","tmt",0.363975907064264,"139 tmt","14 tmt"
"25503","M1","C4620083","14","140","C4620083 M1","tmt",0.363783519236209,"140 tmt","14 tmt"
"25504","M1","C4620083","14","141","C4620083 M1","tmt",0.363638355676673,"141 tmt","14 tmt"
"25505","M1","C4620083","14","142","C4620083 M1","tmt",0.363549855637163,"142 tmt","14 tmt"
"25506","M1","C4620083","14","143","C4620083 M1","tmt",0.363379898766348,"143 tmt","14 tmt"
"25507","M1","C4620083","14","144","C4620083 M1","tmt",0.3633332346749,"144 tmt","14 tmt"
"25508","M1","C4620083","14","145","C4620083 M1","tmt",0.362857128447176,"145 tmt","14 tmt"
"25509","M1","C4620083","14","146","C4620083 M1","tmt",0.362726226056998,"146 tmt","14 tmt"
"25510","M1","C4620083","14","147","C4620083 M1","tmt",0.362236991420149,"147 tmt","14 tmt"
"25511","M1","C4620083","14","148","C4620083 M1","tmt",0.362214084909416,"148 tmt","14 tmt"
"25512","M1","C4620083","14","149","C4620083 M1","tmt",0.361898375231332,"149 tmt","14 tmt"
"25513","M1","C4620083","14","150","C4620083 M1","tmt",0.361648140553349,"150 tmt","14 tmt"
"25514","M1","C4620083","14","151","C4620083 M1","tmt",0.360560954701889,"151 tmt","14 tmt"
"25515","M1","C4620083","14","152","C4620083 M1","tmt",0.359988208649329,"152 tmt","14 tmt"
"25516","M1","C4620083","14","153","C4620083 M1","tmt",0.359942302680225,"153 tmt","14 tmt"
"25517","M1","C4620083","14","154","C4620083 M1","tmt",0.359900138358945,"154 tmt","14 tmt"
"25518","M1","C4620083","14","155","C4620083 M1","tmt",0.359830148053826,"155 tmt","14 tmt"
"25519","M1","C4620083","14","156","C4620083 M1","tmt",0.359654296450666,"156 tmt","14 tmt"
"25520","M1","C4620083","14","157","C4620083 M1","tmt",0.359424658650181,"157 tmt","14 tmt"
"25521","M1","C4620083","14","158","C4620083 M1","tmt",0.359295272133399,"158 tmt","14 tmt"
"25522","M1","C4620083","14","159","C4620083 M1","tmt",0.359023128431802,"159 tmt","14 tmt"
"25523","M1","C4620083","14","160","C4620083 M1","tmt",0.3590179604726,"160 tmt","14 tmt"
"25524","M1","C4620083","14","161","C4620083 M1","tmt",0.358553083304524,"161 tmt","14 tmt"
"25525","M1","C4620083","14","162","C4620083 M1","tmt",0.358391961741213,"162 tmt","14 tmt"
"25526","M1","C4620083","14","163","C4620083 M1","tmt",0.358210667414994,"163 tmt","14 tmt"
"25527","M1","C4620083","14","164","C4620083 M1","tmt",0.358098651849822,"164 tmt","14 tmt"
"25528","M1","C4620083","14","165","C4620083 M1","tmt",0.357863452302917,"165 tmt","14 tmt"
"25529","M1","C4620083","14","166","C4620083 M1","tmt",0.356951824059598,"166 tmt","14 tmt"
"25530","M1","C4620083","14","167","C4620083 M1","tmt",0.356753933900047,"167 tmt","14 tmt"
"25531","M1","C4620083","14","168","C4620083 M1","tmt",0.356470525942612,"168 tmt","14 tmt"
"25532","M1","C4620083","14","169","C4620083 M1","tmt",0.356337273794505,"169 tmt","14 tmt"
"25533","M1","C4620083","14","170","C4620083 M1","tmt",0.355545553083207,"170 tmt","14 tmt"
"25534","M1","C4620083","14","171","C4620083 M1","tmt",0.355402042951022,"171 tmt","14 tmt"
"25535","M1","C4620083","14","172","C4620083 M1","tmt",0.355182229305873,"172 tmt","14 tmt"
"25536","M1","C4620083","14","173","C4620083 M1","tmt",0.354966002233054,"173 tmt","14 tmt"
"25537","M1","C4620083","14","174","C4620083 M1","tmt",0.354838433385608,"174 tmt","14 tmt"
"25538","M1","C4620083","14","175","C4620083 M1","tmt",0.354107140804065,"175 tmt","14 tmt"
"25539","M1","C4620083","14","176","C4620083 M1","tmt",0.354042712961064,"176 tmt","14 tmt"
"25540","M1","C4620083","14","177","C4620083 M1","tmt",0.353725033124421,"177 tmt","14 tmt"
"25541","M1","C4620083","14","178","C4620083 M1","tmt",0.35350157158103,"178 tmt","14 tmt"
"25542","M1","C4620083","14","179","C4620083 M1","tmt",0.35331713644531,"179 tmt","14 tmt"
"25543","M1","C4620083","14","180","C4620083 M1","tmt",0.353310452398465,"180 tmt","14 tmt"
"25544","M1","C4620083","14","181","C4620083 M1","tmt",0.352822026024179,"181 tmt","14 tmt"
"25545","M1","C4620083","14","182","C4620083 M1","tmt",0.352765496792143,"182 tmt","14 tmt"
"25546","M1","C4620083","14","183","C4620083 M1","tmt",0.352648568147123,"183 tmt","14 tmt"
"25547","M1","C4620083","14","184","C4620083 M1","tmt",0.352499096821321,"184 tmt","14 tmt"
"25548","M1","C4620083","14","185","C4620083 M1","tmt",0.352451482089692,"185 tmt","14 tmt"
"25549","M1","C4620083","14","186","C4620083 M1","tmt",0.352432035854433,"186 tmt","14 tmt"
"25550","M1","C4620083","14","187","C4620083 M1","tmt",0.352267234100955,"187 tmt","14 tmt"
"25551","M1","C4620083","14","188","C4620083 M1","tmt",0.351830390502489,"188 tmt","14 tmt"
"25552","M1","C4620083","14","189","C4620083 M1","tmt",0.351784316203185,"189 tmt","14 tmt"
"25553","M1","C4620083","14","190","C4620083 M1","tmt",0.351693795941583,"190 tmt","14 tmt"
"25554","M1","C4620083","14","191","C4620083 M1","tmt",0.351551089697413,"191 tmt","14 tmt"
"25555","M1","C4620083","14","192","C4620083 M1","tmt",0.35104057075123,"192 tmt","14 tmt"
"25556","M1","C4620083","14","193","C4620083 M1","tmt",0.350949922377507,"193 tmt","14 tmt"
"25557","M1","C4620083","14","194","C4620083 M1","tmt",0.35080118705027,"194 tmt","14 tmt"
"25558","M1","C4620083","14","195","C4620083 M1","tmt",0.350498376402536,"195 tmt","14 tmt"
"25559","M1","C4620083","14","196","C4620083 M1","tmt",0.350394693025236,"196 tmt","14 tmt"
"25560","M1","C4620083","14","197","C4620083 M1","tmt",0.35030093033489,"197 tmt","14 tmt"
"25561","M1","C4620083","14","198","C4620083 M1","tmt",0.350241413159443,"198 tmt","14 tmt"
"25562","M1","C4620083","14","199","C4620083 M1","tmt",0.350192083382957,"199 tmt","14 tmt"
"25563","M1","C4620083","14","200","C4620083 M1","tmt",0.348783526523262,"200 tmt","14 tmt"
"25564","M1","C4620083","14","201","C4620083 M1","tmt",0.348471544215919,"201 tmt","14 tmt"
"25565","M1","C4620083","14","202","C4620083 M1","tmt",0.34807063356404,"202 tmt","14 tmt"
"25566","M1","C4620083","14","203","C4620083 M1","tmt",0.347686191951343,"203 tmt","14 tmt"
"25567","M1","C4620083","14","204","C4620083 M1","tmt",0.347099318552339,"204 tmt","14 tmt"
"25568","M1","C4620083","14","205","C4620083 M1","tmt",0.346978719167423,"205 tmt","14 tmt"
"25569","M1","C4620083","14","206","C4620083 M1","tmt",0.346511216974744,"206 tmt","14 tmt"
"25570","M1","C4620083","14","207","C4620083 M1","tmt",0.346418045061743,"207 tmt","14 tmt"
"25571","M1","C4620083","14","208","C4620083 M1","tmt",0.346395893512271,"208 tmt","14 tmt"
"25572","M1","C4620083","14","209","C4620083 M1","tmt",0.346308860204644,"209 tmt","14 tmt"
"25573","M1","C4620083","14","210","C4620083 M1","tmt",0.346211601591254,"210 tmt","14 tmt"
"25574","M1","C4620083","14","211","C4620083 M1","tmt",0.346125919595562,"211 tmt","14 tmt"
"25575","M1","C4620083","14","212","C4620083 M1","tmt",0.345942450966976,"212 tmt","14 tmt"
"25576","M1","C4620083","14","213","C4620083 M1","tmt",0.345387989930313,"213 tmt","14 tmt"
"25577","M1","C4620083","14","214","C4620083 M1","tmt",0.345061564891972,"214 tmt","14 tmt"
"25578","M1","C4620083","14","215","C4620083 M1","tmt",0.344975140475441,"215 tmt","14 tmt"
"25579","M1","C4620083","14","216","C4620083 M1","tmt",0.344689216076113,"216 tmt","14 tmt"
"25580","M1","C4620083","14","217","C4620083 M1","tmt",0.344685012632223,"217 tmt","14 tmt"
"25581","M1","C4620083","14","218","C4620083 M1","tmt",0.344512166238009,"218 tmt","14 tmt"
"25582","M1","C4620083","14","219","C4620083 M1","tmt",0.344024611784332,"219 tmt","14 tmt"
"25583","M1","C4620083","14","220","C4620083 M1","tmt",0.343989198943562,"220 tmt","14 tmt"
"25584","M1","C4620083","14","221","C4620083 M1","tmt",0.343849979263734,"221 tmt","14 tmt"
"25585","M1","C4620083","14","222","C4620083 M1","tmt",0.34356562028648,"222 tmt","14 tmt"
"25586","M1","C4620083","14","223","C4620083 M1","tmt",0.343280219837589,"223 tmt","14 tmt"
"25587","M1","C4620083","14","224","C4620083 M1","tmt",0.342908572424611,"224 tmt","14 tmt"
"25588","M1","C4620083","14","225","C4620083 M1","tmt",0.342471642852828,"225 tmt","14 tmt"
"25589","M1","C4620083","14","226","C4620083 M1","tmt",0.342285497768495,"226 tmt","14 tmt"
"25590","M1","C4620083","14","227","C4620083 M1","tmt",0.342233830938548,"227 tmt","14 tmt"
"25591","M1","C4620083","14","228","C4620083 M1","tmt",0.341931825169234,"228 tmt","14 tmt"
"25592","M1","C4620083","14","229","C4620083 M1","tmt",0.341663495042772,"229 tmt","14 tmt"
"25593","M1","C4620083","14","230","C4620083 M1","tmt",0.341515868485885,"230 tmt","14 tmt"
"25594","M1","C4620083","14","231","C4620083 M1","tmt",0.341415847078529,"231 tmt","14 tmt"
"25595","M1","C4620083","14","232","C4620083 M1","tmt",0.341210282312152,"232 tmt","14 tmt"
"25596","M1","C4620083","14","233","C4620083 M1","tmt",0.340970689052409,"233 tmt","14 tmt"
"25597","M1","C4620083","14","234","C4620083 M1","tmt",0.340932697687283,"234 tmt","14 tmt"
"25598","M1","C4620083","14","235","C4620083 M1","tmt",0.340789665774532,"235 tmt","14 tmt"
"25599","M1","C4620083","14","236","C4620083 M1","tmt",0.340659073595923,"236 tmt","14 tmt"
"25600","M1","C4620083","14","237","C4620083 M1","tmt",0.340612614057129,"237 tmt","14 tmt"
"25601","M1","C4620083","14","238","C4620083 M1","tmt",0.339855186344459,"238 tmt","14 tmt"
"25602","M1","C4620083","14","239","C4620083 M1","tmt",0.339687284322768,"239 tmt","14 tmt"
"25603","M1","C4620083","14","240","C4620083 M1","tmt",0.339508553644731,"240 tmt","14 tmt"
"25604","M1","C4620083","14","241","C4620083 M1","tmt",0.339492466311632,"241 tmt","14 tmt"
"25605","M1","C4620083","14","242","C4620083 M1","tmt",0.339101112346366,"242 tmt","14 tmt"
"25606","M1","C4620083","14","243","C4620083 M1","tmt",0.338826867381426,"243 tmt","14 tmt"
"25607","M1","C4620083","14","244","C4620083 M1","tmt",0.338732512407937,"244 tmt","14 tmt"
"25608","M1","C4620083","14","245","C4620083 M1","tmt",0.338357243461778,"245 tmt","14 tmt"
"25609","M1","C4620083","14","246","C4620083 M1","tmt",0.337964896093688,"246 tmt","14 tmt"
"25610","M1","C4620083","14","247","C4620083 M1","tmt",0.337950032870447,"247 tmt","14 tmt"
"25611","M1","C4620083","14","248","C4620083 M1","tmt",0.337826264472229,"248 tmt","14 tmt"
"25612","M1","C4620083","14","249","C4620083 M1","tmt",0.337658199513958,"249 tmt","14 tmt"
"25613","M1","C4620083","14","250","C4620083 M1","tmt",0.337291281693296,"250 tmt","14 tmt"
"25614","M1","C4620083","14","251","C4620083 M1","tmt",0.337252393092379,"251 tmt","14 tmt"
"25615","M1","C4620083","14","252","C4620083 M1","tmt",0.336988522514975,"252 tmt","14 tmt"
"25616","M1","C4620083","14","253","C4620083 M1","tmt",0.336948372704099,"253 tmt","14 tmt"
"25617","M1","C4620083","14","254","C4620083 M1","tmt",0.336725637785875,"254 tmt","14 tmt"
"25618","M1","C4620083","14","255","C4620083 M1","tmt",0.336655957531609,"255 tmt","14 tmt"
"25619","M1","C4620083","14","256","C4620083 M1","tmt",0.336514028761505,"256 tmt","14 tmt"
"25620","M1","C4620083","14","257","C4620083 M1","tmt",0.336269814200314,"257 tmt","14 tmt"
"25621","M1","C4620083","14","258","C4620083 M1","tmt",0.335916190308126,"258 tmt","14 tmt"
"25622","M1","C4620083","14","259","C4620083 M1","tmt",0.33517527422921,"259 tmt","14 tmt"
"25623","M1","C4620083","14","260","C4620083 M1","tmt",0.334943045183961,"260 tmt","14 tmt"
"25624","M1","C4620083","14","261","C4620083 M1","tmt",0.334664344470622,"261 tmt","14 tmt"
"25625","M1","C4620083","14","262","C4620083 M1","tmt",0.334657391590928,"262 tmt","14 tmt"
"25626","M1","C4620083","14","263","C4620083 M1","tmt",0.334017345468379,"263 tmt","14 tmt"
"25627","M1","C4620083","14","264","C4620083 M1","tmt",0.333869214249972,"264 tmt","14 tmt"
"25628","M1","C4620083","14","265","C4620083 M1","tmt",0.333811824060851,"265 tmt","14 tmt"
"25629","M1","C4620083","14","266","C4620083 M1","tmt",0.333695344179136,"266 tmt","14 tmt"
"25630","M1","C4620083","14","267","C4620083 M1","tmt",0.333471570903781,"267 tmt","14 tmt"
"25631","M1","C4620083","14","268","C4620083 M1","tmt",0.332813036849614,"268 tmt","14 tmt"
"25632","M1","C4620083","14","269","C4620083 M1","tmt",0.332484420471884,"269 tmt","14 tmt"
"25633","M1","C4620083","14","270","C4620083 M1","tmt",0.332442203974467,"270 tmt","14 tmt"
"25634","M1","C4620083","14","271","C4620083 M1","tmt",0.332057707943801,"271 tmt","14 tmt"
"25635","M1","C4620083","14","272","C4620083 M1","tmt",0.331822357815996,"272 tmt","14 tmt"
"25636","M1","C4620083","14","273","C4620083 M1","tmt",0.331766834750588,"273 tmt","14 tmt"
"25637","M1","C4620083","14","274","C4620083 M1","tmt",0.331681796680366,"274 tmt","14 tmt"
"25638","M1","C4620083","14","275","C4620083 M1","tmt",0.331359080181377,"275 tmt","14 tmt"
"25639","M1","C4620083","14","276","C4620083 M1","tmt",0.331292039293854,"276 tmt","14 tmt"
"25640","M1","C4620083","14","277","C4620083 M1","tmt",0.330984055677953,"277 tmt","14 tmt"
"25641","M1","C4620083","14","278","C4620083 M1","tmt",0.330960799945115,"278 tmt","14 tmt"
"25642","M1","C4620083","14","279","C4620083 M1","tmt",0.330550455965745,"279 tmt","14 tmt"
"25643","M1","C4620083","14","280","C4620083 M1","tmt",0.329796537611282,"280 tmt","14 tmt"
"25644","M1","C4620083","14","281","C4620083 M1","tmt",0.329023746855697,"281 tmt","14 tmt"
"25645","M1","C4620083","14","282","C4620083 M1","tmt",0.32885709192664,"282 tmt","14 tmt"
"25646","M1","C4620083","14","283","C4620083 M1","tmt",0.328702847227547,"283 tmt","14 tmt"
"25647","M1","C4620083","14","284","C4620083 M1","tmt",0.328153395661756,"284 tmt","14 tmt"
"25648","M1","C4620083","14","285","C4620083 M1","tmt",0.327926673414699,"285 tmt","14 tmt"
"25649","M1","C4620083","14","286","C4620083 M1","tmt",0.327787646226663,"286 tmt","14 tmt"
"25650","M1","C4620083","14","287","C4620083 M1","tmt",0.325449273092003,"287 tmt","14 tmt"
"25651","M1","C4620083","14","288","C4620083 M1","tmt",0.325235006869098,"288 tmt","14 tmt"
"25652","M1","C4620083","14","289","C4620083 M1","tmt",0.325153534803792,"289 tmt","14 tmt"
"25653","M1","C4620083","14","290","C4620083 M1","tmt",0.324997762643142,"290 tmt","14 tmt"
"25654","M1","C4620083","14","291","C4620083 M1","tmt",0.324850713038258,"291 tmt","14 tmt"
"25655","M1","C4620083","14","292","C4620083 M1","tmt",0.324512407891616,"292 tmt","14 tmt"
"25656","M1","C4620083","14","293","C4620083 M1","tmt",0.324125547387109,"293 tmt","14 tmt"
"25657","M1","C4620083","14","294","C4620083 M1","tmt",0.323920775318157,"294 tmt","14 tmt"
"25658","M1","C4620083","14","295","C4620083 M1","tmt",0.323738883951897,"295 tmt","14 tmt"
"25659","M1","C4620083","14","296","C4620083 M1","tmt",0.323108549603542,"296 tmt","14 tmt"
"25660","M1","C4620083","14","297","C4620083 M1","tmt",0.322234027010719,"297 tmt","14 tmt"
"25661","M1","C4620083","14","298","C4620083 M1","tmt",0.322061480860432,"298 tmt","14 tmt"
"25662","M1","C4620083","14","299","C4620083 M1","tmt",0.321039577782123,"299 tmt","14 tmt"
"25663","M1","C4620083","14","300","C4620083 M1","tmt",0.320978203001971,"300 tmt","14 tmt"
"25664","M1","C4620083","14","301","C4620083 M1","tmt",0.320882120910875,"301 tmt","14 tmt"
"25665","M1","C4620083","14","302","C4620083 M1","tmt",0.32065602384746,"302 tmt","14 tmt"
"25666","M1","C4620083","14","303","C4620083 M1","tmt",0.320430475202905,"303 tmt","14 tmt"
"25667","M1","C4620083","14","304","C4620083 M1","tmt",0.320394894945397,"304 tmt","14 tmt"
"25668","M1","C4620083","14","305","C4620083 M1","tmt",0.320293776117085,"305 tmt","14 tmt"
"25669","M1","C4620083","14","306","C4620083 M1","tmt",0.320096666420994,"306 tmt","14 tmt"
"25670","M1","C4620083","14","307","C4620083 M1","tmt",0.320040512052287,"307 tmt","14 tmt"
"25671","M1","C4620083","14","308","C4620083 M1","tmt",0.320026799336606,"308 tmt","14 tmt"
"25672","M1","C4620083","14","309","C4620083 M1","tmt",0.319912951642805,"309 tmt","14 tmt"
"25673","M1","C4620083","14","310","C4620083 M1","tmt",0.319685084470392,"310 tmt","14 tmt"
"25674","M1","C4620083","14","311","C4620083 M1","tmt",0.319638843023207,"311 tmt","14 tmt"
"25675","M1","C4620083","14","312","C4620083 M1","tmt",0.319566200840459,"312 tmt","14 tmt"
"25676","M1","C4620083","14","313","C4620083 M1","tmt",0.31950319593222,"313 tmt","14 tmt"
"25677","M1","C4620083","14","314","C4620083 M1","tmt",0.319043575492604,"314 tmt","14 tmt"
"25678","M1","C4620083","14","315","C4620083 M1","tmt",0.318957586801712,"315 tmt","14 tmt"
"25679","M1","C4620083","14","316","C4620083 M1","tmt",0.318341839594697,"316 tmt","14 tmt"
"25680","M1","C4620083","14","317","C4620083 M1","tmt",0.318255963541518,"317 tmt","14 tmt"
"25681","M1","C4620083","14","318","C4620083 M1","tmt",0.318187890615987,"318 tmt","14 tmt"
"25682","M1","C4620083","14","319","C4620083 M1","tmt",0.318148353077566,"319 tmt","14 tmt"
"25683","M1","C4620083","14","320","C4620083 M1","tmt",0.318026677837676,"320 tmt","14 tmt"
"25684","M1","C4620083","14","321","C4620083 M1","tmt",0.317802384935337,"321 tmt","14 tmt"
"25685","M1","C4620083","14","322","C4620083 M1","tmt",0.317740335019173,"322 tmt","14 tmt"
"25686","M1","C4620083","14","323","C4620083 M1","tmt",0.317690242240475,"323 tmt","14 tmt"
"25687","M1","C4620083","14","324","C4620083 M1","tmt",0.317476446410065,"324 tmt","14 tmt"
"25688","M1","C4620083","14","325","C4620083 M1","tmt",0.317461610492541,"325 tmt","14 tmt"
"25689","M1","C4620083","14","326","C4620083 M1","tmt",0.31736484415656,"326 tmt","14 tmt"
"25690","M1","C4620083","14","327","C4620083 M1","tmt",0.317105151900373,"327 tmt","14 tmt"
"25691","M1","C4620083","14","328","C4620083 M1","tmt",0.317029508828944,"328 tmt","14 tmt"
"25692","M1","C4620083","14","329","C4620083 M1","tmt",0.316991367453399,"329 tmt","14 tmt"
"25693","M1","C4620083","14","330","C4620083 M1","tmt",0.316810399227806,"330 tmt","14 tmt"
"25694","M1","C4620083","14","331","C4620083 M1","tmt",0.316786794926614,"331 tmt","14 tmt"
"25695","M1","C4620083","14","332","C4620083 M1","tmt",0.316774499798673,"332 tmt","14 tmt"
"25696","M1","C4620083","14","333","C4620083 M1","tmt",0.316732305119005,"333 tmt","14 tmt"
"25697","M1","C4620083","14","334","C4620083 M1","tmt",0.31617877901385,"334 tmt","14 tmt"
"25698","M1","C4620083","14","335","C4620083 M1","tmt",0.316097944257594,"335 tmt","14 tmt"
"25699","M1","C4620083","14","336","C4620083 M1","tmt",0.315353416305836,"336 tmt","14 tmt"
"25700","M1","C4620083","14","337","C4620083 M1","tmt",0.315031236963361,"337 tmt","14 tmt"
"25701","M1","C4620083","14","338","C4620083 M1","tmt",0.315016022243638,"338 tmt","14 tmt"
"25702","M1","C4620083","14","339","C4620083 M1","tmt",0.314921925083922,"339 tmt","14 tmt"
"25703","M1","C4620083","14","340","C4620083 M1","tmt",0.314898366212681,"340 tmt","14 tmt"
"25704","M1","C4620083","14","341","C4620083 M1","tmt",0.314229399016286,"341 tmt","14 tmt"
"25705","M1","C4620083","14","342","C4620083 M1","tmt",0.313052730764806,"342 tmt","14 tmt"
"25706","M1","C4620083","14","343","C4620083 M1","tmt",0.313001100474001,"343 tmt","14 tmt"
"25707","M1","C4620083","14","344","C4620083 M1","tmt",0.312840616296737,"344 tmt","14 tmt"
"25708","M1","C4620083","14","345","C4620083 M1","tmt",0.312650929130099,"345 tmt","14 tmt"
"25709","M1","C4620083","14","346","C4620083 M1","tmt",0.311357363508208,"346 tmt","14 tmt"
"25710","M1","C4620083","14","347","C4620083 M1","tmt",0.31121531793449,"347 tmt","14 tmt"
"25711","M1","C4620083","14","348","C4620083 M1","tmt",0.311123735860878,"348 tmt","14 tmt"
"25712","M1","C4620083","14","349","C4620083 M1","tmt",0.311100045491018,"349 tmt","14 tmt"
"25713","M1","C4620083","14","350","C4620083 M1","tmt",0.310904552672649,"350 tmt","14 tmt"
"25714","M1","C4620083","14","351","C4620083 M1","tmt",0.310538124825824,"351 tmt","14 tmt"
"25715","M1","C4620083","14","352","C4620083 M1","tmt",0.310052104760125,"352 tmt","14 tmt"
"25716","M1","C4620083","14","353","C4620083 M1","tmt",0.309489646285431,"353 tmt","14 tmt"
"25717","M1","C4620083","14","354","C4620083 M1","tmt",0.309352559222113,"354 tmt","14 tmt"
"25718","M1","C4620083","14","355","C4620083 M1","tmt",0.309301814877499,"355 tmt","14 tmt"
"25719","M1","C4620083","14","356","C4620083 M1","tmt",0.309263803263889,"356 tmt","14 tmt"
"25720","M1","C4620083","14","357","C4620083 M1","tmt",0.309250065658008,"357 tmt","14 tmt"
"25721","M1","C4620083","14","358","C4620083 M1","tmt",0.30920492946428,"358 tmt","14 tmt"
"25722","M1","C4620083","14","359","C4620083 M1","tmt",0.308827580415368,"359 tmt","14 tmt"
"25723","M1","C4620083","14","360","C4620083 M1","tmt",0.308738374161885,"360 tmt","14 tmt"
"25724","M1","C4620083","14","361","C4620083 M1","tmt",0.30833475180686,"361 tmt","14 tmt"
"25725","M1","C4620083","14","362","C4620083 M1","tmt",0.307980101155925,"362 tmt","14 tmt"
"25726","M1","C4620083","14","363","C4620083 M1","tmt",0.307956451657557,"363 tmt","14 tmt"
"25727","M1","C4620083","14","364","C4620083 M1","tmt",0.307502912089907,"364 tmt","14 tmt"
"25728","M1","C4620083","14","365","C4620083 M1","tmt",0.307126982361449,"365 tmt","14 tmt"
"25729","M1","C4620083","14","366","C4620083 M1","tmt",0.306907887300516,"366 tmt","14 tmt"
"25730","M1","C4620083","14","367","C4620083 M1","tmt",0.30666312639847,"367 tmt","14 tmt"
"25731","M1","C4620083","14","368","C4620083 M1","tmt",0.306544778149408,"368 tmt","14 tmt"
"25732","M1","C4620083","14","369","C4620083 M1","tmt",0.306299250259101,"369 tmt","14 tmt"
"25733","M1","C4620083","14","370","C4620083 M1","tmt",0.306234000328644,"370 tmt","14 tmt"
"25734","M1","C4620083","14","371","C4620083 M1","tmt",0.306101080538986,"371 tmt","14 tmt"
"25735","M1","C4620083","14","372","C4620083 M1","tmt",0.305936672353751,"372 tmt","14 tmt"
"25736","M1","C4620083","14","373","C4620083 M1","tmt",0.305812461381178,"373 tmt","14 tmt"
"25737","M1","C4620083","14","374","C4620083 M1","tmt",0.305217543995572,"374 tmt","14 tmt"
"25738","M1","C4620083","14","375","C4620083 M1","tmt",0.304854608677859,"375 tmt","14 tmt"
"25739","M1","C4620083","14","376","C4620083 M1","tmt",0.304736394524456,"376 tmt","14 tmt"
"25740","M1","C4620083","14","377","C4620083 M1","tmt",0.304549244629543,"377 tmt","14 tmt"
"25741","M1","C4620083","14","378","C4620083 M1","tmt",0.304256635961117,"378 tmt","14 tmt"
"25742","M1","C4620083","14","379","C4620083 M1","tmt",0.304087015156227,"379 tmt","14 tmt"
"25743","M1","C4620083","14","380","C4620083 M1","tmt",0.303714575871448,"380 tmt","14 tmt"
"25744","M1","C4620083","14","381","C4620083 M1","tmt",0.303628182833733,"381 tmt","14 tmt"
"25745","M1","C4620083","14","382","C4620083 M1","tmt",0.303246889739893,"382 tmt","14 tmt"
"25746","M1","C4620083","14","383","C4620083 M1","tmt",0.30322951433906,"383 tmt","14 tmt"
"25747","M1","C4620083","14","384","C4620083 M1","tmt",0.303178495340514,"384 tmt","14 tmt"
"25748","M1","C4620083","14","385","C4620083 M1","tmt",0.302912242181832,"385 tmt","14 tmt"
"25749","M1","C4620083","14","386","C4620083 M1","tmt",0.302773308109336,"386 tmt","14 tmt"
"25750","M1","C4620083","14","387","C4620083 M1","tmt",0.30268218979633,"387 tmt","14 tmt"
"25751","M1","C4620083","14","388","C4620083 M1","tmt",0.302649954920153,"388 tmt","14 tmt"
"25752","M1","C4620083","14","389","C4620083 M1","tmt",0.302496866323017,"389 tmt","14 tmt"
"25753","M1","C4620083","14","390","C4620083 M1","tmt",0.302468595270361,"390 tmt","14 tmt"
"25754","M1","C4620083","14","391","C4620083 M1","tmt",0.302156562252042,"391 tmt","14 tmt"
"25755","M1","C4620083","14","392","C4620083 M1","tmt",0.302148202013445,"392 tmt","14 tmt"
"25756","M1","C4620083","14","393","C4620083 M1","tmt",0.302082948216529,"393 tmt","14 tmt"
"25757","M1","C4620083","14","394","C4620083 M1","tmt",0.301909788604658,"394 tmt","14 tmt"
"25758","M1","C4620083","14","395","C4620083 M1","tmt",0.301779518565972,"395 tmt","14 tmt"
"25759","M1","C4620083","14","396","C4620083 M1","tmt",0.301685435379026,"396 tmt","14 tmt"
"25760","M1","C4620083","14","397","C4620083 M1","tmt",0.301515597723114,"397 tmt","14 tmt"
"25761","M1","C4620083","14","398","C4620083 M1","tmt",0.301393008071603,"398 tmt","14 tmt"
"25762","M1","C4620083","14","399","C4620083 M1","tmt",0.300895993218209,"399 tmt","14 tmt"
"25763","M1","C4620083","14","400","C4620083 M1","tmt",0.300838990812053,"400 tmt","14 tmt"
"25764","M1","C4620083","14","401","C4620083 M1","tmt",0.300827897062357,"401 tmt","14 tmt"
"25765","M1","C4620083","14","402","C4620083 M1","tmt",0.300418236914721,"402 tmt","14 tmt"
"25766","M1","C4620083","14","403","C4620083 M1","tmt",0.300374688544578,"403 tmt","14 tmt"
"25767","M1","C4620083","14","404","C4620083 M1","tmt",0.300279432318967,"404 tmt","14 tmt"
"25768","M1","C4620083","14","405","C4620083 M1","tmt",0.299829266414584,"405 tmt","14 tmt"
"25769","M1","C4620083","14","406","C4620083 M1","tmt",0.29968059555561,"406 tmt","14 tmt"
"25770","M1","C4620083","14","407","C4620083 M1","tmt",0.299636053058973,"407 tmt","14 tmt"
"25771","M1","C4620083","14","408","C4620083 M1","tmt",0.299235501146286,"408 tmt","14 tmt"
"25772","M1","C4620083","14","409","C4620083 M1","tmt",0.298784637243005,"409 tmt","14 tmt"
"25773","M1","C4620083","14","410","C4620083 M1","tmt",0.298705085509764,"410 tmt","14 tmt"
"25774","M1","C4620083","14","411","C4620083 M1","tmt",0.298596737042917,"411 tmt","14 tmt"
"25775","M1","C4620083","14","412","C4620083 M1","tmt",0.298424897760026,"412 tmt","14 tmt"
"25776","M1","C4620083","14","413","C4620083 M1","tmt",0.298322232135842,"413 tmt","14 tmt"
"25777","M1","C4620083","14","414","C4620083 M1","tmt",0.298030833966137,"414 tmt","14 tmt"
"25778","M1","C4620083","14","415","C4620083 M1","tmt",0.29780661294539,"415 tmt","14 tmt"
"25779","M1","C4620083","14","416","C4620083 M1","tmt",0.297723609969394,"416 tmt","14 tmt"
"25780","M1","C4620083","14","417","C4620083 M1","tmt",0.297574824260405,"417 tmt","14 tmt"
"25781","M1","C4620083","14","418","C4620083 M1","tmt",0.297386433978199,"418 tmt","14 tmt"
"25782","M1","C4620083","14","419","C4620083 M1","tmt",0.297351480731364,"419 tmt","14 tmt"
"25783","M1","C4620083","14","420","C4620083 M1","tmt",0.29734264277138,"420 tmt","14 tmt"
"25784","M1","C4620083","14","421","C4620083 M1","tmt",0.297327166427109,"421 tmt","14 tmt"
"25785","M1","C4620083","14","422","C4620083 M1","tmt",0.297281144664591,"422 tmt","14 tmt"
"25786","M1","C4620083","14","423","C4620083 M1","tmt",0.296542655764613,"423 tmt","14 tmt"
"25787","M1","C4620083","14","424","C4620083 M1","tmt",0.29635067193726,"424 tmt","14 tmt"
"25788","M1","C4620083","14","425","C4620083 M1","tmt",0.296121317285651,"425 tmt","14 tmt"
"25789","M1","C4620083","14","426","C4620083 M1","tmt",0.296102316990868,"426 tmt","14 tmt"
"25790","M1","C4620083","14","427","C4620083 M1","tmt",0.296022862419029,"427 tmt","14 tmt"
"25791","M1","C4620083","14","428","C4620083 M1","tmt",0.295776949941698,"428 tmt","14 tmt"
"25792","M1","C4620083","14","429","C4620083 M1","tmt",0.295127764700265,"429 tmt","14 tmt"
"25793","M1","C4620083","14","430","C4620083 M1","tmt",0.295077673592021,"430 tmt","14 tmt"
"25794","M1","C4620083","14","431","C4620083 M1","tmt",0.295020070298314,"431 tmt","14 tmt"
"25795","M1","C4620083","14","432","C4620083 M1","tmt",0.29445347537284,"432 tmt","14 tmt"
"25796","M1","C4620083","14","433","C4620083 M1","tmt",0.293941444523534,"433 tmt","14 tmt"
"25797","M1","C4620083","14","434","C4620083 M1","tmt",0.293506113773895,"434 tmt","14 tmt"
"25798","M1","C4620083","14","435","C4620083 M1","tmt",0.293443995012041,"435 tmt","14 tmt"
"25799","M1","C4620083","14","436","C4620083 M1","tmt",0.293383581311748,"436 tmt","14 tmt"
"25800","M1","C4620083","14","437","C4620083 M1","tmt",0.293374866894136,"437 tmt","14 tmt"
"25801","M1","C4620083","14","438","C4620083 M1","tmt",0.293081626008967,"438 tmt","14 tmt"
"25802","M1","C4620083","14","439","C4620083 M1","tmt",0.292709975946697,"439 tmt","14 tmt"
"25803","M1","C4620083","14","440","C4620083 M1","tmt",0.292505268446638,"440 tmt","14 tmt"
"25804","M1","C4620083","14","441","C4620083 M1","tmt",0.292371943043335,"441 tmt","14 tmt"
"25805","M1","C4620083","14","442","C4620083 M1","tmt",0.291900907826066,"442 tmt","14 tmt"
"25806","M1","C4620083","14","443","C4620083 M1","tmt",0.291718404333198,"443 tmt","14 tmt"
"25807","M1","C4620083","14","444","C4620083 M1","tmt",0.29126602964194,"444 tmt","14 tmt"
"25808","M1","C4620083","14","445","C4620083 M1","tmt",0.29118078001288,"445 tmt","14 tmt"
"25809","M1","C4620083","14","446","C4620083 M1","tmt",0.291004210953163,"446 tmt","14 tmt"
"25810","M1","C4620083","14","447","C4620083 M1","tmt",0.290539544060848,"447 tmt","14 tmt"
"25811","M1","C4620083","14","448","C4620083 M1","tmt",0.290528965162458,"448 tmt","14 tmt"
"25812","M1","C4620083","14","449","C4620083 M1","tmt",0.290080034639397,"449 tmt","14 tmt"
"25813","M1","C4620083","14","450","C4620083 M1","tmt",0.289862252990302,"450 tmt","14 tmt"
"25814","M1","C4620083","14","451","C4620083 M1","tmt",0.28973486368335,"451 tmt","14 tmt"
"25815","M1","C4620083","14","452","C4620083 M1","tmt",0.289709167418993,"452 tmt","14 tmt"
"25816","M1","C4620083","14","453","C4620083 M1","tmt",0.289666319439453,"453 tmt","14 tmt"
"25817","M1","C4620083","14","454","C4620083 M1","tmt",0.289607900189091,"454 tmt","14 tmt"
"25818","M1","C4620083","14","455","C4620083 M1","tmt",0.28946814624275,"455 tmt","14 tmt"
"25819","M1","C4620083","14","456","C4620083 M1","tmt",0.289357620852279,"456 tmt","14 tmt"
"25820","M1","C4620083","14","457","C4620083 M1","tmt",0.289045882911035,"457 tmt","14 tmt"
"25821","M1","C4620083","14","458","C4620083 M1","tmt",0.289035265976149,"458 tmt","14 tmt"
"25822","M1","C4620083","14","459","C4620083 M1","tmt",0.28901506413256,"459 tmt","14 tmt"
"25823","M1","C4620083","14","460","C4620083 M1","tmt",0.28894477732229,"460 tmt","14 tmt"
"25824","M1","C4620083","14","461","C4620083 M1","tmt",0.288735395439861,"461 tmt","14 tmt"
"25825","M1","C4620083","14","462","C4620083 M1","tmt",0.288417024571369,"462 tmt","14 tmt"
"25826","M1","C4620083","14","463","C4620083 M1","tmt",0.288398849210277,"463 tmt","14 tmt"
"25827","M1","C4620083","14","464","C4620083 M1","tmt",0.287926424563713,"464 tmt","14 tmt"
"25828","M1","C4620083","14","465","C4620083 M1","tmt",0.286843120677384,"465 tmt","14 tmt"
"25829","M1","C4620083","14","466","C4620083 M1","tmt",0.286782919334898,"466 tmt","14 tmt"
"25830","M1","C4620083","14","467","C4620083 M1","tmt",0.286678564488292,"467 tmt","14 tmt"
"25831","M1","C4620083","14","468","C4620083 M1","tmt",0.286513001125378,"468 tmt","14 tmt"
"25832","M1","C4620083","14","469","C4620083 M1","tmt",0.286481654288559,"469 tmt","14 tmt"
"25833","M1","C4620083","14","470","C4620083 M1","tmt",0.286347920669092,"470 tmt","14 tmt"
"25834","M1","C4620083","14","471","C4620083 M1","tmt",0.285564152572294,"471 tmt","14 tmt"
"25835","M1","C4620083","14","472","C4620083 M1","tmt",0.285403231055439,"472 tmt","14 tmt"
"25836","M1","C4620083","14","473","C4620083 M1","tmt",0.285017561686276,"473 tmt","14 tmt"
"25837","M1","C4620083","14","474","C4620083 M1","tmt",0.284718921585931,"474 tmt","14 tmt"
"25838","M1","C4620083","14","475","C4620083 M1","tmt",0.284695751193414,"475 tmt","14 tmt"
"25839","M1","C4620083","14","476","C4620083 M1","tmt",0.284370713714512,"476 tmt","14 tmt"
"25840","M1","C4620083","14","477","C4620083 M1","tmt",0.283893405497087,"477 tmt","14 tmt"
"25841","M1","C4620083","14","478","C4620083 M1","tmt",0.283555327978209,"478 tmt","14 tmt"
"25842","M1","C4620083","14","479","C4620083 M1","tmt",0.283284056749531,"479 tmt","14 tmt"
"25843","M1","C4620083","14","480","C4620083 M1","tmt",0.283036699039473,"480 tmt","14 tmt"
"25844","M1","C4620083","14","481","C4620083 M1","tmt",0.282884863404665,"481 tmt","14 tmt"
"25845","M1","C4620083","14","482","C4620083 M1","tmt",0.282540120260242,"482 tmt","14 tmt"
"25846","M1","C4620083","14","483","C4620083 M1","tmt",0.282205109393919,"483 tmt","14 tmt"
"25847","M1","C4620083","14","484","C4620083 M1","tmt",0.281926595427039,"484 tmt","14 tmt"
"25848","M1","C4620083","14","485","C4620083 M1","tmt",0.281537936074959,"485 tmt","14 tmt"
"25849","M1","C4620083","14","486","C4620083 M1","tmt",0.281533055872949,"486 tmt","14 tmt"
"25850","M1","C4620083","14","487","C4620083 M1","tmt",0.281350041474114,"487 tmt","14 tmt"
"25851","M1","C4620083","14","488","C4620083 M1","tmt",0.281322899037856,"488 tmt","14 tmt"
"25852","M1","C4620083","14","489","C4620083 M1","tmt",0.281210020406673,"489 tmt","14 tmt"
"25853","M1","C4620083","14","490","C4620083 M1","tmt",0.281021480855662,"490 tmt","14 tmt"
"25854","M1","C4620083","14","491","C4620083 M1","tmt",0.28078014094506,"491 tmt","14 tmt"
"25855","M1","C4620083","14","492","C4620083 M1","tmt",0.280771407396436,"492 tmt","14 tmt"
"25856","M1","C4620083","14","493","C4620083 M1","tmt",0.280611404005079,"493 tmt","14 tmt"
"25857","M1","C4620083","14","494","C4620083 M1","tmt",0.280478088643208,"494 tmt","14 tmt"
"25858","M1","C4620083","14","495","C4620083 M1","tmt",0.280354790424569,"495 tmt","14 tmt"
"25859","M1","C4620083","14","496","C4620083 M1","tmt",0.280260322022779,"496 tmt","14 tmt"
"25860","M1","C4620083","14","497","C4620083 M1","tmt",0.279422192939418,"497 tmt","14 tmt"
"25861","M1","C4620083","14","498","C4620083 M1","tmt",0.27895341907279,"498 tmt","14 tmt"
"25862","M1","C4620083","14","499","C4620083 M1","tmt",0.278627593228989,"499 tmt","14 tmt"
"25863","M1","C4620083","14","500","C4620083 M1","tmt",0.278408241432137,"500 tmt","14 tmt"
"25864","M1","C4620083","14","501","C4620083 M1","tmt",0.278293685686302,"501 tmt","14 tmt"
"25865","M1","C4620083","14","502","C4620083 M1","tmt",0.278104666993054,"502 tmt","14 tmt"
"25866","M1","C4620083","14","503","C4620083 M1","tmt",0.277692415943208,"503 tmt","14 tmt"
"25867","M1","C4620083","14","504","C4620083 M1","tmt",0.277682578909534,"504 tmt","14 tmt"
"25868","M1","C4620083","14","505","C4620083 M1","tmt",0.27742172796724,"505 tmt","14 tmt"
"25869","M1","C4620083","14","506","C4620083 M1","tmt",0.276335108703214,"506 tmt","14 tmt"
"25870","M1","C4620083","14","507","C4620083 M1","tmt",0.276199437607494,"507 tmt","14 tmt"
"25871","M1","C4620083","14","508","C4620083 M1","tmt",0.275926517269994,"508 tmt","14 tmt"
"25872","M1","C4620083","14","509","C4620083 M1","tmt",0.275815958167603,"509 tmt","14 tmt"
"25873","M1","C4620083","14","510","C4620083 M1","tmt",0.275715666808937,"510 tmt","14 tmt"
"25874","M1","C4620083","14","511","C4620083 M1","tmt",0.275263113351284,"511 tmt","14 tmt"
"25875","M1","C4620083","14","512","C4620083 M1","tmt",0.274984129517184,"512 tmt","14 tmt"
"25876","M1","C4620083","14","513","C4620083 M1","tmt",0.27476657803608,"513 tmt","14 tmt"
"25877","M1","C4620083","14","514","C4620083 M1","tmt",0.274762353993481,"514 tmt","14 tmt"
"25878","M1","C4620083","14","515","C4620083 M1","tmt",0.274539736292546,"515 tmt","14 tmt"
"25879","M1","C4620083","14","516","C4620083 M1","tmt",0.274166634028303,"516 tmt","14 tmt"
"25880","M1","C4620083","14","517","C4620083 M1","tmt",0.27318905261967,"517 tmt","14 tmt"
"25881","M1","C4620083","14","518","C4620083 M1","tmt",0.272941369323469,"518 tmt","14 tmt"
"25882","M1","C4620083","14","519","C4620083 M1","tmt",0.272735835741344,"519 tmt","14 tmt"
"25883","M1","C4620083","14","520","C4620083 M1","tmt",0.272556055109866,"520 tmt","14 tmt"
"25884","M1","C4620083","14","521","C4620083 M1","tmt",0.272544724921722,"521 tmt","14 tmt"
"25885","M1","C4620083","14","522","C4620083 M1","tmt",0.272511401478059,"522 tmt","14 tmt"
"25886","M1","C4620083","14","523","C4620083 M1","tmt",0.272074083950947,"523 tmt","14 tmt"
"25887","M1","C4620083","14","524","C4620083 M1","tmt",0.272021479702537,"524 tmt","14 tmt"
"25888","M1","C4620083","14","525","C4620083 M1","tmt",0.271964470397638,"525 tmt","14 tmt"
"25889","M1","C4620083","14","526","C4620083 M1","tmt",0.271674554388616,"526 tmt","14 tmt"
"25890","M1","C4620083","14","527","C4620083 M1","tmt",0.271585126882973,"527 tmt","14 tmt"
"25891","M1","C4620083","14","528","C4620083 M1","tmt",0.271571494740536,"528 tmt","14 tmt"
"25892","M1","C4620083","14","529","C4620083 M1","tmt",0.27137419874567,"529 tmt","14 tmt"
"25893","M1","C4620083","14","530","C4620083 M1","tmt",0.270887964041214,"530 tmt","14 tmt"
"25894","M1","C4620083","14","531","C4620083 M1","tmt",0.270531640400465,"531 tmt","14 tmt"
"25895","M1","C4620083","14","532","C4620083 M1","tmt",0.270458450184795,"532 tmt","14 tmt"
"25896","M1","C4620083","14","533","C4620083 M1","tmt",0.270177455128041,"533 tmt","14 tmt"
"25897","M1","C4620083","14","534","C4620083 M1","tmt",0.270159986318778,"534 tmt","14 tmt"
"25898","M1","C4620083","14","535","C4620083 M1","tmt",0.269925989852296,"535 tmt","14 tmt"
"25899","M1","C4620083","14","536","C4620083 M1","tmt",0.26987759645976,"536 tmt","14 tmt"
"25900","M1","C4620083","14","537","C4620083 M1","tmt",0.269740624353507,"537 tmt","14 tmt"
"25901","M1","C4620083","14","538","C4620083 M1","tmt",0.269246793976743,"538 tmt","14 tmt"
"25902","M1","C4620083","14","539","C4620083 M1","tmt",0.268861753374614,"539 tmt","14 tmt"
"25903","M1","C4620083","14","540","C4620083 M1","tmt",0.268518746528663,"540 tmt","14 tmt"
"25904","M1","C4620083","14","541","C4620083 M1","tmt",0.268441429517159,"541 tmt","14 tmt"
"25905","M1","C4620083","14","542","C4620083 M1","tmt",0.268051820523777,"542 tmt","14 tmt"
"25906","M1","C4620083","14","543","C4620083 M1","tmt",0.268009564117874,"543 tmt","14 tmt"
"25907","M1","C4620083","14","544","C4620083 M1","tmt",0.267158820377704,"544 tmt","14 tmt"
"25908","M1","C4620083","14","545","C4620083 M1","tmt",0.266979255134365,"545 tmt","14 tmt"
"25909","M1","C4620083","14","546","C4620083 M1","tmt",0.266931976500283,"546 tmt","14 tmt"
"25910","M1","C4620083","14","547","C4620083 M1","tmt",0.266881915202572,"547 tmt","14 tmt"
"25911","M1","C4620083","14","548","C4620083 M1","tmt",0.265887531120534,"548 tmt","14 tmt"
"25912","M1","C4620083","14","549","C4620083 M1","tmt",0.265695179155814,"549 tmt","14 tmt"
"25913","M1","C4620083","14","550","C4620083 M1","tmt",0.265288260394839,"550 tmt","14 tmt"
"25914","M1","C4620083","14","551","C4620083 M1","tmt",0.26521774352956,"551 tmt","14 tmt"
"25915","M1","C4620083","14","552","C4620083 M1","tmt",0.265031843438343,"552 tmt","14 tmt"
"25916","M1","C4620083","14","553","C4620083 M1","tmt",0.264898329942574,"553 tmt","14 tmt"
"25917","M1","C4620083","14","554","C4620083 M1","tmt",0.264879042643599,"554 tmt","14 tmt"
"25918","M1","C4620083","14","555","C4620083 M1","tmt",0.264869367778443,"555 tmt","14 tmt"
"25919","M1","C4620083","14","556","C4620083 M1","tmt",0.264669113654336,"556 tmt","14 tmt"
"25920","M1","C4620083","14","557","C4620083 M1","tmt",0.264648272413161,"557 tmt","14 tmt"
"25921","M1","C4620083","14","558","C4620083 M1","tmt",0.264617774419482,"558 tmt","14 tmt"
"25922","M1","C4620083","14","559","C4620083 M1","tmt",0.264554092897956,"559 tmt","14 tmt"
"25923","M1","C4620083","14","560","C4620083 M1","tmt",0.263324490170077,"560 tmt","14 tmt"
"25924","M1","C4620083","14","561","C4620083 M1","tmt",0.263241736593197,"561 tmt","14 tmt"
"25925","M1","C4620083","14","562","C4620083 M1","tmt",0.262938339069324,"562 tmt","14 tmt"
"25926","M1","C4620083","14","563","C4620083 M1","tmt",0.2628011783529,"563 tmt","14 tmt"
"25927","M1","C4620083","14","564","C4620083 M1","tmt",0.262346534988613,"564 tmt","14 tmt"
"25928","M1","C4620083","14","565","C4620083 M1","tmt",0.262154401160285,"565 tmt","14 tmt"
"25929","M1","C4620083","14","566","C4620083 M1","tmt",0.262043169787475,"566 tmt","14 tmt"
"25930","M1","C4620083","14","567","C4620083 M1","tmt",0.261826026625575,"567 tmt","14 tmt"
"25931","M1","C4620083","14","568","C4620083 M1","tmt",0.261413628891224,"568 tmt","14 tmt"
"25932","M1","C4620083","14","569","C4620083 M1","tmt",0.261378083610741,"569 tmt","14 tmt"
"25933","M1","C4620083","14","570","C4620083 M1","tmt",0.261185833711986,"570 tmt","14 tmt"
"25934","M1","C4620083","14","571","C4620083 M1","tmt",0.261074176818821,"571 tmt","14 tmt"
"25935","M1","C4620083","14","572","C4620083 M1","tmt",0.260593146402119,"572 tmt","14 tmt"
"25936","M1","C4620083","14","573","C4620083 M1","tmt",0.260459755810798,"573 tmt","14 tmt"
"25937","M1","C4620083","14","574","C4620083 M1","tmt",0.260208455358713,"574 tmt","14 tmt"
"25938","M1","C4620083","14","575","C4620083 M1","tmt",0.259993441085002,"575 tmt","14 tmt"
"25939","M1","C4620083","14","576","C4620083 M1","tmt",0.259660215860357,"576 tmt","14 tmt"
"25940","M1","C4620083","14","577","C4620083 M1","tmt",0.259645652608025,"577 tmt","14 tmt"
"25941","M1","C4620083","14","578","C4620083 M1","tmt",0.259415382956645,"578 tmt","14 tmt"
"25942","M1","C4620083","14","579","C4620083 M1","tmt",0.259398198033595,"579 tmt","14 tmt"
"25943","M1","C4620083","14","580","C4620083 M1","tmt",0.259224861849494,"580 tmt","14 tmt"
"25944","M1","C4620083","14","581","C4620083 M1","tmt",0.259085831768726,"581 tmt","14 tmt"
"25945","M1","C4620083","14","582","C4620083 M1","tmt",0.259015707257943,"582 tmt","14 tmt"
"25946","M1","C4620083","14","583","C4620083 M1","tmt",0.258337932546268,"583 tmt","14 tmt"
"25947","M1","C4620083","14","584","C4620083 M1","tmt",0.258266046279185,"584 tmt","14 tmt"
"25948","M1","C4620083","14","585","C4620083 M1","tmt",0.258232161257989,"585 tmt","14 tmt"
"25949","M1","C4620083","14","586","C4620083 M1","tmt",0.258213981451318,"586 tmt","14 tmt"
"25950","M1","C4620083","14","587","C4620083 M1","tmt",0.257644035706985,"587 tmt","14 tmt"
"25951","M1","C4620083","14","588","C4620083 M1","tmt",0.257598248329546,"588 tmt","14 tmt"
"25952","M1","C4620083","14","589","C4620083 M1","tmt",0.257424987641274,"589 tmt","14 tmt"
"25953","M1","C4620083","14","590","C4620083 M1","tmt",0.257082020446831,"590 tmt","14 tmt"
"25954","M1","C4620083","14","591","C4620083 M1","tmt",0.256747766545294,"591 tmt","14 tmt"
"25955","M1","C4620083","14","592","C4620083 M1","tmt",0.256163701160304,"592 tmt","14 tmt"
"25956","M1","C4620083","14","593","C4620083 M1","tmt",0.256117850222203,"593 tmt","14 tmt"
"25957","M1","C4620083","14","594","C4620083 M1","tmt",0.255645300599651,"594 tmt","14 tmt"
"25958","M1","C4620083","14","595","C4620083 M1","tmt",0.255642072091627,"595 tmt","14 tmt"
"25959","M1","C4620083","14","596","C4620083 M1","tmt",0.255524090828374,"596 tmt","14 tmt"
"25960","M1","C4620083","14","597","C4620083 M1","tmt",0.25536537566565,"597 tmt","14 tmt"
"25961","M1","C4620083","14","598","C4620083 M1","tmt",0.255101309711713,"598 tmt","14 tmt"
"25962","M1","C4620083","14","599","C4620083 M1","tmt",0.254735766048511,"599 tmt","14 tmt"
"25963","M1","C4620083","14","600","C4620083 M1","tmt",0.254391174421298,"600 tmt","14 tmt"
"25964","M1","C4620083","14","601","C4620083 M1","tmt",0.25401173371818,"601 tmt","14 tmt"
"25965","M1","C4620083","14","602","C4620083 M1","tmt",0.253709212186335,"602 tmt","14 tmt"
"25966","M1","C4620083","14","603","C4620083 M1","tmt",0.253637757813178,"603 tmt","14 tmt"
"25967","M1","C4620083","14","604","C4620083 M1","tmt",0.253153512604926,"604 tmt","14 tmt"
"25968","M1","C4620083","14","605","C4620083 M1","tmt",0.252982008156988,"605 tmt","14 tmt"
"25969","M1","C4620083","14","606","C4620083 M1","tmt",0.252978933807606,"606 tmt","14 tmt"
"25970","M1","C4620083","14","607","C4620083 M1","tmt",0.252720965706517,"607 tmt","14 tmt"
"25971","M1","C4620083","14","608","C4620083 M1","tmt",0.25235072911702,"608 tmt","14 tmt"
"25972","M1","C4620083","14","609","C4620083 M1","tmt",0.25205641689539,"609 tmt","14 tmt"
"25973","M1","C4620083","14","610","C4620083 M1","tmt",0.251232962390144,"610 tmt","14 tmt"
"25974","M1","C4620083","14","611","C4620083 M1","tmt",0.250549417206497,"611 tmt","14 tmt"
"25975","M1","C4620083","14","612","C4620083 M1","tmt",0.250304278982744,"612 tmt","14 tmt"
"25976","M1","C4620083","14","613","C4620083 M1","tmt",0.250136174774808,"613 tmt","14 tmt"
"25977","M1","C4620083","14","614","C4620083 M1","tmt",0.249670524964625,"614 tmt","14 tmt"
"25978","M1","C4620083","14","615","C4620083 M1","tmt",0.249450954367622,"615 tmt","14 tmt"
"25979","M1","C4620083","14","616","C4620083 M1","tmt",0.249447887342847,"616 tmt","14 tmt"
"25980","M1","C4620083","14","617","C4620083 M1","tmt",0.249445468026401,"617 tmt","14 tmt"
"25981","M1","C4620083","14","618","C4620083 M1","tmt",0.249367879054496,"618 tmt","14 tmt"
"25982","M1","C4620083","14","619","C4620083 M1","tmt",0.248085324027217,"619 tmt","14 tmt"
"25983","M1","C4620083","14","620","C4620083 M1","tmt",0.248013615750707,"620 tmt","14 tmt"
"25984","M1","C4620083","14","621","C4620083 M1","tmt",0.247250279920536,"621 tmt","14 tmt"
"25985","M1","C4620083","14","622","C4620083 M1","tmt",0.246511076975277,"622 tmt","14 tmt"
"25986","M1","C4620083","14","623","C4620083 M1","tmt",0.245700019982149,"623 tmt","14 tmt"
"25987","M1","C4620083","14","624","C4620083 M1","tmt",0.245218982046213,"624 tmt","14 tmt"
"25988","M1","C4620083","14","625","C4620083 M1","tmt",0.244689916991962,"625 tmt","14 tmt"
"25989","M1","C4620083","14","626","C4620083 M1","tmt",0.243401472895002,"626 tmt","14 tmt"
"25990","M1","C4620083","14","627","C4620083 M1","tmt",0.242970121791386,"627 tmt","14 tmt"
"25991","M1","C4620083","14","628","C4620083 M1","tmt",0.242574679073984,"628 tmt","14 tmt"
"25992","M1","C4620083","14","629","C4620083 M1","tmt",0.241980266922542,"629 tmt","14 tmt"
"25993","M1","C4620083","14","630","C4620083 M1","tmt",0.241861469754515,"630 tmt","14 tmt"
"25994","M1","C4620083","14","631","C4620083 M1","tmt",0.241783327399645,"631 tmt","14 tmt"
"25995","M1","C4620083","14","632","C4620083 M1","tmt",0.241473186228812,"632 tmt","14 tmt"
"25996","M1","C4620083","14","633","C4620083 M1","tmt",0.240872661370925,"633 tmt","14 tmt"
"25997","M1","C4620083","14","634","C4620083 M1","tmt",0.240686422772147,"634 tmt","14 tmt"
"25998","M1","C4620083","14","635","C4620083 M1","tmt",0.240640430400504,"635 tmt","14 tmt"
"25999","M1","C4620083","14","636","C4620083 M1","tmt",0.239955335983648,"636 tmt","14 tmt"
"26000","M1","C4620083","14","637","C4620083 M1","tmt",0.239826194296778,"637 tmt","14 tmt"
"26001","M1","C4620083","14","638","C4620083 M1","tmt",0.239066421104806,"638 tmt","14 tmt"
"26002","M1","C4620083","14","639","C4620083 M1","tmt",0.239050186559827,"639 tmt","14 tmt"
"26003","M1","C4620083","14","640","C4620083 M1","tmt",0.23856068678515,"640 tmt","14 tmt"
"26004","M1","C4620083","14","641","C4620083 M1","tmt",0.238335430321426,"641 tmt","14 tmt"
"26005","M1","C4620083","14","642","C4620083 M1","tmt",0.238123945911862,"642 tmt","14 tmt"
"26006","M1","C4620083","14","643","C4620083 M1","tmt",0.237847961207267,"643 tmt","14 tmt"
"26007","M1","C4620083","14","644","C4620083 M1","tmt",0.237547351101227,"644 tmt","14 tmt"
"26008","M1","C4620083","14","645","C4620083 M1","tmt",0.237442759786401,"645 tmt","14 tmt"
"26009","M1","C4620083","14","646","C4620083 M1","tmt",0.237263965974139,"646 tmt","14 tmt"
"26010","M1","C4620083","14","647","C4620083 M1","tmt",0.236749796109265,"647 tmt","14 tmt"
"26011","M1","C4620083","14","648","C4620083 M1","tmt",0.236499002039664,"648 tmt","14 tmt"
"26012","M1","C4620083","14","649","C4620083 M1","tmt",0.236444796303136,"649 tmt","14 tmt"
"26013","M1","C4620083","14","650","C4620083 M1","tmt",0.235793942635972,"650 tmt","14 tmt"
"26014","M1","C4620083","14","651","C4620083 M1","tmt",0.235481857260361,"651 tmt","14 tmt"
"26015","M1","C4620083","14","652","C4620083 M1","tmt",0.234851711919705,"652 tmt","14 tmt"
"26016","M1","C4620083","14","653","C4620083 M1","tmt",0.234417555780179,"653 tmt","14 tmt"
"26017","M1","C4620083","14","654","C4620083 M1","tmt",0.233812531274034,"654 tmt","14 tmt"
"26018","M1","C4620083","14","655","C4620083 M1","tmt",0.233372010202957,"655 tmt","14 tmt"
"26019","M1","C4620083","14","656","C4620083 M1","tmt",0.232926743638619,"656 tmt","14 tmt"
"26020","M1","C4620083","14","657","C4620083 M1","tmt",0.232692221822393,"657 tmt","14 tmt"
"26021","M1","C4620083","14","658","C4620083 M1","tmt",0.232645885188649,"658 tmt","14 tmt"
"26022","M1","C4620083","14","659","C4620083 M1","tmt",0.232427889079287,"659 tmt","14 tmt"
"26023","M1","C4620083","14","660","C4620083 M1","tmt",0.231956095229068,"660 tmt","14 tmt"
"26024","M1","C4620083","14","661","C4620083 M1","tmt",0.231910305626562,"661 tmt","14 tmt"
"26025","M1","C4620083","14","662","C4620083 M1","tmt",0.231905041670434,"662 tmt","14 tmt"
"26026","M1","C4620083","14","663","C4620083 M1","tmt",0.231899999272841,"663 tmt","14 tmt"
"26027","M1","C4620083","14","664","C4620083 M1","tmt",0.231648409012697,"664 tmt","14 tmt"
"26028","M1","C4620083","14","665","C4620083 M1","tmt",0.231276164256407,"665 tmt","14 tmt"
"26029","M1","C4620083","14","666","C4620083 M1","tmt",0.230607781518541,"666 tmt","14 tmt"
"26030","M1","C4620083","14","667","C4620083 M1","tmt",0.230020866399179,"667 tmt","14 tmt"
"26031","M1","C4620083","14","668","C4620083 M1","tmt",0.229736077973735,"668 tmt","14 tmt"
"26032","M1","C4620083","14","669","C4620083 M1","tmt",0.229527724146283,"669 tmt","14 tmt"
"26033","M1","C4620083","14","670","C4620083 M1","tmt",0.229447456353738,"670 tmt","14 tmt"
"26034","M1","C4620083","14","671","C4620083 M1","tmt",0.229418652570879,"671 tmt","14 tmt"
"26035","M1","C4620083","14","672","C4620083 M1","tmt",0.229100259324942,"672 tmt","14 tmt"
"26036","M1","C4620083","14","673","C4620083 M1","tmt",0.229099244158202,"673 tmt","14 tmt"
"26037","M1","C4620083","14","674","C4620083 M1","tmt",0.227940598519015,"674 tmt","14 tmt"
"26038","M1","C4620083","14","675","C4620083 M1","tmt",0.227663639626654,"675 tmt","14 tmt"
"26039","M1","C4620083","14","676","C4620083 M1","tmt",0.227211820817571,"676 tmt","14 tmt"
"26040","M1","C4620083","14","677","C4620083 M1","tmt",0.227207980779861,"677 tmt","14 tmt"
"26041","M1","C4620083","14","678","C4620083 M1","tmt",0.226642920306241,"678 tmt","14 tmt"
"26042","M1","C4620083","14","679","C4620083 M1","tmt",0.225163925739852,"679 tmt","14 tmt"
"26043","M1","C4620083","14","680","C4620083 M1","tmt",0.224730694804164,"680 tmt","14 tmt"
"26044","M1","C4620083","14","681","C4620083 M1","tmt",0.22414452163329,"681 tmt","14 tmt"
"26045","M1","C4620083","14","682","C4620083 M1","tmt",0.223831285556385,"682 tmt","14 tmt"
"26046","M1","C4620083","14","683","C4620083 M1","tmt",0.223244656202614,"683 tmt","14 tmt"
"26047","M1","C4620083","14","684","C4620083 M1","tmt",0.223026407535504,"684 tmt","14 tmt"
"26048","M1","C4620083","14","685","C4620083 M1","tmt",0.222749418852334,"685 tmt","14 tmt"
"26049","M1","C4620083","14","686","C4620083 M1","tmt",0.222711737775432,"686 tmt","14 tmt"
"26050","M1","C4620083","14","687","C4620083 M1","tmt",0.222676049492041,"687 tmt","14 tmt"
"26051","M1","C4620083","14","688","C4620083 M1","tmt",0.222592101167535,"688 tmt","14 tmt"
"26052","M1","C4620083","14","689","C4620083 M1","tmt",0.222445937434149,"689 tmt","14 tmt"
"26053","M1","C4620083","14","690","C4620083 M1","tmt",0.222140539625531,"690 tmt","14 tmt"
"26054","M1","C4620083","14","691","C4620083 M1","tmt",0.222125337584658,"691 tmt","14 tmt"
"26055","M1","C4620083","14","692","C4620083 M1","tmt",0.221789597741954,"692 tmt","14 tmt"
"26056","M1","C4620083","14","693","C4620083 M1","tmt",0.221617671275867,"693 tmt","14 tmt"
"26057","M1","C4620083","14","694","C4620083 M1","tmt",0.22139734120414,"694 tmt","14 tmt"
"26058","M1","C4620083","14","695","C4620083 M1","tmt",0.221288148588454,"695 tmt","14 tmt"
"26059","M1","C4620083","14","696","C4620083 M1","tmt",0.221174340914196,"696 tmt","14 tmt"
"26060","M1","C4620083","14","697","C4620083 M1","tmt",0.221057016687801,"697 tmt","14 tmt"
"26061","M1","C4620083","14","698","C4620083 M1","tmt",0.220642865047983,"698 tmt","14 tmt"
"26062","M1","C4620083","14","699","C4620083 M1","tmt",0.219815940076803,"699 tmt","14 tmt"
"26063","M1","C4620083","14","700","C4620083 M1","tmt",0.218853529763614,"700 tmt","14 tmt"
"26064","M1","C4620083","14","701","C4620083 M1","tmt",0.218607757671759,"701 tmt","14 tmt"
"26065","M1","C4620083","14","702","C4620083 M1","tmt",0.218409264322683,"702 tmt","14 tmt"
"26066","M1","C4620083","14","703","C4620083 M1","tmt",0.218110573635802,"703 tmt","14 tmt"
"26067","M1","C4620083","14","704","C4620083 M1","tmt",0.217784896139331,"704 tmt","14 tmt"
"26068","M1","C4620083","14","705","C4620083 M1","tmt",0.217722288141334,"705 tmt","14 tmt"
"26069","M1","C4620083","14","706","C4620083 M1","tmt",0.217643931338168,"706 tmt","14 tmt"
"26070","M1","C4620083","14","707","C4620083 M1","tmt",0.217030196216376,"707 tmt","14 tmt"
"26071","M1","C4620083","14","708","C4620083 M1","tmt",0.216502607380332,"708 tmt","14 tmt"
"26072","M1","C4620083","14","709","C4620083 M1","tmt",0.216245226452726,"709 tmt","14 tmt"
"26073","M1","C4620083","14","710","C4620083 M1","tmt",0.214738142540363,"710 tmt","14 tmt"
"26074","M1","C4620083","14","711","C4620083 M1","tmt",0.21428199801049,"711 tmt","14 tmt"
"26075","M1","C4620083","14","712","C4620083 M1","tmt",0.213992593908724,"712 tmt","14 tmt"
"26076","M1","C4620083","14","713","C4620083 M1","tmt",0.213240350378448,"713 tmt","14 tmt"
"26077","M1","C4620083","14","714","C4620083 M1","tmt",0.213185154838736,"714 tmt","14 tmt"
"26078","M1","C4620083","14","715","C4620083 M1","tmt",0.213082597180713,"715 tmt","14 tmt"
"26079","M1","C4620083","14","716","C4620083 M1","tmt",0.21259523533618,"716 tmt","14 tmt"
"26080","M1","C4620083","14","717","C4620083 M1","tmt",0.212296148179262,"717 tmt","14 tmt"
"26081","M1","C4620083","14","718","C4620083 M1","tmt",0.210804869047065,"718 tmt","14 tmt"
"26082","M1","C4620083","14","719","C4620083 M1","tmt",0.210641789502269,"719 tmt","14 tmt"
"26083","M1","C4620083","14","720","C4620083 M1","tmt",0.210395190535437,"720 tmt","14 tmt"
"26084","M1","C4620083","14","721","C4620083 M1","tmt",0.210361169360731,"721 tmt","14 tmt"
"26085","M1","C4620083","14","722","C4620083 M1","tmt",0.210250099795771,"722 tmt","14 tmt"
"26086","M1","C4620083","14","723","C4620083 M1","tmt",0.210243192156688,"723 tmt","14 tmt"
"26087","M1","C4620083","14","724","C4620083 M1","tmt",0.209625283543803,"724 tmt","14 tmt"
"26088","M1","C4620083","14","725","C4620083 M1","tmt",0.209617293470781,"725 tmt","14 tmt"
"26089","M1","C4620083","14","726","C4620083 M1","tmt",0.209349150158297,"726 tmt","14 tmt"
"26090","M1","C4620083","14","727","C4620083 M1","tmt",0.208894934819014,"727 tmt","14 tmt"
"26091","M1","C4620083","14","728","C4620083 M1","tmt",0.208812569465031,"728 tmt","14 tmt"
"26092","M1","C4620083","14","729","C4620083 M1","tmt",0.208712249531374,"729 tmt","14 tmt"
"26093","M1","C4620083","14","730","C4620083 M1","tmt",0.206977330161116,"730 tmt","14 tmt"
"26094","M1","C4620083","14","731","C4620083 M1","tmt",0.206323029763467,"731 tmt","14 tmt"
"26095","M1","C4620083","14","732","C4620083 M1","tmt",0.206200340282706,"732 tmt","14 tmt"
"26096","M1","C4620083","14","733","C4620083 M1","tmt",0.206189689538169,"733 tmt","14 tmt"
"26097","M1","C4620083","14","734","C4620083 M1","tmt",0.205432183738193,"734 tmt","14 tmt"
"26098","M1","C4620083","14","735","C4620083 M1","tmt",0.205431665035337,"735 tmt","14 tmt"
"26099","M1","C4620083","14","736","C4620083 M1","tmt",0.205006012093525,"736 tmt","14 tmt"
"26100","M1","C4620083","14","737","C4620083 M1","tmt",0.204027747167072,"737 tmt","14 tmt"
"26101","M1","C4620083","14","738","C4620083 M1","tmt",0.203289380815041,"738 tmt","14 tmt"
"26102","M1","C4620083","14","739","C4620083 M1","tmt",0.20325614051643,"739 tmt","14 tmt"
"26103","M1","C4620083","14","740","C4620083 M1","tmt",0.20309974363124,"740 tmt","14 tmt"
"26104","M1","C4620083","14","741","C4620083 M1","tmt",0.202979809694253,"741 tmt","14 tmt"
"26105","M1","C4620083","14","742","C4620083 M1","tmt",0.202704513262411,"742 tmt","14 tmt"
"26106","M1","C4620083","14","743","C4620083 M1","tmt",0.202475704209054,"743 tmt","14 tmt"
"26107","M1","C4620083","14","744","C4620083 M1","tmt",0.201800314245238,"744 tmt","14 tmt"
"26108","M1","C4620083","14","745","C4620083 M1","tmt",0.201705458767277,"745 tmt","14 tmt"
"26109","M1","C4620083","14","746","C4620083 M1","tmt",0.201633032292198,"746 tmt","14 tmt"
"26110","M1","C4620083","14","747","C4620083 M1","tmt",0.200907210037592,"747 tmt","14 tmt"
"26111","M1","C4620083","14","748","C4620083 M1","tmt",0.200754340551892,"748 tmt","14 tmt"
"26112","M1","C4620083","14","749","C4620083 M1","tmt",0.200354453899213,"749 tmt","14 tmt"
"26113","M1","C4620083","14","750","C4620083 M1","tmt",0.200163854171159,"750 tmt","14 tmt"
"26114","M1","C4620083","14","751","C4620083 M1","tmt",0.199910084061782,"751 tmt","14 tmt"
"26115","M1","C4620083","14","752","C4620083 M1","tmt",0.199609754174324,"752 tmt","14 tmt"
"26116","M1","C4620083","14","753","C4620083 M1","tmt",0.199589328104901,"753 tmt","14 tmt"
"26117","M1","C4620083","14","754","C4620083 M1","tmt",0.199227788495453,"754 tmt","14 tmt"
"26118","M1","C4620083","14","755","C4620083 M1","tmt",0.198933232157652,"755 tmt","14 tmt"
"26119","M1","C4620083","14","756","C4620083 M1","tmt",0.198616720097954,"756 tmt","14 tmt"
"26120","M1","C4620083","14","757","C4620083 M1","tmt",0.198564745378613,"757 tmt","14 tmt"
"26121","M1","C4620083","14","758","C4620083 M1","tmt",0.198522649546159,"758 tmt","14 tmt"
"26122","M1","C4620083","14","759","C4620083 M1","tmt",0.198449162626585,"759 tmt","14 tmt"
"26123","M1","C4620083","14","760","C4620083 M1","tmt",0.198072722916395,"760 tmt","14 tmt"
"26124","M1","C4620083","14","761","C4620083 M1","tmt",0.195601073324547,"761 tmt","14 tmt"
"26125","M1","C4620083","14","762","C4620083 M1","tmt",0.195272218840959,"762 tmt","14 tmt"
"26126","M1","C4620083","14","763","C4620083 M1","tmt",0.194902134425125,"763 tmt","14 tmt"
"26127","M1","C4620083","14","764","C4620083 M1","tmt",0.19485565333459,"764 tmt","14 tmt"
"26128","M1","C4620083","14","765","C4620083 M1","tmt",0.194807039711624,"765 tmt","14 tmt"
"26129","M1","C4620083","14","766","C4620083 M1","tmt",0.194743455194908,"766 tmt","14 tmt"
"26130","M1","C4620083","14","767","C4620083 M1","tmt",0.194346838921892,"767 tmt","14 tmt"
"26131","M1","C4620083","14","768","C4620083 M1","tmt",0.19372719721374,"768 tmt","14 tmt"
"26132","M1","C4620083","14","769","C4620083 M1","tmt",0.193667354808067,"769 tmt","14 tmt"
"26133","M1","C4620083","14","770","C4620083 M1","tmt",0.193072596051219,"770 tmt","14 tmt"
"26134","M1","C4620083","14","771","C4620083 M1","tmt",0.19296966435024,"771 tmt","14 tmt"
"26135","M1","C4620083","14","772","C4620083 M1","tmt",0.192216341892606,"772 tmt","14 tmt"
"26136","M1","C4620083","14","773","C4620083 M1","tmt",0.192073550199406,"773 tmt","14 tmt"
"26137","M1","C4620083","14","774","C4620083 M1","tmt",0.191972525848778,"774 tmt","14 tmt"
"26138","M1","C4620083","14","775","C4620083 M1","tmt",0.191872621276188,"775 tmt","14 tmt"
"26139","M1","C4620083","14","776","C4620083 M1","tmt",0.191236759334569,"776 tmt","14 tmt"
"26140","M1","C4620083","14","777","C4620083 M1","tmt",0.191100904763665,"777 tmt","14 tmt"
"26141","M1","C4620083","14","778","C4620083 M1","tmt",0.19108691507691,"778 tmt","14 tmt"
"26142","M1","C4620083","14","779","C4620083 M1","tmt",0.190667230267649,"779 tmt","14 tmt"
"26143","M1","C4620083","14","780","C4620083 M1","tmt",0.190476732881394,"780 tmt","14 tmt"
"26144","M1","C4620083","14","781","C4620083 M1","tmt",0.190199556442927,"781 tmt","14 tmt"
"26145","M1","C4620083","14","782","C4620083 M1","tmt",0.190097657192296,"782 tmt","14 tmt"
"26146","M1","C4620083","14","783","C4620083 M1","tmt",0.189322071868025,"783 tmt","14 tmt"
"26147","M1","C4620083","14","784","C4620083 M1","tmt",0.1885036920164,"784 tmt","14 tmt"
"26148","M1","C4620083","14","785","C4620083 M1","tmt",0.188353411516543,"785 tmt","14 tmt"
"26149","M1","C4620083","14","786","C4620083 M1","tmt",0.187785173922155,"786 tmt","14 tmt"
"26150","M1","C4620083","14","787","C4620083 M1","tmt",0.186978684273219,"787 tmt","14 tmt"
"26151","M1","C4620083","14","788","C4620083 M1","tmt",0.185482352265433,"788 tmt","14 tmt"
"26152","M1","C4620083","14","789","C4620083 M1","tmt",0.185426315961345,"789 tmt","14 tmt"
"26153","M1","C4620083","14","790","C4620083 M1","tmt",0.185342770351767,"790 tmt","14 tmt"
"26154","M1","C4620083","14","791","C4620083 M1","tmt",0.185162255560863,"791 tmt","14 tmt"
"26155","M1","C4620083","14","792","C4620083 M1","tmt",0.185125910647368,"792 tmt","14 tmt"
"26156","M1","C4620083","14","793","C4620083 M1","tmt",0.185050638008425,"793 tmt","14 tmt"
"26157","M1","C4620083","14","794","C4620083 M1","tmt",0.183067436725859,"794 tmt","14 tmt"
"26158","M1","C4620083","14","795","C4620083 M1","tmt",0.182662633814136,"795 tmt","14 tmt"
"26159","M1","C4620083","14","796","C4620083 M1","tmt",0.182634518925955,"796 tmt","14 tmt"
"26160","M1","C4620083","14","797","C4620083 M1","tmt",0.182528441304779,"797 tmt","14 tmt"
"26161","M1","C4620083","14","798","C4620083 M1","tmt",0.181727943483201,"798 tmt","14 tmt"
"26162","M1","C4620083","14","799","C4620083 M1","tmt",0.181548202342634,"799 tmt","14 tmt"
"26163","M1","C4620083","14","800","C4620083 M1","tmt",0.181321579786247,"800 tmt","14 tmt"
"26164","M1","C4620083","14","801","C4620083 M1","tmt",0.18068421924368,"801 tmt","14 tmt"
"26165","M1","C4620083","14","802","C4620083 M1","tmt",0.180506713185941,"802 tmt","14 tmt"
"26166","M1","C4620083","14","803","C4620083 M1","tmt",0.180448656226936,"803 tmt","14 tmt"
"26167","M1","C4620083","14","804","C4620083 M1","tmt",0.180361955307702,"804 tmt","14 tmt"
"26168","M1","C4620083","14","805","C4620083 M1","tmt",0.180345914541641,"805 tmt","14 tmt"
"26169","M1","C4620083","14","806","C4620083 M1","tmt",0.180061443370851,"806 tmt","14 tmt"
"26170","M1","C4620083","14","807","C4620083 M1","tmt",0.179965602966542,"807 tmt","14 tmt"
"26171","M1","C4620083","14","808","C4620083 M1","tmt",0.179842285133404,"808 tmt","14 tmt"
"26172","M1","C4620083","14","809","C4620083 M1","tmt",0.17960913979863,"809 tmt","14 tmt"
"26173","M1","C4620083","14","810","C4620083 M1","tmt",0.178813815357532,"810 tmt","14 tmt"
"26174","M1","C4620083","14","811","C4620083 M1","tmt",0.178452434074075,"811 tmt","14 tmt"
"26175","M1","C4620083","14","812","C4620083 M1","tmt",0.178382877467869,"812 tmt","14 tmt"
"26176","M1","C4620083","14","813","C4620083 M1","tmt",0.177726030287386,"813 tmt","14 tmt"
"26177","M1","C4620083","14","814","C4620083 M1","tmt",0.177221992900051,"814 tmt","14 tmt"
"26178","M1","C4620083","14","815","C4620083 M1","tmt",0.177170934254401,"815 tmt","14 tmt"
"26179","M1","C4620083","14","816","C4620083 M1","tmt",0.176517066429213,"816 tmt","14 tmt"
"26180","M1","C4620083","14","817","C4620083 M1","tmt",0.176145606081819,"817 tmt","14 tmt"
"26181","M1","C4620083","14","818","C4620083 M1","tmt",0.175895313328218,"818 tmt","14 tmt"
"26182","M1","C4620083","14","819","C4620083 M1","tmt",0.175546730535464,"819 tmt","14 tmt"
"26183","M1","C4620083","14","820","C4620083 M1","tmt",0.174835298858025,"820 tmt","14 tmt"
"26184","M1","C4620083","14","821","C4620083 M1","tmt",0.174072046033104,"821 tmt","14 tmt"
"26185","M1","C4620083","14","822","C4620083 M1","tmt",0.173941238576006,"822 tmt","14 tmt"
"26186","M1","C4620083","14","823","C4620083 M1","tmt",0.173937075179824,"823 tmt","14 tmt"
"26187","M1","C4620083","14","824","C4620083 M1","tmt",0.173561132719792,"824 tmt","14 tmt"
"26188","M1","C4620083","14","825","C4620083 M1","tmt",0.173399913387982,"825 tmt","14 tmt"
"26189","M1","C4620083","14","826","C4620083 M1","tmt",0.173037897318066,"826 tmt","14 tmt"
"26190","M1","C4620083","14","827","C4620083 M1","tmt",0.172656773703078,"827 tmt","14 tmt"
"26191","M1","C4620083","14","828","C4620083 M1","tmt",0.172605140887335,"828 tmt","14 tmt"
"26192","M1","C4620083","14","829","C4620083 M1","tmt",0.17244946604302,"829 tmt","14 tmt"
"26193","M1","C4620083","14","830","C4620083 M1","tmt",0.171831038332301,"830 tmt","14 tmt"
"26194","M1","C4620083","14","831","C4620083 M1","tmt",0.171375831763434,"831 tmt","14 tmt"
"26195","M1","C4620083","14","832","C4620083 M1","tmt",0.171308695089452,"832 tmt","14 tmt"
"26196","M1","C4620083","14","833","C4620083 M1","tmt",0.170128357705592,"833 tmt","14 tmt"
"26197","M1","C4620083","14","834","C4620083 M1","tmt",0.16983461963419,"834 tmt","14 tmt"
"26198","M1","C4620083","14","835","C4620083 M1","tmt",0.169600996296685,"835 tmt","14 tmt"
"26199","M1","C4620083","14","836","C4620083 M1","tmt",0.169002163354562,"836 tmt","14 tmt"
"26200","M1","C4620083","14","837","C4620083 M1","tmt",0.168273178022034,"837 tmt","14 tmt"
"26201","M1","C4620083","14","838","C4620083 M1","tmt",0.167565371345804,"838 tmt","14 tmt"
"26202","M1","C4620083","14","839","C4620083 M1","tmt",0.166676327755855,"839 tmt","14 tmt"
"26203","M1","C4620083","14","840","C4620083 M1","tmt",0.166550296671225,"840 tmt","14 tmt"
"26204","M1","C4620083","14","841","C4620083 M1","tmt",0.166317479130126,"841 tmt","14 tmt"
"26205","M1","C4620083","14","842","C4620083 M1","tmt",0.165776787345003,"842 tmt","14 tmt"
"26206","M1","C4620083","14","843","C4620083 M1","tmt",0.165746636793455,"843 tmt","14 tmt"
"26207","M1","C4620083","14","844","C4620083 M1","tmt",0.164731542924925,"844 tmt","14 tmt"
"26208","M1","C4620083","14","845","C4620083 M1","tmt",0.164191413469294,"845 tmt","14 tmt"
"26209","M1","C4620083","14","846","C4620083 M1","tmt",0.163872963646292,"846 tmt","14 tmt"
"26210","M1","C4620083","14","847","C4620083 M1","tmt",0.16380863729301,"847 tmt","14 tmt"
"26211","M1","C4620083","14","848","C4620083 M1","tmt",0.163529008721229,"848 tmt","14 tmt"
"26212","M1","C4620083","14","849","C4620083 M1","tmt",0.16322279064599,"849 tmt","14 tmt"
"26213","M1","C4620083","14","850","C4620083 M1","tmt",0.163043464456619,"850 tmt","14 tmt"
"26214","M1","C4620083","14","851","C4620083 M1","tmt",0.161911618818363,"851 tmt","14 tmt"
"26215","M1","C4620083","14","852","C4620083 M1","tmt",0.161539002349914,"852 tmt","14 tmt"
"26216","M1","C4620083","14","853","C4620083 M1","tmt",0.160480034084296,"853 tmt","14 tmt"
"26217","M1","C4620083","14","854","C4620083 M1","tmt",0.160431857131112,"854 tmt","14 tmt"
"26218","M1","C4620083","14","855","C4620083 M1","tmt",0.160195039255048,"855 tmt","14 tmt"
"26219","M1","C4620083","14","856","C4620083 M1","tmt",0.159873483165836,"856 tmt","14 tmt"
"26220","M1","C4620083","14","857","C4620083 M1","tmt",0.159551395303455,"857 tmt","14 tmt"
"26221","M1","C4620083","14","858","C4620083 M1","tmt",0.15926571081923,"858 tmt","14 tmt"
"26222","M1","C4620083","14","859","C4620083 M1","tmt",0.159003837062193,"859 tmt","14 tmt"
"26223","M1","C4620083","14","860","C4620083 M1","tmt",0.158921520941207,"860 tmt","14 tmt"
"26224","M1","C4620083","14","861","C4620083 M1","tmt",0.158727719591996,"861 tmt","14 tmt"
"26225","M1","C4620083","14","862","C4620083 M1","tmt",0.158697677775861,"862 tmt","14 tmt"
"26226","M1","C4620083","14","863","C4620083 M1","tmt",0.158236296482151,"863 tmt","14 tmt"
"26227","M1","C4620083","14","864","C4620083 M1","tmt",0.158113583993735,"864 tmt","14 tmt"
"26228","M1","C4620083","14","865","C4620083 M1","tmt",0.157866316952359,"865 tmt","14 tmt"
"26229","M1","C4620083","14","866","C4620083 M1","tmt",0.157719516335189,"866 tmt","14 tmt"
"26230","M1","C4620083","14","867","C4620083 M1","tmt",0.157203722577866,"867 tmt","14 tmt"
"26231","M1","C4620083","14","868","C4620083 M1","tmt",0.15693037980831,"868 tmt","14 tmt"
"26232","M1","C4620083","14","869","C4620083 M1","tmt",0.156379757932772,"869 tmt","14 tmt"
"26233","M1","C4620083","14","870","C4620083 M1","tmt",0.15579004404213,"870 tmt","14 tmt"
"26234","M1","C4620083","14","871","C4620083 M1","tmt",0.155670049468352,"871 tmt","14 tmt"
"26235","M1","C4620083","14","872","C4620083 M1","tmt",0.155655568724614,"872 tmt","14 tmt"
"26236","M1","C4620083","14","873","C4620083 M1","tmt",0.15496924723957,"873 tmt","14 tmt"
"26237","M1","C4620083","14","874","C4620083 M1","tmt",0.154954776330006,"874 tmt","14 tmt"
"26238","M1","C4620083","14","875","C4620083 M1","tmt",0.154874047578745,"875 tmt","14 tmt"
"26239","M1","C4620083","14","876","C4620083 M1","tmt",0.154709139498007,"876 tmt","14 tmt"
"26240","M1","C4620083","14","877","C4620083 M1","tmt",0.154550217239652,"877 tmt","14 tmt"
"26241","M1","C4620083","14","878","C4620083 M1","tmt",0.154344846881305,"878 tmt","14 tmt"
"26242","M1","C4620083","14","879","C4620083 M1","tmt",0.154333898527409,"879 tmt","14 tmt"
"26243","M1","C4620083","14","880","C4620083 M1","tmt",0.15429483483972,"880 tmt","14 tmt"
"26244","M1","C4620083","14","881","C4620083 M1","tmt",0.154126450325532,"881 tmt","14 tmt"
"26245","M1","C4620083","14","882","C4620083 M1","tmt",0.153949833490616,"882 tmt","14 tmt"
"26246","M1","C4620083","14","883","C4620083 M1","tmt",0.153861231716907,"883 tmt","14 tmt"
"26247","M1","C4620083","14","884","C4620083 M1","tmt",0.153546796287641,"884 tmt","14 tmt"
"26248","M1","C4620083","14","885","C4620083 M1","tmt",0.153323442102868,"885 tmt","14 tmt"
"26249","M1","C4620083","14","886","C4620083 M1","tmt",0.152960702693808,"886 tmt","14 tmt"
"26250","M1","C4620083","14","887","C4620083 M1","tmt",0.151573352248865,"887 tmt","14 tmt"
"26251","M1","C4620083","14","888","C4620083 M1","tmt",0.150625981542405,"888 tmt","14 tmt"
"26252","M1","C4620083","14","889","C4620083 M1","tmt",0.150499698820942,"889 tmt","14 tmt"
"26253","M1","C4620083","14","890","C4620083 M1","tmt",0.149970303062043,"890 tmt","14 tmt"
"26254","M1","C4620083","14","891","C4620083 M1","tmt",0.149942027362355,"891 tmt","14 tmt"
"26255","M1","C4620083","14","892","C4620083 M1","tmt",0.149325039038974,"892 tmt","14 tmt"
"26256","M1","C4620083","14","893","C4620083 M1","tmt",0.148774882012517,"893 tmt","14 tmt"
"26257","M1","C4620083","14","894","C4620083 M1","tmt",0.148521995635515,"894 tmt","14 tmt"
"26258","M1","C4620083","14","895","C4620083 M1","tmt",0.148473909173714,"895 tmt","14 tmt"
"26259","M1","C4620083","14","896","C4620083 M1","tmt",0.148002242862931,"896 tmt","14 tmt"
"26260","M1","C4620083","14","897","C4620083 M1","tmt",0.147860002636142,"897 tmt","14 tmt"
"26261","M1","C4620083","14","898","C4620083 M1","tmt",0.147245986570049,"898 tmt","14 tmt"
"26262","M1","C4620083","14","899","C4620083 M1","tmt",0.147044924740733,"899 tmt","14 tmt"
"26263","M1","C4620083","14","900","C4620083 M1","tmt",0.146892132699668,"900 tmt","14 tmt"
"26264","M1","C4620083","14","901","C4620083 M1","tmt",0.146686340291531,"901 tmt","14 tmt"
"26265","M1","C4620083","14","902","C4620083 M1","tmt",0.146225604067682,"902 tmt","14 tmt"
"26266","M1","C4620083","14","903","C4620083 M1","tmt",0.144379249626327,"903 tmt","14 tmt"
"26267","M1","C4620083","14","904","C4620083 M1","tmt",0.144307146218737,"904 tmt","14 tmt"
"26268","M1","C4620083","14","905","C4620083 M1","tmt",0.144215101273222,"905 tmt","14 tmt"
"26269","M1","C4620083","14","906","C4620083 M1","tmt",0.144023888519936,"906 tmt","14 tmt"
"26270","M1","C4620083","14","907","C4620083 M1","tmt",0.14371344818388,"907 tmt","14 tmt"
"26271","M1","C4620083","14","908","C4620083 M1","tmt",0.142879003226253,"908 tmt","14 tmt"
"26272","M1","C4620083","14","909","C4620083 M1","tmt",0.142706579697215,"909 tmt","14 tmt"
"26273","M1","C4620083","14","910","C4620083 M1","tmt",0.142655405989905,"910 tmt","14 tmt"
"26274","M1","C4620083","14","911","C4620083 M1","tmt",0.14097186148523,"911 tmt","14 tmt"
"26275","M1","C4620083","14","912","C4620083 M1","tmt",0.140683094921013,"912 tmt","14 tmt"
"26276","M1","C4620083","14","913","C4620083 M1","tmt",0.140460184635495,"913 tmt","14 tmt"
"26277","M1","C4620083","14","914","C4620083 M1","tmt",0.140428431477668,"914 tmt","14 tmt"
"26278","M1","C4620083","14","915","C4620083 M1","tmt",0.14003825518305,"915 tmt","14 tmt"
"26279","M1","C4620083","14","916","C4620083 M1","tmt",0.139894427175558,"916 tmt","14 tmt"
"26280","M1","C4620083","14","917","C4620083 M1","tmt",0.139749385851005,"917 tmt","14 tmt"
"26281","M1","C4620083","14","918","C4620083 M1","tmt",0.139396138197774,"918 tmt","14 tmt"
"26282","M1","C4620083","14","919","C4620083 M1","tmt",0.139197139643234,"919 tmt","14 tmt"
"26283","M1","C4620083","14","920","C4620083 M1","tmt",0.139024412769185,"920 tmt","14 tmt"
"26284","M1","C4620083","14","921","C4620083 M1","tmt",0.138827005871473,"921 tmt","14 tmt"
"26285","M1","C4620083","14","922","C4620083 M1","tmt",0.138748686095034,"922 tmt","14 tmt"
"26286","M1","C4620083","14","923","C4620083 M1","tmt",0.138692302955263,"923 tmt","14 tmt"
"26287","M1","C4620083","14","924","C4620083 M1","tmt",0.13835439770616,"924 tmt","14 tmt"
"26288","M1","C4620083","14","925","C4620083 M1","tmt",0.138273843167699,"925 tmt","14 tmt"
"26289","M1","C4620083","14","926","C4620083 M1","tmt",0.138013346606177,"926 tmt","14 tmt"
"26290","M1","C4620083","14","927","C4620083 M1","tmt",0.137445028308804,"927 tmt","14 tmt"
"26291","M1","C4620083","14","928","C4620083 M1","tmt",0.136675453661019,"928 tmt","14 tmt"
"26292","M1","C4620083","14","929","C4620083 M1","tmt",0.135559142715057,"929 tmt","14 tmt"
"26293","M1","C4620083","14","930","C4620083 M1","tmt",0.135489629057542,"930 tmt","14 tmt"
"26294","M1","C4620083","14","931","C4620083 M1","tmt",0.135232608662083,"931 tmt","14 tmt"
"26295","M1","C4620083","14","932","C4620083 M1","tmt",0.135221053037444,"932 tmt","14 tmt"
"26296","M1","C4620083","14","933","C4620083 M1","tmt",0.134888422830725,"933 tmt","14 tmt"
"26297","M1","C4620083","14","934","C4620083 M1","tmt",0.13422295595207,"934 tmt","14 tmt"
"26298","M1","C4620083","14","935","C4620083 M1","tmt",0.134173495198138,"935 tmt","14 tmt"
"26299","M1","C4620083","14","936","C4620083 M1","tmt",0.133817983788365,"936 tmt","14 tmt"
"26300","M1","C4620083","14","937","C4620083 M1","tmt",0.133773273255744,"937 tmt","14 tmt"
"26301","M1","C4620083","14","938","C4620083 M1","tmt",0.133003065793208,"938 tmt","14 tmt"
"26302","M1","C4620083","14","939","C4620083 M1","tmt",0.132916349262465,"939 tmt","14 tmt"
"26303","M1","C4620083","14","940","C4620083 M1","tmt",0.132437921864951,"940 tmt","14 tmt"
"26304","M1","C4620083","14","941","C4620083 M1","tmt",0.131629003440267,"941 tmt","14 tmt"
"26305","M1","C4620083","14","942","C4620083 M1","tmt",0.131378938461256,"942 tmt","14 tmt"
"26306","M1","C4620083","14","943","C4620083 M1","tmt",0.13094638962212,"943 tmt","14 tmt"
"26307","M1","C4620083","14","944","C4620083 M1","tmt",0.130286366725755,"944 tmt","14 tmt"
"26308","M1","C4620083","14","945","C4620083 M1","tmt",0.129750588113748,"945 tmt","14 tmt"
"26309","M1","C4620083","14","946","C4620083 M1","tmt",0.129355706015718,"946 tmt","14 tmt"
"26310","M1","C4620083","14","947","C4620083 M1","tmt",0.128742057934587,"947 tmt","14 tmt"
"26311","M1","C4620083","14","948","C4620083 M1","tmt",0.128725208621819,"948 tmt","14 tmt"
"26312","M1","C4620083","14","949","C4620083 M1","tmt",0.127183727150525,"949 tmt","14 tmt"
"26313","M1","C4620083","14","950","C4620083 M1","tmt",0.126709290824846,"950 tmt","14 tmt"
"26314","M1","C4620083","14","951","C4620083 M1","tmt",0.126366158368056,"951 tmt","14 tmt"
"26315","M1","C4620083","14","952","C4620083 M1","tmt",0.125826617035056,"952 tmt","14 tmt"
"26316","M1","C4620083","14","953","C4620083 M1","tmt",0.125738127844905,"953 tmt","14 tmt"
"26317","M1","C4620083","14","954","C4620083 M1","tmt",0.125572187360927,"954 tmt","14 tmt"
"26318","M1","C4620083","14","955","C4620083 M1","tmt",0.125321688213697,"955 tmt","14 tmt"
"26319","M1","C4620083","14","956","C4620083 M1","tmt",0.124978922931809,"956 tmt","14 tmt"
"26320","M1","C4620083","14","957","C4620083 M1","tmt",0.124617374463777,"957 tmt","14 tmt"
"26321","M1","C4620083","14","958","C4620083 M1","tmt",0.124492377620771,"958 tmt","14 tmt"
"26322","M1","C4620083","14","959","C4620083 M1","tmt",0.123735547415611,"959 tmt","14 tmt"
"26323","M1","C4620083","14","960","C4620083 M1","tmt",0.12351187650038,"960 tmt","14 tmt"
"26324","M1","C4620083","14","961","C4620083 M1","tmt",0.123332522404921,"961 tmt","14 tmt"
"26325","M1","C4620083","14","962","C4620083 M1","tmt",0.122949881444893,"962 tmt","14 tmt"
"26326","M1","C4620083","14","963","C4620083 M1","tmt",0.122314879428026,"963 tmt","14 tmt"
"26327","M1","C4620083","14","964","C4620083 M1","tmt",0.120313609617984,"964 tmt","14 tmt"
"26328","M1","C4620083","14","965","C4620083 M1","tmt",0.119311480468734,"965 tmt","14 tmt"
"26329","M1","C4620083","14","966","C4620083 M1","tmt",0.11896535069414,"966 tmt","14 tmt"
"26330","M1","C4620083","14","967","C4620083 M1","tmt",0.118456967416365,"967 tmt","14 tmt"
"26331","M1","C4620083","14","968","C4620083 M1","tmt",0.117889752942427,"968 tmt","14 tmt"
"26332","M1","C4620083","14","969","C4620083 M1","tmt",0.117368200613014,"969 tmt","14 tmt"
"26333","M1","C4620083","14","970","C4620083 M1","tmt",0.117199539501956,"970 tmt","14 tmt"
"26334","M1","C4620083","14","971","C4620083 M1","tmt",0.11658010847734,"971 tmt","14 tmt"
"26335","M1","C4620083","14","972","C4620083 M1","tmt",0.115783016239725,"972 tmt","14 tmt"
"26336","M1","C4620083","14","973","C4620083 M1","tmt",0.11513473706079,"973 tmt","14 tmt"
"26337","M1","C4620083","14","974","C4620083 M1","tmt",0.114349405188399,"974 tmt","14 tmt"
"26338","M1","C4620083","14","975","C4620083 M1","tmt",0.114063800062142,"975 tmt","14 tmt"
"26339","M1","C4620083","14","976","C4620083 M1","tmt",0.112754597387387,"976 tmt","14 tmt"
"26340","M1","C4620083","14","977","C4620083 M1","tmt",0.112572746411558,"977 tmt","14 tmt"
"26341","M1","C4620083","14","978","C4620083 M1","tmt",0.112258942284232,"978 tmt","14 tmt"
"26342","M1","C4620083","14","979","C4620083 M1","tmt",0.112247935673773,"979 tmt","14 tmt"
"26343","M1","C4620083","14","980","C4620083 M1","tmt",0.11216025845555,"980 tmt","14 tmt"
"26344","M1","C4620083","14","981","C4620083 M1","tmt",0.112051344738442,"981 tmt","14 tmt"
"26345","M1","C4620083","14","982","C4620083 M1","tmt",0.111915266553391,"982 tmt","14 tmt"
"26346","M1","C4620083","14","983","C4620083 M1","tmt",0.111912782857173,"983 tmt","14 tmt"
"26347","M1","C4620083","14","984","C4620083 M1","tmt",0.111909270480204,"984 tmt","14 tmt"
"26348","M1","C4620083","14","985","C4620083 M1","tmt",0.111785615750132,"985 tmt","14 tmt"
"26349","M1","C4620083","14","986","C4620083 M1","tmt",0.111301682396704,"986 tmt","14 tmt"
"26350","M1","C4620083","14","987","C4620083 M1","tmt",0.111180536204771,"987 tmt","14 tmt"
"26351","M1","C4620083","14","988","C4620083 M1","tmt",0.110596332274027,"988 tmt","14 tmt"
"26352","M1","C4620083","14","989","C4620083 M1","tmt",0.110289486527527,"989 tmt","14 tmt"
"26353","M1","C4620083","14","990","C4620083 M1","tmt",0.109768063784089,"990 tmt","14 tmt"
"26354","M1","C4620083","14","991","C4620083 M1","tmt",0.109249931045975,"991 tmt","14 tmt"
"26355","M1","C4620083","14","992","C4620083 M1","tmt",0.10802766689209,"992 tmt","14 tmt"
"26356","M1","C4620083","14","993","C4620083 M1","tmt",0.107430328548467,"993 tmt","14 tmt"
"26357","M1","C4620083","14","994","C4620083 M1","tmt",0.106657819895271,"994 tmt","14 tmt"
"26358","M1","C4620083","14","995","C4620083 M1","tmt",0.105710712354606,"995 tmt","14 tmt"
"26359","M1","C4620083","14","996","C4620083 M1","tmt",0.105532465059587,"996 tmt","14 tmt"
"26360","M1","C4620083","14","997","C4620083 M1","tmt",0.104952883280464,"997 tmt","14 tmt"
"26361","M1","C4620083","14","998","C4620083 M1","tmt",0.104901346467572,"998 tmt","14 tmt"
"26362","M1","C4620083","14","999","C4620083 M1","tmt",0.10420161580296,"999 tmt","14 tmt"
"26363","M1","C4620083","14","1000","C4620083 M1","tmt",0.101855070689023,"1000 tmt","14 tmt"
"26364","M1","C4620083","14","1001","C4620083 M1","tmt",0.101622779170213,"1001 tmt","14 tmt"
"26365","M1","C4620083","14","1002","C4620083 M1","tmt",0.100615426693375,"1002 tmt","14 tmt"
"26366","M1","C4620083","14","1003","C4620083 M1","tmt",0.100294550515648,"1003 tmt","14 tmt"
"26367","M1","C4620083","14","1004","C4620083 M1","tmt",0.100182937531036,"1004 tmt","14 tmt"
"26368","M1","C4620083","14","1005","C4620083 M1","tmt",0.0998586037451106,"1005 tmt","14 tmt"
"26369","M1","C4620083","14","1006","C4620083 M1","tmt",0.0983048915980334,"1006 tmt","14 tmt"
"26370","M1","C4620083","14","1007","C4620083 M1","tmt",0.097857712729257,"1007 tmt","14 tmt"
"26371","M1","C4620083","14","1008","C4620083 M1","tmt",0.097809263861331,"1008 tmt","14 tmt"
"26372","M1","C4620083","14","1009","C4620083 M1","tmt",0.0971074104407184,"1009 tmt","14 tmt"
"26373","M1","C4620083","14","1010","C4620083 M1","tmt",0.0965394167857233,"1010 tmt","14 tmt"
"26374","M1","C4620083","14","1011","C4620083 M1","tmt",0.0962740125526155,"1011 tmt","14 tmt"
"26375","M1","C4620083","14","1012","C4620083 M1","tmt",0.0950581054362934,"1012 tmt","14 tmt"
"26376","M1","C4620083","14","1013","C4620083 M1","tmt",0.0936780567973596,"1013 tmt","14 tmt"
"26377","M1","C4620083","14","1014","C4620083 M1","tmt",0.0930408673629764,"1014 tmt","14 tmt"
"26378","M1","C4620083","14","1015","C4620083 M1","tmt",0.0924109697358791,"1015 tmt","14 tmt"
"26379","M1","C4620083","14","1016","C4620083 M1","tmt",0.0915074360713683,"1016 tmt","14 tmt"
"26380","M1","C4620083","14","1017","C4620083 M1","tmt",0.0914750785610658,"1017 tmt","14 tmt"
"26381","M1","C4620083","14","1018","C4620083 M1","tmt",0.0912807031232043,"1018 tmt","14 tmt"
"26382","M1","C4620083","14","1019","C4620083 M1","tmt",0.0908257634739013,"1019 tmt","14 tmt"
"26383","M1","C4620083","14","1020","C4620083 M1","tmt",0.0906124522548357,"1020 tmt","14 tmt"
"26384","M1","C4620083","14","1021","C4620083 M1","tmt",0.0905011310567894,"1021 tmt","14 tmt"
"26385","M1","C4620083","14","1022","C4620083 M1","tmt",0.0896437667430771,"1022 tmt","14 tmt"
"26386","M1","C4620083","14","1023","C4620083 M1","tmt",0.0889766652075529,"1023 tmt","14 tmt"
"26387","M1","C4620083","14","1024","C4620083 M1","tmt",0.0889624328379161,"1024 tmt","14 tmt"
"26388","M1","C4620083","14","1025","C4620083 M1","tmt",0.0889604218221189,"1025 tmt","14 tmt"
"26389","M1","C4620083","14","1026","C4620083 M1","tmt",0.0889521922243681,"1026 tmt","14 tmt"
"26390","M1","C4620083","14","1027","C4620083 M1","tmt",0.0880285485540225,"1027 tmt","14 tmt"
"26391","M1","C4620083","14","1028","C4620083 M1","tmt",0.0879130496140467,"1028 tmt","14 tmt"
"26392","M1","C4620083","14","1029","C4620083 M1","tmt",0.0875416772558094,"1029 tmt","14 tmt"
"26393","M1","C4620083","14","1030","C4620083 M1","tmt",0.0873094264443102,"1030 tmt","14 tmt"
"26394","M1","C4620083","14","1031","C4620083 M1","tmt",0.0872245150254623,"1031 tmt","14 tmt"
"26395","M1","C4620083","14","1032","C4620083 M1","tmt",0.0868559705672464,"1032 tmt","14 tmt"
"26396","M1","C4620083","14","1033","C4620083 M1","tmt",0.0864714162089105,"1033 tmt","14 tmt"
"26397","M1","C4620083","14","1034","C4620083 M1","tmt",0.0858817977938076,"1034 tmt","14 tmt"
"26398","M1","C4620083","14","1035","C4620083 M1","tmt",0.0834453755633358,"1035 tmt","14 tmt"
"26399","M1","C4620083","14","1036","C4620083 M1","tmt",0.0823924477038536,"1036 tmt","14 tmt"
"26400","M1","C4620083","14","1037","C4620083 M1","tmt",0.0822349663033899,"1037 tmt","14 tmt"
"26401","M1","C4620083","14","1038","C4620083 M1","tmt",0.081936734068971,"1038 tmt","14 tmt"
"26402","M1","C4620083","14","1039","C4620083 M1","tmt",0.0818937658484285,"1039 tmt","14 tmt"
"26403","M1","C4620083","14","1040","C4620083 M1","tmt",0.0817869851652598,"1040 tmt","14 tmt"
"26404","M1","C4620083","14","1041","C4620083 M1","tmt",0.0808777238677313,"1041 tmt","14 tmt"
"26405","M1","C4620083","14","1042","C4620083 M1","tmt",0.079261555916283,"1042 tmt","14 tmt"
"26406","M1","C4620083","14","1043","C4620083 M1","tmt",0.0788959944052039,"1043 tmt","14 tmt"
"26407","M1","C4620083","14","1044","C4620083 M1","tmt",0.0786961889327347,"1044 tmt","14 tmt"
"26408","M1","C4620083","14","1045","C4620083 M1","tmt",0.0775565222261301,"1045 tmt","14 tmt"
"26409","M1","C4620083","14","1046","C4620083 M1","tmt",0.0770225341404989,"1046 tmt","14 tmt"
"26410","M1","C4620083","14","1047","C4620083 M1","tmt",0.0762832325703491,"1047 tmt","14 tmt"
"26411","M1","C4620083","14","1048","C4620083 M1","tmt",0.0762556523352084,"1048 tmt","14 tmt"
"26412","M1","C4620083","14","1049","C4620083 M1","tmt",0.0742179661328978,"1049 tmt","14 tmt"
"26413","M1","C4620083","14","1050","C4620083 M1","tmt",0.0741035665680075,"1050 tmt","14 tmt"
"26414","M1","C4620083","14","1051","C4620083 M1","tmt",0.0731394307565468,"1051 tmt","14 tmt"
"26415","M1","C4620083","14","1052","C4620083 M1","tmt",0.0729087885662683,"1052 tmt","14 tmt"
"26416","M1","C4620083","14","1053","C4620083 M1","tmt",0.0724719266168676,"1053 tmt","14 tmt"
"26417","M1","C4620083","14","1054","C4620083 M1","tmt",0.0717691145640957,"1054 tmt","14 tmt"
"26418","M1","C4620083","14","1055","C4620083 M1","tmt",0.0713051101651664,"1055 tmt","14 tmt"
"26419","M1","C4620083","14","1056","C4620083 M1","tmt",0.070644796818216,"1056 tmt","14 tmt"
"26420","M1","C4620083","14","1057","C4620083 M1","tmt",0.0698445741186276,"1057 tmt","14 tmt"
"26421","M1","C4620083","14","1058","C4620083 M1","tmt",0.0695455178178659,"1058 tmt","14 tmt"
"26422","M1","C4620083","14","1059","C4620083 M1","tmt",0.0683047604690741,"1059 tmt","14 tmt"
"26423","M1","C4620083","14","1060","C4620083 M1","tmt",0.0676530060725291,"1060 tmt","14 tmt"
"26424","M1","C4620083","14","1061","C4620083 M1","tmt",0.0659583265135206,"1061 tmt","14 tmt"
"26425","M1","C4620083","14","1062","C4620083 M1","tmt",0.0635239244246542,"1062 tmt","14 tmt"
"26426","M1","C4620083","14","1063","C4620083 M1","tmt",0.0629619973717458,"1063 tmt","14 tmt"
"26427","M1","C4620083","14","1064","C4620083 M1","tmt",0.062570480433564,"1064 tmt","14 tmt"
"26428","M1","C4620083","14","1065","C4620083 M1","tmt",0.0615983848731206,"1065 tmt","14 tmt"
"26429","M1","C4620083","14","1066","C4620083 M1","tmt",0.0592844466409759,"1066 tmt","14 tmt"
"26430","M1","C4620083","14","1067","C4620083 M1","tmt",0.0578528622866163,"1067 tmt","14 tmt"
"26431","M1","C4620083","14","1068","C4620083 M1","tmt",0.0575536418425238,"1068 tmt","14 tmt"
"26432","M1","C4620083","14","1069","C4620083 M1","tmt",0.0571288512254993,"1069 tmt","14 tmt"
"26433","M1","C4620083","14","1070","C4620083 M1","tmt",0.0562641652833797,"1070 tmt","14 tmt"
"26434","M1","C4620083","14","1071","C4620083 M1","tmt",0.0558739207934788,"1071 tmt","14 tmt"
"26435","M1","C4620083","14","1072","C4620083 M1","tmt",0.0556450456058693,"1072 tmt","14 tmt"
"26436","M1","C4620083","14","1073","C4620083 M1","tmt",0.0555264560408634,"1073 tmt","14 tmt"
"26437","M1","C4620083","14","1074","C4620083 M1","tmt",0.0554062580186619,"1074 tmt","14 tmt"
"26438","M1","C4620083","14","1075","C4620083 M1","tmt",0.0545547939112501,"1075 tmt","14 tmt"
"26439","M1","C4620083","14","1076","C4620083 M1","tmt",0.0543522334665792,"1076 tmt","14 tmt"
"26440","M1","C4620083","14","1077","C4620083 M1","tmt",0.0540254480229573,"1077 tmt","14 tmt"
"26441","M1","C4620083","14","1078","C4620083 M1","tmt",0.0538192343455682,"1078 tmt","14 tmt"
"26442","M1","C4620083","14","1079","C4620083 M1","tmt",0.0527316259810601,"1079 tmt","14 tmt"
"26443","M1","C4620083","14","1080","C4620083 M1","tmt",0.0526633368874893,"1080 tmt","14 tmt"
"26444","M1","C4620083","14","1081","C4620083 M1","tmt",0.0492192261373855,"1081 tmt","14 tmt"
"26445","M1","C4620083","14","1082","C4620083 M1","tmt",0.0490344357807988,"1082 tmt","14 tmt"
"26446","M1","C4620083","14","1083","C4620083 M1","tmt",0.0489990243333765,"1083 tmt","14 tmt"
"26447","M1","C4620083","14","1084","C4620083 M1","tmt",0.0483504276186113,"1084 tmt","14 tmt"
"26448","M1","C4620083","14","1085","C4620083 M1","tmt",0.0468943809812719,"1085 tmt","14 tmt"
"26449","M1","C4620083","14","1086","C4620083 M1","tmt",0.0460621972354214,"1086 tmt","14 tmt"
"26450","M1","C4620083","14","1087","C4620083 M1","tmt",0.0459320065865297,"1087 tmt","14 tmt"
"26451","M1","C4620083","14","1088","C4620083 M1","tmt",0.0436992066153192,"1088 tmt","14 tmt"
"26452","M1","C4620083","14","1089","C4620083 M1","tmt",0.0425545028162865,"1089 tmt","14 tmt"
"26453","M1","C4620083","14","1090","C4620083 M1","tmt",0.0421200764282752,"1090 tmt","14 tmt"
"26454","M1","C4620083","14","1091","C4620083 M1","tmt",0.0416355399929365,"1091 tmt","14 tmt"
"26455","M1","C4620083","14","1092","C4620083 M1","tmt",0.0412594449592851,"1092 tmt","14 tmt"
"26456","M1","C4620083","14","1093","C4620083 M1","tmt",0.0412185066620915,"1093 tmt","14 tmt"
"26457","M1","C4620083","14","1094","C4620083 M1","tmt",0.0411980590906022,"1094 tmt","14 tmt"
"26458","M1","C4620083","14","1095","C4620083 M1","tmt",0.0399799478781417,"1095 tmt","14 tmt"
"26459","M1","C4620083","14","1096","C4620083 M1","tmt",0.0394905738526374,"1096 tmt","14 tmt"
"26460","M1","C4620083","14","1097","C4620083 M1","tmt",0.0385810596157718,"1097 tmt","14 tmt"
"26461","M1","C4620083","14","1098","C4620083 M1","tmt",0.0383520883425034,"1098 tmt","14 tmt"
"26462","M1","C4620083","14","1099","C4620083 M1","tmt",0.0378606463180066,"1099 tmt","14 tmt"
"26463","M1","C4620083","14","1100","C4620083 M1","tmt",0.0378536824635048,"1100 tmt","14 tmt"
"26464","M1","C4620083","14","1101","C4620083 M1","tmt",0.0378408819292038,"1101 tmt","14 tmt"
"26465","M1","C4620083","14","1102","C4620083 M1","tmt",0.0372138834310264,"1102 tmt","14 tmt"
"26466","M1","C4620083","14","1103","C4620083 M1","tmt",0.0364070509608122,"1103 tmt","14 tmt"
"26467","M1","C4620083","14","1104","C4620083 M1","tmt",0.0361992166407442,"1104 tmt","14 tmt"
"26468","M1","C4620083","14","1105","C4620083 M1","tmt",0.0358518701070541,"1105 tmt","14 tmt"
"26469","M1","C4620083","14","1106","C4620083 M1","tmt",0.0352667917819271,"1106 tmt","14 tmt"
"26470","M1","C4620083","14","1107","C4620083 M1","tmt",0.0337231512419198,"1107 tmt","14 tmt"
"26471","M1","C4620083","14","1108","C4620083 M1","tmt",0.0329754006224836,"1108 tmt","14 tmt"
"26472","M1","C4620083","14","1109","C4620083 M1","tmt",0.0311202705330565,"1109 tmt","14 tmt"
"26473","M1","C4620083","14","1110","C4620083 M1","tmt",0.0294605252884498,"1110 tmt","14 tmt"
"26474","M1","C4620083","14","1111","C4620083 M1","tmt",0.0293988727774068,"1111 tmt","14 tmt"
"26475","M1","C4620083","14","1112","C4620083 M1","tmt",0.0289949629392878,"1112 tmt","14 tmt"
"26476","M1","C4620083","14","1113","C4620083 M1","tmt",0.0284932032561412,"1113 tmt","14 tmt"
"26477","M1","C4620083","14","1114","C4620083 M1","tmt",0.0280486505514413,"1114 tmt","14 tmt"
"26478","M1","C4620083","14","1115","C4620083 M1","tmt",0.0274020965189675,"1115 tmt","14 tmt"
"26479","M1","C4620083","14","1116","C4620083 M1","tmt",0.0265464742114734,"1116 tmt","14 tmt"
"26480","M1","C4620083","14","1117","C4620083 M1","tmt",0.0263239917067733,"1117 tmt","14 tmt"
"26481","M1","C4620083","14","1118","C4620083 M1","tmt",0.0261402629678063,"1118 tmt","14 tmt"
"26482","M1","C4620083","14","1119","C4620083 M1","tmt",0.0260506973303176,"1119 tmt","14 tmt"
"26483","M1","C4620083","14","1120","C4620083 M1","tmt",0.025773244253725,"1120 tmt","14 tmt"
"26484","M1","C4620083","14","1121","C4620083 M1","tmt",0.025023774865586,"1121 tmt","14 tmt"
"26485","M1","C4620083","14","1122","C4620083 M1","tmt",0.0249424757946776,"1122 tmt","14 tmt"
"26486","M1","C4620083","14","1123","C4620083 M1","tmt",0.0248657242325859,"1123 tmt","14 tmt"
"26487","M1","C4620083","14","1124","C4620083 M1","tmt",0.024668335956331,"1124 tmt","14 tmt"
"26488","M1","C4620083","14","1125","C4620083 M1","tmt",0.0243157468562111,"1125 tmt","14 tmt"
"26489","M1","C4620083","14","1126","C4620083 M1","tmt",0.023729119850997,"1126 tmt","14 tmt"
"26490","M1","C4620083","14","1127","C4620083 M1","tmt",0.0231059193230154,"1127 tmt","14 tmt"
"26491","M1","C4620083","14","1128","C4620083 M1","tmt",0.0226642428591991,"1128 tmt","14 tmt"
"26492","M1","C4620083","14","1129","C4620083 M1","tmt",0.0216970325720573,"1129 tmt","14 tmt"
"26493","M1","C4620083","14","1130","C4620083 M1","tmt",0.0216414451609673,"1130 tmt","14 tmt"
"26494","M1","C4620083","14","1131","C4620083 M1","tmt",0.0214545603167517,"1131 tmt","14 tmt"
"26495","M1","C4620083","14","1132","C4620083 M1","tmt",0.0213928569250036,"1132 tmt","14 tmt"
"26496","M1","C4620083","14","1133","C4620083 M1","tmt",0.0213085506872555,"1133 tmt","14 tmt"
"26497","M1","C4620083","14","1134","C4620083 M1","tmt",0.0198721511208169,"1134 tmt","14 tmt"
"26498","M1","C4620083","14","1135","C4620083 M1","tmt",0.0192135947032752,"1135 tmt","14 tmt"
"26499","M1","C4620083","14","1136","C4620083 M1","tmt",0.0192069977077088,"1136 tmt","14 tmt"
"26500","M1","C4620083","14","1137","C4620083 M1","tmt",0.0184560961897224,"1137 tmt","14 tmt"
"26501","M1","C4620083","14","1138","C4620083 M1","tmt",0.0178185443418701,"1138 tmt","14 tmt"
"26502","M1","C4620083","14","1139","C4620083 M1","tmt",0.0172920522442501,"1139 tmt","14 tmt"
"26503","M1","C4620083","14","1140","C4620083 M1","tmt",0.0154302104170037,"1140 tmt","14 tmt"
"26504","M1","C4620083","14","1141","C4620083 M1","tmt",0.0135572059627267,"1141 tmt","14 tmt"
"26505","M1","C4620083","14","1142","C4620083 M1","tmt",0.0113536665266754,"1142 tmt","14 tmt"
"26506","M1","C4620083","14","1143","C4620083 M1","tmt",0.0112553832222998,"1143 tmt","14 tmt"
"26507","M1","C4620083","14","1144","C4620083 M1","tmt",0.00818896329340948,"1144 tmt","14 tmt"
"26508","M1","C4620083","14","1145","C4620083 M1","tmt",0.00618073873895366,"1145 tmt","14 tmt"
"26509","M1","C4620083","14","1146","C4620083 M1","tmt",0.00515605559124822,"1146 tmt","14 tmt"
"26510","M1","C4620083","14","1147","C4620083 M1","tmt",0.00370472861482896,"1147 tmt","14 tmt"
"26511","M1","C4620083","14","1148","C4620083 M1","tmt",0.00315081182996909,"1148 tmt","14 tmt"
"26512","M1","C4620083","14","1149","C4620083 M1","tmt",0.00184175948369226,"1149 tmt","14 tmt"
"26513","M1","C4620083","14","1150","C4620083 M1","tmt",0.00124308434846598,"1150 tmt","14 tmt"
"26514","M1","C4620083","14","1151","C4620083 M1","tmt",0.000262704417638972,"1151 tmt","14 tmt"
"26515","M1","C4620083","14","1152","C4620083 M1","tmt",-0.0021295269752503,"1152 tmt","14 tmt"
"26516","M1","C4620083","14","1153","C4620083 M1","tmt",-0.00281397410777685,"1153 tmt","14 tmt"
"26517","M1","C4620083","14","1154","C4620083 M1","tmt",-0.00331081481363184,"1154 tmt","14 tmt"
"26518","M1","C4620083","14","1155","C4620083 M1","tmt",-0.0063421339395642,"1155 tmt","14 tmt"
"26519","M1","C4620083","14","1156","C4620083 M1","tmt",-0.00643660870805103,"1156 tmt","14 tmt"
"26520","M1","C4620083","14","1157","C4620083 M1","tmt",-0.01001555471324,"1157 tmt","14 tmt"
"26521","M1","C4620083","14","1158","C4620083 M1","tmt",-0.0111486600071739,"1158 tmt","14 tmt"
"26522","M1","C4620083","14","1159","C4620083 M1","tmt",-0.0144772979225771,"1159 tmt","14 tmt"
"26523","M1","C4620083","14","1160","C4620083 M1","tmt",-0.0150094164723278,"1160 tmt","14 tmt"
"26524","M1","C4620083","14","1161","C4620083 M1","tmt",-0.0163582166498867,"1161 tmt","14 tmt"
"26525","M1","C4620083","14","1162","C4620083 M1","tmt",-0.0167004036667293,"1162 tmt","14 tmt"
"26526","M1","C4620083","14","1163","C4620083 M1","tmt",-0.0168348818780541,"1163 tmt","14 tmt"
"26527","M1","C4620083","14","1164","C4620083 M1","tmt",-0.0205430936124038,"1164 tmt","14 tmt"
"26528","M1","C4620083","14","1165","C4620083 M1","tmt",-0.0212092045512648,"1165 tmt","14 tmt"
"26529","M1","C4620083","14","1166","C4620083 M1","tmt",-0.0215072646280246,"1166 tmt","14 tmt"
"26530","M1","C4620083","14","1167","C4620083 M1","tmt",-0.0225733742521999,"1167 tmt","14 tmt"
"26531","M1","C4620083","14","1168","C4620083 M1","tmt",-0.0226858521193104,"1168 tmt","14 tmt"
"26532","M1","C4620083","14","1169","C4620083 M1","tmt",-0.0229466096397444,"1169 tmt","14 tmt"
"26533","M1","C4620083","14","1170","C4620083 M1","tmt",-0.0250537730361034,"1170 tmt","14 tmt"
"26534","M1","C4620083","14","1171","C4620083 M1","tmt",-0.0286223078586294,"1171 tmt","14 tmt"
"26535","M1","C4620083","14","1172","C4620083 M1","tmt",-0.0288343442773439,"1172 tmt","14 tmt"
"26536","M1","C4620083","14","1173","C4620083 M1","tmt",-0.030613846156553,"1173 tmt","14 tmt"
"26537","M1","C4620083","14","1174","C4620083 M1","tmt",-0.0323393437988344,"1174 tmt","14 tmt"
"26538","M1","C4620083","14","1175","C4620083 M1","tmt",-0.0371532726961373,"1175 tmt","14 tmt"
"26539","M1","C4620083","14","1176","C4620083 M1","tmt",-0.037291536014877,"1176 tmt","14 tmt"
"26540","M1","C4620083","14","1177","C4620083 M1","tmt",-0.0378297807969947,"1177 tmt","14 tmt"
"26541","M1","C4620083","14","1178","C4620083 M1","tmt",-0.039328134068818,"1178 tmt","14 tmt"
"26542","M1","C4620083","14","1179","C4620083 M1","tmt",-0.0441581054054283,"1179 tmt","14 tmt"
"26543","M1","C4620083","14","1180","C4620083 M1","tmt",-0.0443567303742491,"1180 tmt","14 tmt"
"26544","M1","C4620083","14","1181","C4620083 M1","tmt",-0.0451090296479538,"1181 tmt","14 tmt"
"26545","M1","C4620083","14","1182","C4620083 M1","tmt",-0.0461412945276203,"1182 tmt","14 tmt"
"26546","M1","C4620083","14","1183","C4620083 M1","tmt",-0.0477338298727695,"1183 tmt","14 tmt"
"26547","M1","C4620083","14","1184","C4620083 M1","tmt",-0.059979402260731,"1184 tmt","14 tmt"
"26548","M1","C4620083","14","1185","C4620083 M1","tmt",-0.0611790860186981,"1185 tmt","14 tmt"
"26549","M1","C4620083","14","1186","C4620083 M1","tmt",-0.0764570922254664,"1186 tmt","14 tmt"
"26550","M1","C4620083","14","1187","C4620083 M1","tmt",-0.0801477611864146,"1187 tmt","14 tmt"
"26551","M1","C4620083","14","1188","C4620083 M1","tmt",-0.0802466610527024,"1188 tmt","14 tmt"
"26552","M1","C4620083","14","1189","C4620083 M1","tmt",-0.0804325939514841,"1189 tmt","14 tmt"
"26553","M1","C4620083","14","1190","C4620083 M1","tmt",-0.0973163701222215,"1190 tmt","14 tmt"
"26554","M1","C4620083","14","1191","C4620083 M1","tmt",-0.103442850549152,"1191 tmt","14 tmt"
"26555","M1","C4620083","14","1192","C4620083 M1","tmt",-0.114483111691094,"1192 tmt","14 tmt"
"26556","M1","C4620083","14","1193","C4620083 M1","tmt",-0.115426109154615,"1193 tmt","14 tmt"
"26557","M1","C4620083","14","1194","C4620083 M1","tmt",-0.122164048768108,"1194 tmt","14 tmt"
"26558","M1","C4620083","14","1195","C4620083 M1","tmt",-0.15693862139342,"1195 tmt","14 tmt"
"26559","M2","C4620083","14","0","C4620083 M2","tmt",0.0780990102020585,"0 tmt","14 tmt"
"26560","M2","C4620083","14","1","C4620083 M2","tmt",0.0714853380389116,"1 tmt","14 tmt"
"26561","M2","C4620083","14","2","C4620083 M2","tmt",0.0701309386054115,"2 tmt","14 tmt"
"26562","M2","C4620083","14","3","C4620083 M2","tmt",0.0692257447400368,"3 tmt","14 tmt"
"26563","M2","C4620083","14","4","C4620083 M2","tmt",0.0685782556353787,"4 tmt","14 tmt"
"26564","M2","C4620083","14","5","C4620083 M2","tmt",0.0684660967103485,"5 tmt","14 tmt"
"26565","M2","C4620083","14","6","C4620083 M2","tmt",0.0669158533293763,"6 tmt","14 tmt"
"26566","M2","C4620083","14","7","C4620083 M2","tmt",0.0653427774715376,"7 tmt","14 tmt"
"26567","M2","C4620083","14","8","C4620083 M2","tmt",0.06287949551821,"8 tmt","14 tmt"
"26568","M2","C4620083","14","9","C4620083 M2","tmt",0.062245640261363,"9 tmt","14 tmt"
"26569","M2","C4620083","14","10","C4620083 M2","tmt",0.0602038650360211,"10 tmt","14 tmt"
"26570","M2","C4620083","14","11","C4620083 M2","tmt",0.0600458489464126,"11 tmt","14 tmt"
"26571","M2","C4620083","14","12","C4620083 M2","tmt",0.0599315184129783,"12 tmt","14 tmt"
"26572","M2","C4620083","14","13","C4620083 M2","tmt",0.0593064633122721,"13 tmt","14 tmt"
"26573","M2","C4620083","14","14","C4620083 M2","tmt",0.0582749245271312,"14 tmt","14 tmt"
"26574","M2","C4620083","14","15","C4620083 M2","tmt",0.0567894707982873,"15 tmt","14 tmt"
"26575","M2","C4620083","14","16","C4620083 M2","tmt",0.0562687004516046,"16 tmt","14 tmt"
"26576","M2","C4620083","14","17","C4620083 M2","tmt",0.0552008226364458,"17 tmt","14 tmt"
"26577","M2","C4620083","14","18","C4620083 M2","tmt",0.0550871169918322,"18 tmt","14 tmt"
"26578","M2","C4620083","14","19","C4620083 M2","tmt",0.0549588829848964,"19 tmt","14 tmt"
"26579","M2","C4620083","14","20","C4620083 M2","tmt",0.0548731584901447,"20 tmt","14 tmt"
"26580","M2","C4620083","14","21","C4620083 M2","tmt",0.0541064850145461,"21 tmt","14 tmt"
"26581","M2","C4620083","14","22","C4620083 M2","tmt",0.0540533453349599,"22 tmt","14 tmt"
"26582","M2","C4620083","14","23","C4620083 M2","tmt",0.053888831123546,"23 tmt","14 tmt"
"26583","M2","C4620083","14","24","C4620083 M2","tmt",0.0533593938822196,"24 tmt","14 tmt"
"26584","M2","C4620083","14","25","C4620083 M2","tmt",0.0521903291292771,"25 tmt","14 tmt"
"26585","M2","C4620083","14","26","C4620083 M2","tmt",0.0519556514621442,"26 tmt","14 tmt"
"26586","M2","C4620083","14","27","C4620083 M2","tmt",0.0518710696442205,"27 tmt","14 tmt"
"26587","M2","C4620083","14","28","C4620083 M2","tmt",0.0514622256091227,"28 tmt","14 tmt"
"26588","M2","C4620083","14","29","C4620083 M2","tmt",0.0512442537567471,"29 tmt","14 tmt"
"26589","M2","C4620083","14","30","C4620083 M2","tmt",0.0511371012654293,"30 tmt","14 tmt"
"26590","M2","C4620083","14","31","C4620083 M2","tmt",0.0508494458363439,"31 tmt","14 tmt"
"26591","M2","C4620083","14","32","C4620083 M2","tmt",0.0507848144519188,"32 tmt","14 tmt"
"26592","M2","C4620083","14","33","C4620083 M2","tmt",0.0503362414809447,"33 tmt","14 tmt"
"26593","M2","C4620083","14","34","C4620083 M2","tmt",0.0499379074032653,"34 tmt","14 tmt"
"26594","M2","C4620083","14","35","C4620083 M2","tmt",0.0497011267906007,"35 tmt","14 tmt"
"26595","M2","C4620083","14","36","C4620083 M2","tmt",0.0495208536822893,"36 tmt","14 tmt"
"26596","M2","C4620083","14","37","C4620083 M2","tmt",0.0494217943400953,"37 tmt","14 tmt"
"26597","M2","C4620083","14","38","C4620083 M2","tmt",0.0491196917179228,"38 tmt","14 tmt"
"26598","M2","C4620083","14","39","C4620083 M2","tmt",0.0488594375476604,"39 tmt","14 tmt"
"26599","M2","C4620083","14","40","C4620083 M2","tmt",0.0487408476652224,"40 tmt","14 tmt"
"26600","M2","C4620083","14","41","C4620083 M2","tmt",0.0479818295080264,"41 tmt","14 tmt"
"26601","M2","C4620083","14","42","C4620083 M2","tmt",0.0477816397687099,"42 tmt","14 tmt"
"26602","M2","C4620083","14","43","C4620083 M2","tmt",0.0472692216454606,"43 tmt","14 tmt"
"26603","M2","C4620083","14","44","C4620083 M2","tmt",0.047130469086002,"44 tmt","14 tmt"
"26604","M2","C4620083","14","45","C4620083 M2","tmt",0.0467560396350408,"45 tmt","14 tmt"
"26605","M2","C4620083","14","46","C4620083 M2","tmt",0.0466726865092206,"46 tmt","14 tmt"
"26606","M2","C4620083","14","47","C4620083 M2","tmt",0.0465316691840422,"47 tmt","14 tmt"
"26607","M2","C4620083","14","48","C4620083 M2","tmt",0.0464047996888713,"48 tmt","14 tmt"
"26608","M2","C4620083","14","49","C4620083 M2","tmt",0.0463774450460168,"49 tmt","14 tmt"
"26609","M2","C4620083","14","50","C4620083 M2","tmt",0.046160733576011,"50 tmt","14 tmt"
"26610","M2","C4620083","14","51","C4620083 M2","tmt",0.0461425159636778,"51 tmt","14 tmt"
"26611","M2","C4620083","14","52","C4620083 M2","tmt",0.0460477604764669,"52 tmt","14 tmt"
"26612","M2","C4620083","14","53","C4620083 M2","tmt",0.0451776324256372,"53 tmt","14 tmt"
"26613","M2","C4620083","14","54","C4620083 M2","tmt",0.0449592789634258,"54 tmt","14 tmt"
"26614","M2","C4620083","14","55","C4620083 M2","tmt",0.0443593723995182,"55 tmt","14 tmt"
"26615","M2","C4620083","14","56","C4620083 M2","tmt",0.0442643907589246,"56 tmt","14 tmt"
"26616","M2","C4620083","14","57","C4620083 M2","tmt",0.0438088032002237,"57 tmt","14 tmt"
"26617","M2","C4620083","14","58","C4620083 M2","tmt",0.0435557816911281,"58 tmt","14 tmt"
"26618","M2","C4620083","14","59","C4620083 M2","tmt",0.0434778679427164,"59 tmt","14 tmt"
"26619","M2","C4620083","14","60","C4620083 M2","tmt",0.04340629750273,"60 tmt","14 tmt"
"26620","M2","C4620083","14","61","C4620083 M2","tmt",0.0428496242167693,"61 tmt","14 tmt"
"26621","M2","C4620083","14","62","C4620083 M2","tmt",0.0428207017203485,"62 tmt","14 tmt"
"26622","M2","C4620083","14","63","C4620083 M2","tmt",0.0425162958946359,"63 tmt","14 tmt"
"26623","M2","C4620083","14","64","C4620083 M2","tmt",0.042341648359755,"64 tmt","14 tmt"
"26624","M2","C4620083","14","65","C4620083 M2","tmt",0.0422830296566863,"65 tmt","14 tmt"
"26625","M2","C4620083","14","66","C4620083 M2","tmt",0.0419596989384652,"66 tmt","14 tmt"
"26626","M2","C4620083","14","67","C4620083 M2","tmt",0.0419050520123099,"67 tmt","14 tmt"
"26627","M2","C4620083","14","68","C4620083 M2","tmt",0.0417700261196054,"68 tmt","14 tmt"
"26628","M2","C4620083","14","69","C4620083 M2","tmt",0.0414497683498462,"69 tmt","14 tmt"
"26629","M2","C4620083","14","70","C4620083 M2","tmt",0.0412456784820074,"70 tmt","14 tmt"
"26630","M2","C4620083","14","71","C4620083 M2","tmt",0.0411807826110871,"71 tmt","14 tmt"
"26631","M2","C4620083","14","72","C4620083 M2","tmt",0.0410880023863481,"72 tmt","14 tmt"
"26632","M2","C4620083","14","73","C4620083 M2","tmt",0.0409778009670951,"73 tmt","14 tmt"
"26633","M2","C4620083","14","74","C4620083 M2","tmt",0.0405299148234613,"74 tmt","14 tmt"
"26634","M2","C4620083","14","75","C4620083 M2","tmt",0.040279228026345,"75 tmt","14 tmt"
"26635","M2","C4620083","14","76","C4620083 M2","tmt",0.0401958380322134,"76 tmt","14 tmt"
"26636","M2","C4620083","14","77","C4620083 M2","tmt",0.039674617732697,"77 tmt","14 tmt"
"26637","M2","C4620083","14","78","C4620083 M2","tmt",0.0396143898635519,"78 tmt","14 tmt"
"26638","M2","C4620083","14","79","C4620083 M2","tmt",0.0394853757330672,"79 tmt","14 tmt"
"26639","M2","C4620083","14","80","C4620083 M2","tmt",0.0392116886591644,"80 tmt","14 tmt"
"26640","M2","C4620083","14","81","C4620083 M2","tmt",0.0390419637644225,"81 tmt","14 tmt"
"26641","M2","C4620083","14","82","C4620083 M2","tmt",0.0389958147920351,"82 tmt","14 tmt"
"26642","M2","C4620083","14","83","C4620083 M2","tmt",0.0389177177658712,"83 tmt","14 tmt"
"26643","M2","C4620083","14","84","C4620083 M2","tmt",0.0384390180445495,"84 tmt","14 tmt"
"26644","M2","C4620083","14","85","C4620083 M2","tmt",0.0381166602052635,"85 tmt","14 tmt"
"26645","M2","C4620083","14","86","C4620083 M2","tmt",0.0374193019940406,"86 tmt","14 tmt"
"26646","M2","C4620083","14","87","C4620083 M2","tmt",0.0370226130039652,"87 tmt","14 tmt"
"26647","M2","C4620083","14","88","C4620083 M2","tmt",0.0369606582577376,"88 tmt","14 tmt"
"26648","M2","C4620083","14","89","C4620083 M2","tmt",0.0369144938013219,"89 tmt","14 tmt"
"26649","M2","C4620083","14","90","C4620083 M2","tmt",0.0366635206050082,"90 tmt","14 tmt"
"26650","M2","C4620083","14","91","C4620083 M2","tmt",0.0363341284154834,"91 tmt","14 tmt"
"26651","M2","C4620083","14","92","C4620083 M2","tmt",0.0360869454394682,"92 tmt","14 tmt"
"26652","M2","C4620083","14","93","C4620083 M2","tmt",0.0358283224820429,"93 tmt","14 tmt"
"26653","M2","C4620083","14","94","C4620083 M2","tmt",0.0357221307574049,"94 tmt","14 tmt"
"26654","M2","C4620083","14","95","C4620083 M2","tmt",0.0356604558703237,"95 tmt","14 tmt"
"26655","M2","C4620083","14","96","C4620083 M2","tmt",0.0355549281258714,"96 tmt","14 tmt"
"26656","M2","C4620083","14","97","C4620083 M2","tmt",0.035510001755585,"97 tmt","14 tmt"
"26657","M2","C4620083","14","98","C4620083 M2","tmt",0.0354000602135632,"98 tmt","14 tmt"
"26658","M2","C4620083","14","99","C4620083 M2","tmt",0.0351014279825597,"99 tmt","14 tmt"
"26659","M2","C4620083","14","100","C4620083 M2","tmt",0.0350630894785015,"100 tmt","14 tmt"
"26660","M2","C4620083","14","101","C4620083 M2","tmt",0.0350286280551169,"101 tmt","14 tmt"
"26661","M2","C4620083","14","102","C4620083 M2","tmt",0.0348882539819765,"102 tmt","14 tmt"
"26662","M2","C4620083","14","103","C4620083 M2","tmt",0.0347751835159462,"103 tmt","14 tmt"
"26663","M2","C4620083","14","104","C4620083 M2","tmt",0.0347337263084014,"104 tmt","14 tmt"
"26664","M2","C4620083","14","105","C4620083 M2","tmt",0.0347119137662882,"105 tmt","14 tmt"
"26665","M2","C4620083","14","106","C4620083 M2","tmt",0.0345909583148169,"106 tmt","14 tmt"
"26666","M2","C4620083","14","107","C4620083 M2","tmt",0.0344372100129995,"107 tmt","14 tmt"
"26667","M2","C4620083","14","108","C4620083 M2","tmt",0.0340994003657399,"108 tmt","14 tmt"
"26668","M2","C4620083","14","109","C4620083 M2","tmt",0.0332643935839963,"109 tmt","14 tmt"
"26669","M2","C4620083","14","110","C4620083 M2","tmt",0.0331189545313863,"110 tmt","14 tmt"
"26670","M2","C4620083","14","111","C4620083 M2","tmt",0.0331049400618463,"111 tmt","14 tmt"
"26671","M2","C4620083","14","112","C4620083 M2","tmt",0.0327322384608532,"112 tmt","14 tmt"
"26672","M2","C4620083","14","113","C4620083 M2","tmt",0.0327035737553011,"113 tmt","14 tmt"
"26673","M2","C4620083","14","114","C4620083 M2","tmt",0.03256872206532,"114 tmt","14 tmt"
"26674","M2","C4620083","14","115","C4620083 M2","tmt",0.032505049863508,"115 tmt","14 tmt"
"26675","M2","C4620083","14","116","C4620083 M2","tmt",0.0324763427132817,"116 tmt","14 tmt"
"26676","M2","C4620083","14","117","C4620083 M2","tmt",0.032417175103133,"117 tmt","14 tmt"
"26677","M2","C4620083","14","118","C4620083 M2","tmt",0.0324029236905837,"118 tmt","14 tmt"
"26678","M2","C4620083","14","119","C4620083 M2","tmt",0.0321470402524183,"119 tmt","14 tmt"
"26679","M2","C4620083","14","120","C4620083 M2","tmt",0.0321284982613984,"120 tmt","14 tmt"
"26680","M2","C4620083","14","121","C4620083 M2","tmt",0.0318771579789125,"121 tmt","14 tmt"
"26681","M2","C4620083","14","122","C4620083 M2","tmt",0.0318153717373669,"122 tmt","14 tmt"
"26682","M2","C4620083","14","123","C4620083 M2","tmt",0.0316122692466841,"123 tmt","14 tmt"
"26683","M2","C4620083","14","124","C4620083 M2","tmt",0.0313925484251877,"124 tmt","14 tmt"
"26684","M2","C4620083","14","125","C4620083 M2","tmt",0.0311825881159963,"125 tmt","14 tmt"
"26685","M2","C4620083","14","126","C4620083 M2","tmt",0.0311459771569752,"126 tmt","14 tmt"
"26686","M2","C4620083","14","127","C4620083 M2","tmt",0.0311445459975955,"127 tmt","14 tmt"
"26687","M2","C4620083","14","128","C4620083 M2","tmt",0.0309583265553166,"128 tmt","14 tmt"
"26688","M2","C4620083","14","129","C4620083 M2","tmt",0.0307845913872792,"129 tmt","14 tmt"
"26689","M2","C4620083","14","130","C4620083 M2","tmt",0.0306303520066885,"130 tmt","14 tmt"
"26690","M2","C4620083","14","131","C4620083 M2","tmt",0.0305360323206507,"131 tmt","14 tmt"
"26691","M2","C4620083","14","132","C4620083 M2","tmt",0.0305222397635933,"132 tmt","14 tmt"
"26692","M2","C4620083","14","133","C4620083 M2","tmt",0.0304154271293037,"133 tmt","14 tmt"
"26693","M2","C4620083","14","134","C4620083 M2","tmt",0.0302490177838564,"134 tmt","14 tmt"
"26694","M2","C4620083","14","135","C4620083 M2","tmt",0.0298730976346767,"135 tmt","14 tmt"
"26695","M2","C4620083","14","136","C4620083 M2","tmt",0.0295804012056256,"136 tmt","14 tmt"
"26696","M2","C4620083","14","137","C4620083 M2","tmt",0.0294571194678022,"137 tmt","14 tmt"
"26697","M2","C4620083","14","138","C4620083 M2","tmt",0.029456486212624,"138 tmt","14 tmt"
"26698","M2","C4620083","14","139","C4620083 M2","tmt",0.0292849689486654,"139 tmt","14 tmt"
"26699","M2","C4620083","14","140","C4620083 M2","tmt",0.029277983394725,"140 tmt","14 tmt"
"26700","M2","C4620083","14","141","C4620083 M2","tmt",0.0290823424906469,"141 tmt","14 tmt"
"26701","M2","C4620083","14","142","C4620083 M2","tmt",0.0290348675500258,"142 tmt","14 tmt"
"26702","M2","C4620083","14","143","C4620083 M2","tmt",0.0288804512259923,"143 tmt","14 tmt"
"26703","M2","C4620083","14","144","C4620083 M2","tmt",0.0287311212143519,"144 tmt","14 tmt"
"26704","M2","C4620083","14","145","C4620083 M2","tmt",0.0287268959939881,"145 tmt","14 tmt"
"26705","M2","C4620083","14","146","C4620083 M2","tmt",0.0285365260018024,"146 tmt","14 tmt"
"26706","M2","C4620083","14","147","C4620083 M2","tmt",0.0285200541107886,"147 tmt","14 tmt"
"26707","M2","C4620083","14","148","C4620083 M2","tmt",0.0284970750104101,"148 tmt","14 tmt"
"26708","M2","C4620083","14","149","C4620083 M2","tmt",0.0284163948860769,"149 tmt","14 tmt"
"26709","M2","C4620083","14","150","C4620083 M2","tmt",0.0282789143358054,"150 tmt","14 tmt"
"26710","M2","C4620083","14","151","C4620083 M2","tmt",0.0282140449617925,"151 tmt","14 tmt"
"26711","M2","C4620083","14","152","C4620083 M2","tmt",0.0279298366720718,"152 tmt","14 tmt"
"26712","M2","C4620083","14","153","C4620083 M2","tmt",0.0276452607568091,"153 tmt","14 tmt"
"26713","M2","C4620083","14","154","C4620083 M2","tmt",0.0274062875139665,"154 tmt","14 tmt"
"26714","M2","C4620083","14","155","C4620083 M2","tmt",0.0273904499683997,"155 tmt","14 tmt"
"26715","M2","C4620083","14","156","C4620083 M2","tmt",0.0272628946479937,"156 tmt","14 tmt"
"26716","M2","C4620083","14","157","C4620083 M2","tmt",0.0271362153305723,"157 tmt","14 tmt"
"26717","M2","C4620083","14","158","C4620083 M2","tmt",0.0270515543478217,"158 tmt","14 tmt"
"26718","M2","C4620083","14","159","C4620083 M2","tmt",0.0270245376720764,"159 tmt","14 tmt"
"26719","M2","C4620083","14","160","C4620083 M2","tmt",0.0269447762866351,"160 tmt","14 tmt"
"26720","M2","C4620083","14","161","C4620083 M2","tmt",0.0268076449207851,"161 tmt","14 tmt"
"26721","M2","C4620083","14","162","C4620083 M2","tmt",0.0266581858774524,"162 tmt","14 tmt"
"26722","M2","C4620083","14","163","C4620083 M2","tmt",0.0265571585856005,"163 tmt","14 tmt"
"26723","M2","C4620083","14","164","C4620083 M2","tmt",0.026540139191,"164 tmt","14 tmt"
"26724","M2","C4620083","14","165","C4620083 M2","tmt",0.026515031719334,"165 tmt","14 tmt"
"26725","M2","C4620083","14","166","C4620083 M2","tmt",0.026462185891716,"166 tmt","14 tmt"
"26726","M2","C4620083","14","167","C4620083 M2","tmt",0.0264252356566424,"167 tmt","14 tmt"
"26727","M2","C4620083","14","168","C4620083 M2","tmt",0.0263900415782942,"168 tmt","14 tmt"
"26728","M2","C4620083","14","169","C4620083 M2","tmt",0.0263406347856136,"169 tmt","14 tmt"
"26729","M2","C4620083","14","170","C4620083 M2","tmt",0.0262872572776412,"170 tmt","14 tmt"
"26730","M2","C4620083","14","171","C4620083 M2","tmt",0.0259314707718142,"171 tmt","14 tmt"
"26731","M2","C4620083","14","172","C4620083 M2","tmt",0.0259040049385185,"172 tmt","14 tmt"
"26732","M2","C4620083","14","173","C4620083 M2","tmt",0.0257740430618964,"173 tmt","14 tmt"
"26733","M2","C4620083","14","174","C4620083 M2","tmt",0.0256669191523572,"174 tmt","14 tmt"
"26734","M2","C4620083","14","175","C4620083 M2","tmt",0.025649609707011,"175 tmt","14 tmt"
"26735","M2","C4620083","14","176","C4620083 M2","tmt",0.0256410815026084,"176 tmt","14 tmt"
"26736","M2","C4620083","14","177","C4620083 M2","tmt",0.0256199977145291,"177 tmt","14 tmt"
"26737","M2","C4620083","14","178","C4620083 M2","tmt",0.0254620397689123,"178 tmt","14 tmt"
"26738","M2","C4620083","14","179","C4620083 M2","tmt",0.0252957270110904,"179 tmt","14 tmt"
"26739","M2","C4620083","14","180","C4620083 M2","tmt",0.0252748414888067,"180 tmt","14 tmt"
"26740","M2","C4620083","14","181","C4620083 M2","tmt",0.0251253073389205,"181 tmt","14 tmt"
"26741","M2","C4620083","14","182","C4620083 M2","tmt",0.0250229950755854,"182 tmt","14 tmt"
"26742","M2","C4620083","14","183","C4620083 M2","tmt",0.0249894234736423,"183 tmt","14 tmt"
"26743","M2","C4620083","14","184","C4620083 M2","tmt",0.024879526125992,"184 tmt","14 tmt"
"26744","M2","C4620083","14","185","C4620083 M2","tmt",0.0248436588577368,"185 tmt","14 tmt"
"26745","M2","C4620083","14","186","C4620083 M2","tmt",0.024807631107256,"186 tmt","14 tmt"
"26746","M2","C4620083","14","187","C4620083 M2","tmt",0.0247063629862213,"187 tmt","14 tmt"
"26747","M2","C4620083","14","188","C4620083 M2","tmt",0.0244652455630918,"188 tmt","14 tmt"
"26748","M2","C4620083","14","189","C4620083 M2","tmt",0.0243331470418096,"189 tmt","14 tmt"
"26749","M2","C4620083","14","190","C4620083 M2","tmt",0.024189750295029,"190 tmt","14 tmt"
"26750","M2","C4620083","14","191","C4620083 M2","tmt",0.0240218274561109,"191 tmt","14 tmt"
"26751","M2","C4620083","14","192","C4620083 M2","tmt",0.0239809713909542,"192 tmt","14 tmt"
"26752","M2","C4620083","14","193","C4620083 M2","tmt",0.0239573896605863,"193 tmt","14 tmt"
"26753","M2","C4620083","14","194","C4620083 M2","tmt",0.0237854508131786,"194 tmt","14 tmt"
"26754","M2","C4620083","14","195","C4620083 M2","tmt",0.0237074132024304,"195 tmt","14 tmt"
"26755","M2","C4620083","14","196","C4620083 M2","tmt",0.0235725493498444,"196 tmt","14 tmt"
"26756","M2","C4620083","14","197","C4620083 M2","tmt",0.0235613670042919,"197 tmt","14 tmt"
"26757","M2","C4620083","14","198","C4620083 M2","tmt",0.0233095501464546,"198 tmt","14 tmt"
"26758","M2","C4620083","14","199","C4620083 M2","tmt",0.0232891345543834,"199 tmt","14 tmt"
"26759","M2","C4620083","14","200","C4620083 M2","tmt",0.0232854599090828,"200 tmt","14 tmt"
"26760","M2","C4620083","14","201","C4620083 M2","tmt",0.0231585833288373,"201 tmt","14 tmt"
"26761","M2","C4620083","14","202","C4620083 M2","tmt",0.0229451642075653,"202 tmt","14 tmt"
"26762","M2","C4620083","14","203","C4620083 M2","tmt",0.0229226039384356,"203 tmt","14 tmt"
"26763","M2","C4620083","14","204","C4620083 M2","tmt",0.0227847253221134,"204 tmt","14 tmt"
"26764","M2","C4620083","14","205","C4620083 M2","tmt",0.0227116174354349,"205 tmt","14 tmt"
"26765","M2","C4620083","14","206","C4620083 M2","tmt",0.0226142985592285,"206 tmt","14 tmt"
"26766","M2","C4620083","14","207","C4620083 M2","tmt",0.0225141855588802,"207 tmt","14 tmt"
"26767","M2","C4620083","14","208","C4620083 M2","tmt",0.022368961539842,"208 tmt","14 tmt"
"26768","M2","C4620083","14","209","C4620083 M2","tmt",0.0223259870187046,"209 tmt","14 tmt"
"26769","M2","C4620083","14","210","C4620083 M2","tmt",0.0221906944839629,"210 tmt","14 tmt"
"26770","M2","C4620083","14","211","C4620083 M2","tmt",0.0221205899291328,"211 tmt","14 tmt"
"26771","M2","C4620083","14","212","C4620083 M2","tmt",0.0220781281577817,"212 tmt","14 tmt"
"26772","M2","C4620083","14","213","C4620083 M2","tmt",0.0217378686361616,"213 tmt","14 tmt"
"26773","M2","C4620083","14","214","C4620083 M2","tmt",0.0215758189767939,"214 tmt","14 tmt"
"26774","M2","C4620083","14","215","C4620083 M2","tmt",0.021531850058727,"215 tmt","14 tmt"
"26775","M2","C4620083","14","216","C4620083 M2","tmt",0.0213438842263474,"216 tmt","14 tmt"
"26776","M2","C4620083","14","217","C4620083 M2","tmt",0.0207159047503945,"217 tmt","14 tmt"
"26777","M2","C4620083","14","218","C4620083 M2","tmt",0.0206990061908681,"218 tmt","14 tmt"
"26778","M2","C4620083","14","219","C4620083 M2","tmt",0.0205831545724274,"219 tmt","14 tmt"
"26779","M2","C4620083","14","220","C4620083 M2","tmt",0.0203801363301891,"220 tmt","14 tmt"
"26780","M2","C4620083","14","221","C4620083 M2","tmt",0.0202482768218197,"221 tmt","14 tmt"
"26781","M2","C4620083","14","222","C4620083 M2","tmt",0.0201094437127588,"222 tmt","14 tmt"
"26782","M2","C4620083","14","223","C4620083 M2","tmt",0.0200346021994416,"223 tmt","14 tmt"
"26783","M2","C4620083","14","224","C4620083 M2","tmt",0.0196348834959698,"224 tmt","14 tmt"
"26784","M2","C4620083","14","225","C4620083 M2","tmt",0.0190926146875449,"225 tmt","14 tmt"
"26785","M2","C4620083","14","226","C4620083 M2","tmt",0.0190129072018353,"226 tmt","14 tmt"
"26786","M2","C4620083","14","227","C4620083 M2","tmt",0.0189916064961689,"227 tmt","14 tmt"
"26787","M2","C4620083","14","228","C4620083 M2","tmt",0.0189677850180062,"228 tmt","14 tmt"
"26788","M2","C4620083","14","229","C4620083 M2","tmt",0.018738343838924,"229 tmt","14 tmt"
"26789","M2","C4620083","14","230","C4620083 M2","tmt",0.0187325799847297,"230 tmt","14 tmt"
"26790","M2","C4620083","14","231","C4620083 M2","tmt",0.0186755962311855,"231 tmt","14 tmt"
"26791","M2","C4620083","14","232","C4620083 M2","tmt",0.0183859584938381,"232 tmt","14 tmt"
"26792","M2","C4620083","14","233","C4620083 M2","tmt",0.0183199227011512,"233 tmt","14 tmt"
"26793","M2","C4620083","14","234","C4620083 M2","tmt",0.0180635288306414,"234 tmt","14 tmt"
"26794","M2","C4620083","14","235","C4620083 M2","tmt",0.0179496209025788,"235 tmt","14 tmt"
"26795","M2","C4620083","14","236","C4620083 M2","tmt",0.0176745495659108,"236 tmt","14 tmt"
"26796","M2","C4620083","14","237","C4620083 M2","tmt",0.0176286378898333,"237 tmt","14 tmt"
"26797","M2","C4620083","14","238","C4620083 M2","tmt",0.0175690566949351,"238 tmt","14 tmt"
"26798","M2","C4620083","14","239","C4620083 M2","tmt",0.0174346927033217,"239 tmt","14 tmt"
"26799","M2","C4620083","14","240","C4620083 M2","tmt",0.0174206546229834,"240 tmt","14 tmt"
"26800","M2","C4620083","14","241","C4620083 M2","tmt",0.0170363837978222,"241 tmt","14 tmt"
"26801","M2","C4620083","14","242","C4620083 M2","tmt",0.0169637537260336,"242 tmt","14 tmt"
"26802","M2","C4620083","14","243","C4620083 M2","tmt",0.016646700243698,"243 tmt","14 tmt"
"26803","M2","C4620083","14","244","C4620083 M2","tmt",0.0164843951510608,"244 tmt","14 tmt"
"26804","M2","C4620083","14","245","C4620083 M2","tmt",0.0161394414712906,"245 tmt","14 tmt"
"26805","M2","C4620083","14","246","C4620083 M2","tmt",0.0154902409673732,"246 tmt","14 tmt"
"26806","M2","C4620083","14","247","C4620083 M2","tmt",0.0151535251997975,"247 tmt","14 tmt"
"26807","M2","C4620083","14","248","C4620083 M2","tmt",0.0150825559356664,"248 tmt","14 tmt"
"26808","M2","C4620083","14","249","C4620083 M2","tmt",0.015070448385057,"249 tmt","14 tmt"
"26809","M2","C4620083","14","250","C4620083 M2","tmt",0.0150648858670575,"250 tmt","14 tmt"
"26810","M2","C4620083","14","251","C4620083 M2","tmt",0.0149745048540724,"251 tmt","14 tmt"
"26811","M2","C4620083","14","252","C4620083 M2","tmt",0.0145616124325728,"252 tmt","14 tmt"
"26812","M2","C4620083","14","253","C4620083 M2","tmt",0.0144006056490223,"253 tmt","14 tmt"
"26813","M2","C4620083","14","254","C4620083 M2","tmt",0.0141308168539333,"254 tmt","14 tmt"
"26814","M2","C4620083","14","255","C4620083 M2","tmt",0.0139844519206393,"255 tmt","14 tmt"
"26815","M2","C4620083","14","256","C4620083 M2","tmt",0.0138556709649066,"256 tmt","14 tmt"
"26816","M2","C4620083","14","257","C4620083 M2","tmt",0.0137649597069233,"257 tmt","14 tmt"
"26817","M2","C4620083","14","258","C4620083 M2","tmt",0.0135089290562008,"258 tmt","14 tmt"
"26818","M2","C4620083","14","259","C4620083 M2","tmt",0.0134738628100495,"259 tmt","14 tmt"
"26819","M2","C4620083","14","260","C4620083 M2","tmt",0.0132219405846851,"260 tmt","14 tmt"
"26820","M2","C4620083","14","261","C4620083 M2","tmt",0.0131258318551354,"261 tmt","14 tmt"
"26821","M2","C4620083","14","262","C4620083 M2","tmt",0.0128934438602009,"262 tmt","14 tmt"
"26822","M2","C4620083","14","263","C4620083 M2","tmt",0.0128707186173982,"263 tmt","14 tmt"
"26823","M2","C4620083","14","264","C4620083 M2","tmt",0.012784795375914,"264 tmt","14 tmt"
"26824","M2","C4620083","14","265","C4620083 M2","tmt",0.012683401856107,"265 tmt","14 tmt"
"26825","M2","C4620083","14","266","C4620083 M2","tmt",0.0126763498332419,"266 tmt","14 tmt"
"26826","M2","C4620083","14","267","C4620083 M2","tmt",0.0124962993722509,"267 tmt","14 tmt"
"26827","M2","C4620083","14","268","C4620083 M2","tmt",0.0124726198623754,"268 tmt","14 tmt"
"26828","M2","C4620083","14","269","C4620083 M2","tmt",0.012433504014884,"269 tmt","14 tmt"
"26829","M2","C4620083","14","270","C4620083 M2","tmt",0.0123837950196188,"270 tmt","14 tmt"
"26830","M2","C4620083","14","271","C4620083 M2","tmt",0.0122833065361729,"271 tmt","14 tmt"
"26831","M2","C4620083","14","272","C4620083 M2","tmt",0.0121793550200224,"272 tmt","14 tmt"
"26832","M2","C4620083","14","273","C4620083 M2","tmt",0.0121540316437175,"273 tmt","14 tmt"
"26833","M2","C4620083","14","274","C4620083 M2","tmt",0.0119941468178701,"274 tmt","14 tmt"
"26834","M2","C4620083","14","275","C4620083 M2","tmt",0.0119161047396484,"275 tmt","14 tmt"
"26835","M2","C4620083","14","276","C4620083 M2","tmt",0.0118608446476212,"276 tmt","14 tmt"
"26836","M2","C4620083","14","277","C4620083 M2","tmt",0.0117906989977323,"277 tmt","14 tmt"
"26837","M2","C4620083","14","278","C4620083 M2","tmt",0.0117566250234218,"278 tmt","14 tmt"
"26838","M2","C4620083","14","279","C4620083 M2","tmt",0.0116894893062807,"279 tmt","14 tmt"
"26839","M2","C4620083","14","280","C4620083 M2","tmt",0.0116062302014382,"280 tmt","14 tmt"
"26840","M2","C4620083","14","281","C4620083 M2","tmt",0.011133088009651,"281 tmt","14 tmt"
"26841","M2","C4620083","14","282","C4620083 M2","tmt",0.0110354723780982,"282 tmt","14 tmt"
"26842","M2","C4620083","14","283","C4620083 M2","tmt",0.0107469589669996,"283 tmt","14 tmt"
"26843","M2","C4620083","14","284","C4620083 M2","tmt",0.0103834747867352,"284 tmt","14 tmt"
"26844","M2","C4620083","14","285","C4620083 M2","tmt",0.0101778115424783,"285 tmt","14 tmt"
"26845","M2","C4620083","14","286","C4620083 M2","tmt",0.0101286487836498,"286 tmt","14 tmt"
"26846","M2","C4620083","14","287","C4620083 M2","tmt",0.0096149176226551,"287 tmt","14 tmt"
"26847","M2","C4620083","14","288","C4620083 M2","tmt",0.00961162582371494,"288 tmt","14 tmt"
"26848","M2","C4620083","14","289","C4620083 M2","tmt",0.00951901497423315,"289 tmt","14 tmt"
"26849","M2","C4620083","14","290","C4620083 M2","tmt",0.00950702714784942,"290 tmt","14 tmt"
"26850","M2","C4620083","14","291","C4620083 M2","tmt",0.00948124227849479,"291 tmt","14 tmt"
"26851","M2","C4620083","14","292","C4620083 M2","tmt",0.00947796454619851,"292 tmt","14 tmt"
"26852","M2","C4620083","14","293","C4620083 M2","tmt",0.00918172677188889,"293 tmt","14 tmt"
"26853","M2","C4620083","14","294","C4620083 M2","tmt",0.00905390119460766,"294 tmt","14 tmt"
"26854","M2","C4620083","14","295","C4620083 M2","tmt",0.00896192001692422,"295 tmt","14 tmt"
"26855","M2","C4620083","14","296","C4620083 M2","tmt",0.00894703475206551,"296 tmt","14 tmt"
"26856","M2","C4620083","14","297","C4620083 M2","tmt",0.0089296929236527,"297 tmt","14 tmt"
"26857","M2","C4620083","14","298","C4620083 M2","tmt",0.00875324201025601,"298 tmt","14 tmt"
"26858","M2","C4620083","14","299","C4620083 M2","tmt",0.00808816377620054,"299 tmt","14 tmt"
"26859","M2","C4620083","14","300","C4620083 M2","tmt",0.00757650844753113,"300 tmt","14 tmt"
"26860","M2","C4620083","14","301","C4620083 M2","tmt",0.00754471862525831,"301 tmt","14 tmt"
"26861","M2","C4620083","14","302","C4620083 M2","tmt",0.00738187946608991,"302 tmt","14 tmt"
"26862","M2","C4620083","14","303","C4620083 M2","tmt",0.00715201584777165,"303 tmt","14 tmt"
"26863","M2","C4620083","14","304","C4620083 M2","tmt",0.00703577766141343,"304 tmt","14 tmt"
"26864","M2","C4620083","14","305","C4620083 M2","tmt",0.00694086746369696,"305 tmt","14 tmt"
"26865","M2","C4620083","14","306","C4620083 M2","tmt",0.00679161602438093,"306 tmt","14 tmt"
"26866","M2","C4620083","14","307","C4620083 M2","tmt",0.00672907011784935,"307 tmt","14 tmt"
"26867","M2","C4620083","14","308","C4620083 M2","tmt",0.0065751871586715,"308 tmt","14 tmt"
"26868","M2","C4620083","14","309","C4620083 M2","tmt",0.00643407831675914,"309 tmt","14 tmt"
"26869","M2","C4620083","14","310","C4620083 M2","tmt",0.00626422231090083,"310 tmt","14 tmt"
"26870","M2","C4620083","14","311","C4620083 M2","tmt",0.006182531386185,"311 tmt","14 tmt"
"26871","M2","C4620083","14","312","C4620083 M2","tmt",0.0061153673973069,"312 tmt","14 tmt"
"26872","M2","C4620083","14","313","C4620083 M2","tmt",0.0053653596726693,"313 tmt","14 tmt"
"26873","M2","C4620083","14","314","C4620083 M2","tmt",0.00528786129656886,"314 tmt","14 tmt"
"26874","M2","C4620083","14","315","C4620083 M2","tmt",0.00523147047738103,"315 tmt","14 tmt"
"26875","M2","C4620083","14","316","C4620083 M2","tmt",0.00514956464853006,"316 tmt","14 tmt"
"26876","M2","C4620083","14","317","C4620083 M2","tmt",0.00504948315541195,"317 tmt","14 tmt"
"26877","M2","C4620083","14","318","C4620083 M2","tmt",0.00493061683231082,"318 tmt","14 tmt"
"26878","M2","C4620083","14","319","C4620083 M2","tmt",0.00446707763422955,"319 tmt","14 tmt"
"26879","M2","C4620083","14","320","C4620083 M2","tmt",0.00441366242748651,"320 tmt","14 tmt"
"26880","M2","C4620083","14","321","C4620083 M2","tmt",0.00435829272929692,"321 tmt","14 tmt"
"26881","M2","C4620083","14","322","C4620083 M2","tmt",0.00435762629391417,"322 tmt","14 tmt"
"26882","M2","C4620083","14","323","C4620083 M2","tmt",0.00418978678329641,"323 tmt","14 tmt"
"26883","M2","C4620083","14","324","C4620083 M2","tmt",0.00398143995012718,"324 tmt","14 tmt"
"26884","M2","C4620083","14","325","C4620083 M2","tmt",0.00389162495217617,"325 tmt","14 tmt"
"26885","M2","C4620083","14","326","C4620083 M2","tmt",0.00386779593388444,"326 tmt","14 tmt"
"26886","M2","C4620083","14","327","C4620083 M2","tmt",0.00382320095057792,"327 tmt","14 tmt"
"26887","M2","C4620083","14","328","C4620083 M2","tmt",0.00363758485673127,"328 tmt","14 tmt"
"26888","M2","C4620083","14","329","C4620083 M2","tmt",0.00361961693011153,"329 tmt","14 tmt"
"26889","M2","C4620083","14","330","C4620083 M2","tmt",0.00356286973592431,"330 tmt","14 tmt"
"26890","M2","C4620083","14","331","C4620083 M2","tmt",0.00330176518577761,"331 tmt","14 tmt"
"26891","M2","C4620083","14","332","C4620083 M2","tmt",0.00317082612046599,"332 tmt","14 tmt"
"26892","M2","C4620083","14","333","C4620083 M2","tmt",0.00278123829149505,"333 tmt","14 tmt"
"26893","M2","C4620083","14","334","C4620083 M2","tmt",0.00273922712896126,"334 tmt","14 tmt"
"26894","M2","C4620083","14","335","C4620083 M2","tmt",0.00246953896377139,"335 tmt","14 tmt"
"26895","M2","C4620083","14","336","C4620083 M2","tmt",0.00237039037749122,"336 tmt","14 tmt"
"26896","M2","C4620083","14","337","C4620083 M2","tmt",0.00225928684659738,"337 tmt","14 tmt"
"26897","M2","C4620083","14","338","C4620083 M2","tmt",0.00224520897195066,"338 tmt","14 tmt"
"26898","M2","C4620083","14","339","C4620083 M2","tmt",0.00222649550576823,"339 tmt","14 tmt"
"26899","M2","C4620083","14","340","C4620083 M2","tmt",0.00208295519785064,"340 tmt","14 tmt"
"26900","M2","C4620083","14","341","C4620083 M2","tmt",0.00204699665912566,"341 tmt","14 tmt"
"26901","M2","C4620083","14","342","C4620083 M2","tmt",0.00185442087276125,"342 tmt","14 tmt"
"26902","M2","C4620083","14","343","C4620083 M2","tmt",0.00179366074139893,"343 tmt","14 tmt"
"26903","M2","C4620083","14","344","C4620083 M2","tmt",0.00171683645952526,"344 tmt","14 tmt"
"26904","M2","C4620083","14","345","C4620083 M2","tmt",0.00166619842551356,"345 tmt","14 tmt"
"26905","M2","C4620083","14","346","C4620083 M2","tmt",0.00160879650614219,"346 tmt","14 tmt"
"26906","M2","C4620083","14","347","C4620083 M2","tmt",0.00160210822803921,"347 tmt","14 tmt"
"26907","M2","C4620083","14","348","C4620083 M2","tmt",0.00154419614374559,"348 tmt","14 tmt"
"26908","M2","C4620083","14","349","C4620083 M2","tmt",0.00130837309568919,"349 tmt","14 tmt"
"26909","M2","C4620083","14","350","C4620083 M2","tmt",0.00118261423392351,"350 tmt","14 tmt"
"26910","M2","C4620083","14","351","C4620083 M2","tmt",0.00116003234358839,"351 tmt","14 tmt"
"26911","M2","C4620083","14","352","C4620083 M2","tmt",0.000940874549211736,"352 tmt","14 tmt"
"26912","M2","C4620083","14","353","C4620083 M2","tmt",0.000894912138587654,"353 tmt","14 tmt"
"26913","M2","C4620083","14","354","C4620083 M2","tmt",0.000800807410553752,"354 tmt","14 tmt"
"26914","M2","C4620083","14","355","C4620083 M2","tmt",0.000603114241425901,"355 tmt","14 tmt"
"26915","M2","C4620083","14","356","C4620083 M2","tmt",0.00048547488019027,"356 tmt","14 tmt"
"26916","M2","C4620083","14","357","C4620083 M2","tmt",-0.000217654992127763,"357 tmt","14 tmt"
"26917","M2","C4620083","14","358","C4620083 M2","tmt",-0.000419430215005428,"358 tmt","14 tmt"
"26918","M2","C4620083","14","359","C4620083 M2","tmt",-0.000583266562278917,"359 tmt","14 tmt"
"26919","M2","C4620083","14","360","C4620083 M2","tmt",-0.000654321368713719,"360 tmt","14 tmt"
"26920","M2","C4620083","14","361","C4620083 M2","tmt",-0.000685824552259594,"361 tmt","14 tmt"
"26921","M2","C4620083","14","362","C4620083 M2","tmt",-0.000842691917533858,"362 tmt","14 tmt"
"26922","M2","C4620083","14","363","C4620083 M2","tmt",-0.000900771727998209,"363 tmt","14 tmt"
"26923","M2","C4620083","14","364","C4620083 M2","tmt",-0.000984008042170091,"364 tmt","14 tmt"
"26924","M2","C4620083","14","365","C4620083 M2","tmt",-0.00102189927780641,"365 tmt","14 tmt"
"26925","M2","C4620083","14","366","C4620083 M2","tmt",-0.00117092296996017,"366 tmt","14 tmt"
"26926","M2","C4620083","14","367","C4620083 M2","tmt",-0.00120498096542591,"367 tmt","14 tmt"
"26927","M2","C4620083","14","368","C4620083 M2","tmt",-0.00125196944736255,"368 tmt","14 tmt"
"26928","M2","C4620083","14","369","C4620083 M2","tmt",-0.00146306866027897,"369 tmt","14 tmt"
"26929","M2","C4620083","14","370","C4620083 M2","tmt",-0.0015912247610179,"370 tmt","14 tmt"
"26930","M2","C4620083","14","371","C4620083 M2","tmt",-0.00184219119790038,"371 tmt","14 tmt"
"26931","M2","C4620083","14","372","C4620083 M2","tmt",-0.00197259679029025,"372 tmt","14 tmt"
"26932","M2","C4620083","14","373","C4620083 M2","tmt",-0.00209244652056487,"373 tmt","14 tmt"
"26933","M2","C4620083","14","374","C4620083 M2","tmt",-0.00219474348901598,"374 tmt","14 tmt"
"26934","M2","C4620083","14","375","C4620083 M2","tmt",-0.00252478582148029,"375 tmt","14 tmt"
"26935","M2","C4620083","14","376","C4620083 M2","tmt",-0.00259617127468613,"376 tmt","14 tmt"
"26936","M2","C4620083","14","377","C4620083 M2","tmt",-0.00297197036776136,"377 tmt","14 tmt"
"26937","M2","C4620083","14","378","C4620083 M2","tmt",-0.00299886436614701,"378 tmt","14 tmt"
"26938","M2","C4620083","14","379","C4620083 M2","tmt",-0.00303991532368458,"379 tmt","14 tmt"
"26939","M2","C4620083","14","380","C4620083 M2","tmt",-0.00309944236760003,"380 tmt","14 tmt"
"26940","M2","C4620083","14","381","C4620083 M2","tmt",-0.00314996804513604,"381 tmt","14 tmt"
"26941","M2","C4620083","14","382","C4620083 M2","tmt",-0.00356247411593001,"382 tmt","14 tmt"
"26942","M2","C4620083","14","383","C4620083 M2","tmt",-0.00383139368062951,"383 tmt","14 tmt"
"26943","M2","C4620083","14","384","C4620083 M2","tmt",-0.00398556227035939,"384 tmt","14 tmt"
"26944","M2","C4620083","14","385","C4620083 M2","tmt",-0.00440830988527346,"385 tmt","14 tmt"
"26945","M2","C4620083","14","386","C4620083 M2","tmt",-0.00469634430730865,"386 tmt","14 tmt"
"26946","M2","C4620083","14","387","C4620083 M2","tmt",-0.00470139827435424,"387 tmt","14 tmt"
"26947","M2","C4620083","14","388","C4620083 M2","tmt",-0.0047030937459394,"388 tmt","14 tmt"
"26948","M2","C4620083","14","389","C4620083 M2","tmt",-0.00485846570513004,"389 tmt","14 tmt"
"26949","M2","C4620083","14","390","C4620083 M2","tmt",-0.00503982331318711,"390 tmt","14 tmt"
"26950","M2","C4620083","14","391","C4620083 M2","tmt",-0.00519196428359603,"391 tmt","14 tmt"
"26951","M2","C4620083","14","392","C4620083 M2","tmt",-0.00533679056125575,"392 tmt","14 tmt"
"26952","M2","C4620083","14","393","C4620083 M2","tmt",-0.00564034774018138,"393 tmt","14 tmt"
"26953","M2","C4620083","14","394","C4620083 M2","tmt",-0.00601383397964684,"394 tmt","14 tmt"
"26954","M2","C4620083","14","395","C4620083 M2","tmt",-0.00628639538085459,"395 tmt","14 tmt"
"26955","M2","C4620083","14","396","C4620083 M2","tmt",-0.00639571682098628,"396 tmt","14 tmt"
"26956","M2","C4620083","14","397","C4620083 M2","tmt",-0.00649156512537619,"397 tmt","14 tmt"
"26957","M2","C4620083","14","398","C4620083 M2","tmt",-0.00653435352755325,"398 tmt","14 tmt"
"26958","M2","C4620083","14","399","C4620083 M2","tmt",-0.00658760575556482,"399 tmt","14 tmt"
"26959","M2","C4620083","14","400","C4620083 M2","tmt",-0.0068140923078405,"400 tmt","14 tmt"
"26960","M2","C4620083","14","401","C4620083 M2","tmt",-0.00732813755820639,"401 tmt","14 tmt"
"26961","M2","C4620083","14","402","C4620083 M2","tmt",-0.00771390756662612,"402 tmt","14 tmt"
"26962","M2","C4620083","14","403","C4620083 M2","tmt",-0.00798100522538676,"403 tmt","14 tmt"
"26963","M2","C4620083","14","404","C4620083 M2","tmt",-0.00842092499468911,"404 tmt","14 tmt"
"26964","M2","C4620083","14","405","C4620083 M2","tmt",-0.00847595723195332,"405 tmt","14 tmt"
"26965","M2","C4620083","14","406","C4620083 M2","tmt",-0.00903712426107561,"406 tmt","14 tmt"
"26966","M2","C4620083","14","407","C4620083 M2","tmt",-0.00910462166391598,"407 tmt","14 tmt"
"26967","M2","C4620083","14","408","C4620083 M2","tmt",-0.0102116583583148,"408 tmt","14 tmt"
"26968","M2","C4620083","14","409","C4620083 M2","tmt",-0.0107754185946508,"409 tmt","14 tmt"
"26969","M2","C4620083","14","410","C4620083 M2","tmt",-0.0126122142818694,"410 tmt","14 tmt"
"26970","M2","C4620083","14","411","C4620083 M2","tmt",-0.0128374986811608,"411 tmt","14 tmt"
"26971","M2","C4620083","14","412","C4620083 M2","tmt",-0.0128441161802468,"412 tmt","14 tmt"
"26972","M2","C4620083","14","413","C4620083 M2","tmt",-0.0131388998504485,"413 tmt","14 tmt"
"26973","M2","C4620083","14","414","C4620083 M2","tmt",-0.0132178752144265,"414 tmt","14 tmt"
"26974","M2","C4620083","14","415","C4620083 M2","tmt",-0.0137258785704692,"415 tmt","14 tmt"
"26975","M2","C4620083","14","416","C4620083 M2","tmt",-0.0137279098092123,"416 tmt","14 tmt"
"26976","M2","C4620083","14","417","C4620083 M2","tmt",-0.0138387721681167,"417 tmt","14 tmt"
"26977","M2","C4620083","14","418","C4620083 M2","tmt",-0.0147933912642887,"418 tmt","14 tmt"
"26978","M2","C4620083","14","419","C4620083 M2","tmt",-0.0148733337765813,"419 tmt","14 tmt"
"26979","M2","C4620083","14","420","C4620083 M2","tmt",-0.015053500278105,"420 tmt","14 tmt"
"26980","M2","C4620083","14","421","C4620083 M2","tmt",-0.0155835027488313,"421 tmt","14 tmt"
"26981","M2","C4620083","14","422","C4620083 M2","tmt",-0.0156379808871765,"422 tmt","14 tmt"
"26982","M2","C4620083","14","423","C4620083 M2","tmt",-0.0157162225934579,"423 tmt","14 tmt"
"26983","M2","C4620083","14","424","C4620083 M2","tmt",-0.0159103793231993,"424 tmt","14 tmt"
"26984","M2","C4620083","14","425","C4620083 M2","tmt",-0.016047050075369,"425 tmt","14 tmt"
"26985","M2","C4620083","14","426","C4620083 M2","tmt",-0.0166190206932673,"426 tmt","14 tmt"
"26986","M2","C4620083","14","427","C4620083 M2","tmt",-0.0169514234813058,"427 tmt","14 tmt"
"26987","M2","C4620083","14","428","C4620083 M2","tmt",-0.0170722006538437,"428 tmt","14 tmt"
"26988","M2","C4620083","14","429","C4620083 M2","tmt",-0.0179483018491872,"429 tmt","14 tmt"
"26989","M2","C4620083","14","430","C4620083 M2","tmt",-0.018751932177111,"430 tmt","14 tmt"
"26990","M2","C4620083","14","431","C4620083 M2","tmt",-0.0199975493079973,"431 tmt","14 tmt"
"26991","M2","C4620083","14","432","C4620083 M2","tmt",-0.0205412288500794,"432 tmt","14 tmt"
"26992","M2","C4620083","14","433","C4620083 M2","tmt",-0.0208712960621993,"433 tmt","14 tmt"
"26993","M2","C4620083","14","434","C4620083 M2","tmt",-0.0212995782638654,"434 tmt","14 tmt"
"26994","M2","C4620083","14","435","C4620083 M2","tmt",-0.0220717505726269,"435 tmt","14 tmt"
"26995","M2","C4620083","14","436","C4620083 M2","tmt",-0.0231693964662121,"436 tmt","14 tmt"
"26996","M2","C4620083","14","437","C4620083 M2","tmt",-0.023175953111137,"437 tmt","14 tmt"
"26997","M2","C4620083","14","438","C4620083 M2","tmt",-0.0236664278916985,"438 tmt","14 tmt"
"26998","M2","C4620083","14","439","C4620083 M2","tmt",-0.0241487835468331,"439 tmt","14 tmt"
"26999","M2","C4620083","14","440","C4620083 M2","tmt",-0.0241522908317721,"440 tmt","14 tmt"
"27000","M2","C4620083","14","441","C4620083 M2","tmt",-0.0248023007169702,"441 tmt","14 tmt"
"27001","M2","C4620083","14","442","C4620083 M2","tmt",-0.0250812291183673,"442 tmt","14 tmt"
"27002","M2","C4620083","14","443","C4620083 M2","tmt",-0.0250981176459761,"443 tmt","14 tmt"
"27003","M2","C4620083","14","444","C4620083 M2","tmt",-0.0256072143880329,"444 tmt","14 tmt"
"27004","M2","C4620083","14","445","C4620083 M2","tmt",-0.025733541929329,"445 tmt","14 tmt"
"27005","M2","C4620083","14","446","C4620083 M2","tmt",-0.0265531219361733,"446 tmt","14 tmt"
"27006","M2","C4620083","14","447","C4620083 M2","tmt",-0.027277571078586,"447 tmt","14 tmt"
"27007","M2","C4620083","14","448","C4620083 M2","tmt",-0.029111404086238,"448 tmt","14 tmt"
"27008","M2","C4620083","14","449","C4620083 M2","tmt",-0.0291404701076165,"449 tmt","14 tmt"
"27009","M2","C4620083","14","450","C4620083 M2","tmt",-0.0304543057249428,"450 tmt","14 tmt"
"27010","M2","C4620083","14","451","C4620083 M2","tmt",-0.0305570543165443,"451 tmt","14 tmt"
"27011","M2","C4620083","14","452","C4620083 M2","tmt",-0.0307872362104494,"452 tmt","14 tmt"
"27012","M2","C4620083","14","453","C4620083 M2","tmt",-0.0310964489542721,"453 tmt","14 tmt"
"27013","M2","C4620083","14","454","C4620083 M2","tmt",-0.033152543030849,"454 tmt","14 tmt"
"27014","M2","C4620083","14","455","C4620083 M2","tmt",-0.0331931601341333,"455 tmt","14 tmt"
"27015","M2","C4620083","14","456","C4620083 M2","tmt",-0.0358110428369758,"456 tmt","14 tmt"
"27016","M2","C4620083","14","457","C4620083 M2","tmt",-0.0366190631058102,"457 tmt","14 tmt"
"27017","M2","C4620083","14","458","C4620083 M2","tmt",-0.0366360271832045,"458 tmt","14 tmt"
"27018","M2","C4620083","14","459","C4620083 M2","tmt",-0.0435451337031588,"459 tmt","14 tmt"
"27019","M2","C4620083","14","460","C4620083 M2","tmt",-0.0475348878700168,"460 tmt","14 tmt"
"27020","M3","C4620083","14","0","C4620083 M3","tmt",0.472534607329619,"0 tmt","14 tmt"
"27021","M3","C4620083","14","1","C4620083 M3","tmt",0.469412879169418,"1 tmt","14 tmt"
"27022","M3","C4620083","14","2","C4620083 M3","tmt",0.459742935072044,"2 tmt","14 tmt"
"27023","M3","C4620083","14","3","C4620083 M3","tmt",0.45845393439884,"3 tmt","14 tmt"
"27024","M3","C4620083","14","4","C4620083 M3","tmt",0.456395697401625,"4 tmt","14 tmt"
"27025","M3","C4620083","14","5","C4620083 M3","tmt",0.453428409112723,"5 tmt","14 tmt"
"27026","M3","C4620083","14","6","C4620083 M3","tmt",0.452675703918744,"6 tmt","14 tmt"
"27027","M3","C4620083","14","7","C4620083 M3","tmt",0.449527970753604,"7 tmt","14 tmt"
"27028","M3","C4620083","14","8","C4620083 M3","tmt",0.449123966756125,"8 tmt","14 tmt"
"27029","M3","C4620083","14","9","C4620083 M3","tmt",0.447710640064147,"9 tmt","14 tmt"
"27030","M3","C4620083","14","10","C4620083 M3","tmt",0.44206950391033,"10 tmt","14 tmt"
"27031","M3","C4620083","14","11","C4620083 M3","tmt",0.441485398368876,"11 tmt","14 tmt"
"27032","M3","C4620083","14","12","C4620083 M3","tmt",0.439905596224042,"12 tmt","14 tmt"
"27033","M3","C4620083","14","13","C4620083 M3","tmt",0.439539182574112,"13 tmt","14 tmt"
"27034","M3","C4620083","14","14","C4620083 M3","tmt",0.439045658673634,"14 tmt","14 tmt"
"27035","M3","C4620083","14","15","C4620083 M3","tmt",0.436410831915717,"15 tmt","14 tmt"
"27036","M3","C4620083","14","16","C4620083 M3","tmt",0.436087922804682,"16 tmt","14 tmt"
"27037","M3","C4620083","14","17","C4620083 M3","tmt",0.435139559879411,"17 tmt","14 tmt"
"27038","M3","C4620083","14","18","C4620083 M3","tmt",0.434580483592756,"18 tmt","14 tmt"
"27039","M3","C4620083","14","19","C4620083 M3","tmt",0.431527507699762,"19 tmt","14 tmt"
"27040","M3","C4620083","14","20","C4620083 M3","tmt",0.428569310429534,"20 tmt","14 tmt"
"27041","M3","C4620083","14","21","C4620083 M3","tmt",0.427332311557118,"21 tmt","14 tmt"
"27042","M3","C4620083","14","22","C4620083 M3","tmt",0.424897908313436,"22 tmt","14 tmt"
"27043","M3","C4620083","14","23","C4620083 M3","tmt",0.423301788903992,"23 tmt","14 tmt"
"27044","M3","C4620083","14","24","C4620083 M3","tmt",0.422687022670683,"24 tmt","14 tmt"
"27045","M3","C4620083","14","25","C4620083 M3","tmt",0.422519404740871,"25 tmt","14 tmt"
"27046","M3","C4620083","14","26","C4620083 M3","tmt",0.421858957981804,"26 tmt","14 tmt"
"27047","M3","C4620083","14","27","C4620083 M3","tmt",0.421544018898144,"27 tmt","14 tmt"
"27048","M3","C4620083","14","28","C4620083 M3","tmt",0.418375941229374,"28 tmt","14 tmt"
"27049","M3","C4620083","14","29","C4620083 M3","tmt",0.416613637158717,"29 tmt","14 tmt"
"27050","M3","C4620083","14","30","C4620083 M3","tmt",0.415862116364961,"30 tmt","14 tmt"
"27051","M3","C4620083","14","31","C4620083 M3","tmt",0.414588417739571,"31 tmt","14 tmt"
"27052","M3","C4620083","14","32","C4620083 M3","tmt",0.413876748275043,"32 tmt","14 tmt"
"27053","M3","C4620083","14","33","C4620083 M3","tmt",0.412877236911799,"33 tmt","14 tmt"
"27054","M3","C4620083","14","34","C4620083 M3","tmt",0.411152900541149,"34 tmt","14 tmt"
"27055","M3","C4620083","14","35","C4620083 M3","tmt",0.409478229394029,"35 tmt","14 tmt"
"27056","M3","C4620083","14","36","C4620083 M3","tmt",0.409168587011361,"36 tmt","14 tmt"
"27057","M3","C4620083","14","37","C4620083 M3","tmt",0.408905392743536,"37 tmt","14 tmt"
"27058","M3","C4620083","14","38","C4620083 M3","tmt",0.40871805156181,"38 tmt","14 tmt"
"27059","M3","C4620083","14","39","C4620083 M3","tmt",0.40848046827774,"39 tmt","14 tmt"
"27060","M3","C4620083","14","40","C4620083 M3","tmt",0.407494905920284,"40 tmt","14 tmt"
"27061","M3","C4620083","14","41","C4620083 M3","tmt",0.404967867230671,"41 tmt","14 tmt"
"27062","M3","C4620083","14","42","C4620083 M3","tmt",0.404714531219046,"42 tmt","14 tmt"
"27063","M3","C4620083","14","43","C4620083 M3","tmt",0.404649940019595,"43 tmt","14 tmt"
"27064","M3","C4620083","14","44","C4620083 M3","tmt",0.403582544894291,"44 tmt","14 tmt"
"27065","M3","C4620083","14","45","C4620083 M3","tmt",0.403206634441736,"45 tmt","14 tmt"
"27066","M3","C4620083","14","46","C4620083 M3","tmt",0.402607156022632,"46 tmt","14 tmt"
"27067","M3","C4620083","14","47","C4620083 M3","tmt",0.402331313625846,"47 tmt","14 tmt"
"27068","M3","C4620083","14","48","C4620083 M3","tmt",0.399894511603573,"48 tmt","14 tmt"
"27069","M3","C4620083","14","49","C4620083 M3","tmt",0.399720306298806,"49 tmt","14 tmt"
"27070","M3","C4620083","14","50","C4620083 M3","tmt",0.398879469406849,"50 tmt","14 tmt"
"27071","M3","C4620083","14","51","C4620083 M3","tmt",0.397373024956324,"51 tmt","14 tmt"
"27072","M3","C4620083","14","52","C4620083 M3","tmt",0.394997133042119,"52 tmt","14 tmt"
"27073","M3","C4620083","14","53","C4620083 M3","tmt",0.394955692666197,"53 tmt","14 tmt"
"27074","M3","C4620083","14","54","C4620083 M3","tmt",0.393265486630317,"54 tmt","14 tmt"
"27075","M3","C4620083","14","55","C4620083 M3","tmt",0.392943066761456,"55 tmt","14 tmt"
"27076","M3","C4620083","14","56","C4620083 M3","tmt",0.39228015539677,"56 tmt","14 tmt"
"27077","M3","C4620083","14","57","C4620083 M3","tmt",0.392204058264257,"57 tmt","14 tmt"
"27078","M3","C4620083","14","58","C4620083 M3","tmt",0.391390007761698,"58 tmt","14 tmt"
"27079","M3","C4620083","14","59","C4620083 M3","tmt",0.391389898304002,"59 tmt","14 tmt"
"27080","M3","C4620083","14","60","C4620083 M3","tmt",0.39130099173445,"60 tmt","14 tmt"
"27081","M3","C4620083","14","61","C4620083 M3","tmt",0.390772136539071,"61 tmt","14 tmt"
"27082","M3","C4620083","14","62","C4620083 M3","tmt",0.387982920572444,"62 tmt","14 tmt"
"27083","M3","C4620083","14","63","C4620083 M3","tmt",0.387802963535872,"63 tmt","14 tmt"
"27084","M3","C4620083","14","64","C4620083 M3","tmt",0.387321076765906,"64 tmt","14 tmt"
"27085","M3","C4620083","14","65","C4620083 M3","tmt",0.386740841529528,"65 tmt","14 tmt"
"27086","M3","C4620083","14","66","C4620083 M3","tmt",0.38630024379391,"66 tmt","14 tmt"
"27087","M3","C4620083","14","67","C4620083 M3","tmt",0.382808645520939,"67 tmt","14 tmt"
"27088","M3","C4620083","14","68","C4620083 M3","tmt",0.382199077329695,"68 tmt","14 tmt"
"27089","M3","C4620083","14","69","C4620083 M3","tmt",0.382131011705103,"69 tmt","14 tmt"
"27090","M3","C4620083","14","70","C4620083 M3","tmt",0.382111784660071,"70 tmt","14 tmt"
"27091","M3","C4620083","14","71","C4620083 M3","tmt",0.381764455107515,"71 tmt","14 tmt"
"27092","M3","C4620083","14","72","C4620083 M3","tmt",0.379558454253615,"72 tmt","14 tmt"
"27093","M3","C4620083","14","73","C4620083 M3","tmt",0.379494832529899,"73 tmt","14 tmt"
"27094","M3","C4620083","14","74","C4620083 M3","tmt",0.379205652267589,"74 tmt","14 tmt"
"27095","M3","C4620083","14","75","C4620083 M3","tmt",0.377841904459721,"75 tmt","14 tmt"
"27096","M3","C4620083","14","76","C4620083 M3","tmt",0.37651662328486,"76 tmt","14 tmt"
"27097","M3","C4620083","14","77","C4620083 M3","tmt",0.376205355993815,"77 tmt","14 tmt"
"27098","M3","C4620083","14","78","C4620083 M3","tmt",0.374272182267311,"78 tmt","14 tmt"
"27099","M3","C4620083","14","79","C4620083 M3","tmt",0.374098256376246,"79 tmt","14 tmt"
"27100","M3","C4620083","14","80","C4620083 M3","tmt",0.3739788293964,"80 tmt","14 tmt"
"27101","M3","C4620083","14","81","C4620083 M3","tmt",0.373513234578294,"81 tmt","14 tmt"
"27102","M3","C4620083","14","82","C4620083 M3","tmt",0.372638336164154,"82 tmt","14 tmt"
"27103","M3","C4620083","14","83","C4620083 M3","tmt",0.371710703222547,"83 tmt","14 tmt"
"27104","M3","C4620083","14","84","C4620083 M3","tmt",0.37067439944996,"84 tmt","14 tmt"
"27105","M3","C4620083","14","85","C4620083 M3","tmt",0.367991646392762,"85 tmt","14 tmt"
"27106","M3","C4620083","14","86","C4620083 M3","tmt",0.366793292395288,"86 tmt","14 tmt"
"27107","M3","C4620083","14","87","C4620083 M3","tmt",0.365945436083362,"87 tmt","14 tmt"
"27108","M3","C4620083","14","88","C4620083 M3","tmt",0.365040272283025,"88 tmt","14 tmt"
"27109","M3","C4620083","14","89","C4620083 M3","tmt",0.364456612799238,"89 tmt","14 tmt"
"27110","M3","C4620083","14","90","C4620083 M3","tmt",0.363234125299727,"90 tmt","14 tmt"
"27111","M3","C4620083","14","91","C4620083 M3","tmt",0.362623299373009,"91 tmt","14 tmt"
"27112","M3","C4620083","14","92","C4620083 M3","tmt",0.362076814606395,"92 tmt","14 tmt"
"27113","M3","C4620083","14","93","C4620083 M3","tmt",0.361309793753859,"93 tmt","14 tmt"
"27114","M3","C4620083","14","94","C4620083 M3","tmt",0.360820163793587,"94 tmt","14 tmt"
"27115","M3","C4620083","14","95","C4620083 M3","tmt",0.358486808632313,"95 tmt","14 tmt"
"27116","M3","C4620083","14","96","C4620083 M3","tmt",0.357438524765477,"96 tmt","14 tmt"
"27117","M3","C4620083","14","97","C4620083 M3","tmt",0.356660808998805,"97 tmt","14 tmt"
"27118","M3","C4620083","14","98","C4620083 M3","tmt",0.35613512725188,"98 tmt","14 tmt"
"27119","M3","C4620083","14","99","C4620083 M3","tmt",0.35506836919815,"99 tmt","14 tmt"
"27120","M3","C4620083","14","100","C4620083 M3","tmt",0.354454121212978,"100 tmt","14 tmt"
"27121","M3","C4620083","14","101","C4620083 M3","tmt",0.354098940786266,"101 tmt","14 tmt"
"27122","M3","C4620083","14","102","C4620083 M3","tmt",0.354094720100765,"102 tmt","14 tmt"
"27123","M3","C4620083","14","103","C4620083 M3","tmt",0.35312547398329,"103 tmt","14 tmt"
"27124","M3","C4620083","14","104","C4620083 M3","tmt",0.350989454919424,"104 tmt","14 tmt"
"27125","M3","C4620083","14","105","C4620083 M3","tmt",0.350617629661961,"105 tmt","14 tmt"
"27126","M3","C4620083","14","106","C4620083 M3","tmt",0.349855148245705,"106 tmt","14 tmt"
"27127","M3","C4620083","14","107","C4620083 M3","tmt",0.348199187184438,"107 tmt","14 tmt"
"27128","M3","C4620083","14","108","C4620083 M3","tmt",0.348112325883136,"108 tmt","14 tmt"
"27129","M3","C4620083","14","109","C4620083 M3","tmt",0.346339491643346,"109 tmt","14 tmt"
"27130","M3","C4620083","14","110","C4620083 M3","tmt",0.343402074460488,"110 tmt","14 tmt"
"27131","M3","C4620083","14","111","C4620083 M3","tmt",0.343351103479221,"111 tmt","14 tmt"
"27132","M3","C4620083","14","112","C4620083 M3","tmt",0.342942804523087,"112 tmt","14 tmt"
"27133","M3","C4620083","14","113","C4620083 M3","tmt",0.342805570404025,"113 tmt","14 tmt"
"27134","M3","C4620083","14","114","C4620083 M3","tmt",0.3423788236257,"114 tmt","14 tmt"
"27135","M3","C4620083","14","115","C4620083 M3","tmt",0.342359744051171,"115 tmt","14 tmt"
"27136","M3","C4620083","14","116","C4620083 M3","tmt",0.342276642882276,"116 tmt","14 tmt"
"27137","M3","C4620083","14","117","C4620083 M3","tmt",0.342191934426556,"117 tmt","14 tmt"
"27138","M3","C4620083","14","118","C4620083 M3","tmt",0.342017039346387,"118 tmt","14 tmt"
"27139","M3","C4620083","14","119","C4620083 M3","tmt",0.341704428581602,"119 tmt","14 tmt"
"27140","M3","C4620083","14","120","C4620083 M3","tmt",0.341330823496471,"120 tmt","14 tmt"
"27141","M3","C4620083","14","121","C4620083 M3","tmt",0.340604108847072,"121 tmt","14 tmt"
"27142","M3","C4620083","14","122","C4620083 M3","tmt",0.339875727663623,"122 tmt","14 tmt"
"27143","M3","C4620083","14","123","C4620083 M3","tmt",0.339821278561083,"123 tmt","14 tmt"
"27144","M3","C4620083","14","124","C4620083 M3","tmt",0.338347461159979,"124 tmt","14 tmt"
"27145","M3","C4620083","14","125","C4620083 M3","tmt",0.337520126634028,"125 tmt","14 tmt"
"27146","M3","C4620083","14","126","C4620083 M3","tmt",0.334996294658495,"126 tmt","14 tmt"
"27147","M3","C4620083","14","127","C4620083 M3","tmt",0.334664758939281,"127 tmt","14 tmt"
"27148","M3","C4620083","14","128","C4620083 M3","tmt",0.331444693947934,"128 tmt","14 tmt"
"27149","M3","C4620083","14","129","C4620083 M3","tmt",0.329614334949882,"129 tmt","14 tmt"
"27150","M3","C4620083","14","130","C4620083 M3","tmt",0.329433891002373,"130 tmt","14 tmt"
"27151","M3","C4620083","14","131","C4620083 M3","tmt",0.327420175365453,"131 tmt","14 tmt"
"27152","M3","C4620083","14","132","C4620083 M3","tmt",0.327375766937916,"132 tmt","14 tmt"
"27153","M3","C4620083","14","133","C4620083 M3","tmt",0.327035780885107,"133 tmt","14 tmt"
"27154","M3","C4620083","14","134","C4620083 M3","tmt",0.324612661186186,"134 tmt","14 tmt"
"27155","M3","C4620083","14","135","C4620083 M3","tmt",0.324431752384447,"135 tmt","14 tmt"
"27156","M3","C4620083","14","136","C4620083 M3","tmt",0.323731213093595,"136 tmt","14 tmt"
"27157","M3","C4620083","14","137","C4620083 M3","tmt",0.323086492281202,"137 tmt","14 tmt"
"27158","M3","C4620083","14","138","C4620083 M3","tmt",0.320748204784937,"138 tmt","14 tmt"
"27159","M3","C4620083","14","139","C4620083 M3","tmt",0.320332106971855,"139 tmt","14 tmt"
"27160","M3","C4620083","14","140","C4620083 M3","tmt",0.318042623656975,"140 tmt","14 tmt"
"27161","M3","C4620083","14","141","C4620083 M3","tmt",0.316076770148843,"141 tmt","14 tmt"
"27162","M3","C4620083","14","142","C4620083 M3","tmt",0.315831232228242,"142 tmt","14 tmt"
"27163","M3","C4620083","14","143","C4620083 M3","tmt",0.315171929089288,"143 tmt","14 tmt"
"27164","M3","C4620083","14","144","C4620083 M3","tmt",0.313320950066763,"144 tmt","14 tmt"
"27165","M3","C4620083","14","145","C4620083 M3","tmt",0.312273294485492,"145 tmt","14 tmt"
"27166","M3","C4620083","14","146","C4620083 M3","tmt",0.311478394187567,"146 tmt","14 tmt"
"27167","M3","C4620083","14","147","C4620083 M3","tmt",0.308706216440175,"147 tmt","14 tmt"
"27168","M3","C4620083","14","148","C4620083 M3","tmt",0.307690832745034,"148 tmt","14 tmt"
"27169","M3","C4620083","14","149","C4620083 M3","tmt",0.307616354367511,"149 tmt","14 tmt"
"27170","M3","C4620083","14","150","C4620083 M3","tmt",0.304918068061128,"150 tmt","14 tmt"
"27171","M3","C4620083","14","151","C4620083 M3","tmt",0.304489340978772,"151 tmt","14 tmt"
"27172","M3","C4620083","14","152","C4620083 M3","tmt",0.304224675080252,"152 tmt","14 tmt"
"27173","M3","C4620083","14","153","C4620083 M3","tmt",0.304154653093795,"153 tmt","14 tmt"
"27174","M3","C4620083","14","154","C4620083 M3","tmt",0.30413400251728,"154 tmt","14 tmt"
"27175","M3","C4620083","14","155","C4620083 M3","tmt",0.303348287903682,"155 tmt","14 tmt"
"27176","M3","C4620083","14","156","C4620083 M3","tmt",0.300852708669983,"156 tmt","14 tmt"
"27177","M3","C4620083","14","157","C4620083 M3","tmt",0.300075061794535,"157 tmt","14 tmt"
"27178","M3","C4620083","14","158","C4620083 M3","tmt",0.300065244655243,"158 tmt","14 tmt"
"27179","M3","C4620083","14","159","C4620083 M3","tmt",0.299687937818402,"159 tmt","14 tmt"
"27180","M3","C4620083","14","160","C4620083 M3","tmt",0.29962717399493,"160 tmt","14 tmt"
"27181","M3","C4620083","14","161","C4620083 M3","tmt",0.298793967422473,"161 tmt","14 tmt"
"27182","M3","C4620083","14","162","C4620083 M3","tmt",0.297347339163458,"162 tmt","14 tmt"
"27183","M3","C4620083","14","163","C4620083 M3","tmt",0.296714729427032,"163 tmt","14 tmt"
"27184","M3","C4620083","14","164","C4620083 M3","tmt",0.29540896191118,"164 tmt","14 tmt"
"27185","M3","C4620083","14","165","C4620083 M3","tmt",0.294344941793192,"165 tmt","14 tmt"
"27186","M3","C4620083","14","166","C4620083 M3","tmt",0.294291325098663,"166 tmt","14 tmt"
"27187","M3","C4620083","14","167","C4620083 M3","tmt",0.292930234120978,"167 tmt","14 tmt"
"27188","M3","C4620083","14","168","C4620083 M3","tmt",0.292151720859983,"168 tmt","14 tmt"
"27189","M3","C4620083","14","169","C4620083 M3","tmt",0.291101663149368,"169 tmt","14 tmt"
"27190","M3","C4620083","14","170","C4620083 M3","tmt",0.290535034521112,"170 tmt","14 tmt"
"27191","M3","C4620083","14","171","C4620083 M3","tmt",0.288180638387457,"171 tmt","14 tmt"
"27192","M3","C4620083","14","172","C4620083 M3","tmt",0.286177436586878,"172 tmt","14 tmt"
"27193","M3","C4620083","14","173","C4620083 M3","tmt",0.285942028040584,"173 tmt","14 tmt"
"27194","M3","C4620083","14","174","C4620083 M3","tmt",0.285764197437445,"174 tmt","14 tmt"
"27195","M3","C4620083","14","175","C4620083 M3","tmt",0.284697930802054,"175 tmt","14 tmt"
"27196","M3","C4620083","14","176","C4620083 M3","tmt",0.281845209820428,"176 tmt","14 tmt"
"27197","M3","C4620083","14","177","C4620083 M3","tmt",0.281721478640836,"177 tmt","14 tmt"
"27198","M3","C4620083","14","178","C4620083 M3","tmt",0.279389013829329,"178 tmt","14 tmt"
"27199","M3","C4620083","14","179","C4620083 M3","tmt",0.279188369426985,"179 tmt","14 tmt"
"27200","M3","C4620083","14","180","C4620083 M3","tmt",0.278478883509272,"180 tmt","14 tmt"
"27201","M3","C4620083","14","181","C4620083 M3","tmt",0.277505796510561,"181 tmt","14 tmt"
"27202","M3","C4620083","14","182","C4620083 M3","tmt",0.276853979103434,"182 tmt","14 tmt"
"27203","M3","C4620083","14","183","C4620083 M3","tmt",0.275966874168825,"183 tmt","14 tmt"
"27204","M3","C4620083","14","184","C4620083 M3","tmt",0.273934841967963,"184 tmt","14 tmt"
"27205","M3","C4620083","14","185","C4620083 M3","tmt",0.273840130034444,"185 tmt","14 tmt"
"27206","M3","C4620083","14","186","C4620083 M3","tmt",0.268560926558812,"186 tmt","14 tmt"
"27207","M3","C4620083","14","187","C4620083 M3","tmt",0.267997372120519,"187 tmt","14 tmt"
"27208","M3","C4620083","14","188","C4620083 M3","tmt",0.265055520953106,"188 tmt","14 tmt"
"27209","M3","C4620083","14","189","C4620083 M3","tmt",0.262105861630626,"189 tmt","14 tmt"
"27210","M3","C4620083","14","190","C4620083 M3","tmt",0.26155149541088,"190 tmt","14 tmt"
"27211","M3","C4620083","14","191","C4620083 M3","tmt",0.260764406283156,"191 tmt","14 tmt"
"27212","M3","C4620083","14","192","C4620083 M3","tmt",0.259620447674618,"192 tmt","14 tmt"
"27213","M3","C4620083","14","193","C4620083 M3","tmt",0.259279835813565,"193 tmt","14 tmt"
"27214","M3","C4620083","14","194","C4620083 M3","tmt",0.258711710889238,"194 tmt","14 tmt"
"27215","M3","C4620083","14","195","C4620083 M3","tmt",0.257303973405745,"195 tmt","14 tmt"
"27216","M3","C4620083","14","196","C4620083 M3","tmt",0.256836385390916,"196 tmt","14 tmt"
"27217","M3","C4620083","14","197","C4620083 M3","tmt",0.25638977528902,"197 tmt","14 tmt"
"27218","M3","C4620083","14","198","C4620083 M3","tmt",0.256090964285199,"198 tmt","14 tmt"
"27219","M3","C4620083","14","199","C4620083 M3","tmt",0.255136226131466,"199 tmt","14 tmt"
"27220","M3","C4620083","14","200","C4620083 M3","tmt",0.243796630704486,"200 tmt","14 tmt"
"27221","M3","C4620083","14","201","C4620083 M3","tmt",0.242939661043713,"201 tmt","14 tmt"
"27222","M3","C4620083","14","202","C4620083 M3","tmt",0.242651692656745,"202 tmt","14 tmt"
"27223","M3","C4620083","14","203","C4620083 M3","tmt",0.241843023686122,"203 tmt","14 tmt"
"27224","M3","C4620083","14","204","C4620083 M3","tmt",0.241301295661195,"204 tmt","14 tmt"
"27225","M3","C4620083","14","205","C4620083 M3","tmt",0.240235354227613,"205 tmt","14 tmt"
"27226","M3","C4620083","14","206","C4620083 M3","tmt",0.239891982386433,"206 tmt","14 tmt"
"27227","M3","C4620083","14","207","C4620083 M3","tmt",0.235845788437163,"207 tmt","14 tmt"
"27228","M3","C4620083","14","208","C4620083 M3","tmt",0.231375138592032,"208 tmt","14 tmt"
"27229","M3","C4620083","14","209","C4620083 M3","tmt",0.230450591531542,"209 tmt","14 tmt"
"27230","M3","C4620083","14","210","C4620083 M3","tmt",0.230046480953726,"210 tmt","14 tmt"
"27231","M3","C4620083","14","211","C4620083 M3","tmt",0.229948103333492,"211 tmt","14 tmt"
"27232","M3","C4620083","14","212","C4620083 M3","tmt",0.225625345528175,"212 tmt","14 tmt"
"27233","M3","C4620083","14","213","C4620083 M3","tmt",0.225200370744758,"213 tmt","14 tmt"
"27234","M3","C4620083","14","214","C4620083 M3","tmt",0.223851166602071,"214 tmt","14 tmt"
"27235","M3","C4620083","14","215","C4620083 M3","tmt",0.223518319395194,"215 tmt","14 tmt"
"27236","M3","C4620083","14","216","C4620083 M3","tmt",0.220619417660831,"216 tmt","14 tmt"
"27237","M3","C4620083","14","217","C4620083 M3","tmt",0.217088484470818,"217 tmt","14 tmt"
"27238","M3","C4620083","14","218","C4620083 M3","tmt",0.21492547512942,"218 tmt","14 tmt"
"27239","M3","C4620083","14","219","C4620083 M3","tmt",0.213384903820993,"219 tmt","14 tmt"
"27240","M3","C4620083","14","220","C4620083 M3","tmt",0.207493960252563,"220 tmt","14 tmt"
"27241","M3","C4620083","14","221","C4620083 M3","tmt",0.207156824876275,"221 tmt","14 tmt"
"27242","M3","C4620083","14","222","C4620083 M3","tmt",0.206344911312261,"222 tmt","14 tmt"
"27243","M3","C4620083","14","223","C4620083 M3","tmt",0.205657305377323,"223 tmt","14 tmt"
"27244","M3","C4620083","14","224","C4620083 M3","tmt",0.200131693116247,"224 tmt","14 tmt"
"27245","M3","C4620083","14","225","C4620083 M3","tmt",0.196194163661066,"225 tmt","14 tmt"
"27246","M3","C4620083","14","226","C4620083 M3","tmt",0.190643440514542,"226 tmt","14 tmt"
"27247","M3","C4620083","14","227","C4620083 M3","tmt",0.190106078123977,"227 tmt","14 tmt"
"27248","M3","C4620083","14","228","C4620083 M3","tmt",0.186514051428966,"228 tmt","14 tmt"
"27249","M3","C4620083","14","229","C4620083 M3","tmt",0.174859755825594,"229 tmt","14 tmt"
"27250","M3","C4620083","14","230","C4620083 M3","tmt",0.17146241312385,"230 tmt","14 tmt"
"27251","M3","C4620083","14","231","C4620083 M3","tmt",0.16781099163575,"231 tmt","14 tmt"
"27252","M3","C4620083","14","232","C4620083 M3","tmt",0.158981359908897,"232 tmt","14 tmt"
"27253","M3","C4620083","14","233","C4620083 M3","tmt",0.15555201464006,"233 tmt","14 tmt"
"27254","M3","C4620083","14","234","C4620083 M3","tmt",0.154176338783722,"234 tmt","14 tmt"
"27255","M3","C4620083","14","235","C4620083 M3","tmt",0.15387829711018,"235 tmt","14 tmt"
"27256","M3","C4620083","14","236","C4620083 M3","tmt",0.150657307238484,"236 tmt","14 tmt"
"27257","M3","C4620083","14","237","C4620083 M3","tmt",0.141021278042,"237 tmt","14 tmt"
"27258","M3","C4620083","14","238","C4620083 M3","tmt",0.13716488186005,"238 tmt","14 tmt"
"27259","M3","C4620083","14","239","C4620083 M3","tmt",0.132486404008662,"239 tmt","14 tmt"
"27260","M3","C4620083","14","240","C4620083 M3","tmt",0.131270599210226,"240 tmt","14 tmt"
"27261","M3","C4620083","14","241","C4620083 M3","tmt",0.127753646876846,"241 tmt","14 tmt"
"27262","M3","C4620083","14","242","C4620083 M3","tmt",0.121556195474339,"242 tmt","14 tmt"
"27263","M3","C4620083","14","243","C4620083 M3","tmt",0.120233114342571,"243 tmt","14 tmt"
"27264","M3","C4620083","14","244","C4620083 M3","tmt",0.117570163452785,"244 tmt","14 tmt"
"27265","M3","C4620083","14","245","C4620083 M3","tmt",0.114828521163741,"245 tmt","14 tmt"
"27266","M3","C4620083","14","246","C4620083 M3","tmt",0.108272917067679,"246 tmt","14 tmt"
"27267","M3","C4620083","14","247","C4620083 M3","tmt",0.0970430715014427,"247 tmt","14 tmt"
"27268","M3","C4620083","14","248","C4620083 M3","tmt",0.0954691050842408,"248 tmt","14 tmt"
"27269","M3","C4620083","14","249","C4620083 M3","tmt",0.0759439899660636,"249 tmt","14 tmt"
"27270","M3","C4620083","14","250","C4620083 M3","tmt",0.064846579225052,"250 tmt","14 tmt"
"27271","M3","C4620083","14","251","C4620083 M3","tmt",0.0589636354313802,"251 tmt","14 tmt"
"27272","M3","C4620083","14","252","C4620083 M3","tmt",0.0585725852832438,"252 tmt","14 tmt"
"27273","M3","C4620083","14","253","C4620083 M3","tmt",0.0581901806610202,"253 tmt","14 tmt"
"27274","M3","C4620083","14","254","C4620083 M3","tmt",0.0523077974781173,"254 tmt","14 tmt"
"27275","M3","C4620083","14","255","C4620083 M3","tmt",0.0485702337398513,"255 tmt","14 tmt"
"27276","M3","C4620083","14","256","C4620083 M3","tmt",0.0483294639693034,"256 tmt","14 tmt"
"27277","M3","C4620083","14","257","C4620083 M3","tmt",0.0474423852838298,"257 tmt","14 tmt"
"27278","M3","C4620083","14","258","C4620083 M3","tmt",0.0392790482093225,"258 tmt","14 tmt"
"27279","M3","C4620083","14","259","C4620083 M3","tmt",0.0352140816299007,"259 tmt","14 tmt"
"27280","M3","C4620083","14","260","C4620083 M3","tmt",0.0323246439771442,"260 tmt","14 tmt"
"27281","M3","C4620083","14","261","C4620083 M3","tmt",0.0317947532010571,"261 tmt","14 tmt"
"27282","M3","C4620083","14","262","C4620083 M3","tmt",0.0159474809679019,"262 tmt","14 tmt"
"27283","M3","C4620083","14","263","C4620083 M3","tmt",0.00458135932935857,"263 tmt","14 tmt"
"27284","M3","C4620083","14","264","C4620083 M3","tmt",0.00402261839672519,"264 tmt","14 tmt"
"27285","M3","C4620083","14","265","C4620083 M3","tmt",-0.00208438516442539,"265 tmt","14 tmt"
"27286","M3","C4620083","14","266","C4620083 M3","tmt",-0.00808497467340858,"266 tmt","14 tmt"
"27287","M3","C4620083","14","267","C4620083 M3","tmt",-0.0148418187198154,"267 tmt","14 tmt"
"27288","M3","C4620083","14","268","C4620083 M3","tmt",-0.0402822545230843,"268 tmt","14 tmt"
"27289","M3","C4620083","14","269","C4620083 M3","tmt",-0.0406101934297358,"269 tmt","14 tmt"
"27290","M3","C4620083","14","270","C4620083 M3","tmt",-0.0588199259522505,"270 tmt","14 tmt"
"27291","M3","C4620083","14","271","C4620083 M3","tmt",-0.138887977336938,"271 tmt","14 tmt"
"27292","M3","C4620083","14","272","C4620083 M3","tmt",-0.21220445923932,"272 tmt","14 tmt"
"27293","M3","C4620083","14","273","C4620083 M3","tmt",-0.228509191115461,"273 tmt","14 tmt"
"27294","M3","C4620083","14","274","C4620083 M3","tmt",-0.254317797376927,"274 tmt","14 tmt"
"27295","M3","C4620083","14","275","C4620083 M3","tmt",-0.29873595507415,"275 tmt","14 tmt"
"27296","M1","C4620081","7","0","C4620081 M1","tmt",0.0826814556679589,"0 tmt","7 tmt"
"27297","M1","C4620081","7","1","C4620081 M1","tmt",0.0813441730052431,"1 tmt","7 tmt"
"27298","M1","C4620081","7","2","C4620081 M1","tmt",0.079599222002393,"2 tmt","7 tmt"
"27299","M1","C4620081","7","3","C4620081 M1","tmt",0.0789094117016975,"3 tmt","7 tmt"
"27300","M1","C4620081","7","4","C4620081 M1","tmt",0.0776408950535282,"4 tmt","7 tmt"
"27301","M1","C4620081","7","5","C4620081 M1","tmt",0.0761205678140338,"5 tmt","7 tmt"
"27302","M1","C4620081","7","6","C4620081 M1","tmt",0.0759076901292025,"6 tmt","7 tmt"
"27303","M1","C4620081","7","7","C4620081 M1","tmt",0.0756383868410964,"7 tmt","7 tmt"
"27304","M1","C4620081","7","8","C4620081 M1","tmt",0.0755274805022135,"8 tmt","7 tmt"
"27305","M1","C4620081","7","9","C4620081 M1","tmt",0.0744031254538959,"9 tmt","7 tmt"
"27306","M1","C4620081","7","10","C4620081 M1","tmt",0.0735994928185008,"10 tmt","7 tmt"
"27307","M1","C4620081","7","11","C4620081 M1","tmt",0.073106441140269,"11 tmt","7 tmt"
"27308","M1","C4620081","7","12","C4620081 M1","tmt",0.073038717783268,"12 tmt","7 tmt"
"27309","M1","C4620081","7","13","C4620081 M1","tmt",0.0729936367743018,"13 tmt","7 tmt"
"27310","M1","C4620081","7","14","C4620081 M1","tmt",0.0715535353795166,"14 tmt","7 tmt"
"27311","M1","C4620081","7","15","C4620081 M1","tmt",0.0680924003251985,"15 tmt","7 tmt"
"27312","M1","C4620081","7","16","C4620081 M1","tmt",0.067867661145826,"16 tmt","7 tmt"
"27313","M1","C4620081","7","17","C4620081 M1","tmt",0.0669276315076708,"17 tmt","7 tmt"
"27314","M1","C4620081","7","18","C4620081 M1","tmt",0.0667785517593544,"18 tmt","7 tmt"
"27315","M1","C4620081","7","19","C4620081 M1","tmt",0.0665139512165868,"19 tmt","7 tmt"
"27316","M1","C4620081","7","20","C4620081 M1","tmt",0.0649371257658598,"20 tmt","7 tmt"
"27317","M1","C4620081","7","21","C4620081 M1","tmt",0.0637574247499242,"21 tmt","7 tmt"
"27318","M1","C4620081","7","22","C4620081 M1","tmt",0.0635646780063888,"22 tmt","7 tmt"
"27319","M1","C4620081","7","23","C4620081 M1","tmt",0.0622425666072228,"23 tmt","7 tmt"
"27320","M1","C4620081","7","24","C4620081 M1","tmt",0.0609210705392179,"24 tmt","7 tmt"
"27321","M1","C4620081","7","25","C4620081 M1","tmt",0.0608748175639889,"25 tmt","7 tmt"
"27322","M1","C4620081","7","26","C4620081 M1","tmt",0.0602743472248843,"26 tmt","7 tmt"
"27323","M1","C4620081","7","27","C4620081 M1","tmt",0.0595145066568058,"27 tmt","7 tmt"
"27324","M1","C4620081","7","28","C4620081 M1","tmt",0.0594868332471687,"28 tmt","7 tmt"
"27325","M1","C4620081","7","29","C4620081 M1","tmt",0.0593626676492474,"29 tmt","7 tmt"
"27326","M1","C4620081","7","30","C4620081 M1","tmt",0.059099772321379,"30 tmt","7 tmt"
"27327","M1","C4620081","7","31","C4620081 M1","tmt",0.0575480249778526,"31 tmt","7 tmt"
"27328","M1","C4620081","7","32","C4620081 M1","tmt",0.0570691104287432,"32 tmt","7 tmt"
"27329","M1","C4620081","7","33","C4620081 M1","tmt",0.0568336434735253,"33 tmt","7 tmt"
"27330","M1","C4620081","7","34","C4620081 M1","tmt",0.0567185796008866,"34 tmt","7 tmt"
"27331","M1","C4620081","7","35","C4620081 M1","tmt",0.0565253279065043,"35 tmt","7 tmt"
"27332","M1","C4620081","7","36","C4620081 M1","tmt",0.0560381160484801,"36 tmt","7 tmt"
"27333","M1","C4620081","7","37","C4620081 M1","tmt",0.055665535297943,"37 tmt","7 tmt"
"27334","M1","C4620081","7","38","C4620081 M1","tmt",0.0553984073555836,"38 tmt","7 tmt"
"27335","M1","C4620081","7","39","C4620081 M1","tmt",0.055308475324795,"39 tmt","7 tmt"
"27336","M1","C4620081","7","40","C4620081 M1","tmt",0.0553078835421411,"40 tmt","7 tmt"
"27337","M1","C4620081","7","41","C4620081 M1","tmt",0.0549814051727793,"41 tmt","7 tmt"
"27338","M1","C4620081","7","42","C4620081 M1","tmt",0.0546707260702196,"42 tmt","7 tmt"
"27339","M1","C4620081","7","43","C4620081 M1","tmt",0.0545115904085508,"43 tmt","7 tmt"
"27340","M1","C4620081","7","44","C4620081 M1","tmt",0.0542009419504742,"44 tmt","7 tmt"
"27341","M1","C4620081","7","45","C4620081 M1","tmt",0.0539482970018283,"45 tmt","7 tmt"
"27342","M1","C4620081","7","46","C4620081 M1","tmt",0.0538201790539963,"46 tmt","7 tmt"
"27343","M1","C4620081","7","47","C4620081 M1","tmt",0.0538076166396071,"47 tmt","7 tmt"
"27344","M1","C4620081","7","48","C4620081 M1","tmt",0.053560966653335,"48 tmt","7 tmt"
"27345","M1","C4620081","7","49","C4620081 M1","tmt",0.0532778117088192,"49 tmt","7 tmt"
"27346","M1","C4620081","7","50","C4620081 M1","tmt",0.0525820135816462,"50 tmt","7 tmt"
"27347","M1","C4620081","7","51","C4620081 M1","tmt",0.0523801598045095,"51 tmt","7 tmt"
"27348","M1","C4620081","7","52","C4620081 M1","tmt",0.0523536795121798,"52 tmt","7 tmt"
"27349","M1","C4620081","7","53","C4620081 M1","tmt",0.0520880777249852,"53 tmt","7 tmt"
"27350","M1","C4620081","7","54","C4620081 M1","tmt",0.0519267588216632,"54 tmt","7 tmt"
"27351","M1","C4620081","7","55","C4620081 M1","tmt",0.0518799820329167,"55 tmt","7 tmt"
"27352","M1","C4620081","7","56","C4620081 M1","tmt",0.0517517671322271,"56 tmt","7 tmt"
"27353","M1","C4620081","7","57","C4620081 M1","tmt",0.051660952324738,"57 tmt","7 tmt"
"27354","M1","C4620081","7","58","C4620081 M1","tmt",0.0515444986599387,"58 tmt","7 tmt"
"27355","M1","C4620081","7","59","C4620081 M1","tmt",0.0499177395337678,"59 tmt","7 tmt"
"27356","M1","C4620081","7","60","C4620081 M1","tmt",0.0497244992862884,"60 tmt","7 tmt"
"27357","M1","C4620081","7","61","C4620081 M1","tmt",0.0495022735687252,"61 tmt","7 tmt"
"27358","M1","C4620081","7","62","C4620081 M1","tmt",0.0491769967176725,"62 tmt","7 tmt"
"27359","M1","C4620081","7","63","C4620081 M1","tmt",0.0486928035294524,"63 tmt","7 tmt"
"27360","M1","C4620081","7","64","C4620081 M1","tmt",0.0480588092223828,"64 tmt","7 tmt"
"27361","M1","C4620081","7","65","C4620081 M1","tmt",0.0475727823818475,"65 tmt","7 tmt"
"27362","M1","C4620081","7","66","C4620081 M1","tmt",0.0473641623325707,"66 tmt","7 tmt"
"27363","M1","C4620081","7","67","C4620081 M1","tmt",0.0469964893258118,"67 tmt","7 tmt"
"27364","M1","C4620081","7","68","C4620081 M1","tmt",0.0465965084867241,"68 tmt","7 tmt"
"27365","M1","C4620081","7","69","C4620081 M1","tmt",0.0462041255143504,"69 tmt","7 tmt"
"27366","M1","C4620081","7","70","C4620081 M1","tmt",0.0458889418427148,"70 tmt","7 tmt"
"27367","M1","C4620081","7","71","C4620081 M1","tmt",0.0453328867830616,"71 tmt","7 tmt"
"27368","M1","C4620081","7","72","C4620081 M1","tmt",0.0452450241326578,"72 tmt","7 tmt"
"27369","M1","C4620081","7","73","C4620081 M1","tmt",0.0452151856322791,"73 tmt","7 tmt"
"27370","M1","C4620081","7","74","C4620081 M1","tmt",0.0450314032285375,"74 tmt","7 tmt"
"27371","M1","C4620081","7","75","C4620081 M1","tmt",0.0447474126455648,"75 tmt","7 tmt"
"27372","M1","C4620081","7","76","C4620081 M1","tmt",0.0447288198876643,"76 tmt","7 tmt"
"27373","M1","C4620081","7","77","C4620081 M1","tmt",0.0446273761257121,"77 tmt","7 tmt"
"27374","M1","C4620081","7","78","C4620081 M1","tmt",0.044182010086875,"78 tmt","7 tmt"
"27375","M1","C4620081","7","79","C4620081 M1","tmt",0.0441206691741043,"79 tmt","7 tmt"
"27376","M1","C4620081","7","80","C4620081 M1","tmt",0.0440507477708493,"80 tmt","7 tmt"
"27377","M1","C4620081","7","81","C4620081 M1","tmt",0.0437752208275212,"81 tmt","7 tmt"
"27378","M1","C4620081","7","82","C4620081 M1","tmt",0.0433240197528213,"82 tmt","7 tmt"
"27379","M1","C4620081","7","83","C4620081 M1","tmt",0.0426527742044643,"83 tmt","7 tmt"
"27380","M1","C4620081","7","84","C4620081 M1","tmt",0.042522183324557,"84 tmt","7 tmt"
"27381","M1","C4620081","7","85","C4620081 M1","tmt",0.0422537386852027,"85 tmt","7 tmt"
"27382","M1","C4620081","7","86","C4620081 M1","tmt",0.0421952316417828,"86 tmt","7 tmt"
"27383","M1","C4620081","7","87","C4620081 M1","tmt",0.0419282787475709,"87 tmt","7 tmt"
"27384","M1","C4620081","7","88","C4620081 M1","tmt",0.041343338243474,"88 tmt","7 tmt"
"27385","M1","C4620081","7","89","C4620081 M1","tmt",0.0412360925673672,"89 tmt","7 tmt"
"27386","M1","C4620081","7","90","C4620081 M1","tmt",0.0406632119289625,"90 tmt","7 tmt"
"27387","M1","C4620081","7","91","C4620081 M1","tmt",0.0396979875120773,"91 tmt","7 tmt"
"27388","M1","C4620081","7","92","C4620081 M1","tmt",0.0391623886670116,"92 tmt","7 tmt"
"27389","M1","C4620081","7","93","C4620081 M1","tmt",0.0388533127196506,"93 tmt","7 tmt"
"27390","M1","C4620081","7","94","C4620081 M1","tmt",0.0386598195044209,"94 tmt","7 tmt"
"27391","M1","C4620081","7","95","C4620081 M1","tmt",0.0385490649701384,"95 tmt","7 tmt"
"27392","M1","C4620081","7","96","C4620081 M1","tmt",0.0383622163699502,"96 tmt","7 tmt"
"27393","M1","C4620081","7","97","C4620081 M1","tmt",0.0378875417070287,"97 tmt","7 tmt"
"27394","M1","C4620081","7","98","C4620081 M1","tmt",0.0376116126619189,"98 tmt","7 tmt"
"27395","M1","C4620081","7","99","C4620081 M1","tmt",0.0372456675536234,"99 tmt","7 tmt"
"27396","M1","C4620081","7","100","C4620081 M1","tmt",0.0372076691050411,"100 tmt","7 tmt"
"27397","M1","C4620081","7","101","C4620081 M1","tmt",0.0371176961715139,"101 tmt","7 tmt"
"27398","M1","C4620081","7","102","C4620081 M1","tmt",0.0370749789093551,"102 tmt","7 tmt"
"27399","M1","C4620081","7","103","C4620081 M1","tmt",0.0364107367169156,"103 tmt","7 tmt"
"27400","M1","C4620081","7","104","C4620081 M1","tmt",0.0362063153794024,"104 tmt","7 tmt"
"27401","M1","C4620081","7","105","C4620081 M1","tmt",0.036115577033092,"105 tmt","7 tmt"
"27402","M1","C4620081","7","106","C4620081 M1","tmt",0.0355574794601682,"106 tmt","7 tmt"
"27403","M1","C4620081","7","107","C4620081 M1","tmt",0.0348268559755121,"107 tmt","7 tmt"
"27404","M1","C4620081","7","108","C4620081 M1","tmt",0.0346918467354783,"108 tmt","7 tmt"
"27405","M1","C4620081","7","109","C4620081 M1","tmt",0.0346543347373164,"109 tmt","7 tmt"
"27406","M1","C4620081","7","110","C4620081 M1","tmt",0.03438345752029,"110 tmt","7 tmt"
"27407","M1","C4620081","7","111","C4620081 M1","tmt",0.0338435704476412,"111 tmt","7 tmt"
"27408","M1","C4620081","7","112","C4620081 M1","tmt",0.0337874104107068,"112 tmt","7 tmt"
"27409","M1","C4620081","7","113","C4620081 M1","tmt",0.0335392261546444,"113 tmt","7 tmt"
"27410","M1","C4620081","7","114","C4620081 M1","tmt",0.0332953694964632,"114 tmt","7 tmt"
"27411","M1","C4620081","7","115","C4620081 M1","tmt",0.0329695657985046,"115 tmt","7 tmt"
"27412","M1","C4620081","7","116","C4620081 M1","tmt",0.0327346433323956,"116 tmt","7 tmt"
"27413","M1","C4620081","7","117","C4620081 M1","tmt",0.0325661845638111,"117 tmt","7 tmt"
"27414","M1","C4620081","7","118","C4620081 M1","tmt",0.0324767290582768,"118 tmt","7 tmt"
"27415","M1","C4620081","7","119","C4620081 M1","tmt",0.032146943255073,"119 tmt","7 tmt"
"27416","M1","C4620081","7","120","C4620081 M1","tmt",0.0320897185473835,"120 tmt","7 tmt"
"27417","M1","C4620081","7","121","C4620081 M1","tmt",0.0320715864865269,"121 tmt","7 tmt"
"27418","M1","C4620081","7","122","C4620081 M1","tmt",0.0318897893731711,"122 tmt","7 tmt"
"27419","M1","C4620081","7","123","C4620081 M1","tmt",0.0315237531379937,"123 tmt","7 tmt"
"27420","M1","C4620081","7","124","C4620081 M1","tmt",0.0314493157997684,"124 tmt","7 tmt"
"27421","M1","C4620081","7","125","C4620081 M1","tmt",0.0314139836367234,"125 tmt","7 tmt"
"27422","M1","C4620081","7","126","C4620081 M1","tmt",0.0313392923147931,"126 tmt","7 tmt"
"27423","M1","C4620081","7","127","C4620081 M1","tmt",0.0312925048492108,"127 tmt","7 tmt"
"27424","M1","C4620081","7","128","C4620081 M1","tmt",0.0310649729419423,"128 tmt","7 tmt"
"27425","M1","C4620081","7","129","C4620081 M1","tmt",0.0310606913589651,"129 tmt","7 tmt"
"27426","M1","C4620081","7","130","C4620081 M1","tmt",0.0309495887467607,"130 tmt","7 tmt"
"27427","M1","C4620081","7","131","C4620081 M1","tmt",0.030871809845256,"131 tmt","7 tmt"
"27428","M1","C4620081","7","132","C4620081 M1","tmt",0.0308685038253679,"132 tmt","7 tmt"
"27429","M1","C4620081","7","133","C4620081 M1","tmt",0.0308408080806706,"133 tmt","7 tmt"
"27430","M1","C4620081","7","134","C4620081 M1","tmt",0.0305753177054547,"134 tmt","7 tmt"
"27431","M1","C4620081","7","135","C4620081 M1","tmt",0.0305332238173109,"135 tmt","7 tmt"
"27432","M1","C4620081","7","136","C4620081 M1","tmt",0.0303799175548867,"136 tmt","7 tmt"
"27433","M1","C4620081","7","137","C4620081 M1","tmt",0.0300022313522494,"137 tmt","7 tmt"
"27434","M1","C4620081","7","138","C4620081 M1","tmt",0.0298588198219782,"138 tmt","7 tmt"
"27435","M1","C4620081","7","139","C4620081 M1","tmt",0.0294001483885482,"139 tmt","7 tmt"
"27436","M1","C4620081","7","140","C4620081 M1","tmt",0.0290564747706298,"140 tmt","7 tmt"
"27437","M1","C4620081","7","141","C4620081 M1","tmt",0.0290212951947819,"141 tmt","7 tmt"
"27438","M1","C4620081","7","142","C4620081 M1","tmt",0.0290045736162099,"142 tmt","7 tmt"
"27439","M1","C4620081","7","143","C4620081 M1","tmt",0.0286512810328661,"143 tmt","7 tmt"
"27440","M1","C4620081","7","144","C4620081 M1","tmt",0.0286100337194009,"144 tmt","7 tmt"
"27441","M1","C4620081","7","145","C4620081 M1","tmt",0.0285398797406507,"145 tmt","7 tmt"
"27442","M1","C4620081","7","146","C4620081 M1","tmt",0.0279726546377396,"146 tmt","7 tmt"
"27443","M1","C4620081","7","147","C4620081 M1","tmt",0.0276697027304146,"147 tmt","7 tmt"
"27444","M1","C4620081","7","148","C4620081 M1","tmt",0.0275908109807446,"148 tmt","7 tmt"
"27445","M1","C4620081","7","149","C4620081 M1","tmt",0.0274230268933308,"149 tmt","7 tmt"
"27446","M1","C4620081","7","150","C4620081 M1","tmt",0.0271076769203246,"150 tmt","7 tmt"
"27447","M1","C4620081","7","151","C4620081 M1","tmt",0.0267432677107222,"151 tmt","7 tmt"
"27448","M1","C4620081","7","152","C4620081 M1","tmt",0.026720376485049,"152 tmt","7 tmt"
"27449","M1","C4620081","7","153","C4620081 M1","tmt",0.0264422690424759,"153 tmt","7 tmt"
"27450","M1","C4620081","7","154","C4620081 M1","tmt",0.0264142796925387,"154 tmt","7 tmt"
"27451","M1","C4620081","7","155","C4620081 M1","tmt",0.0262888732493896,"155 tmt","7 tmt"
"27452","M1","C4620081","7","156","C4620081 M1","tmt",0.0261256274103584,"156 tmt","7 tmt"
"27453","M1","C4620081","7","157","C4620081 M1","tmt",0.0259799154843248,"157 tmt","7 tmt"
"27454","M1","C4620081","7","158","C4620081 M1","tmt",0.025920962950612,"158 tmt","7 tmt"
"27455","M1","C4620081","7","159","C4620081 M1","tmt",0.0258738489392488,"159 tmt","7 tmt"
"27456","M1","C4620081","7","160","C4620081 M1","tmt",0.0258205654321712,"160 tmt","7 tmt"
"27457","M1","C4620081","7","161","C4620081 M1","tmt",0.0255588526455345,"161 tmt","7 tmt"
"27458","M1","C4620081","7","162","C4620081 M1","tmt",0.0254913875719297,"162 tmt","7 tmt"
"27459","M1","C4620081","7","163","C4620081 M1","tmt",0.0254113956470628,"163 tmt","7 tmt"
"27460","M1","C4620081","7","164","C4620081 M1","tmt",0.0251318038428183,"164 tmt","7 tmt"
"27461","M1","C4620081","7","165","C4620081 M1","tmt",0.0249222147821273,"165 tmt","7 tmt"
"27462","M1","C4620081","7","166","C4620081 M1","tmt",0.0248809656259668,"166 tmt","7 tmt"
"27463","M1","C4620081","7","167","C4620081 M1","tmt",0.0247388331132862,"167 tmt","7 tmt"
"27464","M1","C4620081","7","168","C4620081 M1","tmt",0.0244230945775051,"168 tmt","7 tmt"
"27465","M1","C4620081","7","169","C4620081 M1","tmt",0.0242142530129357,"169 tmt","7 tmt"
"27466","M1","C4620081","7","170","C4620081 M1","tmt",0.0241572617533964,"170 tmt","7 tmt"
"27467","M1","C4620081","7","171","C4620081 M1","tmt",0.0241518296693993,"171 tmt","7 tmt"
"27468","M1","C4620081","7","172","C4620081 M1","tmt",0.0240721004059163,"172 tmt","7 tmt"
"27469","M1","C4620081","7","173","C4620081 M1","tmt",0.0237487691888043,"173 tmt","7 tmt"
"27470","M1","C4620081","7","174","C4620081 M1","tmt",0.0237237972241903,"174 tmt","7 tmt"
"27471","M1","C4620081","7","175","C4620081 M1","tmt",0.0236176684839005,"175 tmt","7 tmt"
"27472","M1","C4620081","7","176","C4620081 M1","tmt",0.0235048626154566,"176 tmt","7 tmt"
"27473","M1","C4620081","7","177","C4620081 M1","tmt",0.0233113677044036,"177 tmt","7 tmt"
"27474","M1","C4620081","7","178","C4620081 M1","tmt",0.0232711150653231,"178 tmt","7 tmt"
"27475","M1","C4620081","7","179","C4620081 M1","tmt",0.023113573593927,"179 tmt","7 tmt"
"27476","M1","C4620081","7","180","C4620081 M1","tmt",0.0228301140649524,"180 tmt","7 tmt"
"27477","M1","C4620081","7","181","C4620081 M1","tmt",0.0227444034827711,"181 tmt","7 tmt"
"27478","M1","C4620081","7","182","C4620081 M1","tmt",0.0227123687583162,"182 tmt","7 tmt"
"27479","M1","C4620081","7","183","C4620081 M1","tmt",0.0226092889231403,"183 tmt","7 tmt"
"27480","M1","C4620081","7","184","C4620081 M1","tmt",0.0225302420295128,"184 tmt","7 tmt"
"27481","M1","C4620081","7","185","C4620081 M1","tmt",0.0223833716865825,"185 tmt","7 tmt"
"27482","M1","C4620081","7","186","C4620081 M1","tmt",0.0223200357909727,"186 tmt","7 tmt"
"27483","M1","C4620081","7","187","C4620081 M1","tmt",0.0222175127175943,"187 tmt","7 tmt"
"27484","M1","C4620081","7","188","C4620081 M1","tmt",0.0221977394444593,"188 tmt","7 tmt"
"27485","M1","C4620081","7","189","C4620081 M1","tmt",0.0221733701543017,"189 tmt","7 tmt"
"27486","M1","C4620081","7","190","C4620081 M1","tmt",0.0221459584141148,"190 tmt","7 tmt"
"27487","M1","C4620081","7","191","C4620081 M1","tmt",0.0219400500168086,"191 tmt","7 tmt"
"27488","M1","C4620081","7","192","C4620081 M1","tmt",0.0219235200781456,"192 tmt","7 tmt"
"27489","M1","C4620081","7","193","C4620081 M1","tmt",0.0218512716251264,"193 tmt","7 tmt"
"27490","M1","C4620081","7","194","C4620081 M1","tmt",0.0217964706877159,"194 tmt","7 tmt"
"27491","M1","C4620081","7","195","C4620081 M1","tmt",0.0217481748548195,"195 tmt","7 tmt"
"27492","M1","C4620081","7","196","C4620081 M1","tmt",0.0217454076632422,"196 tmt","7 tmt"
"27493","M1","C4620081","7","197","C4620081 M1","tmt",0.0214051064468008,"197 tmt","7 tmt"
"27494","M1","C4620081","7","198","C4620081 M1","tmt",0.0213104594274435,"198 tmt","7 tmt"
"27495","M1","C4620081","7","199","C4620081 M1","tmt",0.0212773671950423,"199 tmt","7 tmt"
"27496","M1","C4620081","7","200","C4620081 M1","tmt",0.0208701548858948,"200 tmt","7 tmt"
"27497","M1","C4620081","7","201","C4620081 M1","tmt",0.020775747894056,"201 tmt","7 tmt"
"27498","M1","C4620081","7","202","C4620081 M1","tmt",0.0206455843413486,"202 tmt","7 tmt"
"27499","M1","C4620081","7","203","C4620081 M1","tmt",0.0205483320089947,"203 tmt","7 tmt"
"27500","M1","C4620081","7","204","C4620081 M1","tmt",0.0201984307516215,"204 tmt","7 tmt"
"27501","M1","C4620081","7","205","C4620081 M1","tmt",0.0199558108756684,"205 tmt","7 tmt"
"27502","M1","C4620081","7","206","C4620081 M1","tmt",0.0194969263360737,"206 tmt","7 tmt"
"27503","M1","C4620081","7","207","C4620081 M1","tmt",0.0193507003005866,"207 tmt","7 tmt"
"27504","M1","C4620081","7","208","C4620081 M1","tmt",0.019030135084729,"208 tmt","7 tmt"
"27505","M1","C4620081","7","209","C4620081 M1","tmt",0.0187919460783482,"209 tmt","7 tmt"
"27506","M1","C4620081","7","210","C4620081 M1","tmt",0.0186802306544391,"210 tmt","7 tmt"
"27507","M1","C4620081","7","211","C4620081 M1","tmt",0.0186378126680585,"211 tmt","7 tmt"
"27508","M1","C4620081","7","212","C4620081 M1","tmt",0.0184975549345443,"212 tmt","7 tmt"
"27509","M1","C4620081","7","213","C4620081 M1","tmt",0.0184739421061442,"213 tmt","7 tmt"
"27510","M1","C4620081","7","214","C4620081 M1","tmt",0.0177848406637228,"214 tmt","7 tmt"
"27511","M1","C4620081","7","215","C4620081 M1","tmt",0.0175518963768915,"215 tmt","7 tmt"
"27512","M1","C4620081","7","216","C4620081 M1","tmt",0.0174415310699001,"216 tmt","7 tmt"
"27513","M1","C4620081","7","217","C4620081 M1","tmt",0.0173930646379329,"217 tmt","7 tmt"
"27514","M1","C4620081","7","218","C4620081 M1","tmt",0.0173634407783262,"218 tmt","7 tmt"
"27515","M1","C4620081","7","219","C4620081 M1","tmt",0.0173082458823443,"219 tmt","7 tmt"
"27516","M1","C4620081","7","220","C4620081 M1","tmt",0.0170791681474864,"220 tmt","7 tmt"
"27517","M1","C4620081","7","221","C4620081 M1","tmt",0.0169574960918515,"221 tmt","7 tmt"
"27518","M1","C4620081","7","222","C4620081 M1","tmt",0.0169364797964602,"222 tmt","7 tmt"
"27519","M1","C4620081","7","223","C4620081 M1","tmt",0.0169320385030212,"223 tmt","7 tmt"
"27520","M1","C4620081","7","224","C4620081 M1","tmt",0.0169240193099635,"224 tmt","7 tmt"
"27521","M1","C4620081","7","225","C4620081 M1","tmt",0.0168969038798793,"225 tmt","7 tmt"
"27522","M1","C4620081","7","226","C4620081 M1","tmt",0.0164291768967335,"226 tmt","7 tmt"
"27523","M1","C4620081","7","227","C4620081 M1","tmt",0.0163484576063784,"227 tmt","7 tmt"
"27524","M1","C4620081","7","228","C4620081 M1","tmt",0.0163280289761135,"228 tmt","7 tmt"
"27525","M1","C4620081","7","229","C4620081 M1","tmt",0.0162178229547463,"229 tmt","7 tmt"
"27526","M1","C4620081","7","230","C4620081 M1","tmt",0.016059607571574,"230 tmt","7 tmt"
"27527","M1","C4620081","7","231","C4620081 M1","tmt",0.0159759118459268,"231 tmt","7 tmt"
"27528","M1","C4620081","7","232","C4620081 M1","tmt",0.0159664620019604,"232 tmt","7 tmt"
"27529","M1","C4620081","7","233","C4620081 M1","tmt",0.0158819483281454,"233 tmt","7 tmt"
"27530","M1","C4620081","7","234","C4620081 M1","tmt",0.0149351175858415,"234 tmt","7 tmt"
"27531","M1","C4620081","7","235","C4620081 M1","tmt",0.0147091868407046,"235 tmt","7 tmt"
"27532","M1","C4620081","7","236","C4620081 M1","tmt",0.0145305599221683,"236 tmt","7 tmt"
"27533","M1","C4620081","7","237","C4620081 M1","tmt",0.0143975457580657,"237 tmt","7 tmt"
"27534","M1","C4620081","7","238","C4620081 M1","tmt",0.0141946441142445,"238 tmt","7 tmt"
"27535","M1","C4620081","7","239","C4620081 M1","tmt",0.0140570670037309,"239 tmt","7 tmt"
"27536","M1","C4620081","7","240","C4620081 M1","tmt",0.0137682311044694,"240 tmt","7 tmt"
"27537","M1","C4620081","7","241","C4620081 M1","tmt",0.0136942213945756,"241 tmt","7 tmt"
"27538","M1","C4620081","7","242","C4620081 M1","tmt",0.0136503688498887,"242 tmt","7 tmt"
"27539","M1","C4620081","7","243","C4620081 M1","tmt",0.0136372440844559,"243 tmt","7 tmt"
"27540","M1","C4620081","7","244","C4620081 M1","tmt",0.0133618285578948,"244 tmt","7 tmt"
"27541","M1","C4620081","7","245","C4620081 M1","tmt",0.0133513785078776,"245 tmt","7 tmt"
"27542","M1","C4620081","7","246","C4620081 M1","tmt",0.0132685373606493,"246 tmt","7 tmt"
"27543","M1","C4620081","7","247","C4620081 M1","tmt",0.0129187060995641,"247 tmt","7 tmt"
"27544","M1","C4620081","7","248","C4620081 M1","tmt",0.0123461218625641,"248 tmt","7 tmt"
"27545","M1","C4620081","7","249","C4620081 M1","tmt",0.0123131240592386,"249 tmt","7 tmt"
"27546","M1","C4620081","7","250","C4620081 M1","tmt",0.0121875843448465,"250 tmt","7 tmt"
"27547","M1","C4620081","7","251","C4620081 M1","tmt",0.012179731044507,"251 tmt","7 tmt"
"27548","M1","C4620081","7","252","C4620081 M1","tmt",0.0120302904270793,"252 tmt","7 tmt"
"27549","M1","C4620081","7","253","C4620081 M1","tmt",0.0119499743344911,"253 tmt","7 tmt"
"27550","M1","C4620081","7","254","C4620081 M1","tmt",0.0119059675707615,"254 tmt","7 tmt"
"27551","M1","C4620081","7","255","C4620081 M1","tmt",0.0119022816665334,"255 tmt","7 tmt"
"27552","M1","C4620081","7","256","C4620081 M1","tmt",0.0118520068972545,"256 tmt","7 tmt"
"27553","M1","C4620081","7","257","C4620081 M1","tmt",0.0118319046548017,"257 tmt","7 tmt"
"27554","M1","C4620081","7","258","C4620081 M1","tmt",0.0117298237895131,"258 tmt","7 tmt"
"27555","M1","C4620081","7","259","C4620081 M1","tmt",0.011676338831799,"259 tmt","7 tmt"
"27556","M1","C4620081","7","260","C4620081 M1","tmt",0.0113320715094106,"260 tmt","7 tmt"
"27557","M1","C4620081","7","261","C4620081 M1","tmt",0.011289831174072,"261 tmt","7 tmt"
"27558","M1","C4620081","7","262","C4620081 M1","tmt",0.0111846834215697,"262 tmt","7 tmt"
"27559","M1","C4620081","7","263","C4620081 M1","tmt",0.0110503544162084,"263 tmt","7 tmt"
"27560","M1","C4620081","7","264","C4620081 M1","tmt",0.0110288006521164,"264 tmt","7 tmt"
"27561","M1","C4620081","7","265","C4620081 M1","tmt",0.0108656001483812,"265 tmt","7 tmt"
"27562","M1","C4620081","7","266","C4620081 M1","tmt",0.0107827366235036,"266 tmt","7 tmt"
"27563","M1","C4620081","7","267","C4620081 M1","tmt",0.0106058878011427,"267 tmt","7 tmt"
"27564","M1","C4620081","7","268","C4620081 M1","tmt",0.0103009518939253,"268 tmt","7 tmt"
"27565","M1","C4620081","7","269","C4620081 M1","tmt",0.0101636924218104,"269 tmt","7 tmt"
"27566","M1","C4620081","7","270","C4620081 M1","tmt",0.0100383355072977,"270 tmt","7 tmt"
"27567","M1","C4620081","7","271","C4620081 M1","tmt",0.00983149123889517,"271 tmt","7 tmt"
"27568","M1","C4620081","7","272","C4620081 M1","tmt",0.00956378326531497,"272 tmt","7 tmt"
"27569","M1","C4620081","7","273","C4620081 M1","tmt",0.00951628414868472,"273 tmt","7 tmt"
"27570","M1","C4620081","7","274","C4620081 M1","tmt",0.00945312150612927,"274 tmt","7 tmt"
"27571","M1","C4620081","7","275","C4620081 M1","tmt",0.00940973224761606,"275 tmt","7 tmt"
"27572","M1","C4620081","7","276","C4620081 M1","tmt",0.00934587671980597,"276 tmt","7 tmt"
"27573","M1","C4620081","7","277","C4620081 M1","tmt",0.00915663060883503,"277 tmt","7 tmt"
"27574","M1","C4620081","7","278","C4620081 M1","tmt",0.00898552057041854,"278 tmt","7 tmt"
"27575","M1","C4620081","7","279","C4620081 M1","tmt",0.0089240318256782,"279 tmt","7 tmt"
"27576","M1","C4620081","7","280","C4620081 M1","tmt",0.00863069981654296,"280 tmt","7 tmt"
"27577","M1","C4620081","7","281","C4620081 M1","tmt",0.0084407324137623,"281 tmt","7 tmt"
"27578","M1","C4620081","7","282","C4620081 M1","tmt",0.0083753475807355,"282 tmt","7 tmt"
"27579","M1","C4620081","7","283","C4620081 M1","tmt",0.00820769440219377,"283 tmt","7 tmt"
"27580","M1","C4620081","7","284","C4620081 M1","tmt",0.00820347842754505,"284 tmt","7 tmt"
"27581","M1","C4620081","7","285","C4620081 M1","tmt",0.00819655969826511,"285 tmt","7 tmt"
"27582","M1","C4620081","7","286","C4620081 M1","tmt",0.00798780156710165,"286 tmt","7 tmt"
"27583","M1","C4620081","7","287","C4620081 M1","tmt",0.00790768561938472,"287 tmt","7 tmt"
"27584","M1","C4620081","7","288","C4620081 M1","tmt",0.00781652119033145,"288 tmt","7 tmt"
"27585","M1","C4620081","7","289","C4620081 M1","tmt",0.00752004837330952,"289 tmt","7 tmt"
"27586","M1","C4620081","7","290","C4620081 M1","tmt",0.00739528961494707,"290 tmt","7 tmt"
"27587","M1","C4620081","7","291","C4620081 M1","tmt",0.00694117494205984,"291 tmt","7 tmt"
"27588","M1","C4620081","7","292","C4620081 M1","tmt",0.00685977212754229,"292 tmt","7 tmt"
"27589","M1","C4620081","7","293","C4620081 M1","tmt",0.00669986394290904,"293 tmt","7 tmt"
"27590","M1","C4620081","7","294","C4620081 M1","tmt",0.00652851289851849,"294 tmt","7 tmt"
"27591","M1","C4620081","7","295","C4620081 M1","tmt",0.00618863065838419,"295 tmt","7 tmt"
"27592","M1","C4620081","7","296","C4620081 M1","tmt",0.00615143611017026,"296 tmt","7 tmt"
"27593","M1","C4620081","7","297","C4620081 M1","tmt",0.00597136858955953,"297 tmt","7 tmt"
"27594","M1","C4620081","7","298","C4620081 M1","tmt",0.0057996905747428,"298 tmt","7 tmt"
"27595","M1","C4620081","7","299","C4620081 M1","tmt",0.00573225402711791,"299 tmt","7 tmt"
"27596","M1","C4620081","7","300","C4620081 M1","tmt",0.00557409648572073,"300 tmt","7 tmt"
"27597","M1","C4620081","7","301","C4620081 M1","tmt",0.00556572121119707,"301 tmt","7 tmt"
"27598","M1","C4620081","7","302","C4620081 M1","tmt",0.00542818079096669,"302 tmt","7 tmt"
"27599","M1","C4620081","7","303","C4620081 M1","tmt",0.00525657027848071,"303 tmt","7 tmt"
"27600","M1","C4620081","7","304","C4620081 M1","tmt",0.00514151482038107,"304 tmt","7 tmt"
"27601","M1","C4620081","7","305","C4620081 M1","tmt",0.0048062150365445,"305 tmt","7 tmt"
"27602","M1","C4620081","7","306","C4620081 M1","tmt",0.00457327324585656,"306 tmt","7 tmt"
"27603","M1","C4620081","7","307","C4620081 M1","tmt",0.00450076523533756,"307 tmt","7 tmt"
"27604","M1","C4620081","7","308","C4620081 M1","tmt",0.00437216310550844,"308 tmt","7 tmt"
"27605","M1","C4620081","7","309","C4620081 M1","tmt",0.00425229814819736,"309 tmt","7 tmt"
"27606","M1","C4620081","7","310","C4620081 M1","tmt",0.00417657245688053,"310 tmt","7 tmt"
"27607","M1","C4620081","7","311","C4620081 M1","tmt",0.00413309170487123,"311 tmt","7 tmt"
"27608","M1","C4620081","7","312","C4620081 M1","tmt",0.00398446824350431,"312 tmt","7 tmt"
"27609","M1","C4620081","7","313","C4620081 M1","tmt",0.0039237436682958,"313 tmt","7 tmt"
"27610","M1","C4620081","7","314","C4620081 M1","tmt",0.00389377919888558,"314 tmt","7 tmt"
"27611","M1","C4620081","7","315","C4620081 M1","tmt",0.00364751424001325,"315 tmt","7 tmt"
"27612","M1","C4620081","7","316","C4620081 M1","tmt",0.0035848487344452,"316 tmt","7 tmt"
"27613","M1","C4620081","7","317","C4620081 M1","tmt",0.00303965004909611,"317 tmt","7 tmt"
"27614","M1","C4620081","7","318","C4620081 M1","tmt",0.00282302200485109,"318 tmt","7 tmt"
"27615","M1","C4620081","7","319","C4620081 M1","tmt",0.0027422534359544,"319 tmt","7 tmt"
"27616","M1","C4620081","7","320","C4620081 M1","tmt",0.00245036200382658,"320 tmt","7 tmt"
"27617","M1","C4620081","7","321","C4620081 M1","tmt",0.00239969025370785,"321 tmt","7 tmt"
"27618","M1","C4620081","7","322","C4620081 M1","tmt",0.00238812310428896,"322 tmt","7 tmt"
"27619","M1","C4620081","7","323","C4620081 M1","tmt",0.00211091391440693,"323 tmt","7 tmt"
"27620","M1","C4620081","7","324","C4620081 M1","tmt",0.00190306875232888,"324 tmt","7 tmt"
"27621","M1","C4620081","7","325","C4620081 M1","tmt",0.00178653061067803,"325 tmt","7 tmt"
"27622","M1","C4620081","7","326","C4620081 M1","tmt",0.00178511521313707,"326 tmt","7 tmt"
"27623","M1","C4620081","7","327","C4620081 M1","tmt",0.00170658325873901,"327 tmt","7 tmt"
"27624","M1","C4620081","7","328","C4620081 M1","tmt",0.00157153929583262,"328 tmt","7 tmt"
"27625","M1","C4620081","7","329","C4620081 M1","tmt",0.00155489380795776,"329 tmt","7 tmt"
"27626","M1","C4620081","7","330","C4620081 M1","tmt",0.000642039762418104,"330 tmt","7 tmt"
"27627","M1","C4620081","7","331","C4620081 M1","tmt",0.000517852578434883,"331 tmt","7 tmt"
"27628","M1","C4620081","7","332","C4620081 M1","tmt",-0.000192054962924359,"332 tmt","7 tmt"
"27629","M1","C4620081","7","333","C4620081 M1","tmt",-0.00036929768792784,"333 tmt","7 tmt"
"27630","M1","C4620081","7","334","C4620081 M1","tmt",-0.000380093541959961,"334 tmt","7 tmt"
"27631","M1","C4620081","7","335","C4620081 M1","tmt",-0.000402495428998149,"335 tmt","7 tmt"
"27632","M1","C4620081","7","336","C4620081 M1","tmt",-0.00101630391959288,"336 tmt","7 tmt"
"27633","M1","C4620081","7","337","C4620081 M1","tmt",-0.00106657753543348,"337 tmt","7 tmt"
"27634","M1","C4620081","7","338","C4620081 M1","tmt",-0.00110639858990855,"338 tmt","7 tmt"
"27635","M1","C4620081","7","339","C4620081 M1","tmt",-0.00150741374467096,"339 tmt","7 tmt"
"27636","M1","C4620081","7","340","C4620081 M1","tmt",-0.00151971321737549,"340 tmt","7 tmt"
"27637","M1","C4620081","7","341","C4620081 M1","tmt",-0.00153966143223642,"341 tmt","7 tmt"
"27638","M1","C4620081","7","342","C4620081 M1","tmt",-0.00167568079794079,"342 tmt","7 tmt"
"27639","M1","C4620081","7","343","C4620081 M1","tmt",-0.0024115340982699,"343 tmt","7 tmt"
"27640","M1","C4620081","7","344","C4620081 M1","tmt",-0.00289830803696027,"344 tmt","7 tmt"
"27641","M1","C4620081","7","345","C4620081 M1","tmt",-0.0033078240773101,"345 tmt","7 tmt"
"27642","M1","C4620081","7","346","C4620081 M1","tmt",-0.00375780642775309,"346 tmt","7 tmt"
"27643","M1","C4620081","7","347","C4620081 M1","tmt",-0.00384105069821631,"347 tmt","7 tmt"
"27644","M1","C4620081","7","348","C4620081 M1","tmt",-0.00387980973643627,"348 tmt","7 tmt"
"27645","M1","C4620081","7","349","C4620081 M1","tmt",-0.00459388512717184,"349 tmt","7 tmt"
"27646","M1","C4620081","7","350","C4620081 M1","tmt",-0.00468565338116895,"350 tmt","7 tmt"
"27647","M1","C4620081","7","351","C4620081 M1","tmt",-0.0047115316090162,"351 tmt","7 tmt"
"27648","M1","C4620081","7","352","C4620081 M1","tmt",-0.00472922436808583,"352 tmt","7 tmt"
"27649","M1","C4620081","7","353","C4620081 M1","tmt",-0.00486770266023353,"353 tmt","7 tmt"
"27650","M1","C4620081","7","354","C4620081 M1","tmt",-0.00488663049223278,"354 tmt","7 tmt"
"27651","M1","C4620081","7","355","C4620081 M1","tmt",-0.00497410519217084,"355 tmt","7 tmt"
"27652","M1","C4620081","7","356","C4620081 M1","tmt",-0.00499104069193716,"356 tmt","7 tmt"
"27653","M1","C4620081","7","357","C4620081 M1","tmt",-0.00545656969590678,"357 tmt","7 tmt"
"27654","M1","C4620081","7","358","C4620081 M1","tmt",-0.00553555141730678,"358 tmt","7 tmt"
"27655","M1","C4620081","7","359","C4620081 M1","tmt",-0.00592831707126255,"359 tmt","7 tmt"
"27656","M1","C4620081","7","360","C4620081 M1","tmt",-0.00652692843181934,"360 tmt","7 tmt"
"27657","M1","C4620081","7","361","C4620081 M1","tmt",-0.00680514511620653,"361 tmt","7 tmt"
"27658","M1","C4620081","7","362","C4620081 M1","tmt",-0.00680866113156633,"362 tmt","7 tmt"
"27659","M1","C4620081","7","363","C4620081 M1","tmt",-0.00686978956466459,"363 tmt","7 tmt"
"27660","M1","C4620081","7","364","C4620081 M1","tmt",-0.00750917718858931,"364 tmt","7 tmt"
"27661","M1","C4620081","7","365","C4620081 M1","tmt",-0.00832489229432461,"365 tmt","7 tmt"
"27662","M1","C4620081","7","366","C4620081 M1","tmt",-0.00856029708557739,"366 tmt","7 tmt"
"27663","M1","C4620081","7","367","C4620081 M1","tmt",-0.00930612961140193,"367 tmt","7 tmt"
"27664","M1","C4620081","7","368","C4620081 M1","tmt",-0.00936640117440359,"368 tmt","7 tmt"
"27665","M1","C4620081","7","369","C4620081 M1","tmt",-0.00975059190965124,"369 tmt","7 tmt"
"27666","M1","C4620081","7","370","C4620081 M1","tmt",-0.00981595580803377,"370 tmt","7 tmt"
"27667","M1","C4620081","7","371","C4620081 M1","tmt",-0.0098421756451599,"371 tmt","7 tmt"
"27668","M1","C4620081","7","372","C4620081 M1","tmt",-0.0100408168591392,"372 tmt","7 tmt"
"27669","M1","C4620081","7","373","C4620081 M1","tmt",-0.0105810949223135,"373 tmt","7 tmt"
"27670","M1","C4620081","7","374","C4620081 M1","tmt",-0.011056211307821,"374 tmt","7 tmt"
"27671","M1","C4620081","7","375","C4620081 M1","tmt",-0.0121556694490531,"375 tmt","7 tmt"
"27672","M1","C4620081","7","376","C4620081 M1","tmt",-0.013485057185267,"376 tmt","7 tmt"
"27673","M1","C4620081","7","377","C4620081 M1","tmt",-0.013574784513835,"377 tmt","7 tmt"
"27674","M1","C4620081","7","378","C4620081 M1","tmt",-0.0138875132097889,"378 tmt","7 tmt"
"27675","M1","C4620081","7","379","C4620081 M1","tmt",-0.0146052333078646,"379 tmt","7 tmt"
"27676","M1","C4620081","7","380","C4620081 M1","tmt",-0.0150130554599438,"380 tmt","7 tmt"
"27677","M1","C4620081","7","381","C4620081 M1","tmt",-0.0151849507590624,"381 tmt","7 tmt"
"27678","M1","C4620081","7","382","C4620081 M1","tmt",-0.0158360110330953,"382 tmt","7 tmt"
"27679","M1","C4620081","7","383","C4620081 M1","tmt",-0.0160725927287457,"383 tmt","7 tmt"
"27680","M1","C4620081","7","384","C4620081 M1","tmt",-0.0167170503576527,"384 tmt","7 tmt"
"27681","M1","C4620081","7","385","C4620081 M1","tmt",-0.0168247440401521,"385 tmt","7 tmt"
"27682","M1","C4620081","7","386","C4620081 M1","tmt",-0.0171111662091423,"386 tmt","7 tmt"
"27683","M1","C4620081","7","387","C4620081 M1","tmt",-0.0171385291424011,"387 tmt","7 tmt"
"27684","M1","C4620081","7","388","C4620081 M1","tmt",-0.0183843673180267,"388 tmt","7 tmt"
"27685","M1","C4620081","7","389","C4620081 M1","tmt",-0.0185503699641119,"389 tmt","7 tmt"
"27686","M1","C4620081","7","390","C4620081 M1","tmt",-0.0186349137850929,"390 tmt","7 tmt"
"27687","M1","C4620081","7","391","C4620081 M1","tmt",-0.0188462270497028,"391 tmt","7 tmt"
"27688","M1","C4620081","7","392","C4620081 M1","tmt",-0.019347774534449,"392 tmt","7 tmt"
"27689","M1","C4620081","7","393","C4620081 M1","tmt",-0.0195532220717109,"393 tmt","7 tmt"
"27690","M1","C4620081","7","394","C4620081 M1","tmt",-0.0202477509699802,"394 tmt","7 tmt"
"27691","M1","C4620081","7","395","C4620081 M1","tmt",-0.020373991325636,"395 tmt","7 tmt"
"27692","M1","C4620081","7","396","C4620081 M1","tmt",-0.0207322098451046,"396 tmt","7 tmt"
"27693","M1","C4620081","7","397","C4620081 M1","tmt",-0.0218398489081924,"397 tmt","7 tmt"
"27694","M1","C4620081","7","398","C4620081 M1","tmt",-0.0219206111570478,"398 tmt","7 tmt"
"27695","M1","C4620081","7","399","C4620081 M1","tmt",-0.0221309404302361,"399 tmt","7 tmt"
"27696","M1","C4620081","7","400","C4620081 M1","tmt",-0.0227789144427019,"400 tmt","7 tmt"
"27697","M1","C4620081","7","401","C4620081 M1","tmt",-0.0231874259339388,"401 tmt","7 tmt"
"27698","M1","C4620081","7","402","C4620081 M1","tmt",-0.0231983411159917,"402 tmt","7 tmt"
"27699","M1","C4620081","7","403","C4620081 M1","tmt",-0.0232104562746877,"403 tmt","7 tmt"
"27700","M1","C4620081","7","404","C4620081 M1","tmt",-0.0233889925924906,"404 tmt","7 tmt"
"27701","M1","C4620081","7","405","C4620081 M1","tmt",-0.0236259959120486,"405 tmt","7 tmt"
"27702","M1","C4620081","7","406","C4620081 M1","tmt",-0.0240440610862756,"406 tmt","7 tmt"
"27703","M1","C4620081","7","407","C4620081 M1","tmt",-0.0242038667302083,"407 tmt","7 tmt"
"27704","M1","C4620081","7","408","C4620081 M1","tmt",-0.0257591577755479,"408 tmt","7 tmt"
"27705","M1","C4620081","7","409","C4620081 M1","tmt",-0.0260605474549263,"409 tmt","7 tmt"
"27706","M1","C4620081","7","410","C4620081 M1","tmt",-0.0280565196980294,"410 tmt","7 tmt"
"27707","M1","C4620081","7","411","C4620081 M1","tmt",-0.0280757042202272,"411 tmt","7 tmt"
"27708","M1","C4620081","7","412","C4620081 M1","tmt",-0.0284160078033993,"412 tmt","7 tmt"
"27709","M1","C4620081","7","413","C4620081 M1","tmt",-0.0287558207384017,"413 tmt","7 tmt"
"27710","M1","C4620081","7","414","C4620081 M1","tmt",-0.0287563129083374,"414 tmt","7 tmt"
"27711","M1","C4620081","7","415","C4620081 M1","tmt",-0.0298246109868877,"415 tmt","7 tmt"
"27712","M1","C4620081","7","416","C4620081 M1","tmt",-0.0302731262843748,"416 tmt","7 tmt"
"27713","M1","C4620081","7","417","C4620081 M1","tmt",-0.0303598917051444,"417 tmt","7 tmt"
"27714","M1","C4620081","7","418","C4620081 M1","tmt",-0.0307453363043706,"418 tmt","7 tmt"
"27715","M1","C4620081","7","419","C4620081 M1","tmt",-0.0311502494807334,"419 tmt","7 tmt"
"27716","M1","C4620081","7","420","C4620081 M1","tmt",-0.0316603965953171,"420 tmt","7 tmt"
"27717","M1","C4620081","7","421","C4620081 M1","tmt",-0.035779372914606,"421 tmt","7 tmt"
"27718","M1","C4620081","7","422","C4620081 M1","tmt",-0.0366262775996242,"422 tmt","7 tmt"
"27719","M1","C4620081","7","423","C4620081 M1","tmt",-0.0402004014337594,"423 tmt","7 tmt"
"27720","M1","C4620081","7","424","C4620081 M1","tmt",-0.0410190499452236,"424 tmt","7 tmt"
"27721","M1","C4620081","7","425","C4620081 M1","tmt",-0.0415358884396747,"425 tmt","7 tmt"
"27722","M1","C4620081","7","426","C4620081 M1","tmt",-0.0418903042238733,"426 tmt","7 tmt"
"27723","M1","C4620081","7","427","C4620081 M1","tmt",-0.0431614479227462,"427 tmt","7 tmt"
"27724","M1","C4620081","7","428","C4620081 M1","tmt",-0.0434548766352606,"428 tmt","7 tmt"
"27725","M1","C4620081","7","429","C4620081 M1","tmt",-0.0435515174827829,"429 tmt","7 tmt"
"27726","M1","C4620081","7","430","C4620081 M1","tmt",-0.0437166695924016,"430 tmt","7 tmt"
"27727","M1","C4620081","7","431","C4620081 M1","tmt",-0.0442435466343186,"431 tmt","7 tmt"
"27728","M1","C4620081","7","432","C4620081 M1","tmt",-0.0455280575108469,"432 tmt","7 tmt"
"27729","M1","C4620081","7","433","C4620081 M1","tmt",-0.0468441016933293,"433 tmt","7 tmt"
"27730","M1","C4620081","7","434","C4620081 M1","tmt",-0.0513489600260292,"434 tmt","7 tmt"
"27731","M1","C4620081","7","435","C4620081 M1","tmt",-0.0515760817308795,"435 tmt","7 tmt"
"27732","M1","C4620081","7","436","C4620081 M1","tmt",-0.0533266756529702,"436 tmt","7 tmt"
"27733","M1","C4620081","7","437","C4620081 M1","tmt",-0.0559903309083088,"437 tmt","7 tmt"
"27734","M1","C4620081","7","438","C4620081 M1","tmt",-0.0624986760522886,"438 tmt","7 tmt"
"27735","M1","C4620083","7","0","C4620083 M1","tmt",0.246242518726168,"0 tmt","7 tmt"
"27736","M1","C4620083","7","1","C4620083 M1","tmt",0.239889813147772,"1 tmt","7 tmt"
"27737","M1","C4620083","7","2","C4620083 M1","tmt",0.230881402874311,"2 tmt","7 tmt"
"27738","M1","C4620083","7","3","C4620083 M1","tmt",0.229833288888167,"3 tmt","7 tmt"
"27739","M1","C4620083","7","4","C4620083 M1","tmt",0.2257000932751,"4 tmt","7 tmt"
"27740","M1","C4620083","7","5","C4620083 M1","tmt",0.219460562788997,"5 tmt","7 tmt"
"27741","M1","C4620083","7","6","C4620083 M1","tmt",0.218036994361344,"6 tmt","7 tmt"
"27742","M1","C4620083","7","7","C4620083 M1","tmt",0.215384122800927,"7 tmt","7 tmt"
"27743","M1","C4620083","7","8","C4620083 M1","tmt",0.215316541873517,"8 tmt","7 tmt"
"27744","M1","C4620083","7","9","C4620083 M1","tmt",0.21304109696087,"9 tmt","7 tmt"
"27745","M1","C4620083","7","10","C4620083 M1","tmt",0.212151699264825,"10 tmt","7 tmt"
"27746","M1","C4620083","7","11","C4620083 M1","tmt",0.211247473728708,"11 tmt","7 tmt"
"27747","M1","C4620083","7","12","C4620083 M1","tmt",0.207655899107522,"12 tmt","7 tmt"
"27748","M1","C4620083","7","13","C4620083 M1","tmt",0.207415607366054,"13 tmt","7 tmt"
"27749","M1","C4620083","7","14","C4620083 M1","tmt",0.207146108939583,"14 tmt","7 tmt"
"27750","M1","C4620083","7","15","C4620083 M1","tmt",0.206266917812059,"15 tmt","7 tmt"
"27751","M1","C4620083","7","16","C4620083 M1","tmt",0.206235781767813,"16 tmt","7 tmt"
"27752","M1","C4620083","7","17","C4620083 M1","tmt",0.204432133750088,"17 tmt","7 tmt"
"27753","M1","C4620083","7","18","C4620083 M1","tmt",0.203113215554688,"18 tmt","7 tmt"
"27754","M1","C4620083","7","19","C4620083 M1","tmt",0.202405408552742,"19 tmt","7 tmt"
"27755","M1","C4620083","7","20","C4620083 M1","tmt",0.20221966759183,"20 tmt","7 tmt"
"27756","M1","C4620083","7","21","C4620083 M1","tmt",0.200261351504992,"21 tmt","7 tmt"
"27757","M1","C4620083","7","22","C4620083 M1","tmt",0.19912652482621,"22 tmt","7 tmt"
"27758","M1","C4620083","7","23","C4620083 M1","tmt",0.198285738161629,"23 tmt","7 tmt"
"27759","M1","C4620083","7","24","C4620083 M1","tmt",0.197968717929905,"24 tmt","7 tmt"
"27760","M1","C4620083","7","25","C4620083 M1","tmt",0.19718721953303,"25 tmt","7 tmt"
"27761","M1","C4620083","7","26","C4620083 M1","tmt",0.196793936828264,"26 tmt","7 tmt"
"27762","M1","C4620083","7","27","C4620083 M1","tmt",0.196592267726349,"27 tmt","7 tmt"
"27763","M1","C4620083","7","28","C4620083 M1","tmt",0.194190270457913,"28 tmt","7 tmt"
"27764","M1","C4620083","7","29","C4620083 M1","tmt",0.193698549420536,"29 tmt","7 tmt"
"27765","M1","C4620083","7","30","C4620083 M1","tmt",0.193209338952319,"30 tmt","7 tmt"
"27766","M1","C4620083","7","31","C4620083 M1","tmt",0.192722504791228,"31 tmt","7 tmt"
"27767","M1","C4620083","7","32","C4620083 M1","tmt",0.191177763298043,"32 tmt","7 tmt"
"27768","M1","C4620083","7","33","C4620083 M1","tmt",0.190658416231491,"33 tmt","7 tmt"
"27769","M1","C4620083","7","34","C4620083 M1","tmt",0.189518333969,"34 tmt","7 tmt"
"27770","M1","C4620083","7","35","C4620083 M1","tmt",0.188627721830083,"35 tmt","7 tmt"
"27771","M1","C4620083","7","36","C4620083 M1","tmt",0.188563282586709,"36 tmt","7 tmt"
"27772","M1","C4620083","7","37","C4620083 M1","tmt",0.187714054999723,"37 tmt","7 tmt"
"27773","M1","C4620083","7","38","C4620083 M1","tmt",0.184545135205261,"38 tmt","7 tmt"
"27774","M1","C4620083","7","39","C4620083 M1","tmt",0.183026815768805,"39 tmt","7 tmt"
"27775","M1","C4620083","7","40","C4620083 M1","tmt",0.182521363220468,"40 tmt","7 tmt"
"27776","M1","C4620083","7","41","C4620083 M1","tmt",0.182380455289417,"41 tmt","7 tmt"
"27777","M1","C4620083","7","42","C4620083 M1","tmt",0.181438480989599,"42 tmt","7 tmt"
"27778","M1","C4620083","7","43","C4620083 M1","tmt",0.180136543203111,"43 tmt","7 tmt"
"27779","M1","C4620083","7","44","C4620083 M1","tmt",0.179948740506128,"44 tmt","7 tmt"
"27780","M1","C4620083","7","45","C4620083 M1","tmt",0.179726818073151,"45 tmt","7 tmt"
"27781","M1","C4620083","7","46","C4620083 M1","tmt",0.178042394192034,"46 tmt","7 tmt"
"27782","M1","C4620083","7","47","C4620083 M1","tmt",0.177080432482436,"47 tmt","7 tmt"
"27783","M1","C4620083","7","48","C4620083 M1","tmt",0.176906446838483,"48 tmt","7 tmt"
"27784","M1","C4620083","7","49","C4620083 M1","tmt",0.176448658571181,"49 tmt","7 tmt"
"27785","M1","C4620083","7","50","C4620083 M1","tmt",0.176016449764766,"50 tmt","7 tmt"
"27786","M1","C4620083","7","51","C4620083 M1","tmt",0.175931616735622,"51 tmt","7 tmt"
"27787","M1","C4620083","7","52","C4620083 M1","tmt",0.174147671252899,"52 tmt","7 tmt"
"27788","M1","C4620083","7","53","C4620083 M1","tmt",0.173969969785348,"53 tmt","7 tmt"
"27789","M1","C4620083","7","54","C4620083 M1","tmt",0.173759378649956,"54 tmt","7 tmt"
"27790","M1","C4620083","7","55","C4620083 M1","tmt",0.173746629735786,"55 tmt","7 tmt"
"27791","M1","C4620083","7","56","C4620083 M1","tmt",0.173537101587677,"56 tmt","7 tmt"
"27792","M1","C4620083","7","57","C4620083 M1","tmt",0.172699020006482,"57 tmt","7 tmt"
"27793","M1","C4620083","7","58","C4620083 M1","tmt",0.171455002759205,"58 tmt","7 tmt"
"27794","M1","C4620083","7","59","C4620083 M1","tmt",0.170480744331516,"59 tmt","7 tmt"
"27795","M1","C4620083","7","60","C4620083 M1","tmt",0.169709125900574,"60 tmt","7 tmt"
"27796","M1","C4620083","7","61","C4620083 M1","tmt",0.169644851762366,"61 tmt","7 tmt"
"27797","M1","C4620083","7","62","C4620083 M1","tmt",0.168542146673384,"62 tmt","7 tmt"
"27798","M1","C4620083","7","63","C4620083 M1","tmt",0.168373542450119,"63 tmt","7 tmt"
"27799","M1","C4620083","7","64","C4620083 M1","tmt",0.166838612795457,"64 tmt","7 tmt"
"27800","M1","C4620083","7","65","C4620083 M1","tmt",0.166284288726122,"65 tmt","7 tmt"
"27801","M1","C4620083","7","66","C4620083 M1","tmt",0.166186967029767,"66 tmt","7 tmt"
"27802","M1","C4620083","7","67","C4620083 M1","tmt",0.165548705563967,"67 tmt","7 tmt"
"27803","M1","C4620083","7","68","C4620083 M1","tmt",0.165503647498771,"68 tmt","7 tmt"
"27804","M1","C4620083","7","69","C4620083 M1","tmt",0.165489233249673,"69 tmt","7 tmt"
"27805","M1","C4620083","7","70","C4620083 M1","tmt",0.165449065345871,"70 tmt","7 tmt"
"27806","M1","C4620083","7","71","C4620083 M1","tmt",0.165091714710181,"71 tmt","7 tmt"
"27807","M1","C4620083","7","72","C4620083 M1","tmt",0.165018559563235,"72 tmt","7 tmt"
"27808","M1","C4620083","7","73","C4620083 M1","tmt",0.164385074522609,"73 tmt","7 tmt"
"27809","M1","C4620083","7","74","C4620083 M1","tmt",0.164315445332177,"74 tmt","7 tmt"
"27810","M1","C4620083","7","75","C4620083 M1","tmt",0.164200642467149,"75 tmt","7 tmt"
"27811","M1","C4620083","7","76","C4620083 M1","tmt",0.163754657862772,"76 tmt","7 tmt"
"27812","M1","C4620083","7","77","C4620083 M1","tmt",0.163558813561868,"77 tmt","7 tmt"
"27813","M1","C4620083","7","78","C4620083 M1","tmt",0.163534508483239,"78 tmt","7 tmt"
"27814","M1","C4620083","7","79","C4620083 M1","tmt",0.163261414388021,"79 tmt","7 tmt"
"27815","M1","C4620083","7","80","C4620083 M1","tmt",0.163173874868,"80 tmt","7 tmt"
"27816","M1","C4620083","7","81","C4620083 M1","tmt",0.162026218431789,"81 tmt","7 tmt"
"27817","M1","C4620083","7","82","C4620083 M1","tmt",0.161708694588554,"82 tmt","7 tmt"
"27818","M1","C4620083","7","83","C4620083 M1","tmt",0.161427181880489,"83 tmt","7 tmt"
"27819","M1","C4620083","7","84","C4620083 M1","tmt",0.160268017632054,"84 tmt","7 tmt"
"27820","M1","C4620083","7","85","C4620083 M1","tmt",0.160048770618459,"85 tmt","7 tmt"
"27821","M1","C4620083","7","86","C4620083 M1","tmt",0.159571270860018,"86 tmt","7 tmt"
"27822","M1","C4620083","7","87","C4620083 M1","tmt",0.159553903439421,"87 tmt","7 tmt"
"27823","M1","C4620083","7","88","C4620083 M1","tmt",0.159510535247449,"88 tmt","7 tmt"
"27824","M1","C4620083","7","89","C4620083 M1","tmt",0.159499437920583,"89 tmt","7 tmt"
"27825","M1","C4620083","7","90","C4620083 M1","tmt",0.159456827101514,"90 tmt","7 tmt"
"27826","M1","C4620083","7","91","C4620083 M1","tmt",0.159063841053326,"91 tmt","7 tmt"
"27827","M1","C4620083","7","92","C4620083 M1","tmt",0.158803273622673,"92 tmt","7 tmt"
"27828","M1","C4620083","7","93","C4620083 M1","tmt",0.158601671841174,"93 tmt","7 tmt"
"27829","M1","C4620083","7","94","C4620083 M1","tmt",0.157632406190207,"94 tmt","7 tmt"
"27830","M1","C4620083","7","95","C4620083 M1","tmt",0.156865299463769,"95 tmt","7 tmt"
"27831","M1","C4620083","7","96","C4620083 M1","tmt",0.156230574752895,"96 tmt","7 tmt"
"27832","M1","C4620083","7","97","C4620083 M1","tmt",0.155668142218614,"97 tmt","7 tmt"
"27833","M1","C4620083","7","98","C4620083 M1","tmt",0.155603809496249,"98 tmt","7 tmt"
"27834","M1","C4620083","7","99","C4620083 M1","tmt",0.154975270965078,"99 tmt","7 tmt"
"27835","M1","C4620083","7","100","C4620083 M1","tmt",0.154434293255888,"100 tmt","7 tmt"
"27836","M1","C4620083","7","101","C4620083 M1","tmt",0.154288826480113,"101 tmt","7 tmt"
"27837","M1","C4620083","7","102","C4620083 M1","tmt",0.153775003661421,"102 tmt","7 tmt"
"27838","M1","C4620083","7","103","C4620083 M1","tmt",0.152292443379806,"103 tmt","7 tmt"
"27839","M1","C4620083","7","104","C4620083 M1","tmt",0.152147840245577,"104 tmt","7 tmt"
"27840","M1","C4620083","7","105","C4620083 M1","tmt",0.152049420172523,"105 tmt","7 tmt"
"27841","M1","C4620083","7","106","C4620083 M1","tmt",0.151353913575292,"106 tmt","7 tmt"
"27842","M1","C4620083","7","107","C4620083 M1","tmt",0.151148849800232,"107 tmt","7 tmt"
"27843","M1","C4620083","7","108","C4620083 M1","tmt",0.151056945972156,"108 tmt","7 tmt"
"27844","M1","C4620083","7","109","C4620083 M1","tmt",0.150522851132159,"109 tmt","7 tmt"
"27845","M1","C4620083","7","110","C4620083 M1","tmt",0.150145857079265,"110 tmt","7 tmt"
"27846","M1","C4620083","7","111","C4620083 M1","tmt",0.149751100388331,"111 tmt","7 tmt"
"27847","M1","C4620083","7","112","C4620083 M1","tmt",0.148613176446029,"112 tmt","7 tmt"
"27848","M1","C4620083","7","113","C4620083 M1","tmt",0.147815747232408,"113 tmt","7 tmt"
"27849","M1","C4620083","7","114","C4620083 M1","tmt",0.147719397606179,"114 tmt","7 tmt"
"27850","M1","C4620083","7","115","C4620083 M1","tmt",0.147603703467035,"115 tmt","7 tmt"
"27851","M1","C4620083","7","116","C4620083 M1","tmt",0.147107851680296,"116 tmt","7 tmt"
"27852","M1","C4620083","7","117","C4620083 M1","tmt",0.146869229339813,"117 tmt","7 tmt"
"27853","M1","C4620083","7","118","C4620083 M1","tmt",0.146567913448549,"118 tmt","7 tmt"
"27854","M1","C4620083","7","119","C4620083 M1","tmt",0.146416180455006,"119 tmt","7 tmt"
"27855","M1","C4620083","7","120","C4620083 M1","tmt",0.145701850436285,"120 tmt","7 tmt"
"27856","M1","C4620083","7","121","C4620083 M1","tmt",0.145024804775838,"121 tmt","7 tmt"
"27857","M1","C4620083","7","122","C4620083 M1","tmt",0.144642897010087,"122 tmt","7 tmt"
"27858","M1","C4620083","7","123","C4620083 M1","tmt",0.144484198507925,"123 tmt","7 tmt"
"27859","M1","C4620083","7","124","C4620083 M1","tmt",0.144128193096666,"124 tmt","7 tmt"
"27860","M1","C4620083","7","125","C4620083 M1","tmt",0.143603217443501,"125 tmt","7 tmt"
"27861","M1","C4620083","7","126","C4620083 M1","tmt",0.142988789398725,"126 tmt","7 tmt"
"27862","M1","C4620083","7","127","C4620083 M1","tmt",0.142762806363407,"127 tmt","7 tmt"
"27863","M1","C4620083","7","128","C4620083 M1","tmt",0.142417612633772,"128 tmt","7 tmt"
"27864","M1","C4620083","7","129","C4620083 M1","tmt",0.142346183000319,"129 tmt","7 tmt"
"27865","M1","C4620083","7","130","C4620083 M1","tmt",0.142261291790802,"130 tmt","7 tmt"
"27866","M1","C4620083","7","131","C4620083 M1","tmt",0.14188188744466,"131 tmt","7 tmt"
"27867","M1","C4620083","7","132","C4620083 M1","tmt",0.141301306004611,"132 tmt","7 tmt"
"27868","M1","C4620083","7","133","C4620083 M1","tmt",0.141153296746174,"133 tmt","7 tmt"
"27869","M1","C4620083","7","134","C4620083 M1","tmt",0.140988867154287,"134 tmt","7 tmt"
"27870","M1","C4620083","7","135","C4620083 M1","tmt",0.139705424383284,"135 tmt","7 tmt"
"27871","M1","C4620083","7","136","C4620083 M1","tmt",0.13942588787125,"136 tmt","7 tmt"
"27872","M1","C4620083","7","137","C4620083 M1","tmt",0.139255008212755,"137 tmt","7 tmt"
"27873","M1","C4620083","7","138","C4620083 M1","tmt",0.139174454204941,"138 tmt","7 tmt"
"27874","M1","C4620083","7","139","C4620083 M1","tmt",0.138696538902568,"139 tmt","7 tmt"
"27875","M1","C4620083","7","140","C4620083 M1","tmt",0.137963358048821,"140 tmt","7 tmt"
"27876","M1","C4620083","7","141","C4620083 M1","tmt",0.137855236010019,"141 tmt","7 tmt"
"27877","M1","C4620083","7","142","C4620083 M1","tmt",0.137119791642838,"142 tmt","7 tmt"
"27878","M1","C4620083","7","143","C4620083 M1","tmt",0.136388143229567,"143 tmt","7 tmt"
"27879","M1","C4620083","7","144","C4620083 M1","tmt",0.136338108885096,"144 tmt","7 tmt"
"27880","M1","C4620083","7","145","C4620083 M1","tmt",0.135687615180269,"145 tmt","7 tmt"
"27881","M1","C4620083","7","146","C4620083 M1","tmt",0.135574343411924,"146 tmt","7 tmt"
"27882","M1","C4620083","7","147","C4620083 M1","tmt",0.135263602822194,"147 tmt","7 tmt"
"27883","M1","C4620083","7","148","C4620083 M1","tmt",0.134861675965216,"148 tmt","7 tmt"
"27884","M1","C4620083","7","149","C4620083 M1","tmt",0.134802591929372,"149 tmt","7 tmt"
"27885","M1","C4620083","7","150","C4620083 M1","tmt",0.134708732395782,"150 tmt","7 tmt"
"27886","M1","C4620083","7","151","C4620083 M1","tmt",0.13446256317423,"151 tmt","7 tmt"
"27887","M1","C4620083","7","152","C4620083 M1","tmt",0.134447645251523,"152 tmt","7 tmt"
"27888","M1","C4620083","7","153","C4620083 M1","tmt",0.13332859334938,"153 tmt","7 tmt"
"27889","M1","C4620083","7","154","C4620083 M1","tmt",0.131600209708713,"154 tmt","7 tmt"
"27890","M1","C4620083","7","155","C4620083 M1","tmt",0.131484569810946,"155 tmt","7 tmt"
"27891","M1","C4620083","7","156","C4620083 M1","tmt",0.131248874877305,"156 tmt","7 tmt"
"27892","M1","C4620083","7","157","C4620083 M1","tmt",0.131043725226115,"157 tmt","7 tmt"
"27893","M1","C4620083","7","158","C4620083 M1","tmt",0.130976325689634,"158 tmt","7 tmt"
"27894","M1","C4620083","7","159","C4620083 M1","tmt",0.130497134351148,"159 tmt","7 tmt"
"27895","M1","C4620083","7","160","C4620083 M1","tmt",0.129745113816692,"160 tmt","7 tmt"
"27896","M1","C4620083","7","161","C4620083 M1","tmt",0.129702207058667,"161 tmt","7 tmt"
"27897","M1","C4620083","7","162","C4620083 M1","tmt",0.129117341489149,"162 tmt","7 tmt"
"27898","M1","C4620083","7","163","C4620083 M1","tmt",0.128968619964817,"163 tmt","7 tmt"
"27899","M1","C4620083","7","164","C4620083 M1","tmt",0.128491143061632,"164 tmt","7 tmt"
"27900","M1","C4620083","7","165","C4620083 M1","tmt",0.127767372314442,"165 tmt","7 tmt"
"27901","M1","C4620083","7","166","C4620083 M1","tmt",0.126419143498559,"166 tmt","7 tmt"
"27902","M1","C4620083","7","167","C4620083 M1","tmt",0.125129609337245,"167 tmt","7 tmt"
"27903","M1","C4620083","7","168","C4620083 M1","tmt",0.124857872933348,"168 tmt","7 tmt"
"27904","M1","C4620083","7","169","C4620083 M1","tmt",0.124812611117421,"169 tmt","7 tmt"
"27905","M1","C4620083","7","170","C4620083 M1","tmt",0.124515906991979,"170 tmt","7 tmt"
"27906","M1","C4620083","7","171","C4620083 M1","tmt",0.123919531741972,"171 tmt","7 tmt"
"27907","M1","C4620083","7","172","C4620083 M1","tmt",0.123824014064398,"172 tmt","7 tmt"
"27908","M1","C4620083","7","173","C4620083 M1","tmt",0.123399440104046,"173 tmt","7 tmt"
"27909","M1","C4620083","7","174","C4620083 M1","tmt",0.123328369180137,"174 tmt","7 tmt"
"27910","M1","C4620083","7","175","C4620083 M1","tmt",0.123186666225851,"175 tmt","7 tmt"
"27911","M1","C4620083","7","176","C4620083 M1","tmt",0.122607191484013,"176 tmt","7 tmt"
"27912","M1","C4620083","7","177","C4620083 M1","tmt",0.122105567112304,"177 tmt","7 tmt"
"27913","M1","C4620083","7","178","C4620083 M1","tmt",0.120788273737519,"178 tmt","7 tmt"
"27914","M1","C4620083","7","179","C4620083 M1","tmt",0.120642357478352,"179 tmt","7 tmt"
"27915","M1","C4620083","7","180","C4620083 M1","tmt",0.119968212010348,"180 tmt","7 tmt"
"27916","M1","C4620083","7","181","C4620083 M1","tmt",0.119741437690585,"181 tmt","7 tmt"
"27917","M1","C4620083","7","182","C4620083 M1","tmt",0.119673420897881,"182 tmt","7 tmt"
"27918","M1","C4620083","7","183","C4620083 M1","tmt",0.119085588097528,"183 tmt","7 tmt"
"27919","M1","C4620083","7","184","C4620083 M1","tmt",0.117613795444904,"184 tmt","7 tmt"
"27920","M1","C4620083","7","185","C4620083 M1","tmt",0.117484065591518,"185 tmt","7 tmt"
"27921","M1","C4620083","7","186","C4620083 M1","tmt",0.117146076706109,"186 tmt","7 tmt"
"27922","M1","C4620083","7","187","C4620083 M1","tmt",0.11662365895361,"187 tmt","7 tmt"
"27923","M1","C4620083","7","188","C4620083 M1","tmt",0.116005458877839,"188 tmt","7 tmt"
"27924","M1","C4620083","7","189","C4620083 M1","tmt",0.115718495817651,"189 tmt","7 tmt"
"27925","M1","C4620083","7","190","C4620083 M1","tmt",0.115700282602147,"190 tmt","7 tmt"
"27926","M1","C4620083","7","191","C4620083 M1","tmt",0.115633290948922,"191 tmt","7 tmt"
"27927","M1","C4620083","7","192","C4620083 M1","tmt",0.115628968962864,"192 tmt","7 tmt"
"27928","M1","C4620083","7","193","C4620083 M1","tmt",0.115025882105196,"193 tmt","7 tmt"
"27929","M1","C4620083","7","194","C4620083 M1","tmt",0.114596679612844,"194 tmt","7 tmt"
"27930","M1","C4620083","7","195","C4620083 M1","tmt",0.114277403897687,"195 tmt","7 tmt"
"27931","M1","C4620083","7","196","C4620083 M1","tmt",0.113990453253483,"196 tmt","7 tmt"
"27932","M1","C4620083","7","197","C4620083 M1","tmt",0.11391194965519,"197 tmt","7 tmt"
"27933","M1","C4620083","7","198","C4620083 M1","tmt",0.113344530809622,"198 tmt","7 tmt"
"27934","M1","C4620083","7","199","C4620083 M1","tmt",0.11304470474145,"199 tmt","7 tmt"
"27935","M1","C4620083","7","200","C4620083 M1","tmt",0.111716018475095,"200 tmt","7 tmt"
"27936","M1","C4620083","7","201","C4620083 M1","tmt",0.111117057855785,"201 tmt","7 tmt"
"27937","M1","C4620083","7","202","C4620083 M1","tmt",0.110879992303178,"202 tmt","7 tmt"
"27938","M1","C4620083","7","203","C4620083 M1","tmt",0.110473050068088,"203 tmt","7 tmt"
"27939","M1","C4620083","7","204","C4620083 M1","tmt",0.109970375813943,"204 tmt","7 tmt"
"27940","M1","C4620083","7","205","C4620083 M1","tmt",0.109861011331718,"205 tmt","7 tmt"
"27941","M1","C4620083","7","206","C4620083 M1","tmt",0.109630942177723,"206 tmt","7 tmt"
"27942","M1","C4620083","7","207","C4620083 M1","tmt",0.10928542320839,"207 tmt","7 tmt"
"27943","M1","C4620083","7","208","C4620083 M1","tmt",0.109122590798931,"208 tmt","7 tmt"
"27944","M1","C4620083","7","209","C4620083 M1","tmt",0.109022707677074,"209 tmt","7 tmt"
"27945","M1","C4620083","7","210","C4620083 M1","tmt",0.10888444057061,"210 tmt","7 tmt"
"27946","M1","C4620083","7","211","C4620083 M1","tmt",0.108227670826689,"211 tmt","7 tmt"
"27947","M1","C4620083","7","212","C4620083 M1","tmt",0.108215201431135,"212 tmt","7 tmt"
"27948","M1","C4620083","7","213","C4620083 M1","tmt",0.107936052244488,"213 tmt","7 tmt"
"27949","M1","C4620083","7","214","C4620083 M1","tmt",0.107676394048261,"214 tmt","7 tmt"
"27950","M1","C4620083","7","215","C4620083 M1","tmt",0.107187386588108,"215 tmt","7 tmt"
"27951","M1","C4620083","7","216","C4620083 M1","tmt",0.10692663641265,"216 tmt","7 tmt"
"27952","M1","C4620083","7","217","C4620083 M1","tmt",0.106684208500132,"217 tmt","7 tmt"
"27953","M1","C4620083","7","218","C4620083 M1","tmt",0.106335071944662,"218 tmt","7 tmt"
"27954","M1","C4620083","7","219","C4620083 M1","tmt",0.105954909497611,"219 tmt","7 tmt"
"27955","M1","C4620083","7","220","C4620083 M1","tmt",0.105486969069955,"220 tmt","7 tmt"
"27956","M1","C4620083","7","221","C4620083 M1","tmt",0.103672073824513,"221 tmt","7 tmt"
"27957","M1","C4620083","7","222","C4620083 M1","tmt",0.102308564889302,"222 tmt","7 tmt"
"27958","M1","C4620083","7","223","C4620083 M1","tmt",0.102250485927163,"223 tmt","7 tmt"
"27959","M1","C4620083","7","224","C4620083 M1","tmt",0.101790680456961,"224 tmt","7 tmt"
"27960","M1","C4620083","7","225","C4620083 M1","tmt",0.101622494148645,"225 tmt","7 tmt"
"27961","M1","C4620083","7","226","C4620083 M1","tmt",0.10152214955913,"226 tmt","7 tmt"
"27962","M1","C4620083","7","227","C4620083 M1","tmt",0.101490868292166,"227 tmt","7 tmt"
"27963","M1","C4620083","7","228","C4620083 M1","tmt",0.10139187275104,"228 tmt","7 tmt"
"27964","M1","C4620083","7","229","C4620083 M1","tmt",0.100132863022076,"229 tmt","7 tmt"
"27965","M1","C4620083","7","230","C4620083 M1","tmt",0.0996156072896817,"230 tmt","7 tmt"
"27966","M1","C4620083","7","231","C4620083 M1","tmt",0.0995056197746866,"231 tmt","7 tmt"
"27967","M1","C4620083","7","232","C4620083 M1","tmt",0.099283720368427,"232 tmt","7 tmt"
"27968","M1","C4620083","7","233","C4620083 M1","tmt",0.0991725250886591,"233 tmt","7 tmt"
"27969","M1","C4620083","7","234","C4620083 M1","tmt",0.0990356773612927,"234 tmt","7 tmt"
"27970","M1","C4620083","7","235","C4620083 M1","tmt",0.0986707591900187,"235 tmt","7 tmt"
"27971","M1","C4620083","7","236","C4620083 M1","tmt",0.0978688099480792,"236 tmt","7 tmt"
"27972","M1","C4620083","7","237","C4620083 M1","tmt",0.0977241917274935,"237 tmt","7 tmt"
"27973","M1","C4620083","7","238","C4620083 M1","tmt",0.0972436170092093,"238 tmt","7 tmt"
"27974","M1","C4620083","7","239","C4620083 M1","tmt",0.096232109371806,"239 tmt","7 tmt"
"27975","M1","C4620083","7","240","C4620083 M1","tmt",0.0957887970409777,"240 tmt","7 tmt"
"27976","M1","C4620083","7","241","C4620083 M1","tmt",0.0956651713783406,"241 tmt","7 tmt"
"27977","M1","C4620083","7","242","C4620083 M1","tmt",0.0953516780193508,"242 tmt","7 tmt"
"27978","M1","C4620083","7","243","C4620083 M1","tmt",0.0953478367784465,"243 tmt","7 tmt"
"27979","M1","C4620083","7","244","C4620083 M1","tmt",0.0940073201224799,"244 tmt","7 tmt"
"27980","M1","C4620083","7","245","C4620083 M1","tmt",0.0938157533933299,"245 tmt","7 tmt"
"27981","M1","C4620083","7","246","C4620083 M1","tmt",0.0934774694899354,"246 tmt","7 tmt"
"27982","M1","C4620083","7","247","C4620083 M1","tmt",0.0927754617473197,"247 tmt","7 tmt"
"27983","M1","C4620083","7","248","C4620083 M1","tmt",0.0925955326793371,"248 tmt","7 tmt"
"27984","M1","C4620083","7","249","C4620083 M1","tmt",0.0924933292807752,"249 tmt","7 tmt"
"27985","M1","C4620083","7","250","C4620083 M1","tmt",0.0924852862776175,"250 tmt","7 tmt"
"27986","M1","C4620083","7","251","C4620083 M1","tmt",0.0912856393706058,"251 tmt","7 tmt"
"27987","M1","C4620083","7","252","C4620083 M1","tmt",0.0910706603406595,"252 tmt","7 tmt"
"27988","M1","C4620083","7","253","C4620083 M1","tmt",0.0904875339153326,"253 tmt","7 tmt"
"27989","M1","C4620083","7","254","C4620083 M1","tmt",0.0899188792467668,"254 tmt","7 tmt"
"27990","M1","C4620083","7","255","C4620083 M1","tmt",0.0896841491320889,"255 tmt","7 tmt"
"27991","M1","C4620083","7","256","C4620083 M1","tmt",0.0896395905574422,"256 tmt","7 tmt"
"27992","M1","C4620083","7","257","C4620083 M1","tmt",0.089603275999918,"257 tmt","7 tmt"
"27993","M1","C4620083","7","258","C4620083 M1","tmt",0.0894854380604855,"258 tmt","7 tmt"
"27994","M1","C4620083","7","259","C4620083 M1","tmt",0.0894610910452378,"259 tmt","7 tmt"
"27995","M1","C4620083","7","260","C4620083 M1","tmt",0.0893775227851239,"260 tmt","7 tmt"
"27996","M1","C4620083","7","261","C4620083 M1","tmt",0.0892160425882093,"261 tmt","7 tmt"
"27997","M1","C4620083","7","262","C4620083 M1","tmt",0.088299935281668,"262 tmt","7 tmt"
"27998","M1","C4620083","7","263","C4620083 M1","tmt",0.0879237414838043,"263 tmt","7 tmt"
"27999","M1","C4620083","7","264","C4620083 M1","tmt",0.0877234795540115,"264 tmt","7 tmt"
"28000","M1","C4620083","7","265","C4620083 M1","tmt",0.087497015323913,"265 tmt","7 tmt"
"28001","M1","C4620083","7","266","C4620083 M1","tmt",0.0873445414304951,"266 tmt","7 tmt"
"28002","M1","C4620083","7","267","C4620083 M1","tmt",0.087318507231572,"267 tmt","7 tmt"
"28003","M1","C4620083","7","268","C4620083 M1","tmt",0.0871166690238777,"268 tmt","7 tmt"
"28004","M1","C4620083","7","269","C4620083 M1","tmt",0.0859636864695701,"269 tmt","7 tmt"
"28005","M1","C4620083","7","270","C4620083 M1","tmt",0.085447900218491,"270 tmt","7 tmt"
"28006","M1","C4620083","7","271","C4620083 M1","tmt",0.0852705027061559,"271 tmt","7 tmt"
"28007","M1","C4620083","7","272","C4620083 M1","tmt",0.0851259115598534,"272 tmt","7 tmt"
"28008","M1","C4620083","7","273","C4620083 M1","tmt",0.0849014052508869,"273 tmt","7 tmt"
"28009","M1","C4620083","7","274","C4620083 M1","tmt",0.084777941242035,"274 tmt","7 tmt"
"28010","M1","C4620083","7","275","C4620083 M1","tmt",0.0844738032508802,"275 tmt","7 tmt"
"28011","M1","C4620083","7","276","C4620083 M1","tmt",0.0843575598811901,"276 tmt","7 tmt"
"28012","M1","C4620083","7","277","C4620083 M1","tmt",0.0840909822148692,"277 tmt","7 tmt"
"28013","M1","C4620083","7","278","C4620083 M1","tmt",0.0837325553647399,"278 tmt","7 tmt"
"28014","M1","C4620083","7","279","C4620083 M1","tmt",0.0836347892832076,"279 tmt","7 tmt"
"28015","M1","C4620083","7","280","C4620083 M1","tmt",0.0827440253891706,"280 tmt","7 tmt"
"28016","M1","C4620083","7","281","C4620083 M1","tmt",0.082324922649473,"281 tmt","7 tmt"
"28017","M1","C4620083","7","282","C4620083 M1","tmt",0.0821574183869918,"282 tmt","7 tmt"
"28018","M1","C4620083","7","283","C4620083 M1","tmt",0.0818521097302015,"283 tmt","7 tmt"
"28019","M1","C4620083","7","284","C4620083 M1","tmt",0.0813368979708863,"284 tmt","7 tmt"
"28020","M1","C4620083","7","285","C4620083 M1","tmt",0.0811636677853545,"285 tmt","7 tmt"
"28021","M1","C4620083","7","286","C4620083 M1","tmt",0.0806455165026013,"286 tmt","7 tmt"
"28022","M1","C4620083","7","287","C4620083 M1","tmt",0.0796772094238873,"287 tmt","7 tmt"
"28023","M1","C4620083","7","288","C4620083 M1","tmt",0.0784155279545603,"288 tmt","7 tmt"
"28024","M1","C4620083","7","289","C4620083 M1","tmt",0.0774873282425433,"289 tmt","7 tmt"
"28025","M1","C4620083","7","290","C4620083 M1","tmt",0.075715245288115,"290 tmt","7 tmt"
"28026","M1","C4620083","7","291","C4620083 M1","tmt",0.0755421120792684,"291 tmt","7 tmt"
"28027","M1","C4620083","7","292","C4620083 M1","tmt",0.0755313803831547,"292 tmt","7 tmt"
"28028","M1","C4620083","7","293","C4620083 M1","tmt",0.0750681257153055,"293 tmt","7 tmt"
"28029","M1","C4620083","7","294","C4620083 M1","tmt",0.0747471565334115,"294 tmt","7 tmt"
"28030","M1","C4620083","7","295","C4620083 M1","tmt",0.0744436225119808,"295 tmt","7 tmt"
"28031","M1","C4620083","7","296","C4620083 M1","tmt",0.0742785550680024,"296 tmt","7 tmt"
"28032","M1","C4620083","7","297","C4620083 M1","tmt",0.0741385651578508,"297 tmt","7 tmt"
"28033","M1","C4620083","7","298","C4620083 M1","tmt",0.0740893630527282,"298 tmt","7 tmt"
"28034","M1","C4620083","7","299","C4620083 M1","tmt",0.0736801701921319,"299 tmt","7 tmt"
"28035","M1","C4620083","7","300","C4620083 M1","tmt",0.0731378455281178,"300 tmt","7 tmt"
"28036","M1","C4620083","7","301","C4620083 M1","tmt",0.0728468010553057,"301 tmt","7 tmt"
"28037","M1","C4620083","7","302","C4620083 M1","tmt",0.0728436613454776,"302 tmt","7 tmt"
"28038","M1","C4620083","7","303","C4620083 M1","tmt",0.0727980296326661,"303 tmt","7 tmt"
"28039","M1","C4620083","7","304","C4620083 M1","tmt",0.0725448281392849,"304 tmt","7 tmt"
"28040","M1","C4620083","7","305","C4620083 M1","tmt",0.0719683524312249,"305 tmt","7 tmt"
"28041","M1","C4620083","7","306","C4620083 M1","tmt",0.0715426653001284,"306 tmt","7 tmt"
"28042","M1","C4620083","7","307","C4620083 M1","tmt",0.0711457793260523,"307 tmt","7 tmt"
"28043","M1","C4620083","7","308","C4620083 M1","tmt",0.0705951177642297,"308 tmt","7 tmt"
"28044","M1","C4620083","7","309","C4620083 M1","tmt",0.0704924681796135,"309 tmt","7 tmt"
"28045","M1","C4620083","7","310","C4620083 M1","tmt",0.0703444580046938,"310 tmt","7 tmt"
"28046","M1","C4620083","7","311","C4620083 M1","tmt",0.0701021197503303,"311 tmt","7 tmt"
"28047","M1","C4620083","7","312","C4620083 M1","tmt",0.0700816797763854,"312 tmt","7 tmt"
"28048","M1","C4620083","7","313","C4620083 M1","tmt",0.0700354820805947,"313 tmt","7 tmt"
"28049","M1","C4620083","7","314","C4620083 M1","tmt",0.0695169436417168,"314 tmt","7 tmt"
"28050","M1","C4620083","7","315","C4620083 M1","tmt",0.0694586660041305,"315 tmt","7 tmt"
"28051","M1","C4620083","7","316","C4620083 M1","tmt",0.0693486815981091,"316 tmt","7 tmt"
"28052","M1","C4620083","7","317","C4620083 M1","tmt",0.0691983530486754,"317 tmt","7 tmt"
"28053","M1","C4620083","7","318","C4620083 M1","tmt",0.0685238563230825,"318 tmt","7 tmt"
"28054","M1","C4620083","7","319","C4620083 M1","tmt",0.0683890868887795,"319 tmt","7 tmt"
"28055","M1","C4620083","7","320","C4620083 M1","tmt",0.0683303710936445,"320 tmt","7 tmt"
"28056","M1","C4620083","7","321","C4620083 M1","tmt",0.0680481891539241,"321 tmt","7 tmt"
"28057","M1","C4620083","7","322","C4620083 M1","tmt",0.0677672875826276,"322 tmt","7 tmt"
"28058","M1","C4620083","7","323","C4620083 M1","tmt",0.0676152802762732,"323 tmt","7 tmt"
"28059","M1","C4620083","7","324","C4620083 M1","tmt",0.0672923460467958,"324 tmt","7 tmt"
"28060","M1","C4620083","7","325","C4620083 M1","tmt",0.0671971456215773,"325 tmt","7 tmt"
"28061","M1","C4620083","7","326","C4620083 M1","tmt",0.0671801914387405,"326 tmt","7 tmt"
"28062","M1","C4620083","7","327","C4620083 M1","tmt",0.0668971950882992,"327 tmt","7 tmt"
"28063","M1","C4620083","7","328","C4620083 M1","tmt",0.0668961647381855,"328 tmt","7 tmt"
"28064","M1","C4620083","7","329","C4620083 M1","tmt",0.0662091091751644,"329 tmt","7 tmt"
"28065","M1","C4620083","7","330","C4620083 M1","tmt",0.0659584408370949,"330 tmt","7 tmt"
"28066","M1","C4620083","7","331","C4620083 M1","tmt",0.0648434859319676,"331 tmt","7 tmt"
"28067","M1","C4620083","7","332","C4620083 M1","tmt",0.0647655694319232,"332 tmt","7 tmt"
"28068","M1","C4620083","7","333","C4620083 M1","tmt",0.0647430916807539,"333 tmt","7 tmt"
"28069","M1","C4620083","7","334","C4620083 M1","tmt",0.0646457237256413,"334 tmt","7 tmt"
"28070","M1","C4620083","7","335","C4620083 M1","tmt",0.0630809863360888,"335 tmt","7 tmt"
"28071","M1","C4620083","7","336","C4620083 M1","tmt",0.0626093752300931,"336 tmt","7 tmt"
"28072","M1","C4620083","7","337","C4620083 M1","tmt",0.0615975615218947,"337 tmt","7 tmt"
"28073","M1","C4620083","7","338","C4620083 M1","tmt",0.0615899117284607,"338 tmt","7 tmt"
"28074","M1","C4620083","7","339","C4620083 M1","tmt",0.060786053898253,"339 tmt","7 tmt"
"28075","M1","C4620083","7","340","C4620083 M1","tmt",0.0607185982979664,"340 tmt","7 tmt"
"28076","M1","C4620083","7","341","C4620083 M1","tmt",0.059536273681856,"341 tmt","7 tmt"
"28077","M1","C4620083","7","342","C4620083 M1","tmt",0.0584941016314379,"342 tmt","7 tmt"
"28078","M1","C4620083","7","343","C4620083 M1","tmt",0.0584506694139557,"343 tmt","7 tmt"
"28079","M1","C4620083","7","344","C4620083 M1","tmt",0.0582188801714541,"344 tmt","7 tmt"
"28080","M1","C4620083","7","345","C4620083 M1","tmt",0.0581051407049029,"345 tmt","7 tmt"
"28081","M1","C4620083","7","346","C4620083 M1","tmt",0.0576883792285044,"346 tmt","7 tmt"
"28082","M1","C4620083","7","347","C4620083 M1","tmt",0.0575895370309439,"347 tmt","7 tmt"
"28083","M1","C4620083","7","348","C4620083 M1","tmt",0.0570170033015116,"348 tmt","7 tmt"
"28084","M1","C4620083","7","349","C4620083 M1","tmt",0.0560199927818959,"349 tmt","7 tmt"
"28085","M1","C4620083","7","350","C4620083 M1","tmt",0.055780501234395,"350 tmt","7 tmt"
"28086","M1","C4620083","7","351","C4620083 M1","tmt",0.0554313112467315,"351 tmt","7 tmt"
"28087","M1","C4620083","7","352","C4620083 M1","tmt",0.0545085993484032,"352 tmt","7 tmt"
"28088","M1","C4620083","7","353","C4620083 M1","tmt",0.0543956385557856,"353 tmt","7 tmt"
"28089","M1","C4620083","7","354","C4620083 M1","tmt",0.0542267362754365,"354 tmt","7 tmt"
"28090","M1","C4620083","7","355","C4620083 M1","tmt",0.0539346907266252,"355 tmt","7 tmt"
"28091","M1","C4620083","7","356","C4620083 M1","tmt",0.0538656240616955,"356 tmt","7 tmt"
"28092","M1","C4620083","7","357","C4620083 M1","tmt",0.0534028631475484,"357 tmt","7 tmt"
"28093","M1","C4620083","7","358","C4620083 M1","tmt",0.0533969453599124,"358 tmt","7 tmt"
"28094","M1","C4620083","7","359","C4620083 M1","tmt",0.0533622703425772,"359 tmt","7 tmt"
"28095","M1","C4620083","7","360","C4620083 M1","tmt",0.0527904345343903,"360 tmt","7 tmt"
"28096","M1","C4620083","7","361","C4620083 M1","tmt",0.0526448752453935,"361 tmt","7 tmt"
"28097","M1","C4620083","7","362","C4620083 M1","tmt",0.0525986542737503,"362 tmt","7 tmt"
"28098","M1","C4620083","7","363","C4620083 M1","tmt",0.052396186892581,"363 tmt","7 tmt"
"28099","M1","C4620083","7","364","C4620083 M1","tmt",0.0522710580188424,"364 tmt","7 tmt"
"28100","M1","C4620083","7","365","C4620083 M1","tmt",0.0518982099785549,"365 tmt","7 tmt"
"28101","M1","C4620083","7","366","C4620083 M1","tmt",0.0512805058390733,"366 tmt","7 tmt"
"28102","M1","C4620083","7","367","C4620083 M1","tmt",0.0509162985853942,"367 tmt","7 tmt"
"28103","M1","C4620083","7","368","C4620083 M1","tmt",0.0501117619047614,"368 tmt","7 tmt"
"28104","M1","C4620083","7","369","C4620083 M1","tmt",0.0495342382086113,"369 tmt","7 tmt"
"28105","M1","C4620083","7","370","C4620083 M1","tmt",0.0489270358227589,"370 tmt","7 tmt"
"28106","M1","C4620083","7","371","C4620083 M1","tmt",0.0487788366066811,"371 tmt","7 tmt"
"28107","M1","C4620083","7","372","C4620083 M1","tmt",0.0479973161488968,"372 tmt","7 tmt"
"28108","M1","C4620083","7","373","C4620083 M1","tmt",0.0478201956215395,"373 tmt","7 tmt"
"28109","M1","C4620083","7","374","C4620083 M1","tmt",0.0475377274366767,"374 tmt","7 tmt"
"28110","M1","C4620083","7","375","C4620083 M1","tmt",0.0470978183949553,"375 tmt","7 tmt"
"28111","M1","C4620083","7","376","C4620083 M1","tmt",0.0467953612621155,"376 tmt","7 tmt"
"28112","M1","C4620083","7","377","C4620083 M1","tmt",0.0466408253469863,"377 tmt","7 tmt"
"28113","M1","C4620083","7","378","C4620083 M1","tmt",0.0462434940102821,"378 tmt","7 tmt"
"28114","M1","C4620083","7","379","C4620083 M1","tmt",0.0461386925572825,"379 tmt","7 tmt"
"28115","M1","C4620083","7","380","C4620083 M1","tmt",0.0460374720568776,"380 tmt","7 tmt"
"28116","M1","C4620083","7","381","C4620083 M1","tmt",0.0458987493159344,"381 tmt","7 tmt"
"28117","M1","C4620083","7","382","C4620083 M1","tmt",0.0453712907004558,"382 tmt","7 tmt"
"28118","M1","C4620083","7","383","C4620083 M1","tmt",0.0442038359348339,"383 tmt","7 tmt"
"28119","M1","C4620083","7","384","C4620083 M1","tmt",0.043266373844089,"384 tmt","7 tmt"
"28120","M1","C4620083","7","385","C4620083 M1","tmt",0.0428961776143654,"385 tmt","7 tmt"
"28121","M1","C4620083","7","386","C4620083 M1","tmt",0.0425155536461963,"386 tmt","7 tmt"
"28122","M1","C4620083","7","387","C4620083 M1","tmt",0.0421883505836488,"387 tmt","7 tmt"
"28123","M1","C4620083","7","388","C4620083 M1","tmt",0.0417976457290751,"388 tmt","7 tmt"
"28124","M1","C4620083","7","389","C4620083 M1","tmt",0.0411631499193866,"389 tmt","7 tmt"
"28125","M1","C4620083","7","390","C4620083 M1","tmt",0.040246218010037,"390 tmt","7 tmt"
"28126","M1","C4620083","7","391","C4620083 M1","tmt",0.0401510276416034,"391 tmt","7 tmt"
"28127","M1","C4620083","7","392","C4620083 M1","tmt",0.0376405302309437,"392 tmt","7 tmt"
"28128","M1","C4620083","7","393","C4620083 M1","tmt",0.0364889310717427,"393 tmt","7 tmt"
"28129","M1","C4620083","7","394","C4620083 M1","tmt",0.035928867462271,"394 tmt","7 tmt"
"28130","M1","C4620083","7","395","C4620083 M1","tmt",0.0354946550076312,"395 tmt","7 tmt"
"28131","M1","C4620083","7","396","C4620083 M1","tmt",0.035287366443753,"396 tmt","7 tmt"
"28132","M1","C4620083","7","397","C4620083 M1","tmt",0.0350856529301808,"397 tmt","7 tmt"
"28133","M1","C4620083","7","398","C4620083 M1","tmt",0.0348905286515752,"398 tmt","7 tmt"
"28134","M1","C4620083","7","399","C4620083 M1","tmt",0.0345466805068668,"399 tmt","7 tmt"
"28135","M1","C4620083","7","400","C4620083 M1","tmt",0.0344544052459127,"400 tmt","7 tmt"
"28136","M1","C4620083","7","401","C4620083 M1","tmt",0.0337816630089338,"401 tmt","7 tmt"
"28137","M1","C4620083","7","402","C4620083 M1","tmt",0.0335555592038079,"402 tmt","7 tmt"
"28138","M1","C4620083","7","403","C4620083 M1","tmt",0.0332635970689628,"403 tmt","7 tmt"
"28139","M1","C4620083","7","404","C4620083 M1","tmt",0.0331606899004193,"404 tmt","7 tmt"
"28140","M1","C4620083","7","405","C4620083 M1","tmt",0.0316710660378755,"405 tmt","7 tmt"
"28141","M1","C4620083","7","406","C4620083 M1","tmt",0.0314708115700928,"406 tmt","7 tmt"
"28142","M1","C4620083","7","407","C4620083 M1","tmt",0.0314112129677602,"407 tmt","7 tmt"
"28143","M1","C4620083","7","408","C4620083 M1","tmt",0.0308136394952454,"408 tmt","7 tmt"
"28144","M1","C4620083","7","409","C4620083 M1","tmt",0.030381054184561,"409 tmt","7 tmt"
"28145","M1","C4620083","7","410","C4620083 M1","tmt",0.0303777470156258,"410 tmt","7 tmt"
"28146","M1","C4620083","7","411","C4620083 M1","tmt",0.0286013130221928,"411 tmt","7 tmt"
"28147","M1","C4620083","7","412","C4620083 M1","tmt",0.0282051320270337,"412 tmt","7 tmt"
"28148","M1","C4620083","7","413","C4620083 M1","tmt",0.028013917755423,"413 tmt","7 tmt"
"28149","M1","C4620083","7","414","C4620083 M1","tmt",0.0277824562612623,"414 tmt","7 tmt"
"28150","M1","C4620083","7","415","C4620083 M1","tmt",0.0275065734377371,"415 tmt","7 tmt"
"28151","M1","C4620083","7","416","C4620083 M1","tmt",0.0266664235101416,"416 tmt","7 tmt"
"28152","M1","C4620083","7","417","C4620083 M1","tmt",0.0263634701696564,"417 tmt","7 tmt"
"28153","M1","C4620083","7","418","C4620083 M1","tmt",0.0263565705226945,"418 tmt","7 tmt"
"28154","M1","C4620083","7","419","C4620083 M1","tmt",0.0258719122715295,"419 tmt","7 tmt"
"28155","M1","C4620083","7","420","C4620083 M1","tmt",0.0245263937078307,"420 tmt","7 tmt"
"28156","M1","C4620083","7","421","C4620083 M1","tmt",0.0240674872257756,"421 tmt","7 tmt"
"28157","M1","C4620083","7","422","C4620083 M1","tmt",0.0239523812523362,"422 tmt","7 tmt"
"28158","M1","C4620083","7","423","C4620083 M1","tmt",0.0238012570361442,"423 tmt","7 tmt"
"28159","M1","C4620083","7","424","C4620083 M1","tmt",0.0232188275245009,"424 tmt","7 tmt"
"28160","M1","C4620083","7","425","C4620083 M1","tmt",0.0230030278374349,"425 tmt","7 tmt"
"28161","M1","C4620083","7","426","C4620083 M1","tmt",0.0219789834693895,"426 tmt","7 tmt"
"28162","M1","C4620083","7","427","C4620083 M1","tmt",0.0210348353862529,"427 tmt","7 tmt"
"28163","M1","C4620083","7","428","C4620083 M1","tmt",0.0205621637187536,"428 tmt","7 tmt"
"28164","M1","C4620083","7","429","C4620083 M1","tmt",0.0184800910186454,"429 tmt","7 tmt"
"28165","M1","C4620083","7","430","C4620083 M1","tmt",0.0176850614680057,"430 tmt","7 tmt"
"28166","M1","C4620083","7","431","C4620083 M1","tmt",0.0174779043642248,"431 tmt","7 tmt"
"28167","M1","C4620083","7","432","C4620083 M1","tmt",0.0166453809487582,"432 tmt","7 tmt"
"28168","M1","C4620083","7","433","C4620083 M1","tmt",0.0165524331333378,"433 tmt","7 tmt"
"28169","M1","C4620083","7","434","C4620083 M1","tmt",0.0161820645532904,"434 tmt","7 tmt"
"28170","M1","C4620083","7","435","C4620083 M1","tmt",0.0157979412327871,"435 tmt","7 tmt"
"28171","M1","C4620083","7","436","C4620083 M1","tmt",0.0157088208827211,"436 tmt","7 tmt"
"28172","M1","C4620083","7","437","C4620083 M1","tmt",0.0144760701485309,"437 tmt","7 tmt"
"28173","M1","C4620083","7","438","C4620083 M1","tmt",0.0144328043950824,"438 tmt","7 tmt"
"28174","M1","C4620083","7","439","C4620083 M1","tmt",0.0132321510485243,"439 tmt","7 tmt"
"28175","M1","C4620083","7","440","C4620083 M1","tmt",0.0130507546738364,"440 tmt","7 tmt"
"28176","M1","C4620083","7","441","C4620083 M1","tmt",0.0122958408502063,"441 tmt","7 tmt"
"28177","M1","C4620083","7","442","C4620083 M1","tmt",0.0117822359648856,"442 tmt","7 tmt"
"28178","M1","C4620083","7","443","C4620083 M1","tmt",0.0107025452414224,"443 tmt","7 tmt"
"28179","M1","C4620083","7","444","C4620083 M1","tmt",0.00997271322988073,"444 tmt","7 tmt"
"28180","M1","C4620083","7","445","C4620083 M1","tmt",0.00902087570903784,"445 tmt","7 tmt"
"28181","M1","C4620083","7","446","C4620083 M1","tmt",0.00870365504532035,"446 tmt","7 tmt"
"28182","M1","C4620083","7","447","C4620083 M1","tmt",0.00865607479540075,"447 tmt","7 tmt"
"28183","M1","C4620083","7","448","C4620083 M1","tmt",0.00860515952727969,"448 tmt","7 tmt"
"28184","M1","C4620083","7","449","C4620083 M1","tmt",0.00843940636121142,"449 tmt","7 tmt"
"28185","M1","C4620083","7","450","C4620083 M1","tmt",0.00767871586000286,"450 tmt","7 tmt"
"28186","M1","C4620083","7","451","C4620083 M1","tmt",0.0069920318495369,"451 tmt","7 tmt"
"28187","M1","C4620083","7","452","C4620083 M1","tmt",0.00675035335882124,"452 tmt","7 tmt"
"28188","M1","C4620083","7","453","C4620083 M1","tmt",0.00654827568904128,"453 tmt","7 tmt"
"28189","M1","C4620083","7","454","C4620083 M1","tmt",0.00638976207256079,"454 tmt","7 tmt"
"28190","M1","C4620083","7","455","C4620083 M1","tmt",0.00337440453244102,"455 tmt","7 tmt"
"28191","M1","C4620083","7","456","C4620083 M1","tmt",0.00331600775247645,"456 tmt","7 tmt"
"28192","M1","C4620083","7","457","C4620083 M1","tmt",0.00240127586927811,"457 tmt","7 tmt"
"28193","M1","C4620083","7","458","C4620083 M1","tmt",0.00238411588195707,"458 tmt","7 tmt"
"28194","M1","C4620083","7","459","C4620083 M1","tmt",0.00105918548604419,"459 tmt","7 tmt"
"28195","M1","C4620083","7","460","C4620083 M1","tmt",0.000851215026150997,"460 tmt","7 tmt"
"28196","M1","C4620083","7","461","C4620083 M1","tmt",0.000822380520923138,"461 tmt","7 tmt"
"28197","M1","C4620083","7","462","C4620083 M1","tmt",0.00081060630001154,"462 tmt","7 tmt"
"28198","M1","C4620083","7","463","C4620083 M1","tmt",0.000788525986492407,"463 tmt","7 tmt"
"28199","M1","C4620083","7","464","C4620083 M1","tmt",0.000318479589700382,"464 tmt","7 tmt"
"28200","M1","C4620083","7","465","C4620083 M1","tmt",2.56862311165968e-05,"465 tmt","7 tmt"
"28201","M1","C4620083","7","466","C4620083 M1","tmt",-0.00131009132918291,"466 tmt","7 tmt"
"28202","M1","C4620083","7","467","C4620083 M1","tmt",-0.0017507336968058,"467 tmt","7 tmt"
"28203","M1","C4620083","7","468","C4620083 M1","tmt",-0.00215809593685366,"468 tmt","7 tmt"
"28204","M1","C4620083","7","469","C4620083 M1","tmt",-0.00477965996757798,"469 tmt","7 tmt"
"28205","M1","C4620083","7","470","C4620083 M1","tmt",-0.00563754864041981,"470 tmt","7 tmt"
"28206","M1","C4620083","7","471","C4620083 M1","tmt",-0.00573320554743907,"471 tmt","7 tmt"
"28207","M1","C4620083","7","472","C4620083 M1","tmt",-0.00665897206363621,"472 tmt","7 tmt"
"28208","M1","C4620083","7","473","C4620083 M1","tmt",-0.00684169491618406,"473 tmt","7 tmt"
"28209","M1","C4620083","7","474","C4620083 M1","tmt",-0.00751511423421542,"474 tmt","7 tmt"
"28210","M1","C4620083","7","475","C4620083 M1","tmt",-0.00893493112838386,"475 tmt","7 tmt"
"28211","M1","C4620083","7","476","C4620083 M1","tmt",-0.00933859621985017,"476 tmt","7 tmt"
"28212","M1","C4620083","7","477","C4620083 M1","tmt",-0.00950549770992644,"477 tmt","7 tmt"
"28213","M1","C4620083","7","478","C4620083 M1","tmt",-0.00962207612747823,"478 tmt","7 tmt"
"28214","M1","C4620083","7","479","C4620083 M1","tmt",-0.00963881181082167,"479 tmt","7 tmt"
"28215","M1","C4620083","7","480","C4620083 M1","tmt",-0.0125778300073082,"480 tmt","7 tmt"
"28216","M1","C4620083","7","481","C4620083 M1","tmt",-0.0137237926454394,"481 tmt","7 tmt"
"28217","M1","C4620083","7","482","C4620083 M1","tmt",-0.0143139559608564,"482 tmt","7 tmt"
"28218","M1","C4620083","7","483","C4620083 M1","tmt",-0.0145229636217773,"483 tmt","7 tmt"
"28219","M1","C4620083","7","484","C4620083 M1","tmt",-0.0147154521712597,"484 tmt","7 tmt"
"28220","M1","C4620083","7","485","C4620083 M1","tmt",-0.0154738647352596,"485 tmt","7 tmt"
"28221","M1","C4620083","7","486","C4620083 M1","tmt",-0.0155058674723858,"486 tmt","7 tmt"
"28222","M1","C4620083","7","487","C4620083 M1","tmt",-0.0157782201161991,"487 tmt","7 tmt"
"28223","M1","C4620083","7","488","C4620083 M1","tmt",-0.0159980304980946,"488 tmt","7 tmt"
"28224","M1","C4620083","7","489","C4620083 M1","tmt",-0.0169084907541614,"489 tmt","7 tmt"
"28225","M1","C4620083","7","490","C4620083 M1","tmt",-0.0184009245040077,"490 tmt","7 tmt"
"28226","M1","C4620083","7","491","C4620083 M1","tmt",-0.0193449552851716,"491 tmt","7 tmt"
"28227","M1","C4620083","7","492","C4620083 M1","tmt",-0.0200540829156741,"492 tmt","7 tmt"
"28228","M1","C4620083","7","493","C4620083 M1","tmt",-0.0201695194055509,"493 tmt","7 tmt"
"28229","M1","C4620083","7","494","C4620083 M1","tmt",-0.0221539595058857,"494 tmt","7 tmt"
"28230","M1","C4620083","7","495","C4620083 M1","tmt",-0.0223265543905012,"495 tmt","7 tmt"
"28231","M1","C4620083","7","496","C4620083 M1","tmt",-0.0240162144673589,"496 tmt","7 tmt"
"28232","M1","C4620083","7","497","C4620083 M1","tmt",-0.024708086357693,"497 tmt","7 tmt"
"28233","M1","C4620083","7","498","C4620083 M1","tmt",-0.0269861643319824,"498 tmt","7 tmt"
"28234","M1","C4620083","7","499","C4620083 M1","tmt",-0.0273060660639288,"499 tmt","7 tmt"
"28235","M1","C4620083","7","500","C4620083 M1","tmt",-0.0280687891223156,"500 tmt","7 tmt"
"28236","M1","C4620083","7","501","C4620083 M1","tmt",-0.0298638910174551,"501 tmt","7 tmt"
"28237","M1","C4620083","7","502","C4620083 M1","tmt",-0.0299638713153585,"502 tmt","7 tmt"
"28238","M1","C4620083","7","503","C4620083 M1","tmt",-0.0300996016070302,"503 tmt","7 tmt"
"28239","M1","C4620083","7","504","C4620083 M1","tmt",-0.0322281701252556,"504 tmt","7 tmt"
"28240","M1","C4620083","7","505","C4620083 M1","tmt",-0.0323450695413955,"505 tmt","7 tmt"
"28241","M1","C4620083","7","506","C4620083 M1","tmt",-0.0325757895075139,"506 tmt","7 tmt"
"28242","M1","C4620083","7","507","C4620083 M1","tmt",-0.0341101657122189,"507 tmt","7 tmt"
"28243","M1","C4620083","7","508","C4620083 M1","tmt",-0.0355056152268132,"508 tmt","7 tmt"
"28244","M1","C4620083","7","509","C4620083 M1","tmt",-0.0357716247099109,"509 tmt","7 tmt"
"28245","M1","C4620083","7","510","C4620083 M1","tmt",-0.0379167833601909,"510 tmt","7 tmt"
"28246","M1","C4620083","7","511","C4620083 M1","tmt",-0.0379384154203107,"511 tmt","7 tmt"
"28247","M1","C4620083","7","512","C4620083 M1","tmt",-0.0395293830268778,"512 tmt","7 tmt"
"28248","M1","C4620083","7","513","C4620083 M1","tmt",-0.0399634371688552,"513 tmt","7 tmt"
"28249","M1","C4620083","7","514","C4620083 M1","tmt",-0.0414405137929666,"514 tmt","7 tmt"
"28250","M1","C4620083","7","515","C4620083 M1","tmt",-0.0426349560657949,"515 tmt","7 tmt"
"28251","M1","C4620083","7","516","C4620083 M1","tmt",-0.0438385920240149,"516 tmt","7 tmt"
"28252","M1","C4620083","7","517","C4620083 M1","tmt",-0.0445738580865064,"517 tmt","7 tmt"
"28253","M1","C4620083","7","518","C4620083 M1","tmt",-0.0463787606101474,"518 tmt","7 tmt"
"28254","M1","C4620083","7","519","C4620083 M1","tmt",-0.0485018845953057,"519 tmt","7 tmt"
"28255","M1","C4620083","7","520","C4620083 M1","tmt",-0.0495361824402365,"520 tmt","7 tmt"
"28256","M1","C4620083","7","521","C4620083 M1","tmt",-0.0496014763317851,"521 tmt","7 tmt"
"28257","M1","C4620083","7","522","C4620083 M1","tmt",-0.0509161197775176,"522 tmt","7 tmt"
"28258","M1","C4620083","7","523","C4620083 M1","tmt",-0.0511375381259087,"523 tmt","7 tmt"
"28259","M1","C4620083","7","524","C4620083 M1","tmt",-0.0512102913327961,"524 tmt","7 tmt"
"28260","M1","C4620083","7","525","C4620083 M1","tmt",-0.0518730640409133,"525 tmt","7 tmt"
"28261","M1","C4620083","7","526","C4620083 M1","tmt",-0.0559434574986983,"526 tmt","7 tmt"
"28262","M1","C4620083","7","527","C4620083 M1","tmt",-0.0577317702627512,"527 tmt","7 tmt"
"28263","M1","C4620083","7","528","C4620083 M1","tmt",-0.063066044001041,"528 tmt","7 tmt"
"28264","M1","C4620083","7","529","C4620083 M1","tmt",-0.066380639340502,"529 tmt","7 tmt"
"28265","M1","C4620083","7","530","C4620083 M1","tmt",-0.0665628935570051,"530 tmt","7 tmt"
"28266","M1","C4620083","7","531","C4620083 M1","tmt",-0.0676934670079271,"531 tmt","7 tmt"
"28267","M1","C4620083","7","532","C4620083 M1","tmt",-0.0683383644716271,"532 tmt","7 tmt"
"28268","M1","C4620083","7","533","C4620083 M1","tmt",-0.0713965972873608,"533 tmt","7 tmt"
"28269","M1","C4620083","7","534","C4620083 M1","tmt",-0.0727304834770371,"534 tmt","7 tmt"
"28270","M1","C4620083","7","535","C4620083 M1","tmt",-0.0742575195509608,"535 tmt","7 tmt"
"28271","M1","C4620083","7","536","C4620083 M1","tmt",-0.0773138658829871,"536 tmt","7 tmt"
"28272","M1","C4620083","7","537","C4620083 M1","tmt",-0.0799067578922485,"537 tmt","7 tmt"
"28273","M1","C4620083","7","538","C4620083 M1","tmt",-0.080324477529154,"538 tmt","7 tmt"
"28274","M1","C4620083","7","539","C4620083 M1","tmt",-0.0807911970469559,"539 tmt","7 tmt"
"28275","M1","C4620083","7","540","C4620083 M1","tmt",-0.0819578174243032,"540 tmt","7 tmt"
"28276","M1","C4620083","7","541","C4620083 M1","tmt",-0.0894210678068504,"541 tmt","7 tmt"
"28277","M1","C4620083","7","542","C4620083 M1","tmt",-0.105895728667295,"542 tmt","7 tmt"
"28278","M2","C4620083","7","0","C4620083 M2","tmt",0.153469735893594,"0 tmt","7 tmt"
"28279","M2","C4620083","7","1","C4620083 M2","tmt",0.139622151922535,"1 tmt","7 tmt"
"28280","M2","C4620083","7","2","C4620083 M2","tmt",0.134809493131072,"2 tmt","7 tmt"
"28281","M2","C4620083","7","3","C4620083 M2","tmt",0.134743552625635,"3 tmt","7 tmt"
"28282","M2","C4620083","7","4","C4620083 M2","tmt",0.133155752865551,"4 tmt","7 tmt"
"28283","M2","C4620083","7","5","C4620083 M2","tmt",0.132056737728351,"5 tmt","7 tmt"
"28284","M2","C4620083","7","6","C4620083 M2","tmt",0.131395024711189,"6 tmt","7 tmt"
"28285","M2","C4620083","7","7","C4620083 M2","tmt",0.131261286452622,"7 tmt","7 tmt"
"28286","M2","C4620083","7","8","C4620083 M2","tmt",0.12776960526728,"8 tmt","7 tmt"
"28287","M2","C4620083","7","9","C4620083 M2","tmt",0.124983154330812,"9 tmt","7 tmt"
"28288","M2","C4620083","7","10","C4620083 M2","tmt",0.11893052356263,"10 tmt","7 tmt"
"28289","M2","C4620083","7","11","C4620083 M2","tmt",0.11886931097499,"11 tmt","7 tmt"
"28290","M2","C4620083","7","12","C4620083 M2","tmt",0.118826004898788,"12 tmt","7 tmt"
"28291","M2","C4620083","7","13","C4620083 M2","tmt",0.118207675918278,"13 tmt","7 tmt"
"28292","M2","C4620083","7","14","C4620083 M2","tmt",0.117807255072273,"14 tmt","7 tmt"
"28293","M2","C4620083","7","15","C4620083 M2","tmt",0.116885806699855,"15 tmt","7 tmt"
"28294","M2","C4620083","7","16","C4620083 M2","tmt",0.116319974712708,"16 tmt","7 tmt"
"28295","M2","C4620083","7","17","C4620083 M2","tmt",0.116183057613633,"17 tmt","7 tmt"
"28296","M2","C4620083","7","18","C4620083 M2","tmt",0.114677585816962,"18 tmt","7 tmt"
"28297","M2","C4620083","7","19","C4620083 M2","tmt",0.11151733161961,"19 tmt","7 tmt"
"28298","M2","C4620083","7","20","C4620083 M2","tmt",0.110638632119406,"20 tmt","7 tmt"
"28299","M2","C4620083","7","21","C4620083 M2","tmt",0.109605708345431,"21 tmt","7 tmt"
"28300","M2","C4620083","7","22","C4620083 M2","tmt",0.109177372248659,"22 tmt","7 tmt"
"28301","M2","C4620083","7","23","C4620083 M2","tmt",0.108940589760036,"23 tmt","7 tmt"
"28302","M2","C4620083","7","24","C4620083 M2","tmt",0.108271448026631,"24 tmt","7 tmt"
"28303","M2","C4620083","7","25","C4620083 M2","tmt",0.107383512547845,"25 tmt","7 tmt"
"28304","M2","C4620083","7","26","C4620083 M2","tmt",0.107221065737666,"26 tmt","7 tmt"
"28305","M2","C4620083","7","27","C4620083 M2","tmt",0.106990895219319,"27 tmt","7 tmt"
"28306","M2","C4620083","7","28","C4620083 M2","tmt",0.106684158545861,"28 tmt","7 tmt"
"28307","M2","C4620083","7","29","C4620083 M2","tmt",0.105770081146216,"29 tmt","7 tmt"
"28308","M2","C4620083","7","30","C4620083 M2","tmt",0.105735932252801,"30 tmt","7 tmt"
"28309","M2","C4620083","7","31","C4620083 M2","tmt",0.105709009564444,"31 tmt","7 tmt"
"28310","M2","C4620083","7","32","C4620083 M2","tmt",0.105387107010649,"32 tmt","7 tmt"
"28311","M2","C4620083","7","33","C4620083 M2","tmt",0.104156523825224,"33 tmt","7 tmt"
"28312","M2","C4620083","7","34","C4620083 M2","tmt",0.102543522443864,"34 tmt","7 tmt"
"28313","M2","C4620083","7","35","C4620083 M2","tmt",0.101939382137782,"35 tmt","7 tmt"
"28314","M2","C4620083","7","36","C4620083 M2","tmt",0.101928840097836,"36 tmt","7 tmt"
"28315","M2","C4620083","7","37","C4620083 M2","tmt",0.101762040214229,"37 tmt","7 tmt"
"28316","M2","C4620083","7","38","C4620083 M2","tmt",0.101357254936884,"38 tmt","7 tmt"
"28317","M2","C4620083","7","39","C4620083 M2","tmt",0.10121286733571,"39 tmt","7 tmt"
"28318","M2","C4620083","7","40","C4620083 M2","tmt",0.100756172857983,"40 tmt","7 tmt"
"28319","M2","C4620083","7","41","C4620083 M2","tmt",0.100000505619538,"41 tmt","7 tmt"
"28320","M2","C4620083","7","42","C4620083 M2","tmt",0.0998429499496313,"42 tmt","7 tmt"
"28321","M2","C4620083","7","43","C4620083 M2","tmt",0.0998237072562967,"43 tmt","7 tmt"
"28322","M2","C4620083","7","44","C4620083 M2","tmt",0.0978144617234789,"44 tmt","7 tmt"
"28323","M2","C4620083","7","45","C4620083 M2","tmt",0.0968355498401255,"45 tmt","7 tmt"
"28324","M2","C4620083","7","46","C4620083 M2","tmt",0.0961464694713071,"46 tmt","7 tmt"
"28325","M2","C4620083","7","47","C4620083 M2","tmt",0.0960547328722013,"47 tmt","7 tmt"
"28326","M2","C4620083","7","48","C4620083 M2","tmt",0.0959688408923249,"48 tmt","7 tmt"
"28327","M2","C4620083","7","49","C4620083 M2","tmt",0.0954894838178777,"49 tmt","7 tmt"
"28328","M2","C4620083","7","50","C4620083 M2","tmt",0.0953309125420483,"50 tmt","7 tmt"
"28329","M2","C4620083","7","51","C4620083 M2","tmt",0.0951821636506574,"51 tmt","7 tmt"
"28330","M2","C4620083","7","52","C4620083 M2","tmt",0.0945705772463053,"52 tmt","7 tmt"
"28331","M2","C4620083","7","53","C4620083 M2","tmt",0.0943431851931252,"53 tmt","7 tmt"
"28332","M2","C4620083","7","54","C4620083 M2","tmt",0.0940676301686168,"54 tmt","7 tmt"
"28333","M2","C4620083","7","55","C4620083 M2","tmt",0.0937675548091392,"55 tmt","7 tmt"
"28334","M2","C4620083","7","56","C4620083 M2","tmt",0.0929527682658286,"56 tmt","7 tmt"
"28335","M2","C4620083","7","57","C4620083 M2","tmt",0.0926954025796307,"57 tmt","7 tmt"
"28336","M2","C4620083","7","58","C4620083 M2","tmt",0.0926730440153236,"58 tmt","7 tmt"
"28337","M2","C4620083","7","59","C4620083 M2","tmt",0.0925783826383903,"59 tmt","7 tmt"
"28338","M2","C4620083","7","60","C4620083 M2","tmt",0.0923944392919554,"60 tmt","7 tmt"
"28339","M2","C4620083","7","61","C4620083 M2","tmt",0.092125353341048,"61 tmt","7 tmt"
"28340","M2","C4620083","7","62","C4620083 M2","tmt",0.0919157067873383,"62 tmt","7 tmt"
"28341","M2","C4620083","7","63","C4620083 M2","tmt",0.0905902942195165,"63 tmt","7 tmt"
"28342","M2","C4620083","7","64","C4620083 M2","tmt",0.0899806939276381,"64 tmt","7 tmt"
"28343","M2","C4620083","7","65","C4620083 M2","tmt",0.0898547919047156,"65 tmt","7 tmt"
"28344","M2","C4620083","7","66","C4620083 M2","tmt",0.0895610255523273,"66 tmt","7 tmt"
"28345","M2","C4620083","7","67","C4620083 M2","tmt",0.0890217707981091,"67 tmt","7 tmt"
"28346","M2","C4620083","7","68","C4620083 M2","tmt",0.0889019652285114,"68 tmt","7 tmt"
"28347","M2","C4620083","7","69","C4620083 M2","tmt",0.0887937529178826,"69 tmt","7 tmt"
"28348","M2","C4620083","7","70","C4620083 M2","tmt",0.0883162400410474,"70 tmt","7 tmt"
"28349","M2","C4620083","7","71","C4620083 M2","tmt",0.0867212999487451,"71 tmt","7 tmt"
"28350","M2","C4620083","7","72","C4620083 M2","tmt",0.0863704969214071,"72 tmt","7 tmt"
"28351","M2","C4620083","7","73","C4620083 M2","tmt",0.0863578204989471,"73 tmt","7 tmt"
"28352","M2","C4620083","7","74","C4620083 M2","tmt",0.0862968775886805,"74 tmt","7 tmt"
"28353","M2","C4620083","7","75","C4620083 M2","tmt",0.0861857117903519,"75 tmt","7 tmt"
"28354","M2","C4620083","7","76","C4620083 M2","tmt",0.0860399391541011,"76 tmt","7 tmt"
"28355","M2","C4620083","7","77","C4620083 M2","tmt",0.0858301278680446,"77 tmt","7 tmt"
"28356","M2","C4620083","7","78","C4620083 M2","tmt",0.0858164088492142,"78 tmt","7 tmt"
"28357","M2","C4620083","7","79","C4620083 M2","tmt",0.0856815736446415,"79 tmt","7 tmt"
"28358","M2","C4620083","7","80","C4620083 M2","tmt",0.0855038197150352,"80 tmt","7 tmt"
"28359","M2","C4620083","7","81","C4620083 M2","tmt",0.0851656640762971,"81 tmt","7 tmt"
"28360","M2","C4620083","7","82","C4620083 M2","tmt",0.0844099564177762,"82 tmt","7 tmt"
"28361","M2","C4620083","7","83","C4620083 M2","tmt",0.083492005727588,"83 tmt","7 tmt"
"28362","M2","C4620083","7","84","C4620083 M2","tmt",0.0833646405553878,"84 tmt","7 tmt"
"28363","M2","C4620083","7","85","C4620083 M2","tmt",0.0833064174079042,"85 tmt","7 tmt"
"28364","M2","C4620083","7","86","C4620083 M2","tmt",0.0831967646640228,"86 tmt","7 tmt"
"28365","M2","C4620083","7","87","C4620083 M2","tmt",0.0820100523206337,"87 tmt","7 tmt"
"28366","M2","C4620083","7","88","C4620083 M2","tmt",0.0815818439903972,"88 tmt","7 tmt"
"28367","M2","C4620083","7","89","C4620083 M2","tmt",0.0812201702274562,"89 tmt","7 tmt"
"28368","M2","C4620083","7","90","C4620083 M2","tmt",0.0809411730601193,"90 tmt","7 tmt"
"28369","M2","C4620083","7","91","C4620083 M2","tmt",0.0802153663660396,"91 tmt","7 tmt"
"28370","M2","C4620083","7","92","C4620083 M2","tmt",0.0799681470628102,"92 tmt","7 tmt"
"28371","M2","C4620083","7","93","C4620083 M2","tmt",0.0796892365208732,"93 tmt","7 tmt"
"28372","M2","C4620083","7","94","C4620083 M2","tmt",0.0793708866754152,"94 tmt","7 tmt"
"28373","M2","C4620083","7","95","C4620083 M2","tmt",0.079089235305706,"95 tmt","7 tmt"
"28374","M2","C4620083","7","96","C4620083 M2","tmt",0.0789752674017481,"96 tmt","7 tmt"
"28375","M2","C4620083","7","97","C4620083 M2","tmt",0.0786614587218803,"97 tmt","7 tmt"
"28376","M2","C4620083","7","98","C4620083 M2","tmt",0.0783553485235179,"98 tmt","7 tmt"
"28377","M2","C4620083","7","99","C4620083 M2","tmt",0.0780987113239169,"99 tmt","7 tmt"
"28378","M2","C4620083","7","100","C4620083 M2","tmt",0.0778711535550558,"100 tmt","7 tmt"
"28379","M2","C4620083","7","101","C4620083 M2","tmt",0.0776404392996076,"101 tmt","7 tmt"
"28380","M2","C4620083","7","102","C4620083 M2","tmt",0.0775789383366609,"102 tmt","7 tmt"
"28381","M2","C4620083","7","103","C4620083 M2","tmt",0.0775135882533586,"103 tmt","7 tmt"
"28382","M2","C4620083","7","104","C4620083 M2","tmt",0.0775031827056494,"104 tmt","7 tmt"
"28383","M2","C4620083","7","105","C4620083 M2","tmt",0.0773810965444005,"105 tmt","7 tmt"
"28384","M2","C4620083","7","106","C4620083 M2","tmt",0.0765550435941126,"106 tmt","7 tmt"
"28385","M2","C4620083","7","107","C4620083 M2","tmt",0.0764229295370286,"107 tmt","7 tmt"
"28386","M2","C4620083","7","108","C4620083 M2","tmt",0.0762499075339481,"108 tmt","7 tmt"
"28387","M2","C4620083","7","109","C4620083 M2","tmt",0.0762202839523734,"109 tmt","7 tmt"
"28388","M2","C4620083","7","110","C4620083 M2","tmt",0.075800764161539,"110 tmt","7 tmt"
"28389","M2","C4620083","7","111","C4620083 M2","tmt",0.0757245969482741,"111 tmt","7 tmt"
"28390","M2","C4620083","7","112","C4620083 M2","tmt",0.0754774518525569,"112 tmt","7 tmt"
"28391","M2","C4620083","7","113","C4620083 M2","tmt",0.0754147037006956,"113 tmt","7 tmt"
"28392","M2","C4620083","7","114","C4620083 M2","tmt",0.0753307547704246,"114 tmt","7 tmt"
"28393","M2","C4620083","7","115","C4620083 M2","tmt",0.0746208280477148,"115 tmt","7 tmt"
"28394","M2","C4620083","7","116","C4620083 M2","tmt",0.0737773308376436,"116 tmt","7 tmt"
"28395","M2","C4620083","7","117","C4620083 M2","tmt",0.0735253956954139,"117 tmt","7 tmt"
"28396","M2","C4620083","7","118","C4620083 M2","tmt",0.0728117491957433,"118 tmt","7 tmt"
"28397","M2","C4620083","7","119","C4620083 M2","tmt",0.0724874537983931,"119 tmt","7 tmt"
"28398","M2","C4620083","7","120","C4620083 M2","tmt",0.0712270068341632,"120 tmt","7 tmt"
"28399","M2","C4620083","7","121","C4620083 M2","tmt",0.071010376491993,"121 tmt","7 tmt"
"28400","M2","C4620083","7","122","C4620083 M2","tmt",0.0709545191483106,"122 tmt","7 tmt"
"28401","M2","C4620083","7","123","C4620083 M2","tmt",0.0707717635785809,"123 tmt","7 tmt"
"28402","M2","C4620083","7","124","C4620083 M2","tmt",0.0707243929140273,"124 tmt","7 tmt"
"28403","M2","C4620083","7","125","C4620083 M2","tmt",0.0705458809542866,"125 tmt","7 tmt"
"28404","M2","C4620083","7","126","C4620083 M2","tmt",0.0704094042931548,"126 tmt","7 tmt"
"28405","M2","C4620083","7","127","C4620083 M2","tmt",0.0697866258836674,"127 tmt","7 tmt"
"28406","M2","C4620083","7","128","C4620083 M2","tmt",0.0696791165775744,"128 tmt","7 tmt"
"28407","M2","C4620083","7","129","C4620083 M2","tmt",0.0694473252657254,"129 tmt","7 tmt"
"28408","M2","C4620083","7","130","C4620083 M2","tmt",0.069321381557656,"130 tmt","7 tmt"
"28409","M2","C4620083","7","131","C4620083 M2","tmt",0.0690964688323653,"131 tmt","7 tmt"
"28410","M2","C4620083","7","132","C4620083 M2","tmt",0.0685528603626793,"132 tmt","7 tmt"
"28411","M2","C4620083","7","133","C4620083 M2","tmt",0.0682979229187772,"133 tmt","7 tmt"
"28412","M2","C4620083","7","134","C4620083 M2","tmt",0.0680769404416756,"134 tmt","7 tmt"
"28413","M2","C4620083","7","135","C4620083 M2","tmt",0.0678981048208049,"135 tmt","7 tmt"
"28414","M2","C4620083","7","136","C4620083 M2","tmt",0.0674137615610982,"136 tmt","7 tmt"
"28415","M2","C4620083","7","137","C4620083 M2","tmt",0.0673905064826771,"137 tmt","7 tmt"
"28416","M2","C4620083","7","138","C4620083 M2","tmt",0.0672297580496535,"138 tmt","7 tmt"
"28417","M2","C4620083","7","139","C4620083 M2","tmt",0.0670695881343848,"139 tmt","7 tmt"
"28418","M2","C4620083","7","140","C4620083 M2","tmt",0.0668965397120457,"140 tmt","7 tmt"
"28419","M2","C4620083","7","141","C4620083 M2","tmt",0.0668271242277426,"141 tmt","7 tmt"
"28420","M2","C4620083","7","142","C4620083 M2","tmt",0.0665515498622271,"142 tmt","7 tmt"
"28421","M2","C4620083","7","143","C4620083 M2","tmt",0.0663998236824067,"143 tmt","7 tmt"
"28422","M2","C4620083","7","144","C4620083 M2","tmt",0.0663541591847859,"144 tmt","7 tmt"
"28423","M2","C4620083","7","145","C4620083 M2","tmt",0.0662812908898298,"145 tmt","7 tmt"
"28424","M2","C4620083","7","146","C4620083 M2","tmt",0.0659413675168573,"146 tmt","7 tmt"
"28425","M2","C4620083","7","147","C4620083 M2","tmt",0.0658348533880416,"147 tmt","7 tmt"
"28426","M2","C4620083","7","148","C4620083 M2","tmt",0.0652924677051152,"148 tmt","7 tmt"
"28427","M2","C4620083","7","149","C4620083 M2","tmt",0.0647531537424876,"149 tmt","7 tmt"
"28428","M2","C4620083","7","150","C4620083 M2","tmt",0.0647260548326964,"150 tmt","7 tmt"
"28429","M2","C4620083","7","151","C4620083 M2","tmt",0.0642940175139969,"151 tmt","7 tmt"
"28430","M2","C4620083","7","152","C4620083 M2","tmt",0.0640181550888585,"152 tmt","7 tmt"
"28431","M2","C4620083","7","153","C4620083 M2","tmt",0.0639107580958043,"153 tmt","7 tmt"
"28432","M2","C4620083","7","154","C4620083 M2","tmt",0.0636944088091304,"154 tmt","7 tmt"
"28433","M2","C4620083","7","155","C4620083 M2","tmt",0.0634401309246697,"155 tmt","7 tmt"
"28434","M2","C4620083","7","156","C4620083 M2","tmt",0.0631668908862637,"156 tmt","7 tmt"
"28435","M2","C4620083","7","157","C4620083 M2","tmt",0.0629888279420163,"157 tmt","7 tmt"
"28436","M2","C4620083","7","158","C4620083 M2","tmt",0.0628691854303443,"158 tmt","7 tmt"
"28437","M2","C4620083","7","159","C4620083 M2","tmt",0.0627597899865898,"159 tmt","7 tmt"
"28438","M2","C4620083","7","160","C4620083 M2","tmt",0.0623264043745317,"160 tmt","7 tmt"
"28439","M2","C4620083","7","161","C4620083 M2","tmt",0.0621925442056314,"161 tmt","7 tmt"
"28440","M2","C4620083","7","162","C4620083 M2","tmt",0.0621321555776442,"162 tmt","7 tmt"
"28441","M2","C4620083","7","163","C4620083 M2","tmt",0.0619974986259871,"163 tmt","7 tmt"
"28442","M2","C4620083","7","164","C4620083 M2","tmt",0.0619513858626121,"164 tmt","7 tmt"
"28443","M2","C4620083","7","165","C4620083 M2","tmt",0.0617977377402633,"165 tmt","7 tmt"
"28444","M2","C4620083","7","166","C4620083 M2","tmt",0.0615344179518343,"166 tmt","7 tmt"
"28445","M2","C4620083","7","167","C4620083 M2","tmt",0.0614935178103495,"167 tmt","7 tmt"
"28446","M2","C4620083","7","168","C4620083 M2","tmt",0.0614625833765044,"168 tmt","7 tmt"
"28447","M2","C4620083","7","169","C4620083 M2","tmt",0.0614460498211371,"169 tmt","7 tmt"
"28448","M2","C4620083","7","170","C4620083 M2","tmt",0.0613430592152058,"170 tmt","7 tmt"
"28449","M2","C4620083","7","171","C4620083 M2","tmt",0.0609233030083753,"171 tmt","7 tmt"
"28450","M2","C4620083","7","172","C4620083 M2","tmt",0.060551084953195,"172 tmt","7 tmt"
"28451","M2","C4620083","7","173","C4620083 M2","tmt",0.0604133638500812,"173 tmt","7 tmt"
"28452","M2","C4620083","7","174","C4620083 M2","tmt",0.0601817464368077,"174 tmt","7 tmt"
"28453","M2","C4620083","7","175","C4620083 M2","tmt",0.0599375636835325,"175 tmt","7 tmt"
"28454","M2","C4620083","7","176","C4620083 M2","tmt",0.0595448125529456,"176 tmt","7 tmt"
"28455","M2","C4620083","7","177","C4620083 M2","tmt",0.0593529626871557,"177 tmt","7 tmt"
"28456","M2","C4620083","7","178","C4620083 M2","tmt",0.0593348151889068,"178 tmt","7 tmt"
"28457","M2","C4620083","7","179","C4620083 M2","tmt",0.0593041573516507,"179 tmt","7 tmt"
"28458","M2","C4620083","7","180","C4620083 M2","tmt",0.0589716545167929,"180 tmt","7 tmt"
"28459","M2","C4620083","7","181","C4620083 M2","tmt",0.0589347657436519,"181 tmt","7 tmt"
"28460","M2","C4620083","7","182","C4620083 M2","tmt",0.0580897299437197,"182 tmt","7 tmt"
"28461","M2","C4620083","7","183","C4620083 M2","tmt",0.0579700963821221,"183 tmt","7 tmt"
"28462","M2","C4620083","7","184","C4620083 M2","tmt",0.0573010584248274,"184 tmt","7 tmt"
"28463","M2","C4620083","7","185","C4620083 M2","tmt",0.056976586166478,"185 tmt","7 tmt"
"28464","M2","C4620083","7","186","C4620083 M2","tmt",0.0563031075136937,"186 tmt","7 tmt"
"28465","M2","C4620083","7","187","C4620083 M2","tmt",0.0561361734063786,"187 tmt","7 tmt"
"28466","M2","C4620083","7","188","C4620083 M2","tmt",0.0560993403217173,"188 tmt","7 tmt"
"28467","M2","C4620083","7","189","C4620083 M2","tmt",0.0560819886500292,"189 tmt","7 tmt"
"28468","M2","C4620083","7","190","C4620083 M2","tmt",0.0560222757396735,"190 tmt","7 tmt"
"28469","M2","C4620083","7","191","C4620083 M2","tmt",0.055785059514171,"191 tmt","7 tmt"
"28470","M2","C4620083","7","192","C4620083 M2","tmt",0.0556987107392083,"192 tmt","7 tmt"
"28471","M2","C4620083","7","193","C4620083 M2","tmt",0.054852133347024,"193 tmt","7 tmt"
"28472","M2","C4620083","7","194","C4620083 M2","tmt",0.0547962785061994,"194 tmt","7 tmt"
"28473","M2","C4620083","7","195","C4620083 M2","tmt",0.054658187849149,"195 tmt","7 tmt"
"28474","M2","C4620083","7","196","C4620083 M2","tmt",0.0545645965137279,"196 tmt","7 tmt"
"28475","M2","C4620083","7","197","C4620083 M2","tmt",0.0544089345643669,"197 tmt","7 tmt"
"28476","M2","C4620083","7","198","C4620083 M2","tmt",0.0543395239728309,"198 tmt","7 tmt"
"28477","M2","C4620083","7","199","C4620083 M2","tmt",0.0540379050541854,"199 tmt","7 tmt"
"28478","M2","C4620083","7","200","C4620083 M2","tmt",0.0539148929006512,"200 tmt","7 tmt"
"28479","M2","C4620083","7","201","C4620083 M2","tmt",0.0531708989228477,"201 tmt","7 tmt"
"28480","M2","C4620083","7","202","C4620083 M2","tmt",0.0530307292869022,"202 tmt","7 tmt"
"28481","M2","C4620083","7","203","C4620083 M2","tmt",0.0529528349087395,"203 tmt","7 tmt"
"28482","M2","C4620083","7","204","C4620083 M2","tmt",0.0529110272445932,"204 tmt","7 tmt"
"28483","M2","C4620083","7","205","C4620083 M2","tmt",0.0522704521292923,"205 tmt","7 tmt"
"28484","M2","C4620083","7","206","C4620083 M2","tmt",0.0520080281841429,"206 tmt","7 tmt"
"28485","M2","C4620083","7","207","C4620083 M2","tmt",0.0520021726374778,"207 tmt","7 tmt"
"28486","M2","C4620083","7","208","C4620083 M2","tmt",0.0516850217901228,"208 tmt","7 tmt"
"28487","M2","C4620083","7","209","C4620083 M2","tmt",0.0514406749953886,"209 tmt","7 tmt"
"28488","M2","C4620083","7","210","C4620083 M2","tmt",0.0513739731400834,"210 tmt","7 tmt"
"28489","M2","C4620083","7","211","C4620083 M2","tmt",0.0511781800255955,"211 tmt","7 tmt"
"28490","M2","C4620083","7","212","C4620083 M2","tmt",0.0508234913296562,"212 tmt","7 tmt"
"28491","M2","C4620083","7","213","C4620083 M2","tmt",0.0504403410822701,"213 tmt","7 tmt"
"28492","M2","C4620083","7","214","C4620083 M2","tmt",0.0503428202518802,"214 tmt","7 tmt"
"28493","M2","C4620083","7","215","C4620083 M2","tmt",0.0502367446469811,"215 tmt","7 tmt"
"28494","M2","C4620083","7","216","C4620083 M2","tmt",0.0501070001371018,"216 tmt","7 tmt"
"28495","M2","C4620083","7","217","C4620083 M2","tmt",0.05003575165342,"217 tmt","7 tmt"
"28496","M2","C4620083","7","218","C4620083 M2","tmt",0.0499692649778468,"218 tmt","7 tmt"
"28497","M2","C4620083","7","219","C4620083 M2","tmt",0.0496666071205718,"219 tmt","7 tmt"
"28498","M2","C4620083","7","220","C4620083 M2","tmt",0.0496340595468264,"220 tmt","7 tmt"
"28499","M2","C4620083","7","221","C4620083 M2","tmt",0.049458938462829,"221 tmt","7 tmt"
"28500","M2","C4620083","7","222","C4620083 M2","tmt",0.0490645304718295,"222 tmt","7 tmt"
"28501","M2","C4620083","7","223","C4620083 M2","tmt",0.0490195080302058,"223 tmt","7 tmt"
"28502","M2","C4620083","7","224","C4620083 M2","tmt",0.0489421726194401,"224 tmt","7 tmt"
"28503","M2","C4620083","7","225","C4620083 M2","tmt",0.0487388476194495,"225 tmt","7 tmt"
"28504","M2","C4620083","7","226","C4620083 M2","tmt",0.0482795655883764,"226 tmt","7 tmt"
"28505","M2","C4620083","7","227","C4620083 M2","tmt",0.0477565004533724,"227 tmt","7 tmt"
"28506","M2","C4620083","7","228","C4620083 M2","tmt",0.0469434388102307,"228 tmt","7 tmt"
"28507","M2","C4620083","7","229","C4620083 M2","tmt",0.0465900113006136,"229 tmt","7 tmt"
"28508","M2","C4620083","7","230","C4620083 M2","tmt",0.0462287013275091,"230 tmt","7 tmt"
"28509","M2","C4620083","7","231","C4620083 M2","tmt",0.0461026519438774,"231 tmt","7 tmt"
"28510","M2","C4620083","7","232","C4620083 M2","tmt",0.0459898649078365,"232 tmt","7 tmt"
"28511","M2","C4620083","7","233","C4620083 M2","tmt",0.045957402939179,"233 tmt","7 tmt"
"28512","M2","C4620083","7","234","C4620083 M2","tmt",0.0458527613760968,"234 tmt","7 tmt"
"28513","M2","C4620083","7","235","C4620083 M2","tmt",0.0456824954726568,"235 tmt","7 tmt"
"28514","M2","C4620083","7","236","C4620083 M2","tmt",0.0456753984784996,"236 tmt","7 tmt"
"28515","M2","C4620083","7","237","C4620083 M2","tmt",0.0454953670790245,"237 tmt","7 tmt"
"28516","M2","C4620083","7","238","C4620083 M2","tmt",0.0447768012419898,"238 tmt","7 tmt"
"28517","M2","C4620083","7","239","C4620083 M2","tmt",0.0442319175889649,"239 tmt","7 tmt"
"28518","M2","C4620083","7","240","C4620083 M2","tmt",0.0442242194978908,"240 tmt","7 tmt"
"28519","M2","C4620083","7","241","C4620083 M2","tmt",0.0441638216569003,"241 tmt","7 tmt"
"28520","M2","C4620083","7","242","C4620083 M2","tmt",0.0439259434639579,"242 tmt","7 tmt"
"28521","M2","C4620083","7","243","C4620083 M2","tmt",0.0435574629160539,"243 tmt","7 tmt"
"28522","M2","C4620083","7","244","C4620083 M2","tmt",0.043537694695544,"244 tmt","7 tmt"
"28523","M2","C4620083","7","245","C4620083 M2","tmt",0.0434680118645429,"245 tmt","7 tmt"
"28524","M2","C4620083","7","246","C4620083 M2","tmt",0.0434512877327725,"246 tmt","7 tmt"
"28525","M2","C4620083","7","247","C4620083 M2","tmt",0.0430097243335055,"247 tmt","7 tmt"
"28526","M2","C4620083","7","248","C4620083 M2","tmt",0.0429418672004368,"248 tmt","7 tmt"
"28527","M2","C4620083","7","249","C4620083 M2","tmt",0.0425739999462509,"249 tmt","7 tmt"
"28528","M2","C4620083","7","250","C4620083 M2","tmt",0.0424139102559438,"250 tmt","7 tmt"
"28529","M2","C4620083","7","251","C4620083 M2","tmt",0.0423671465174974,"251 tmt","7 tmt"
"28530","M2","C4620083","7","252","C4620083 M2","tmt",0.0421356500264859,"252 tmt","7 tmt"
"28531","M2","C4620083","7","253","C4620083 M2","tmt",0.0417925279347972,"253 tmt","7 tmt"
"28532","M2","C4620083","7","254","C4620083 M2","tmt",0.041696401967512,"254 tmt","7 tmt"
"28533","M2","C4620083","7","255","C4620083 M2","tmt",0.0412715021068766,"255 tmt","7 tmt"
"28534","M2","C4620083","7","256","C4620083 M2","tmt",0.0409688114648611,"256 tmt","7 tmt"
"28535","M2","C4620083","7","257","C4620083 M2","tmt",0.0404041356262209,"257 tmt","7 tmt"
"28536","M2","C4620083","7","258","C4620083 M2","tmt",0.039381420955346,"258 tmt","7 tmt"
"28537","M2","C4620083","7","259","C4620083 M2","tmt",0.0393452889180114,"259 tmt","7 tmt"
"28538","M2","C4620083","7","260","C4620083 M2","tmt",0.0391569188331896,"260 tmt","7 tmt"
"28539","M2","C4620083","7","261","C4620083 M2","tmt",0.0384417302730892,"261 tmt","7 tmt"
"28540","M2","C4620083","7","262","C4620083 M2","tmt",0.0380943920045505,"262 tmt","7 tmt"
"28541","M2","C4620083","7","263","C4620083 M2","tmt",0.037984566154079,"263 tmt","7 tmt"
"28542","M2","C4620083","7","264","C4620083 M2","tmt",0.0378039191300104,"264 tmt","7 tmt"
"28543","M2","C4620083","7","265","C4620083 M2","tmt",0.0375875596914514,"265 tmt","7 tmt"
"28544","M2","C4620083","7","266","C4620083 M2","tmt",0.0373196643659687,"266 tmt","7 tmt"
"28545","M2","C4620083","7","267","C4620083 M2","tmt",0.0371998075578101,"267 tmt","7 tmt"
"28546","M2","C4620083","7","268","C4620083 M2","tmt",0.0371855038896673,"268 tmt","7 tmt"
"28547","M2","C4620083","7","269","C4620083 M2","tmt",0.036115356822496,"269 tmt","7 tmt"
"28548","M2","C4620083","7","270","C4620083 M2","tmt",0.0360099830934358,"270 tmt","7 tmt"
"28549","M2","C4620083","7","271","C4620083 M2","tmt",0.0359003366633083,"271 tmt","7 tmt"
"28550","M2","C4620083","7","272","C4620083 M2","tmt",0.0354879310957711,"272 tmt","7 tmt"
"28551","M2","C4620083","7","273","C4620083 M2","tmt",0.0352242132723739,"273 tmt","7 tmt"
"28552","M2","C4620083","7","274","C4620083 M2","tmt",0.0347447435593974,"274 tmt","7 tmt"
"28553","M2","C4620083","7","275","C4620083 M2","tmt",0.0345744374382395,"275 tmt","7 tmt"
"28554","M2","C4620083","7","276","C4620083 M2","tmt",0.0344832987380723,"276 tmt","7 tmt"
"28555","M2","C4620083","7","277","C4620083 M2","tmt",0.0342908208462899,"277 tmt","7 tmt"
"28556","M2","C4620083","7","278","C4620083 M2","tmt",0.0341133108251036,"278 tmt","7 tmt"
"28557","M2","C4620083","7","279","C4620083 M2","tmt",0.0336922673463695,"279 tmt","7 tmt"
"28558","M2","C4620083","7","280","C4620083 M2","tmt",0.0333060914897403,"280 tmt","7 tmt"
"28559","M2","C4620083","7","281","C4620083 M2","tmt",0.0331802739220009,"281 tmt","7 tmt"
"28560","M2","C4620083","7","282","C4620083 M2","tmt",0.0330868700974161,"282 tmt","7 tmt"
"28561","M2","C4620083","7","283","C4620083 M2","tmt",0.0328216814802519,"283 tmt","7 tmt"
"28562","M2","C4620083","7","284","C4620083 M2","tmt",0.0326655521723296,"284 tmt","7 tmt"
"28563","M2","C4620083","7","285","C4620083 M2","tmt",0.0325389746102906,"285 tmt","7 tmt"
"28564","M2","C4620083","7","286","C4620083 M2","tmt",0.0323767307509707,"286 tmt","7 tmt"
"28565","M2","C4620083","7","287","C4620083 M2","tmt",0.0317732830139697,"287 tmt","7 tmt"
"28566","M2","C4620083","7","288","C4620083 M2","tmt",0.0315856517866256,"288 tmt","7 tmt"
"28567","M2","C4620083","7","289","C4620083 M2","tmt",0.031388916568165,"289 tmt","7 tmt"
"28568","M2","C4620083","7","290","C4620083 M2","tmt",0.0309498313625757,"290 tmt","7 tmt"
"28569","M2","C4620083","7","291","C4620083 M2","tmt",0.0308691780137207,"291 tmt","7 tmt"
"28570","M2","C4620083","7","292","C4620083 M2","tmt",0.0308320019779213,"292 tmt","7 tmt"
"28571","M2","C4620083","7","293","C4620083 M2","tmt",0.0307091170710505,"293 tmt","7 tmt"
"28572","M2","C4620083","7","294","C4620083 M2","tmt",0.0306073294363677,"294 tmt","7 tmt"
"28573","M2","C4620083","7","295","C4620083 M2","tmt",0.029888460784197,"295 tmt","7 tmt"
"28574","M2","C4620083","7","296","C4620083 M2","tmt",0.0298005732606548,"296 tmt","7 tmt"
"28575","M2","C4620083","7","297","C4620083 M2","tmt",0.0297138505595376,"297 tmt","7 tmt"
"28576","M2","C4620083","7","298","C4620083 M2","tmt",0.0296459100361713,"298 tmt","7 tmt"
"28577","M2","C4620083","7","299","C4620083 M2","tmt",0.0282029468119883,"299 tmt","7 tmt"
"28578","M2","C4620083","7","300","C4620083 M2","tmt",0.0281611759182085,"300 tmt","7 tmt"
"28579","M2","C4620083","7","301","C4620083 M2","tmt",0.0281281900068047,"301 tmt","7 tmt"
"28580","M2","C4620083","7","302","C4620083 M2","tmt",0.0279759457020617,"302 tmt","7 tmt"
"28581","M2","C4620083","7","303","C4620083 M2","tmt",0.0276500238541066,"303 tmt","7 tmt"
"28582","M2","C4620083","7","304","C4620083 M2","tmt",0.0273653963283948,"304 tmt","7 tmt"
"28583","M2","C4620083","7","305","C4620083 M2","tmt",0.0270877951174629,"305 tmt","7 tmt"
"28584","M2","C4620083","7","306","C4620083 M2","tmt",0.0268828758141358,"306 tmt","7 tmt"
"28585","M2","C4620083","7","307","C4620083 M2","tmt",0.0267679712026436,"307 tmt","7 tmt"
"28586","M2","C4620083","7","308","C4620083 M2","tmt",0.0258087026675015,"308 tmt","7 tmt"
"28587","M2","C4620083","7","309","C4620083 M2","tmt",0.0256893117630274,"309 tmt","7 tmt"
"28588","M2","C4620083","7","310","C4620083 M2","tmt",0.0254901778130539,"310 tmt","7 tmt"
"28589","M2","C4620083","7","311","C4620083 M2","tmt",0.0254503329575651,"311 tmt","7 tmt"
"28590","M2","C4620083","7","312","C4620083 M2","tmt",0.0252178091174379,"312 tmt","7 tmt"
"28591","M2","C4620083","7","313","C4620083 M2","tmt",0.0251975079046201,"313 tmt","7 tmt"
"28592","M2","C4620083","7","314","C4620083 M2","tmt",0.0251311170367351,"314 tmt","7 tmt"
"28593","M2","C4620083","7","315","C4620083 M2","tmt",0.0250003767868319,"315 tmt","7 tmt"
"28594","M2","C4620083","7","316","C4620083 M2","tmt",0.0242243235376587,"316 tmt","7 tmt"
"28595","M2","C4620083","7","317","C4620083 M2","tmt",0.024025669307909,"317 tmt","7 tmt"
"28596","M2","C4620083","7","318","C4620083 M2","tmt",0.0238062094750929,"318 tmt","7 tmt"
"28597","M2","C4620083","7","319","C4620083 M2","tmt",0.023615657517336,"319 tmt","7 tmt"
"28598","M2","C4620083","7","320","C4620083 M2","tmt",0.0234794987891776,"320 tmt","7 tmt"
"28599","M2","C4620083","7","321","C4620083 M2","tmt",0.0234304623368538,"321 tmt","7 tmt"
"28600","M2","C4620083","7","322","C4620083 M2","tmt",0.0234140530169973,"322 tmt","7 tmt"
"28601","M2","C4620083","7","323","C4620083 M2","tmt",0.0230618287610463,"323 tmt","7 tmt"
"28602","M2","C4620083","7","324","C4620083 M2","tmt",0.0228496634975807,"324 tmt","7 tmt"
"28603","M2","C4620083","7","325","C4620083 M2","tmt",0.0226951360714926,"325 tmt","7 tmt"
"28604","M2","C4620083","7","326","C4620083 M2","tmt",0.0226383246374042,"326 tmt","7 tmt"
"28605","M2","C4620083","7","327","C4620083 M2","tmt",0.0225903966059076,"327 tmt","7 tmt"
"28606","M2","C4620083","7","328","C4620083 M2","tmt",0.0224025378012376,"328 tmt","7 tmt"
"28607","M2","C4620083","7","329","C4620083 M2","tmt",0.0219199383912754,"329 tmt","7 tmt"
"28608","M2","C4620083","7","330","C4620083 M2","tmt",0.0218392635154322,"330 tmt","7 tmt"
"28609","M2","C4620083","7","331","C4620083 M2","tmt",0.0211923097291974,"331 tmt","7 tmt"
"28610","M2","C4620083","7","332","C4620083 M2","tmt",0.0208780051951846,"332 tmt","7 tmt"
"28611","M2","C4620083","7","333","C4620083 M2","tmt",0.020819454640318,"333 tmt","7 tmt"
"28612","M2","C4620083","7","334","C4620083 M2","tmt",0.0206836536238234,"334 tmt","7 tmt"
"28613","M2","C4620083","7","335","C4620083 M2","tmt",0.0205763279770823,"335 tmt","7 tmt"
"28614","M2","C4620083","7","336","C4620083 M2","tmt",0.0204617940150523,"336 tmt","7 tmt"
"28615","M2","C4620083","7","337","C4620083 M2","tmt",0.0200454567183126,"337 tmt","7 tmt"
"28616","M2","C4620083","7","338","C4620083 M2","tmt",0.0198557518322694,"338 tmt","7 tmt"
"28617","M2","C4620083","7","339","C4620083 M2","tmt",0.0198021724975174,"339 tmt","7 tmt"
"28618","M2","C4620083","7","340","C4620083 M2","tmt",0.0195716013951316,"340 tmt","7 tmt"
"28619","M2","C4620083","7","341","C4620083 M2","tmt",0.0193116545001657,"341 tmt","7 tmt"
"28620","M2","C4620083","7","342","C4620083 M2","tmt",0.0188795675575005,"342 tmt","7 tmt"
"28621","M2","C4620083","7","343","C4620083 M2","tmt",0.0188232230255745,"343 tmt","7 tmt"
"28622","M2","C4620083","7","344","C4620083 M2","tmt",0.0186912800949782,"344 tmt","7 tmt"
"28623","M2","C4620083","7","345","C4620083 M2","tmt",0.0186532434080904,"345 tmt","7 tmt"
"28624","M2","C4620083","7","346","C4620083 M2","tmt",0.0186301933911637,"346 tmt","7 tmt"
"28625","M2","C4620083","7","347","C4620083 M2","tmt",0.0185127800191599,"347 tmt","7 tmt"
"28626","M2","C4620083","7","348","C4620083 M2","tmt",0.0184425563447008,"348 tmt","7 tmt"
"28627","M2","C4620083","7","349","C4620083 M2","tmt",0.0178220163634574,"349 tmt","7 tmt"
"28628","M2","C4620083","7","350","C4620083 M2","tmt",0.0176439324784053,"350 tmt","7 tmt"
"28629","M2","C4620083","7","351","C4620083 M2","tmt",0.0175517342956766,"351 tmt","7 tmt"
"28630","M2","C4620083","7","352","C4620083 M2","tmt",0.0171700099720215,"352 tmt","7 tmt"
"28631","M2","C4620083","7","353","C4620083 M2","tmt",0.0170860249877965,"353 tmt","7 tmt"
"28632","M2","C4620083","7","354","C4620083 M2","tmt",0.0168652590177039,"354 tmt","7 tmt"
"28633","M2","C4620083","7","355","C4620083 M2","tmt",0.0165788057045131,"355 tmt","7 tmt"
"28634","M2","C4620083","7","356","C4620083 M2","tmt",0.0160902205633068,"356 tmt","7 tmt"
"28635","M2","C4620083","7","357","C4620083 M2","tmt",0.0155716803610287,"357 tmt","7 tmt"
"28636","M2","C4620083","7","358","C4620083 M2","tmt",0.0155684752814582,"358 tmt","7 tmt"
"28637","M2","C4620083","7","359","C4620083 M2","tmt",0.0155135017263159,"359 tmt","7 tmt"
"28638","M2","C4620083","7","360","C4620083 M2","tmt",0.014581220098906,"360 tmt","7 tmt"
"28639","M2","C4620083","7","361","C4620083 M2","tmt",0.0142310630076235,"361 tmt","7 tmt"
"28640","M2","C4620083","7","362","C4620083 M2","tmt",0.013942537618672,"362 tmt","7 tmt"
"28641","M2","C4620083","7","363","C4620083 M2","tmt",0.0138446290787723,"363 tmt","7 tmt"
"28642","M2","C4620083","7","364","C4620083 M2","tmt",0.0132939320766041,"364 tmt","7 tmt"
"28643","M2","C4620083","7","365","C4620083 M2","tmt",0.0130629172460292,"365 tmt","7 tmt"
"28644","M2","C4620083","7","366","C4620083 M2","tmt",0.012957043298871,"366 tmt","7 tmt"
"28645","M2","C4620083","7","367","C4620083 M2","tmt",0.0124809759020895,"367 tmt","7 tmt"
"28646","M2","C4620083","7","368","C4620083 M2","tmt",0.0123457407512118,"368 tmt","7 tmt"
"28647","M2","C4620083","7","369","C4620083 M2","tmt",0.0120144010361128,"369 tmt","7 tmt"
"28648","M2","C4620083","7","370","C4620083 M2","tmt",0.0118231799778689,"370 tmt","7 tmt"
"28649","M2","C4620083","7","371","C4620083 M2","tmt",0.0114749427882342,"371 tmt","7 tmt"
"28650","M2","C4620083","7","372","C4620083 M2","tmt",0.0109229762907194,"372 tmt","7 tmt"
"28651","M2","C4620083","7","373","C4620083 M2","tmt",0.0108747976614341,"373 tmt","7 tmt"
"28652","M2","C4620083","7","374","C4620083 M2","tmt",0.0105518014671761,"374 tmt","7 tmt"
"28653","M2","C4620083","7","375","C4620083 M2","tmt",0.00987615580162404,"375 tmt","7 tmt"
"28654","M2","C4620083","7","376","C4620083 M2","tmt",0.00976677969895458,"376 tmt","7 tmt"
"28655","M2","C4620083","7","377","C4620083 M2","tmt",0.00975756842415214,"377 tmt","7 tmt"
"28656","M2","C4620083","7","378","C4620083 M2","tmt",0.00940543882772296,"378 tmt","7 tmt"
"28657","M2","C4620083","7","379","C4620083 M2","tmt",0.00844898408568916,"379 tmt","7 tmt"
"28658","M2","C4620083","7","380","C4620083 M2","tmt",0.00789730518937403,"380 tmt","7 tmt"
"28659","M2","C4620083","7","381","C4620083 M2","tmt",0.00766875742706262,"381 tmt","7 tmt"
"28660","M2","C4620083","7","382","C4620083 M2","tmt",0.00721419726377573,"382 tmt","7 tmt"
"28661","M2","C4620083","7","383","C4620083 M2","tmt",0.00708201845554632,"383 tmt","7 tmt"
"28662","M2","C4620083","7","384","C4620083 M2","tmt",0.00702305290787064,"384 tmt","7 tmt"
"28663","M2","C4620083","7","385","C4620083 M2","tmt",0.00643011388966739,"385 tmt","7 tmt"
"28664","M2","C4620083","7","386","C4620083 M2","tmt",0.00637257392350694,"386 tmt","7 tmt"
"28665","M2","C4620083","7","387","C4620083 M2","tmt",0.00578381197840301,"387 tmt","7 tmt"
"28666","M2","C4620083","7","388","C4620083 M2","tmt",0.00568712431152337,"388 tmt","7 tmt"
"28667","M2","C4620083","7","389","C4620083 M2","tmt",0.0055014867016196,"389 tmt","7 tmt"
"28668","M2","C4620083","7","390","C4620083 M2","tmt",0.00537573158315795,"390 tmt","7 tmt"
"28669","M2","C4620083","7","391","C4620083 M2","tmt",0.00534686228870378,"391 tmt","7 tmt"
"28670","M2","C4620083","7","392","C4620083 M2","tmt",0.0050444612138816,"392 tmt","7 tmt"
"28671","M2","C4620083","7","393","C4620083 M2","tmt",0.00502705740367601,"393 tmt","7 tmt"
"28672","M2","C4620083","7","394","C4620083 M2","tmt",0.00501249357447539,"394 tmt","7 tmt"
"28673","M2","C4620083","7","395","C4620083 M2","tmt",0.00497331162008455,"395 tmt","7 tmt"
"28674","M2","C4620083","7","396","C4620083 M2","tmt",0.00476357397005355,"396 tmt","7 tmt"
"28675","M2","C4620083","7","397","C4620083 M2","tmt",0.00462336586265689,"397 tmt","7 tmt"
"28676","M2","C4620083","7","398","C4620083 M2","tmt",0.00459470170496053,"398 tmt","7 tmt"
"28677","M2","C4620083","7","399","C4620083 M2","tmt",0.00449134334167164,"399 tmt","7 tmt"
"28678","M2","C4620083","7","400","C4620083 M2","tmt",0.00414575802897577,"400 tmt","7 tmt"
"28679","M2","C4620083","7","401","C4620083 M2","tmt",0.0035665459480224,"401 tmt","7 tmt"
"28680","M2","C4620083","7","402","C4620083 M2","tmt",0.00281598310464233,"402 tmt","7 tmt"
"28681","M2","C4620083","7","403","C4620083 M2","tmt",0.00266759460690721,"403 tmt","7 tmt"
"28682","M2","C4620083","7","404","C4620083 M2","tmt",0.00223746850162539,"404 tmt","7 tmt"
"28683","M2","C4620083","7","405","C4620083 M2","tmt",0.00207813517041091,"405 tmt","7 tmt"
"28684","M2","C4620083","7","406","C4620083 M2","tmt",0.00204042580161562,"406 tmt","7 tmt"
"28685","M2","C4620083","7","407","C4620083 M2","tmt",0.0019643385193945,"407 tmt","7 tmt"
"28686","M2","C4620083","7","408","C4620083 M2","tmt",0.0014033472442852,"408 tmt","7 tmt"
"28687","M2","C4620083","7","409","C4620083 M2","tmt",0.00136875352544254,"409 tmt","7 tmt"
"28688","M2","C4620083","7","410","C4620083 M2","tmt",0.00124302376885777,"410 tmt","7 tmt"
"28689","M2","C4620083","7","411","C4620083 M2","tmt",0.000835199335931214,"411 tmt","7 tmt"
"28690","M2","C4620083","7","412","C4620083 M2","tmt",0.000659046338620175,"412 tmt","7 tmt"
"28691","M2","C4620083","7","413","C4620083 M2","tmt",-0.000130709822497131,"413 tmt","7 tmt"
"28692","M2","C4620083","7","414","C4620083 M2","tmt",-0.000649039913439103,"414 tmt","7 tmt"
"28693","M2","C4620083","7","415","C4620083 M2","tmt",-0.00074794352133634,"415 tmt","7 tmt"
"28694","M2","C4620083","7","416","C4620083 M2","tmt",-0.0011660525589422,"416 tmt","7 tmt"
"28695","M2","C4620083","7","417","C4620083 M2","tmt",-0.0015409677051507,"417 tmt","7 tmt"
"28696","M2","C4620083","7","418","C4620083 M2","tmt",-0.00194447263030475,"418 tmt","7 tmt"
"28697","M2","C4620083","7","419","C4620083 M2","tmt",-0.00261367063893108,"419 tmt","7 tmt"
"28698","M2","C4620083","7","420","C4620083 M2","tmt",-0.00270667804043426,"420 tmt","7 tmt"
"28699","M2","C4620083","7","421","C4620083 M2","tmt",-0.00294339903086186,"421 tmt","7 tmt"
"28700","M2","C4620083","7","422","C4620083 M2","tmt",-0.00303803173482252,"422 tmt","7 tmt"
"28701","M2","C4620083","7","423","C4620083 M2","tmt",-0.00339468762364713,"423 tmt","7 tmt"
"28702","M2","C4620083","7","424","C4620083 M2","tmt",-0.00488149855168123,"424 tmt","7 tmt"
"28703","M2","C4620083","7","425","C4620083 M2","tmt",-0.00520526561836155,"425 tmt","7 tmt"
"28704","M2","C4620083","7","426","C4620083 M2","tmt",-0.00527705732197191,"426 tmt","7 tmt"
"28705","M2","C4620083","7","427","C4620083 M2","tmt",-0.00710078238172548,"427 tmt","7 tmt"
"28706","M2","C4620083","7","428","C4620083 M2","tmt",-0.00720393052257333,"428 tmt","7 tmt"
"28707","M2","C4620083","7","429","C4620083 M2","tmt",-0.00770786549751325,"429 tmt","7 tmt"
"28708","M2","C4620083","7","430","C4620083 M2","tmt",-0.00787831004328152,"430 tmt","7 tmt"
"28709","M2","C4620083","7","431","C4620083 M2","tmt",-0.00824679606103201,"431 tmt","7 tmt"
"28710","M2","C4620083","7","432","C4620083 M2","tmt",-0.00860718156734277,"432 tmt","7 tmt"
"28711","M2","C4620083","7","433","C4620083 M2","tmt",-0.00867205647779957,"433 tmt","7 tmt"
"28712","M2","C4620083","7","434","C4620083 M2","tmt",-0.00906599727856383,"434 tmt","7 tmt"
"28713","M2","C4620083","7","435","C4620083 M2","tmt",-0.00911082770993888,"435 tmt","7 tmt"
"28714","M2","C4620083","7","436","C4620083 M2","tmt",-0.00962549696059124,"436 tmt","7 tmt"
"28715","M2","C4620083","7","437","C4620083 M2","tmt",-0.00965590529978431,"437 tmt","7 tmt"
"28716","M2","C4620083","7","438","C4620083 M2","tmt",-0.00997261935159252,"438 tmt","7 tmt"
"28717","M2","C4620083","7","439","C4620083 M2","tmt",-0.0100597513174248,"439 tmt","7 tmt"
"28718","M2","C4620083","7","440","C4620083 M2","tmt",-0.010508351539459,"440 tmt","7 tmt"
"28719","M2","C4620083","7","441","C4620083 M2","tmt",-0.0107396660586134,"441 tmt","7 tmt"
"28720","M2","C4620083","7","442","C4620083 M2","tmt",-0.012083743590489,"442 tmt","7 tmt"
"28721","M2","C4620083","7","443","C4620083 M2","tmt",-0.0123366947481916,"443 tmt","7 tmt"
"28722","M2","C4620083","7","444","C4620083 M2","tmt",-0.0127284828688761,"444 tmt","7 tmt"
"28723","M2","C4620083","7","445","C4620083 M2","tmt",-0.0140083504225818,"445 tmt","7 tmt"
"28724","M2","C4620083","7","446","C4620083 M2","tmt",-0.0143295180423925,"446 tmt","7 tmt"
"28725","M2","C4620083","7","447","C4620083 M2","tmt",-0.0149007884270699,"447 tmt","7 tmt"
"28726","M2","C4620083","7","448","C4620083 M2","tmt",-0.0160231447717057,"448 tmt","7 tmt"
"28727","M2","C4620083","7","449","C4620083 M2","tmt",-0.0164763263525601,"449 tmt","7 tmt"
"28728","M2","C4620083","7","450","C4620083 M2","tmt",-0.0165199800317111,"450 tmt","7 tmt"
"28729","M2","C4620083","7","451","C4620083 M2","tmt",-0.0168016765174071,"451 tmt","7 tmt"
"28730","M2","C4620083","7","452","C4620083 M2","tmt",-0.0168640572174255,"452 tmt","7 tmt"
"28731","M2","C4620083","7","453","C4620083 M2","tmt",-0.0168884663056439,"453 tmt","7 tmt"
"28732","M2","C4620083","7","454","C4620083 M2","tmt",-0.0173901133451019,"454 tmt","7 tmt"
"28733","M2","C4620083","7","455","C4620083 M2","tmt",-0.0174822422715262,"455 tmt","7 tmt"
"28734","M2","C4620083","7","456","C4620083 M2","tmt",-0.017530864525136,"456 tmt","7 tmt"
"28735","M2","C4620083","7","457","C4620083 M2","tmt",-0.0177710512605619,"457 tmt","7 tmt"
"28736","M2","C4620083","7","458","C4620083 M2","tmt",-0.0180452752671859,"458 tmt","7 tmt"
"28737","M2","C4620083","7","459","C4620083 M2","tmt",-0.0180982155127241,"459 tmt","7 tmt"
"28738","M2","C4620083","7","460","C4620083 M2","tmt",-0.0188415502983426,"460 tmt","7 tmt"
"28739","M2","C4620083","7","461","C4620083 M2","tmt",-0.0196377796068584,"461 tmt","7 tmt"
"28740","M2","C4620083","7","462","C4620083 M2","tmt",-0.0202782031181561,"462 tmt","7 tmt"
"28741","M2","C4620083","7","463","C4620083 M2","tmt",-0.0203063957464775,"463 tmt","7 tmt"
"28742","M2","C4620083","7","464","C4620083 M2","tmt",-0.0210564581921574,"464 tmt","7 tmt"
"28743","M2","C4620083","7","465","C4620083 M2","tmt",-0.0215763451682864,"465 tmt","7 tmt"
"28744","M2","C4620083","7","466","C4620083 M2","tmt",-0.0221892459594909,"466 tmt","7 tmt"
"28745","M2","C4620083","7","467","C4620083 M2","tmt",-0.0225469409507623,"467 tmt","7 tmt"
"28746","M2","C4620083","7","468","C4620083 M2","tmt",-0.0229302476208283,"468 tmt","7 tmt"
"28747","M2","C4620083","7","469","C4620083 M2","tmt",-0.0229354057343597,"469 tmt","7 tmt"
"28748","M2","C4620083","7","470","C4620083 M2","tmt",-0.0237766049118251,"470 tmt","7 tmt"
"28749","M2","C4620083","7","471","C4620083 M2","tmt",-0.0240791748235564,"471 tmt","7 tmt"
"28750","M2","C4620083","7","472","C4620083 M2","tmt",-0.0243552713956122,"472 tmt","7 tmt"
"28751","M2","C4620083","7","473","C4620083 M2","tmt",-0.0264994403944672,"473 tmt","7 tmt"
"28752","M2","C4620083","7","474","C4620083 M2","tmt",-0.0265711746542299,"474 tmt","7 tmt"
"28753","M2","C4620083","7","475","C4620083 M2","tmt",-0.0278005347579984,"475 tmt","7 tmt"
"28754","M2","C4620083","7","476","C4620083 M2","tmt",-0.0286350306022592,"476 tmt","7 tmt"
"28755","M2","C4620083","7","477","C4620083 M2","tmt",-0.0291311206183416,"477 tmt","7 tmt"
"28756","M2","C4620083","7","478","C4620083 M2","tmt",-0.0297032546187957,"478 tmt","7 tmt"
"28757","M2","C4620083","7","479","C4620083 M2","tmt",-0.0300667032952084,"479 tmt","7 tmt"
"28758","M2","C4620083","7","480","C4620083 M2","tmt",-0.0300810397378542,"480 tmt","7 tmt"
"28759","M2","C4620083","7","481","C4620083 M2","tmt",-0.0305424898631431,"481 tmt","7 tmt"
"28760","M2","C4620083","7","482","C4620083 M2","tmt",-0.0312134709776419,"482 tmt","7 tmt"
"28761","M2","C4620083","7","483","C4620083 M2","tmt",-0.0313012996859723,"483 tmt","7 tmt"
"28762","M2","C4620083","7","484","C4620083 M2","tmt",-0.0323894362921273,"484 tmt","7 tmt"
"28763","M2","C4620083","7","485","C4620083 M2","tmt",-0.0327006088994618,"485 tmt","7 tmt"
"28764","M2","C4620083","7","486","C4620083 M2","tmt",-0.0329518637793115,"486 tmt","7 tmt"
"28765","M2","C4620083","7","487","C4620083 M2","tmt",-0.0341696503809109,"487 tmt","7 tmt"
"28766","M2","C4620083","7","488","C4620083 M2","tmt",-0.0342420420759713,"488 tmt","7 tmt"
"28767","M2","C4620083","7","489","C4620083 M2","tmt",-0.0353003921447404,"489 tmt","7 tmt"
"28768","M2","C4620083","7","490","C4620083 M2","tmt",-0.0356779459026151,"490 tmt","7 tmt"
"28769","M2","C4620083","7","491","C4620083 M2","tmt",-0.0360344221344136,"491 tmt","7 tmt"
"28770","M2","C4620083","7","492","C4620083 M2","tmt",-0.0361106829164939,"492 tmt","7 tmt"
"28771","M2","C4620083","7","493","C4620083 M2","tmt",-0.0366461924005333,"493 tmt","7 tmt"
"28772","M2","C4620083","7","494","C4620083 M2","tmt",-0.0375428514278639,"494 tmt","7 tmt"
"28773","M2","C4620083","7","495","C4620083 M2","tmt",-0.0397723398650906,"495 tmt","7 tmt"
"28774","M2","C4620083","7","496","C4620083 M2","tmt",-0.0402073200657197,"496 tmt","7 tmt"
"28775","M2","C4620083","7","497","C4620083 M2","tmt",-0.04067995900909,"497 tmt","7 tmt"
"28776","M2","C4620083","7","498","C4620083 M2","tmt",-0.0420503863192748,"498 tmt","7 tmt"
"28777","M2","C4620083","7","499","C4620083 M2","tmt",-0.0422749827672376,"499 tmt","7 tmt"
"28778","M2","C4620083","7","500","C4620083 M2","tmt",-0.0430340320464924,"500 tmt","7 tmt"
"28779","M2","C4620083","7","501","C4620083 M2","tmt",-0.0431816203637551,"501 tmt","7 tmt"
"28780","M2","C4620083","7","502","C4620083 M2","tmt",-0.0434375026490069,"502 tmt","7 tmt"
"28781","M2","C4620083","7","503","C4620083 M2","tmt",-0.044736505809622,"503 tmt","7 tmt"
"28782","M2","C4620083","7","504","C4620083 M2","tmt",-0.0455743695625297,"504 tmt","7 tmt"
"28783","M2","C4620083","7","505","C4620083 M2","tmt",-0.046930746733909,"505 tmt","7 tmt"
"28784","M2","C4620083","7","506","C4620083 M2","tmt",-0.049001840900153,"506 tmt","7 tmt"
"28785","M2","C4620083","7","507","C4620083 M2","tmt",-0.0535687648842791,"507 tmt","7 tmt"
"28786","M2","C4620083","7","508","C4620083 M2","tmt",-0.0558769207553888,"508 tmt","7 tmt"
"28787","M2","C4620083","7","509","C4620083 M2","tmt",-0.0600446208527731,"509 tmt","7 tmt"
"28788","M2","C4620083","7","510","C4620083 M2","tmt",-0.0746194929492771,"510 tmt","7 tmt"
"28789","M3","C4620083","7","0","C4620083 M3","tmt",0.593560540147138,"0 tmt","7 tmt"
"28790","M3","C4620083","7","1","C4620083 M3","tmt",0.592785507928943,"1 tmt","7 tmt"
"28791","M3","C4620083","7","2","C4620083 M3","tmt",0.590478711620384,"2 tmt","7 tmt"
"28792","M3","C4620083","7","3","C4620083 M3","tmt",0.590066831009825,"3 tmt","7 tmt"
"28793","M3","C4620083","7","4","C4620083 M3","tmt",0.590006830031699,"4 tmt","7 tmt"
"28794","M3","C4620083","7","5","C4620083 M3","tmt",0.583722066657376,"5 tmt","7 tmt"
"28795","M3","C4620083","7","6","C4620083 M3","tmt",0.58268988159083,"6 tmt","7 tmt"
"28796","M3","C4620083","7","7","C4620083 M3","tmt",0.581680004283601,"7 tmt","7 tmt"
"28797","M3","C4620083","7","8","C4620083 M3","tmt",0.581567498366087,"8 tmt","7 tmt"
"28798","M3","C4620083","7","9","C4620083 M3","tmt",0.579876870980945,"9 tmt","7 tmt"
"28799","M3","C4620083","7","10","C4620083 M3","tmt",0.578730788799429,"10 tmt","7 tmt"
"28800","M3","C4620083","7","11","C4620083 M3","tmt",0.578319829438129,"11 tmt","7 tmt"
"28801","M3","C4620083","7","12","C4620083 M3","tmt",0.578036823273792,"12 tmt","7 tmt"
"28802","M3","C4620083","7","13","C4620083 M3","tmt",0.577016644394716,"13 tmt","7 tmt"
"28803","M3","C4620083","7","14","C4620083 M3","tmt",0.575821399204167,"14 tmt","7 tmt"
"28804","M3","C4620083","7","15","C4620083 M3","tmt",0.573900139833189,"15 tmt","7 tmt"
"28805","M3","C4620083","7","16","C4620083 M3","tmt",0.57196606951837,"16 tmt","7 tmt"
"28806","M3","C4620083","7","17","C4620083 M3","tmt",0.571427970279829,"17 tmt","7 tmt"
"28807","M3","C4620083","7","18","C4620083 M3","tmt",0.570803540969452,"18 tmt","7 tmt"
"28808","M3","C4620083","7","19","C4620083 M3","tmt",0.570140290503368,"19 tmt","7 tmt"
"28809","M3","C4620083","7","20","C4620083 M3","tmt",0.570116282383022,"20 tmt","7 tmt"
"28810","M3","C4620083","7","21","C4620083 M3","tmt",0.567031492312048,"21 tmt","7 tmt"
"28811","M3","C4620083","7","22","C4620083 M3","tmt",0.566478073021615,"22 tmt","7 tmt"
"28812","M3","C4620083","7","23","C4620083 M3","tmt",0.565192094861203,"23 tmt","7 tmt"
"28813","M3","C4620083","7","24","C4620083 M3","tmt",0.564956689098251,"24 tmt","7 tmt"
"28814","M3","C4620083","7","25","C4620083 M3","tmt",0.563825115264184,"25 tmt","7 tmt"
"28815","M3","C4620083","7","26","C4620083 M3","tmt",0.563162805688635,"26 tmt","7 tmt"
"28816","M3","C4620083","7","27","C4620083 M3","tmt",0.562945748746109,"27 tmt","7 tmt"
"28817","M3","C4620083","7","28","C4620083 M3","tmt",0.562199863304206,"28 tmt","7 tmt"
"28818","M3","C4620083","7","29","C4620083 M3","tmt",0.561265943468838,"29 tmt","7 tmt"
"28819","M3","C4620083","7","30","C4620083 M3","tmt",0.560673961309657,"30 tmt","7 tmt"
"28820","M3","C4620083","7","31","C4620083 M3","tmt",0.559776930444772,"31 tmt","7 tmt"
"28821","M3","C4620083","7","32","C4620083 M3","tmt",0.558274303749642,"32 tmt","7 tmt"
"28822","M3","C4620083","7","33","C4620083 M3","tmt",0.55657611248979,"33 tmt","7 tmt"
"28823","M3","C4620083","7","34","C4620083 M3","tmt",0.554080435929224,"34 tmt","7 tmt"
"28824","M3","C4620083","7","35","C4620083 M3","tmt",0.551731239594685,"35 tmt","7 tmt"
"28825","M3","C4620083","7","36","C4620083 M3","tmt",0.551607912444188,"36 tmt","7 tmt"
"28826","M3","C4620083","7","37","C4620083 M3","tmt",0.550163299078581,"37 tmt","7 tmt"
"28827","M3","C4620083","7","38","C4620083 M3","tmt",0.549672732512635,"38 tmt","7 tmt"
"28828","M3","C4620083","7","39","C4620083 M3","tmt",0.549386433672785,"39 tmt","7 tmt"
"28829","M3","C4620083","7","40","C4620083 M3","tmt",0.547365593745488,"40 tmt","7 tmt"
"28830","M3","C4620083","7","41","C4620083 M3","tmt",0.543460222175692,"41 tmt","7 tmt"
"28831","M3","C4620083","7","42","C4620083 M3","tmt",0.542360741210025,"42 tmt","7 tmt"
"28832","M3","C4620083","7","43","C4620083 M3","tmt",0.541395240679085,"43 tmt","7 tmt"
"28833","M3","C4620083","7","44","C4620083 M3","tmt",0.541096652383953,"44 tmt","7 tmt"
"28834","M3","C4620083","7","45","C4620083 M3","tmt",0.538324629703952,"45 tmt","7 tmt"
"28835","M3","C4620083","7","46","C4620083 M3","tmt",0.537559738383605,"46 tmt","7 tmt"
"28836","M3","C4620083","7","47","C4620083 M3","tmt",0.536394824386024,"47 tmt","7 tmt"
"28837","M3","C4620083","7","48","C4620083 M3","tmt",0.535929667340101,"48 tmt","7 tmt"
"28838","M3","C4620083","7","49","C4620083 M3","tmt",0.535212297097546,"49 tmt","7 tmt"
"28839","M3","C4620083","7","50","C4620083 M3","tmt",0.533291487339948,"50 tmt","7 tmt"
"28840","M3","C4620083","7","51","C4620083 M3","tmt",0.533150798773985,"51 tmt","7 tmt"
"28841","M3","C4620083","7","52","C4620083 M3","tmt",0.532459845438099,"52 tmt","7 tmt"
"28842","M3","C4620083","7","53","C4620083 M3","tmt",0.531692517519687,"53 tmt","7 tmt"
"28843","M3","C4620083","7","54","C4620083 M3","tmt",0.53086334168158,"54 tmt","7 tmt"
"28844","M3","C4620083","7","55","C4620083 M3","tmt",0.530554051625636,"55 tmt","7 tmt"
"28845","M3","C4620083","7","56","C4620083 M3","tmt",0.529175612516501,"56 tmt","7 tmt"
"28846","M3","C4620083","7","57","C4620083 M3","tmt",0.525075932497093,"57 tmt","7 tmt"
"28847","M3","C4620083","7","58","C4620083 M3","tmt",0.524985552759776,"58 tmt","7 tmt"
"28848","M3","C4620083","7","59","C4620083 M3","tmt",0.524475638975547,"59 tmt","7 tmt"
"28849","M3","C4620083","7","60","C4620083 M3","tmt",0.521767605169492,"60 tmt","7 tmt"
"28850","M3","C4620083","7","61","C4620083 M3","tmt",0.521234715010158,"61 tmt","7 tmt"
"28851","M3","C4620083","7","62","C4620083 M3","tmt",0.519938058320065,"62 tmt","7 tmt"
"28852","M3","C4620083","7","63","C4620083 M3","tmt",0.518843571990987,"63 tmt","7 tmt"
"28853","M3","C4620083","7","64","C4620083 M3","tmt",0.51788759095352,"64 tmt","7 tmt"
"28854","M3","C4620083","7","65","C4620083 M3","tmt",0.517144601028398,"65 tmt","7 tmt"
"28855","M3","C4620083","7","66","C4620083 M3","tmt",0.517046840629253,"66 tmt","7 tmt"
"28856","M3","C4620083","7","67","C4620083 M3","tmt",0.515379722359199,"67 tmt","7 tmt"
"28857","M3","C4620083","7","68","C4620083 M3","tmt",0.514627764684949,"68 tmt","7 tmt"
"28858","M3","C4620083","7","69","C4620083 M3","tmt",0.5144189677712,"69 tmt","7 tmt"
"28859","M3","C4620083","7","70","C4620083 M3","tmt",0.511103432618399,"70 tmt","7 tmt"
"28860","M3","C4620083","7","71","C4620083 M3","tmt",0.509975855572173,"71 tmt","7 tmt"
"28861","M3","C4620083","7","72","C4620083 M3","tmt",0.509664906583517,"72 tmt","7 tmt"
"28862","M3","C4620083","7","73","C4620083 M3","tmt",0.509243398936408,"73 tmt","7 tmt"
"28863","M3","C4620083","7","74","C4620083 M3","tmt",0.507722554775598,"74 tmt","7 tmt"
"28864","M3","C4620083","7","75","C4620083 M3","tmt",0.506655691861222,"75 tmt","7 tmt"
"28865","M3","C4620083","7","76","C4620083 M3","tmt",0.506467505753775,"76 tmt","7 tmt"
"28866","M3","C4620083","7","77","C4620083 M3","tmt",0.506380255925222,"77 tmt","7 tmt"
"28867","M3","C4620083","7","78","C4620083 M3","tmt",0.506240751842865,"78 tmt","7 tmt"
"28868","M3","C4620083","7","79","C4620083 M3","tmt",0.504732201069874,"79 tmt","7 tmt"
"28869","M3","C4620083","7","80","C4620083 M3","tmt",0.50352789284937,"80 tmt","7 tmt"
"28870","M3","C4620083","7","81","C4620083 M3","tmt",0.501248999450989,"81 tmt","7 tmt"
"28871","M3","C4620083","7","82","C4620083 M3","tmt",0.50001427555894,"82 tmt","7 tmt"
"28872","M3","C4620083","7","83","C4620083 M3","tmt",0.499829170307929,"83 tmt","7 tmt"
"28873","M3","C4620083","7","84","C4620083 M3","tmt",0.4988688512434,"84 tmt","7 tmt"
"28874","M3","C4620083","7","85","C4620083 M3","tmt",0.497799807121109,"85 tmt","7 tmt"
"28875","M3","C4620083","7","86","C4620083 M3","tmt",0.49637260179249,"86 tmt","7 tmt"
"28876","M3","C4620083","7","87","C4620083 M3","tmt",0.496227477976447,"87 tmt","7 tmt"
"28877","M3","C4620083","7","88","C4620083 M3","tmt",0.493983069745009,"88 tmt","7 tmt"
"28878","M3","C4620083","7","89","C4620083 M3","tmt",0.493529752309437,"89 tmt","7 tmt"
"28879","M3","C4620083","7","90","C4620083 M3","tmt",0.491462711256746,"90 tmt","7 tmt"
"28880","M3","C4620083","7","91","C4620083 M3","tmt",0.491357259518993,"91 tmt","7 tmt"
"28881","M3","C4620083","7","92","C4620083 M3","tmt",0.489774565576153,"92 tmt","7 tmt"
"28882","M3","C4620083","7","93","C4620083 M3","tmt",0.489713213385494,"93 tmt","7 tmt"
"28883","M3","C4620083","7","94","C4620083 M3","tmt",0.488738079286229,"94 tmt","7 tmt"
"28884","M3","C4620083","7","95","C4620083 M3","tmt",0.488520167766482,"95 tmt","7 tmt"
"28885","M3","C4620083","7","96","C4620083 M3","tmt",0.488346683740912,"96 tmt","7 tmt"
"28886","M3","C4620083","7","97","C4620083 M3","tmt",0.486775589788411,"97 tmt","7 tmt"
"28887","M3","C4620083","7","98","C4620083 M3","tmt",0.486560790017694,"98 tmt","7 tmt"
"28888","M3","C4620083","7","99","C4620083 M3","tmt",0.486451169644893,"99 tmt","7 tmt"
"28889","M3","C4620083","7","100","C4620083 M3","tmt",0.486319720164931,"100 tmt","7 tmt"
"28890","M3","C4620083","7","101","C4620083 M3","tmt",0.485051963498005,"101 tmt","7 tmt"
"28891","M3","C4620083","7","102","C4620083 M3","tmt",0.484876027433366,"102 tmt","7 tmt"
"28892","M3","C4620083","7","103","C4620083 M3","tmt",0.484326138693109,"103 tmt","7 tmt"
"28893","M3","C4620083","7","104","C4620083 M3","tmt",0.483963591005939,"104 tmt","7 tmt"
"28894","M3","C4620083","7","105","C4620083 M3","tmt",0.483251525119137,"105 tmt","7 tmt"
"28895","M3","C4620083","7","106","C4620083 M3","tmt",0.481382009359425,"106 tmt","7 tmt"
"28896","M3","C4620083","7","107","C4620083 M3","tmt",0.480981707014462,"107 tmt","7 tmt"
"28897","M3","C4620083","7","108","C4620083 M3","tmt",0.479258700659029,"108 tmt","7 tmt"
"28898","M3","C4620083","7","109","C4620083 M3","tmt",0.477560103002172,"109 tmt","7 tmt"
"28899","M3","C4620083","7","110","C4620083 M3","tmt",0.477471827423901,"110 tmt","7 tmt"
"28900","M3","C4620083","7","111","C4620083 M3","tmt",0.477191888736959,"111 tmt","7 tmt"
"28901","M3","C4620083","7","112","C4620083 M3","tmt",0.475799751403974,"112 tmt","7 tmt"
"28902","M3","C4620083","7","113","C4620083 M3","tmt",0.474730073759627,"113 tmt","7 tmt"
"28903","M3","C4620083","7","114","C4620083 M3","tmt",0.474257353255257,"114 tmt","7 tmt"
"28904","M3","C4620083","7","115","C4620083 M3","tmt",0.472245569239965,"115 tmt","7 tmt"
"28905","M3","C4620083","7","116","C4620083 M3","tmt",0.471256430922708,"116 tmt","7 tmt"
"28906","M3","C4620083","7","117","C4620083 M3","tmt",0.471172187334492,"117 tmt","7 tmt"
"28907","M3","C4620083","7","118","C4620083 M3","tmt",0.469734040976315,"118 tmt","7 tmt"
"28908","M3","C4620083","7","119","C4620083 M3","tmt",0.467322860835872,"119 tmt","7 tmt"
"28909","M3","C4620083","7","120","C4620083 M3","tmt",0.467074042971143,"120 tmt","7 tmt"
"28910","M3","C4620083","7","121","C4620083 M3","tmt",0.466883056789315,"121 tmt","7 tmt"
"28911","M3","C4620083","7","122","C4620083 M3","tmt",0.466495318452671,"122 tmt","7 tmt"
"28912","M3","C4620083","7","123","C4620083 M3","tmt",0.46543109558262,"123 tmt","7 tmt"
"28913","M3","C4620083","7","124","C4620083 M3","tmt",0.462776217224568,"124 tmt","7 tmt"
"28914","M3","C4620083","7","125","C4620083 M3","tmt",0.461772527011144,"125 tmt","7 tmt"
"28915","M3","C4620083","7","126","C4620083 M3","tmt",0.461488427637077,"126 tmt","7 tmt"
"28916","M3","C4620083","7","127","C4620083 M3","tmt",0.461421454655053,"127 tmt","7 tmt"
"28917","M3","C4620083","7","128","C4620083 M3","tmt",0.460498289080853,"128 tmt","7 tmt"
"28918","M3","C4620083","7","129","C4620083 M3","tmt",0.459592118942541,"129 tmt","7 tmt"
"28919","M3","C4620083","7","130","C4620083 M3","tmt",0.459121903986147,"130 tmt","7 tmt"
"28920","M3","C4620083","7","131","C4620083 M3","tmt",0.457211849160832,"131 tmt","7 tmt"
"28921","M3","C4620083","7","132","C4620083 M3","tmt",0.457132545063551,"132 tmt","7 tmt"
"28922","M3","C4620083","7","133","C4620083 M3","tmt",0.457113726506911,"133 tmt","7 tmt"
"28923","M3","C4620083","7","134","C4620083 M3","tmt",0.455514603059447,"134 tmt","7 tmt"
"28924","M3","C4620083","7","135","C4620083 M3","tmt",0.454902789459171,"135 tmt","7 tmt"
"28925","M3","C4620083","7","136","C4620083 M3","tmt",0.45466934806506,"136 tmt","7 tmt"
"28926","M3","C4620083","7","137","C4620083 M3","tmt",0.453585647973073,"137 tmt","7 tmt"
"28927","M3","C4620083","7","138","C4620083 M3","tmt",0.452465281360313,"138 tmt","7 tmt"
"28928","M3","C4620083","7","139","C4620083 M3","tmt",0.452436303402313,"139 tmt","7 tmt"
"28929","M3","C4620083","7","140","C4620083 M3","tmt",0.452423296214449,"140 tmt","7 tmt"
"28930","M3","C4620083","7","141","C4620083 M3","tmt",0.451765418413743,"141 tmt","7 tmt"
"28931","M3","C4620083","7","142","C4620083 M3","tmt",0.451594987721667,"142 tmt","7 tmt"
"28932","M3","C4620083","7","143","C4620083 M3","tmt",0.451416127036538,"143 tmt","7 tmt"
"28933","M3","C4620083","7","144","C4620083 M3","tmt",0.451119475279351,"144 tmt","7 tmt"
"28934","M3","C4620083","7","145","C4620083 M3","tmt",0.451098078509636,"145 tmt","7 tmt"
"28935","M3","C4620083","7","146","C4620083 M3","tmt",0.45102057731434,"146 tmt","7 tmt"
"28936","M3","C4620083","7","147","C4620083 M3","tmt",0.449993329743862,"147 tmt","7 tmt"
"28937","M3","C4620083","7","148","C4620083 M3","tmt",0.449078227066565,"148 tmt","7 tmt"
"28938","M3","C4620083","7","149","C4620083 M3","tmt",0.448617632406654,"149 tmt","7 tmt"
"28939","M3","C4620083","7","150","C4620083 M3","tmt",0.448465341609029,"150 tmt","7 tmt"
"28940","M3","C4620083","7","151","C4620083 M3","tmt",0.447910958880521,"151 tmt","7 tmt"
"28941","M3","C4620083","7","152","C4620083 M3","tmt",0.447821294849174,"152 tmt","7 tmt"
"28942","M3","C4620083","7","153","C4620083 M3","tmt",0.447531049136314,"153 tmt","7 tmt"
"28943","M3","C4620083","7","154","C4620083 M3","tmt",0.44689982669841,"154 tmt","7 tmt"
"28944","M3","C4620083","7","155","C4620083 M3","tmt",0.446840750785282,"155 tmt","7 tmt"
"28945","M3","C4620083","7","156","C4620083 M3","tmt",0.446100836889996,"156 tmt","7 tmt"
"28946","M3","C4620083","7","157","C4620083 M3","tmt",0.445792349852182,"157 tmt","7 tmt"
"28947","M3","C4620083","7","158","C4620083 M3","tmt",0.445566271212683,"158 tmt","7 tmt"
"28948","M3","C4620083","7","159","C4620083 M3","tmt",0.44421961819383,"159 tmt","7 tmt"
"28949","M3","C4620083","7","160","C4620083 M3","tmt",0.441671364488642,"160 tmt","7 tmt"
"28950","M3","C4620083","7","161","C4620083 M3","tmt",0.440804347516176,"161 tmt","7 tmt"
"28951","M3","C4620083","7","162","C4620083 M3","tmt",0.439899227127916,"162 tmt","7 tmt"
"28952","M3","C4620083","7","163","C4620083 M3","tmt",0.437847788285759,"163 tmt","7 tmt"
"28953","M3","C4620083","7","164","C4620083 M3","tmt",0.43738624850724,"164 tmt","7 tmt"
"28954","M3","C4620083","7","165","C4620083 M3","tmt",0.435733205235955,"165 tmt","7 tmt"
"28955","M3","C4620083","7","166","C4620083 M3","tmt",0.43505980471499,"166 tmt","7 tmt"
"28956","M3","C4620083","7","167","C4620083 M3","tmt",0.434845202612311,"167 tmt","7 tmt"
"28957","M3","C4620083","7","168","C4620083 M3","tmt",0.434712010121782,"168 tmt","7 tmt"
"28958","M3","C4620083","7","169","C4620083 M3","tmt",0.433500747233701,"169 tmt","7 tmt"
"28959","M3","C4620083","7","170","C4620083 M3","tmt",0.428255590331489,"170 tmt","7 tmt"
"28960","M3","C4620083","7","171","C4620083 M3","tmt",0.427599604344752,"171 tmt","7 tmt"
"28961","M3","C4620083","7","172","C4620083 M3","tmt",0.427538795575388,"172 tmt","7 tmt"
"28962","M3","C4620083","7","173","C4620083 M3","tmt",0.427471273933774,"173 tmt","7 tmt"
"28963","M3","C4620083","7","174","C4620083 M3","tmt",0.427362167181385,"174 tmt","7 tmt"
"28964","M3","C4620083","7","175","C4620083 M3","tmt",0.422913677265294,"175 tmt","7 tmt"
"28965","M3","C4620083","7","176","C4620083 M3","tmt",0.422433262125355,"176 tmt","7 tmt"
"28966","M3","C4620083","7","177","C4620083 M3","tmt",0.422290298967047,"177 tmt","7 tmt"
"28967","M3","C4620083","7","178","C4620083 M3","tmt",0.422154592611978,"178 tmt","7 tmt"
"28968","M3","C4620083","7","179","C4620083 M3","tmt",0.421767289969156,"179 tmt","7 tmt"
"28969","M3","C4620083","7","180","C4620083 M3","tmt",0.420765975215299,"180 tmt","7 tmt"
"28970","M3","C4620083","7","181","C4620083 M3","tmt",0.420338275397524,"181 tmt","7 tmt"
"28971","M3","C4620083","7","182","C4620083 M3","tmt",0.419390467714918,"182 tmt","7 tmt"
"28972","M3","C4620083","7","183","C4620083 M3","tmt",0.41853234357931,"183 tmt","7 tmt"
"28973","M3","C4620083","7","184","C4620083 M3","tmt",0.418433949498843,"184 tmt","7 tmt"
"28974","M3","C4620083","7","185","C4620083 M3","tmt",0.417781617917129,"185 tmt","7 tmt"
"28975","M3","C4620083","7","186","C4620083 M3","tmt",0.415927396333263,"186 tmt","7 tmt"
"28976","M3","C4620083","7","187","C4620083 M3","tmt",0.415294986660684,"187 tmt","7 tmt"
"28977","M3","C4620083","7","188","C4620083 M3","tmt",0.413878572785044,"188 tmt","7 tmt"
"28978","M3","C4620083","7","189","C4620083 M3","tmt",0.412538219218834,"189 tmt","7 tmt"
"28979","M3","C4620083","7","190","C4620083 M3","tmt",0.409691396683785,"190 tmt","7 tmt"
"28980","M3","C4620083","7","191","C4620083 M3","tmt",0.408845973734636,"191 tmt","7 tmt"
"28981","M3","C4620083","7","192","C4620083 M3","tmt",0.408348106577639,"192 tmt","7 tmt"
"28982","M3","C4620083","7","193","C4620083 M3","tmt",0.404537156841139,"193 tmt","7 tmt"
"28983","M3","C4620083","7","194","C4620083 M3","tmt",0.404390146112802,"194 tmt","7 tmt"
"28984","M3","C4620083","7","195","C4620083 M3","tmt",0.404345132775629,"195 tmt","7 tmt"
"28985","M3","C4620083","7","196","C4620083 M3","tmt",0.400100452614605,"196 tmt","7 tmt"
"28986","M3","C4620083","7","197","C4620083 M3","tmt",0.398884025679602,"197 tmt","7 tmt"
"28987","M3","C4620083","7","198","C4620083 M3","tmt",0.397262007603907,"198 tmt","7 tmt"
"28988","M3","C4620083","7","199","C4620083 M3","tmt",0.397152156020003,"199 tmt","7 tmt"
"28989","M3","C4620083","7","200","C4620083 M3","tmt",0.395682215024246,"200 tmt","7 tmt"
"28990","M3","C4620083","7","201","C4620083 M3","tmt",0.394581923396112,"201 tmt","7 tmt"
"28991","M3","C4620083","7","202","C4620083 M3","tmt",0.393744422931182,"202 tmt","7 tmt"
"28992","M3","C4620083","7","203","C4620083 M3","tmt",0.393240094622066,"203 tmt","7 tmt"
"28993","M3","C4620083","7","204","C4620083 M3","tmt",0.39303299977098,"204 tmt","7 tmt"
"28994","M3","C4620083","7","205","C4620083 M3","tmt",0.392034334259114,"205 tmt","7 tmt"
"28995","M3","C4620083","7","206","C4620083 M3","tmt",0.389783471021522,"206 tmt","7 tmt"
"28996","M3","C4620083","7","207","C4620083 M3","tmt",0.389475357727677,"207 tmt","7 tmt"
"28997","M3","C4620083","7","208","C4620083 M3","tmt",0.388083610011715,"208 tmt","7 tmt"
"28998","M3","C4620083","7","209","C4620083 M3","tmt",0.385403974814227,"209 tmt","7 tmt"
"28999","M3","C4620083","7","210","C4620083 M3","tmt",0.38001246827303,"210 tmt","7 tmt"
"29000","M3","C4620083","7","211","C4620083 M3","tmt",0.379692736256313,"211 tmt","7 tmt"
"29001","M3","C4620083","7","212","C4620083 M3","tmt",0.379476452382963,"212 tmt","7 tmt"
"29002","M3","C4620083","7","213","C4620083 M3","tmt",0.378337477850065,"213 tmt","7 tmt"
"29003","M3","C4620083","7","214","C4620083 M3","tmt",0.377837372265321,"214 tmt","7 tmt"
"29004","M3","C4620083","7","215","C4620083 M3","tmt",0.375838478525874,"215 tmt","7 tmt"
"29005","M3","C4620083","7","216","C4620083 M3","tmt",0.374701358432991,"216 tmt","7 tmt"
"29006","M3","C4620083","7","217","C4620083 M3","tmt",0.373984830880765,"217 tmt","7 tmt"
"29007","M3","C4620083","7","218","C4620083 M3","tmt",0.371403259427048,"218 tmt","7 tmt"
"29008","M3","C4620083","7","219","C4620083 M3","tmt",0.367424334295378,"219 tmt","7 tmt"
"29009","M3","C4620083","7","220","C4620083 M3","tmt",0.367057959038535,"220 tmt","7 tmt"
"29010","M3","C4620083","7","221","C4620083 M3","tmt",0.364992074476205,"221 tmt","7 tmt"
"29011","M3","C4620083","7","222","C4620083 M3","tmt",0.364917940271665,"222 tmt","7 tmt"
"29012","M3","C4620083","7","223","C4620083 M3","tmt",0.364052983278414,"223 tmt","7 tmt"
"29013","M3","C4620083","7","224","C4620083 M3","tmt",0.360545420032144,"224 tmt","7 tmt"
"29014","M3","C4620083","7","225","C4620083 M3","tmt",0.357526299518052,"225 tmt","7 tmt"
"29015","M3","C4620083","7","226","C4620083 M3","tmt",0.357433413071391,"226 tmt","7 tmt"
"29016","M3","C4620083","7","227","C4620083 M3","tmt",0.356303607668211,"227 tmt","7 tmt"
"29017","M3","C4620083","7","228","C4620083 M3","tmt",0.353869111799438,"228 tmt","7 tmt"
"29018","M3","C4620083","7","229","C4620083 M3","tmt",0.351867682884321,"229 tmt","7 tmt"
"29019","M3","C4620083","7","230","C4620083 M3","tmt",0.350890928801176,"230 tmt","7 tmt"
"29020","M3","C4620083","7","231","C4620083 M3","tmt",0.349868306816607,"231 tmt","7 tmt"
"29021","M3","C4620083","7","232","C4620083 M3","tmt",0.347397248900917,"232 tmt","7 tmt"
"29022","M3","C4620083","7","233","C4620083 M3","tmt",0.346557230818339,"233 tmt","7 tmt"
"29023","M3","C4620083","7","234","C4620083 M3","tmt",0.346362038030905,"234 tmt","7 tmt"
"29024","M3","C4620083","7","235","C4620083 M3","tmt",0.346350564799643,"235 tmt","7 tmt"
"29025","M3","C4620083","7","236","C4620083 M3","tmt",0.345644194796574,"236 tmt","7 tmt"
"29026","M3","C4620083","7","237","C4620083 M3","tmt",0.345539162565699,"237 tmt","7 tmt"
"29027","M3","C4620083","7","238","C4620083 M3","tmt",0.344399228700336,"238 tmt","7 tmt"
"29028","M3","C4620083","7","239","C4620083 M3","tmt",0.343403718482404,"239 tmt","7 tmt"
"29029","M3","C4620083","7","240","C4620083 M3","tmt",0.342834408938212,"240 tmt","7 tmt"
"29030","M3","C4620083","7","241","C4620083 M3","tmt",0.338819385677083,"241 tmt","7 tmt"
"29031","M3","C4620083","7","242","C4620083 M3","tmt",0.338614813434307,"242 tmt","7 tmt"
"29032","M3","C4620083","7","243","C4620083 M3","tmt",0.337900298131302,"243 tmt","7 tmt"
"29033","M3","C4620083","7","244","C4620083 M3","tmt",0.334956751415997,"244 tmt","7 tmt"
"29034","M3","C4620083","7","245","C4620083 M3","tmt",0.334643207399067,"245 tmt","7 tmt"
"29035","M3","C4620083","7","246","C4620083 M3","tmt",0.332445145702135,"246 tmt","7 tmt"
"29036","M3","C4620083","7","247","C4620083 M3","tmt",0.331547294703822,"247 tmt","7 tmt"
"29037","M3","C4620083","7","248","C4620083 M3","tmt",0.328918664708246,"248 tmt","7 tmt"
"29038","M3","C4620083","7","249","C4620083 M3","tmt",0.328700057714085,"249 tmt","7 tmt"
"29039","M3","C4620083","7","250","C4620083 M3","tmt",0.328314026510404,"250 tmt","7 tmt"
"29040","M3","C4620083","7","251","C4620083 M3","tmt",0.327743714519644,"251 tmt","7 tmt"
"29041","M3","C4620083","7","252","C4620083 M3","tmt",0.325700726485869,"252 tmt","7 tmt"
"29042","M3","C4620083","7","253","C4620083 M3","tmt",0.323454319493859,"253 tmt","7 tmt"
"29043","M3","C4620083","7","254","C4620083 M3","tmt",0.32232883327426,"254 tmt","7 tmt"
"29044","M3","C4620083","7","255","C4620083 M3","tmt",0.321451225886911,"255 tmt","7 tmt"
"29045","M3","C4620083","7","256","C4620083 M3","tmt",0.319997643642987,"256 tmt","7 tmt"
"29046","M3","C4620083","7","257","C4620083 M3","tmt",0.319522779323533,"257 tmt","7 tmt"
"29047","M3","C4620083","7","258","C4620083 M3","tmt",0.318627160486152,"258 tmt","7 tmt"
"29048","M3","C4620083","7","259","C4620083 M3","tmt",0.317093708227422,"259 tmt","7 tmt"
"29049","M3","C4620083","7","260","C4620083 M3","tmt",0.31565264644117,"260 tmt","7 tmt"
"29050","M3","C4620083","7","261","C4620083 M3","tmt",0.315155288698102,"261 tmt","7 tmt"
"29051","M3","C4620083","7","262","C4620083 M3","tmt",0.311972336251301,"262 tmt","7 tmt"
"29052","M3","C4620083","7","263","C4620083 M3","tmt",0.311647020117873,"263 tmt","7 tmt"
"29053","M3","C4620083","7","264","C4620083 M3","tmt",0.310239808714445,"264 tmt","7 tmt"
"29054","M3","C4620083","7","265","C4620083 M3","tmt",0.309657347557178,"265 tmt","7 tmt"
"29055","M3","C4620083","7","266","C4620083 M3","tmt",0.308093416409773,"266 tmt","7 tmt"
"29056","M3","C4620083","7","267","C4620083 M3","tmt",0.307708551162946,"267 tmt","7 tmt"
"29057","M3","C4620083","7","268","C4620083 M3","tmt",0.305344236204273,"268 tmt","7 tmt"
"29058","M3","C4620083","7","269","C4620083 M3","tmt",0.304849866123099,"269 tmt","7 tmt"
"29059","M3","C4620083","7","270","C4620083 M3","tmt",0.301522788750109,"270 tmt","7 tmt"
"29060","M3","C4620083","7","271","C4620083 M3","tmt",0.300424371495677,"271 tmt","7 tmt"
"29061","M3","C4620083","7","272","C4620083 M3","tmt",0.299014228355165,"272 tmt","7 tmt"
"29062","M3","C4620083","7","273","C4620083 M3","tmt",0.298991924563269,"273 tmt","7 tmt"
"29063","M3","C4620083","7","274","C4620083 M3","tmt",0.298750075820119,"274 tmt","7 tmt"
"29064","M3","C4620083","7","275","C4620083 M3","tmt",0.297388629163,"275 tmt","7 tmt"
"29065","M3","C4620083","7","276","C4620083 M3","tmt",0.295319305249545,"276 tmt","7 tmt"
"29066","M3","C4620083","7","277","C4620083 M3","tmt",0.291572224981126,"277 tmt","7 tmt"
"29067","M3","C4620083","7","278","C4620083 M3","tmt",0.287368848085302,"278 tmt","7 tmt"
"29068","M3","C4620083","7","279","C4620083 M3","tmt",0.286888355103121,"279 tmt","7 tmt"
"29069","M3","C4620083","7","280","C4620083 M3","tmt",0.280241639104795,"280 tmt","7 tmt"
"29070","M3","C4620083","7","281","C4620083 M3","tmt",0.279758722437629,"281 tmt","7 tmt"
"29071","M3","C4620083","7","282","C4620083 M3","tmt",0.278860865145938,"282 tmt","7 tmt"
"29072","M3","C4620083","7","283","C4620083 M3","tmt",0.265730216608544,"283 tmt","7 tmt"
"29073","M3","C4620083","7","284","C4620083 M3","tmt",0.264331754838349,"284 tmt","7 tmt"
"29074","M3","C4620083","7","285","C4620083 M3","tmt",0.260554009927777,"285 tmt","7 tmt"
"29075","M3","C4620083","7","286","C4620083 M3","tmt",0.255293360702037,"286 tmt","7 tmt"
"29076","M3","C4620083","7","287","C4620083 M3","tmt",0.253794742443483,"287 tmt","7 tmt"
"29077","M3","C4620083","7","288","C4620083 M3","tmt",0.253648306970956,"288 tmt","7 tmt"
"29078","M3","C4620083","7","289","C4620083 M3","tmt",0.252663828253721,"289 tmt","7 tmt"
"29079","M3","C4620083","7","290","C4620083 M3","tmt",0.251515669064008,"290 tmt","7 tmt"
"29080","M3","C4620083","7","291","C4620083 M3","tmt",0.251296133852866,"291 tmt","7 tmt"
"29081","M3","C4620083","7","292","C4620083 M3","tmt",0.250570137825741,"292 tmt","7 tmt"
"29082","M3","C4620083","7","293","C4620083 M3","tmt",0.248299390761618,"293 tmt","7 tmt"
"29083","M3","C4620083","7","294","C4620083 M3","tmt",0.248217410675185,"294 tmt","7 tmt"
"29084","M3","C4620083","7","295","C4620083 M3","tmt",0.247469417444869,"295 tmt","7 tmt"
"29085","M3","C4620083","7","296","C4620083 M3","tmt",0.242936167824971,"296 tmt","7 tmt"
"29086","M3","C4620083","7","297","C4620083 M3","tmt",0.231635760918698,"297 tmt","7 tmt"
"29087","M3","C4620083","7","298","C4620083 M3","tmt",0.231311168702624,"298 tmt","7 tmt"
"29088","M3","C4620083","7","299","C4620083 M3","tmt",0.231098055785931,"299 tmt","7 tmt"
"29089","M3","C4620083","7","300","C4620083 M3","tmt",0.229000046751792,"300 tmt","7 tmt"
"29090","M3","C4620083","7","301","C4620083 M3","tmt",0.224804357962046,"301 tmt","7 tmt"
"29091","M3","C4620083","7","302","C4620083 M3","tmt",0.224540235539884,"302 tmt","7 tmt"
"29092","M3","C4620083","7","303","C4620083 M3","tmt",0.211167142449641,"303 tmt","7 tmt"
"29093","M3","C4620083","7","304","C4620083 M3","tmt",0.206204501861132,"304 tmt","7 tmt"
"29094","M3","C4620083","7","305","C4620083 M3","tmt",0.199792768879928,"305 tmt","7 tmt"
"29095","M3","C4620083","7","306","C4620083 M3","tmt",0.19472357635585,"306 tmt","7 tmt"
"29096","M3","C4620083","7","307","C4620083 M3","tmt",0.182721331413206,"307 tmt","7 tmt"
"29097","M3","C4620083","7","308","C4620083 M3","tmt",0.172323830506999,"308 tmt","7 tmt"
"29098","M3","C4620083","7","309","C4620083 M3","tmt",0.161141240990672,"309 tmt","7 tmt"
"29099","M3","C4620083","7","310","C4620083 M3","tmt",0.140592546977396,"310 tmt","7 tmt"
"29100","M3","C4620083","7","311","C4620083 M3","tmt",0.127109946757846,"311 tmt","7 tmt"
"29101","M3","C4620083","7","312","C4620083 M3","tmt",0.125230172697546,"312 tmt","7 tmt"
"29102","M3","C4620083","7","313","C4620083 M3","tmt",0.113450461655048,"313 tmt","7 tmt"
"29103","M3","C4620083","7","314","C4620083 M3","tmt",0.0932765342100374,"314 tmt","7 tmt"
"29104","M3","C4620083","7","315","C4620083 M3","tmt",0.0535299304120886,"315 tmt","7 tmt"
"29105","M3","C4620083","7","316","C4620083 M3","tmt",0.0452702051315662,"316 tmt","7 tmt"
"29106","M3","C4620083","7","317","C4620083 M3","tmt",0.037817561106717,"317 tmt","7 tmt"
"29107","M3","C4620083","7","318","C4620083 M3","tmt",0.0186896453882784,"318 tmt","7 tmt"
"29108","M3","C4620083","7","319","C4620083 M3","tmt",0.00293891913939381,"319 tmt","7 tmt"
"29109","M3","C4620083","7","320","C4620083 M3","tmt",0.00128174128727216,"320 tmt","7 tmt"
"29110","M3","C4620083","7","321","C4620083 M3","tmt",0.00117956055505264,"321 tmt","7 tmt"
"29111","M3","C4620083","7","322","C4620083 M3","tmt",-0.0196226009299894,"322 tmt","7 tmt"
"29112","M3","C4620083","7","323","C4620083 M3","tmt",-0.0446912789420571,"323 tmt","7 tmt"
"29113","M3","C4620083","7","324","C4620083 M3","tmt",-0.059521473452477,"324 tmt","7 tmt"
"29114","M3","C4620083","7","325","C4620083 M3","tmt",-0.0623342637291225,"325 tmt","7 tmt"
"29115","M3","C4620083","7","326","C4620083 M3","tmt",-0.108160927810507,"326 tmt","7 tmt"
"29116","M3","C4620083","7","327","C4620083 M3","tmt",-0.140491719432098,"327 tmt","7 tmt"
"29117","M4","C4620083","7","0","C4620083 M4","tmt",0.107455694002725,"0 tmt","7 tmt"
"29118","M4","C4620083","7","1","C4620083 M4","tmt",0.102247307461459,"1 tmt","7 tmt"
"29119","M4","C4620083","7","2","C4620083 M4","tmt",0.0966578521464722,"2 tmt","7 tmt"
"29120","M4","C4620083","7","3","C4620083 M4","tmt",0.0953929008985154,"3 tmt","7 tmt"
"29121","M4","C4620083","7","4","C4620083 M4","tmt",0.0949813336614409,"4 tmt","7 tmt"
"29122","M4","C4620083","7","5","C4620083 M4","tmt",0.0861798935166292,"5 tmt","7 tmt"
"29123","M4","C4620083","7","6","C4620083 M4","tmt",0.0851594722940382,"6 tmt","7 tmt"
"29124","M4","C4620083","7","7","C4620083 M4","tmt",0.0849504821675206,"7 tmt","7 tmt"
"29125","M4","C4620083","7","8","C4620083 M4","tmt",0.0841249201942145,"8 tmt","7 tmt"
"29126","M4","C4620083","7","9","C4620083 M4","tmt",0.0837311551712234,"9 tmt","7 tmt"
"29127","M4","C4620083","7","10","C4620083 M4","tmt",0.0826260336487128,"10 tmt","7 tmt"
"29128","M4","C4620083","7","11","C4620083 M4","tmt",0.0805524010593393,"11 tmt","7 tmt"
"29129","M4","C4620083","7","12","C4620083 M4","tmt",0.0779569839729648,"12 tmt","7 tmt"
"29130","M4","C4620083","7","13","C4620083 M4","tmt",0.0764409999991228,"13 tmt","7 tmt"
"29131","M4","C4620083","7","14","C4620083 M4","tmt",0.0752476332611794,"14 tmt","7 tmt"
"29132","M4","C4620083","7","15","C4620083 M4","tmt",0.074995040459253,"15 tmt","7 tmt"
"29133","M4","C4620083","7","16","C4620083 M4","tmt",0.0746092625001116,"16 tmt","7 tmt"
"29134","M4","C4620083","7","17","C4620083 M4","tmt",0.0744785520315455,"17 tmt","7 tmt"
"29135","M4","C4620083","7","18","C4620083 M4","tmt",0.074217161395086,"18 tmt","7 tmt"
"29136","M4","C4620083","7","19","C4620083 M4","tmt",0.0740466432813377,"19 tmt","7 tmt"
"29137","M4","C4620083","7","20","C4620083 M4","tmt",0.0738732646171024,"20 tmt","7 tmt"
"29138","M4","C4620083","7","21","C4620083 M4","tmt",0.0735208642754948,"21 tmt","7 tmt"
"29139","M4","C4620083","7","22","C4620083 M4","tmt",0.0731668118808674,"22 tmt","7 tmt"
"29140","M4","C4620083","7","23","C4620083 M4","tmt",0.0731653686760846,"23 tmt","7 tmt"
"29141","M4","C4620083","7","24","C4620083 M4","tmt",0.0727116846919099,"24 tmt","7 tmt"
"29142","M4","C4620083","7","25","C4620083 M4","tmt",0.072685728944412,"25 tmt","7 tmt"
"29143","M4","C4620083","7","26","C4620083 M4","tmt",0.0726090045411023,"26 tmt","7 tmt"
"29144","M4","C4620083","7","27","C4620083 M4","tmt",0.0725262241475678,"27 tmt","7 tmt"
"29145","M4","C4620083","7","28","C4620083 M4","tmt",0.0719935013345776,"28 tmt","7 tmt"
"29146","M4","C4620083","7","29","C4620083 M4","tmt",0.070722472984524,"29 tmt","7 tmt"
"29147","M4","C4620083","7","30","C4620083 M4","tmt",0.0699626831965231,"30 tmt","7 tmt"
"29148","M4","C4620083","7","31","C4620083 M4","tmt",0.0697991753482097,"31 tmt","7 tmt"
"29149","M4","C4620083","7","32","C4620083 M4","tmt",0.069456893792113,"32 tmt","7 tmt"
"29150","M4","C4620083","7","33","C4620083 M4","tmt",0.0693464937915767,"33 tmt","7 tmt"
"29151","M4","C4620083","7","34","C4620083 M4","tmt",0.0693210274369077,"34 tmt","7 tmt"
"29152","M4","C4620083","7","35","C4620083 M4","tmt",0.0692965497924283,"35 tmt","7 tmt"
"29153","M4","C4620083","7","36","C4620083 M4","tmt",0.0692858274262244,"36 tmt","7 tmt"
"29154","M4","C4620083","7","37","C4620083 M4","tmt",0.0692460307331685,"37 tmt","7 tmt"
"29155","M4","C4620083","7","38","C4620083 M4","tmt",0.0690278183736995,"38 tmt","7 tmt"
"29156","M4","C4620083","7","39","C4620083 M4","tmt",0.0685872530385473,"39 tmt","7 tmt"
"29157","M4","C4620083","7","40","C4620083 M4","tmt",0.0672099956205082,"40 tmt","7 tmt"
"29158","M4","C4620083","7","41","C4620083 M4","tmt",0.0671213704386832,"41 tmt","7 tmt"
"29159","M4","C4620083","7","42","C4620083 M4","tmt",0.0663189749366875,"42 tmt","7 tmt"
"29160","M4","C4620083","7","43","C4620083 M4","tmt",0.0660526046221213,"43 tmt","7 tmt"
"29161","M4","C4620083","7","44","C4620083 M4","tmt",0.0654511900343444,"44 tmt","7 tmt"
"29162","M4","C4620083","7","45","C4620083 M4","tmt",0.0647963893009342,"45 tmt","7 tmt"
"29163","M4","C4620083","7","46","C4620083 M4","tmt",0.064511150831834,"46 tmt","7 tmt"
"29164","M4","C4620083","7","47","C4620083 M4","tmt",0.062749515080159,"47 tmt","7 tmt"
"29165","M4","C4620083","7","48","C4620083 M4","tmt",0.0626583905144851,"48 tmt","7 tmt"
"29166","M4","C4620083","7","49","C4620083 M4","tmt",0.0625629085471922,"49 tmt","7 tmt"
"29167","M4","C4620083","7","50","C4620083 M4","tmt",0.062041721276375,"50 tmt","7 tmt"
"29168","M4","C4620083","7","51","C4620083 M4","tmt",0.0614872314039648,"51 tmt","7 tmt"
"29169","M4","C4620083","7","52","C4620083 M4","tmt",0.0613215869886736,"52 tmt","7 tmt"
"29170","M4","C4620083","7","53","C4620083 M4","tmt",0.0594476992944532,"53 tmt","7 tmt"
"29171","M4","C4620083","7","54","C4620083 M4","tmt",0.0591920114251838,"54 tmt","7 tmt"
"29172","M4","C4620083","7","55","C4620083 M4","tmt",0.0589307862686202,"55 tmt","7 tmt"
"29173","M4","C4620083","7","56","C4620083 M4","tmt",0.0586078063711102,"56 tmt","7 tmt"
"29174","M4","C4620083","7","57","C4620083 M4","tmt",0.0582384465245215,"57 tmt","7 tmt"
"29175","M4","C4620083","7","58","C4620083 M4","tmt",0.058165613894504,"58 tmt","7 tmt"
"29176","M4","C4620083","7","59","C4620083 M4","tmt",0.0579651732518891,"59 tmt","7 tmt"
"29177","M4","C4620083","7","60","C4620083 M4","tmt",0.0573288773000493,"60 tmt","7 tmt"
"29178","M4","C4620083","7","61","C4620083 M4","tmt",0.0572520428540434,"61 tmt","7 tmt"
"29179","M4","C4620083","7","62","C4620083 M4","tmt",0.0565555547136441,"62 tmt","7 tmt"
"29180","M4","C4620083","7","63","C4620083 M4","tmt",0.0562700127810542,"63 tmt","7 tmt"
"29181","M4","C4620083","7","64","C4620083 M4","tmt",0.0556193003147766,"64 tmt","7 tmt"
"29182","M4","C4620083","7","65","C4620083 M4","tmt",0.0555770946192068,"65 tmt","7 tmt"
"29183","M4","C4620083","7","66","C4620083 M4","tmt",0.0555663701585589,"66 tmt","7 tmt"
"29184","M4","C4620083","7","67","C4620083 M4","tmt",0.0552434876334493,"67 tmt","7 tmt"
"29185","M4","C4620083","7","68","C4620083 M4","tmt",0.0551926233284733,"68 tmt","7 tmt"
"29186","M4","C4620083","7","69","C4620083 M4","tmt",0.0548665692445181,"69 tmt","7 tmt"
"29187","M4","C4620083","7","70","C4620083 M4","tmt",0.0548498795317486,"70 tmt","7 tmt"
"29188","M4","C4620083","7","71","C4620083 M4","tmt",0.0544517098906446,"71 tmt","7 tmt"
"29189","M4","C4620083","7","72","C4620083 M4","tmt",0.0544460171991236,"72 tmt","7 tmt"
"29190","M4","C4620083","7","73","C4620083 M4","tmt",0.0539597201669945,"73 tmt","7 tmt"
"29191","M4","C4620083","7","74","C4620083 M4","tmt",0.0536836492232294,"74 tmt","7 tmt"
"29192","M4","C4620083","7","75","C4620083 M4","tmt",0.0536497508807853,"75 tmt","7 tmt"
"29193","M4","C4620083","7","76","C4620083 M4","tmt",0.0530953026450489,"76 tmt","7 tmt"
"29194","M4","C4620083","7","77","C4620083 M4","tmt",0.0528233647008848,"77 tmt","7 tmt"
"29195","M4","C4620083","7","78","C4620083 M4","tmt",0.0525828536690809,"78 tmt","7 tmt"
"29196","M4","C4620083","7","79","C4620083 M4","tmt",0.0524038097495358,"79 tmt","7 tmt"
"29197","M4","C4620083","7","80","C4620083 M4","tmt",0.0522635766236662,"80 tmt","7 tmt"
"29198","M4","C4620083","7","81","C4620083 M4","tmt",0.0520201819663781,"81 tmt","7 tmt"
"29199","M4","C4620083","7","82","C4620083 M4","tmt",0.0518549006117728,"82 tmt","7 tmt"
"29200","M4","C4620083","7","83","C4620083 M4","tmt",0.0516637391732259,"83 tmt","7 tmt"
"29201","M4","C4620083","7","84","C4620083 M4","tmt",0.051400320827437,"84 tmt","7 tmt"
"29202","M4","C4620083","7","85","C4620083 M4","tmt",0.0513885337451124,"85 tmt","7 tmt"
"29203","M4","C4620083","7","86","C4620083 M4","tmt",0.0508836882624533,"86 tmt","7 tmt"
"29204","M4","C4620083","7","87","C4620083 M4","tmt",0.050879372445419,"87 tmt","7 tmt"
"29205","M4","C4620083","7","88","C4620083 M4","tmt",0.0505593142376781,"88 tmt","7 tmt"
"29206","M4","C4620083","7","89","C4620083 M4","tmt",0.0503060353151287,"89 tmt","7 tmt"
"29207","M4","C4620083","7","90","C4620083 M4","tmt",0.0502215408407818,"90 tmt","7 tmt"
"29208","M4","C4620083","7","91","C4620083 M4","tmt",0.0500326054267327,"91 tmt","7 tmt"
"29209","M4","C4620083","7","92","C4620083 M4","tmt",0.0499818299366943,"92 tmt","7 tmt"
"29210","M4","C4620083","7","93","C4620083 M4","tmt",0.0499257022579411,"93 tmt","7 tmt"
"29211","M4","C4620083","7","94","C4620083 M4","tmt",0.0499010223313833,"94 tmt","7 tmt"
"29212","M4","C4620083","7","95","C4620083 M4","tmt",0.0498212806913555,"95 tmt","7 tmt"
"29213","M4","C4620083","7","96","C4620083 M4","tmt",0.0497956342693541,"96 tmt","7 tmt"
"29214","M4","C4620083","7","97","C4620083 M4","tmt",0.0495975020719672,"97 tmt","7 tmt"
"29215","M4","C4620083","7","98","C4620083 M4","tmt",0.0495277836354462,"98 tmt","7 tmt"
"29216","M4","C4620083","7","99","C4620083 M4","tmt",0.0491396349064297,"99 tmt","7 tmt"
"29217","M4","C4620083","7","100","C4620083 M4","tmt",0.0491193743344718,"100 tmt","7 tmt"
"29218","M4","C4620083","7","101","C4620083 M4","tmt",0.048987306846429,"101 tmt","7 tmt"
"29219","M4","C4620083","7","102","C4620083 M4","tmt",0.0489661768974692,"102 tmt","7 tmt"
"29220","M4","C4620083","7","103","C4620083 M4","tmt",0.0487990470272745,"103 tmt","7 tmt"
"29221","M4","C4620083","7","104","C4620083 M4","tmt",0.0487048716442317,"104 tmt","7 tmt"
"29222","M4","C4620083","7","105","C4620083 M4","tmt",0.0486723219214886,"105 tmt","7 tmt"
"29223","M4","C4620083","7","106","C4620083 M4","tmt",0.0485131200180334,"106 tmt","7 tmt"
"29224","M4","C4620083","7","107","C4620083 M4","tmt",0.0483519783110481,"107 tmt","7 tmt"
"29225","M4","C4620083","7","108","C4620083 M4","tmt",0.0483025303249103,"108 tmt","7 tmt"
"29226","M4","C4620083","7","109","C4620083 M4","tmt",0.0468176809976749,"109 tmt","7 tmt"
"29227","M4","C4620083","7","110","C4620083 M4","tmt",0.0467684932833144,"110 tmt","7 tmt"
"29228","M4","C4620083","7","111","C4620083 M4","tmt",0.046600558374901,"111 tmt","7 tmt"
"29229","M4","C4620083","7","112","C4620083 M4","tmt",0.0465885779872224,"112 tmt","7 tmt"
"29230","M4","C4620083","7","113","C4620083 M4","tmt",0.0464570033026488,"113 tmt","7 tmt"
"29231","M4","C4620083","7","114","C4620083 M4","tmt",0.0463643724036537,"114 tmt","7 tmt"
"29232","M4","C4620083","7","115","C4620083 M4","tmt",0.0459192788448628,"115 tmt","7 tmt"
"29233","M4","C4620083","7","116","C4620083 M4","tmt",0.0459189084584161,"116 tmt","7 tmt"
"29234","M4","C4620083","7","117","C4620083 M4","tmt",0.045906439975076,"117 tmt","7 tmt"
"29235","M4","C4620083","7","118","C4620083 M4","tmt",0.0458773253016247,"118 tmt","7 tmt"
"29236","M4","C4620083","7","119","C4620083 M4","tmt",0.045585043266887,"119 tmt","7 tmt"
"29237","M4","C4620083","7","120","C4620083 M4","tmt",0.0455820359081855,"120 tmt","7 tmt"
"29238","M4","C4620083","7","121","C4620083 M4","tmt",0.0453104879089772,"121 tmt","7 tmt"
"29239","M4","C4620083","7","122","C4620083 M4","tmt",0.0451345104635463,"122 tmt","7 tmt"
"29240","M4","C4620083","7","123","C4620083 M4","tmt",0.0448323723035341,"123 tmt","7 tmt"
"29241","M4","C4620083","7","124","C4620083 M4","tmt",0.0446027202835272,"124 tmt","7 tmt"
"29242","M4","C4620083","7","125","C4620083 M4","tmt",0.0445007232571597,"125 tmt","7 tmt"
"29243","M4","C4620083","7","126","C4620083 M4","tmt",0.0431454510871416,"126 tmt","7 tmt"
"29244","M4","C4620083","7","127","C4620083 M4","tmt",0.0430549268588562,"127 tmt","7 tmt"
"29245","M4","C4620083","7","128","C4620083 M4","tmt",0.0429495257535781,"128 tmt","7 tmt"
"29246","M4","C4620083","7","129","C4620083 M4","tmt",0.0429063560945706,"129 tmt","7 tmt"
"29247","M4","C4620083","7","130","C4620083 M4","tmt",0.0425643350067411,"130 tmt","7 tmt"
"29248","M4","C4620083","7","131","C4620083 M4","tmt",0.0421220431726015,"131 tmt","7 tmt"
"29249","M4","C4620083","7","132","C4620083 M4","tmt",0.0420664843327176,"132 tmt","7 tmt"
"29250","M4","C4620083","7","133","C4620083 M4","tmt",0.0408700760886936,"133 tmt","7 tmt"
"29251","M4","C4620083","7","134","C4620083 M4","tmt",0.0404884425101699,"134 tmt","7 tmt"
"29252","M4","C4620083","7","135","C4620083 M4","tmt",0.0401658901431673,"135 tmt","7 tmt"
"29253","M4","C4620083","7","136","C4620083 M4","tmt",0.0400727178793202,"136 tmt","7 tmt"
"29254","M4","C4620083","7","137","C4620083 M4","tmt",0.0399766562055917,"137 tmt","7 tmt"
"29255","M4","C4620083","7","138","C4620083 M4","tmt",0.0396683391267707,"138 tmt","7 tmt"
"29256","M4","C4620083","7","139","C4620083 M4","tmt",0.0396669403828137,"139 tmt","7 tmt"
"29257","M4","C4620083","7","140","C4620083 M4","tmt",0.0394949192179286,"140 tmt","7 tmt"
"29258","M4","C4620083","7","141","C4620083 M4","tmt",0.0386933521813233,"141 tmt","7 tmt"
"29259","M4","C4620083","7","142","C4620083 M4","tmt",0.038525358710292,"142 tmt","7 tmt"
"29260","M4","C4620083","7","143","C4620083 M4","tmt",0.0381028797063418,"143 tmt","7 tmt"
"29261","M4","C4620083","7","144","C4620083 M4","tmt",0.0380480657449124,"144 tmt","7 tmt"
"29262","M4","C4620083","7","145","C4620083 M4","tmt",0.0380060842792967,"145 tmt","7 tmt"
"29263","M4","C4620083","7","146","C4620083 M4","tmt",0.0379666732700712,"146 tmt","7 tmt"
"29264","M4","C4620083","7","147","C4620083 M4","tmt",0.0378833469534924,"147 tmt","7 tmt"
"29265","M4","C4620083","7","148","C4620083 M4","tmt",0.0378566796586534,"148 tmt","7 tmt"
"29266","M4","C4620083","7","149","C4620083 M4","tmt",0.0376369130087129,"149 tmt","7 tmt"
"29267","M4","C4620083","7","150","C4620083 M4","tmt",0.037361213118956,"150 tmt","7 tmt"
"29268","M4","C4620083","7","151","C4620083 M4","tmt",0.0363397061925215,"151 tmt","7 tmt"
"29269","M4","C4620083","7","152","C4620083 M4","tmt",0.036257324862343,"152 tmt","7 tmt"
"29270","M4","C4620083","7","153","C4620083 M4","tmt",0.0361884280511689,"153 tmt","7 tmt"
"29271","M4","C4620083","7","154","C4620083 M4","tmt",0.0361385175120159,"154 tmt","7 tmt"
"29272","M4","C4620083","7","155","C4620083 M4","tmt",0.0360995381945202,"155 tmt","7 tmt"
"29273","M4","C4620083","7","156","C4620083 M4","tmt",0.0360484600036411,"156 tmt","7 tmt"
"29274","M4","C4620083","7","157","C4620083 M4","tmt",0.035898933953114,"157 tmt","7 tmt"
"29275","M4","C4620083","7","158","C4620083 M4","tmt",0.0356005551600835,"158 tmt","7 tmt"
"29276","M4","C4620083","7","159","C4620083 M4","tmt",0.0355512077316835,"159 tmt","7 tmt"
"29277","M4","C4620083","7","160","C4620083 M4","tmt",0.0354408534141603,"160 tmt","7 tmt"
"29278","M4","C4620083","7","161","C4620083 M4","tmt",0.035062986018394,"161 tmt","7 tmt"
"29279","M4","C4620083","7","162","C4620083 M4","tmt",0.0347236253597283,"162 tmt","7 tmt"
"29280","M4","C4620083","7","163","C4620083 M4","tmt",0.0340188573688945,"163 tmt","7 tmt"
"29281","M4","C4620083","7","164","C4620083 M4","tmt",0.0339830425638189,"164 tmt","7 tmt"
"29282","M4","C4620083","7","165","C4620083 M4","tmt",0.0338036026342037,"165 tmt","7 tmt"
"29283","M4","C4620083","7","166","C4620083 M4","tmt",0.0337636037475526,"166 tmt","7 tmt"
"29284","M4","C4620083","7","167","C4620083 M4","tmt",0.0336793767413659,"167 tmt","7 tmt"
"29285","M4","C4620083","7","168","C4620083 M4","tmt",0.033489071254262,"168 tmt","7 tmt"
"29286","M4","C4620083","7","169","C4620083 M4","tmt",0.0334864529125901,"169 tmt","7 tmt"
"29287","M4","C4620083","7","170","C4620083 M4","tmt",0.0334083530698461,"170 tmt","7 tmt"
"29288","M4","C4620083","7","171","C4620083 M4","tmt",0.0331411058905257,"171 tmt","7 tmt"
"29289","M4","C4620083","7","172","C4620083 M4","tmt",0.0330192320276374,"172 tmt","7 tmt"
"29290","M4","C4620083","7","173","C4620083 M4","tmt",0.0327928715838739,"173 tmt","7 tmt"
"29291","M4","C4620083","7","174","C4620083 M4","tmt",0.0327844385432041,"174 tmt","7 tmt"
"29292","M4","C4620083","7","175","C4620083 M4","tmt",0.0327528101348476,"175 tmt","7 tmt"
"29293","M4","C4620083","7","176","C4620083 M4","tmt",0.0325601645894992,"176 tmt","7 tmt"
"29294","M4","C4620083","7","177","C4620083 M4","tmt",0.0325585114331539,"177 tmt","7 tmt"
"29295","M4","C4620083","7","178","C4620083 M4","tmt",0.0324490797925709,"178 tmt","7 tmt"
"29296","M4","C4620083","7","179","C4620083 M4","tmt",0.0324052176112843,"179 tmt","7 tmt"
"29297","M4","C4620083","7","180","C4620083 M4","tmt",0.0320315717400759,"180 tmt","7 tmt"
"29298","M4","C4620083","7","181","C4620083 M4","tmt",0.0319827528238853,"181 tmt","7 tmt"
"29299","M4","C4620083","7","182","C4620083 M4","tmt",0.0319511788543159,"182 tmt","7 tmt"
"29300","M4","C4620083","7","183","C4620083 M4","tmt",0.0319424160148156,"183 tmt","7 tmt"
"29301","M4","C4620083","7","184","C4620083 M4","tmt",0.0319277971579463,"184 tmt","7 tmt"
"29302","M4","C4620083","7","185","C4620083 M4","tmt",0.0318614135940235,"185 tmt","7 tmt"
"29303","M4","C4620083","7","186","C4620083 M4","tmt",0.0314978834848801,"186 tmt","7 tmt"
"29304","M4","C4620083","7","187","C4620083 M4","tmt",0.0314567555799803,"187 tmt","7 tmt"
"29305","M4","C4620083","7","188","C4620083 M4","tmt",0.0311439335539304,"188 tmt","7 tmt"
"29306","M4","C4620083","7","189","C4620083 M4","tmt",0.031012501900408,"189 tmt","7 tmt"
"29307","M4","C4620083","7","190","C4620083 M4","tmt",0.0307784710158315,"190 tmt","7 tmt"
"29308","M4","C4620083","7","191","C4620083 M4","tmt",0.0304921238944682,"191 tmt","7 tmt"
"29309","M4","C4620083","7","192","C4620083 M4","tmt",0.0303630485401633,"192 tmt","7 tmt"
"29310","M4","C4620083","7","193","C4620083 M4","tmt",0.0301401138842782,"193 tmt","7 tmt"
"29311","M4","C4620083","7","194","C4620083 M4","tmt",0.0300943455148074,"194 tmt","7 tmt"
"29312","M4","C4620083","7","195","C4620083 M4","tmt",0.0296984805259439,"195 tmt","7 tmt"
"29313","M4","C4620083","7","196","C4620083 M4","tmt",0.0296862609245748,"196 tmt","7 tmt"
"29314","M4","C4620083","7","197","C4620083 M4","tmt",0.0292918587656233,"197 tmt","7 tmt"
"29315","M4","C4620083","7","198","C4620083 M4","tmt",0.0291641262128897,"198 tmt","7 tmt"
"29316","M4","C4620083","7","199","C4620083 M4","tmt",0.0288201018926425,"199 tmt","7 tmt"
"29317","M4","C4620083","7","200","C4620083 M4","tmt",0.0287416292738049,"200 tmt","7 tmt"
"29318","M4","C4620083","7","201","C4620083 M4","tmt",0.0284081954500151,"201 tmt","7 tmt"
"29319","M4","C4620083","7","202","C4620083 M4","tmt",0.0281305458468031,"202 tmt","7 tmt"
"29320","M4","C4620083","7","203","C4620083 M4","tmt",0.027843614737584,"203 tmt","7 tmt"
"29321","M4","C4620083","7","204","C4620083 M4","tmt",0.0277065489558018,"204 tmt","7 tmt"
"29322","M4","C4620083","7","205","C4620083 M4","tmt",0.0274422072592198,"205 tmt","7 tmt"
"29323","M4","C4620083","7","206","C4620083 M4","tmt",0.0273066216017293,"206 tmt","7 tmt"
"29324","M4","C4620083","7","207","C4620083 M4","tmt",0.0263173164526233,"207 tmt","7 tmt"
"29325","M4","C4620083","7","208","C4620083 M4","tmt",0.0262482669141747,"208 tmt","7 tmt"
"29326","M4","C4620083","7","209","C4620083 M4","tmt",0.0262281947342465,"209 tmt","7 tmt"
"29327","M4","C4620083","7","210","C4620083 M4","tmt",0.0262114537831728,"210 tmt","7 tmt"
"29328","M4","C4620083","7","211","C4620083 M4","tmt",0.0261844122721026,"211 tmt","7 tmt"
"29329","M4","C4620083","7","212","C4620083 M4","tmt",0.0258378441992002,"212 tmt","7 tmt"
"29330","M4","C4620083","7","213","C4620083 M4","tmt",0.0258025160662099,"213 tmt","7 tmt"
"29331","M4","C4620083","7","214","C4620083 M4","tmt",0.0256035643983526,"214 tmt","7 tmt"
"29332","M4","C4620083","7","215","C4620083 M4","tmt",0.025326657965979,"215 tmt","7 tmt"
"29333","M4","C4620083","7","216","C4620083 M4","tmt",0.025105250775743,"216 tmt","7 tmt"
"29334","M4","C4620083","7","217","C4620083 M4","tmt",0.024949223403756,"217 tmt","7 tmt"
"29335","M4","C4620083","7","218","C4620083 M4","tmt",0.0248796358866847,"218 tmt","7 tmt"
"29336","M4","C4620083","7","219","C4620083 M4","tmt",0.0247539357611589,"219 tmt","7 tmt"
"29337","M4","C4620083","7","220","C4620083 M4","tmt",0.02453912772059,"220 tmt","7 tmt"
"29338","M4","C4620083","7","221","C4620083 M4","tmt",0.024390968394086,"221 tmt","7 tmt"
"29339","M4","C4620083","7","222","C4620083 M4","tmt",0.0242212010804845,"222 tmt","7 tmt"
"29340","M4","C4620083","7","223","C4620083 M4","tmt",0.0241781040959846,"223 tmt","7 tmt"
"29341","M4","C4620083","7","224","C4620083 M4","tmt",0.0240092261158835,"224 tmt","7 tmt"
"29342","M4","C4620083","7","225","C4620083 M4","tmt",0.0239003865519032,"225 tmt","7 tmt"
"29343","M4","C4620083","7","226","C4620083 M4","tmt",0.0238688008167625,"226 tmt","7 tmt"
"29344","M4","C4620083","7","227","C4620083 M4","tmt",0.0233232497008802,"227 tmt","7 tmt"
"29345","M4","C4620083","7","228","C4620083 M4","tmt",0.02317459914403,"228 tmt","7 tmt"
"29346","M4","C4620083","7","229","C4620083 M4","tmt",0.0231357161850009,"229 tmt","7 tmt"
"29347","M4","C4620083","7","230","C4620083 M4","tmt",0.0231301301347932,"230 tmt","7 tmt"
"29348","M4","C4620083","7","231","C4620083 M4","tmt",0.0230088288776009,"231 tmt","7 tmt"
"29349","M4","C4620083","7","232","C4620083 M4","tmt",0.0229149643257506,"232 tmt","7 tmt"
"29350","M4","C4620083","7","233","C4620083 M4","tmt",0.0226569267845874,"233 tmt","7 tmt"
"29351","M4","C4620083","7","234","C4620083 M4","tmt",0.0224192498622968,"234 tmt","7 tmt"
"29352","M4","C4620083","7","235","C4620083 M4","tmt",0.0223295099556481,"235 tmt","7 tmt"
"29353","M4","C4620083","7","236","C4620083 M4","tmt",0.021935002126223,"236 tmt","7 tmt"
"29354","M4","C4620083","7","237","C4620083 M4","tmt",0.0218320572078335,"237 tmt","7 tmt"
"29355","M4","C4620083","7","238","C4620083 M4","tmt",0.0215946316112628,"238 tmt","7 tmt"
"29356","M4","C4620083","7","239","C4620083 M4","tmt",0.0214211370109549,"239 tmt","7 tmt"
"29357","M4","C4620083","7","240","C4620083 M4","tmt",0.0214154795974049,"240 tmt","7 tmt"
"29358","M4","C4620083","7","241","C4620083 M4","tmt",0.0211825785973391,"241 tmt","7 tmt"
"29359","M4","C4620083","7","242","C4620083 M4","tmt",0.0209079896995317,"242 tmt","7 tmt"
"29360","M4","C4620083","7","243","C4620083 M4","tmt",0.0205487275782876,"243 tmt","7 tmt"
"29361","M4","C4620083","7","244","C4620083 M4","tmt",0.0204093656139307,"244 tmt","7 tmt"
"29362","M4","C4620083","7","245","C4620083 M4","tmt",0.0201689763152713,"245 tmt","7 tmt"
"29363","M4","C4620083","7","246","C4620083 M4","tmt",0.0201520012758646,"246 tmt","7 tmt"
"29364","M4","C4620083","7","247","C4620083 M4","tmt",0.0196845269062168,"247 tmt","7 tmt"
"29365","M4","C4620083","7","248","C4620083 M4","tmt",0.0196224242856951,"248 tmt","7 tmt"
"29366","M4","C4620083","7","249","C4620083 M4","tmt",0.0194204795185463,"249 tmt","7 tmt"
"29367","M4","C4620083","7","250","C4620083 M4","tmt",0.0194065632076287,"250 tmt","7 tmt"
"29368","M4","C4620083","7","251","C4620083 M4","tmt",0.0191255752826973,"251 tmt","7 tmt"
"29369","M4","C4620083","7","252","C4620083 M4","tmt",0.0188492066450564,"252 tmt","7 tmt"
"29370","M4","C4620083","7","253","C4620083 M4","tmt",0.0186010019157588,"253 tmt","7 tmt"
"29371","M4","C4620083","7","254","C4620083 M4","tmt",0.0184134955088263,"254 tmt","7 tmt"
"29372","M4","C4620083","7","255","C4620083 M4","tmt",0.0183954435372564,"255 tmt","7 tmt"
"29373","M4","C4620083","7","256","C4620083 M4","tmt",0.0181156632344688,"256 tmt","7 tmt"
"29374","M4","C4620083","7","257","C4620083 M4","tmt",0.0180832729496872,"257 tmt","7 tmt"
"29375","M4","C4620083","7","258","C4620083 M4","tmt",0.0178542406856724,"258 tmt","7 tmt"
"29376","M4","C4620083","7","259","C4620083 M4","tmt",0.0177463236463098,"259 tmt","7 tmt"
"29377","M4","C4620083","7","260","C4620083 M4","tmt",0.0176512321940726,"260 tmt","7 tmt"
"29378","M4","C4620083","7","261","C4620083 M4","tmt",0.0175611256984978,"261 tmt","7 tmt"
"29379","M4","C4620083","7","262","C4620083 M4","tmt",0.0174577437906528,"262 tmt","7 tmt"
"29380","M4","C4620083","7","263","C4620083 M4","tmt",0.017261716826112,"263 tmt","7 tmt"
"29381","M4","C4620083","7","264","C4620083 M4","tmt",0.0172478728407031,"264 tmt","7 tmt"
"29382","M4","C4620083","7","265","C4620083 M4","tmt",0.0172142272283491,"265 tmt","7 tmt"
"29383","M4","C4620083","7","266","C4620083 M4","tmt",0.0171912118451846,"266 tmt","7 tmt"
"29384","M4","C4620083","7","267","C4620083 M4","tmt",0.0169533168207902,"267 tmt","7 tmt"
"29385","M4","C4620083","7","268","C4620083 M4","tmt",0.0169149845146145,"268 tmt","7 tmt"
"29386","M4","C4620083","7","269","C4620083 M4","tmt",0.0169144739637565,"269 tmt","7 tmt"
"29387","M4","C4620083","7","270","C4620083 M4","tmt",0.0168835556296101,"270 tmt","7 tmt"
"29388","M4","C4620083","7","271","C4620083 M4","tmt",0.0168586500770043,"271 tmt","7 tmt"
"29389","M4","C4620083","7","272","C4620083 M4","tmt",0.0167063683362203,"272 tmt","7 tmt"
"29390","M4","C4620083","7","273","C4620083 M4","tmt",0.0165410658067972,"273 tmt","7 tmt"
"29391","M4","C4620083","7","274","C4620083 M4","tmt",0.0162903728841974,"274 tmt","7 tmt"
"29392","M4","C4620083","7","275","C4620083 M4","tmt",0.0162023602322815,"275 tmt","7 tmt"
"29393","M4","C4620083","7","276","C4620083 M4","tmt",0.0159384684095155,"276 tmt","7 tmt"
"29394","M4","C4620083","7","277","C4620083 M4","tmt",0.0158790805261539,"277 tmt","7 tmt"
"29395","M4","C4620083","7","278","C4620083 M4","tmt",0.0153779019339576,"278 tmt","7 tmt"
"29396","M4","C4620083","7","279","C4620083 M4","tmt",0.0148391828856554,"279 tmt","7 tmt"
"29397","M4","C4620083","7","280","C4620083 M4","tmt",0.0146281866886766,"280 tmt","7 tmt"
"29398","M4","C4620083","7","281","C4620083 M4","tmt",0.0144770694730006,"281 tmt","7 tmt"
"29399","M4","C4620083","7","282","C4620083 M4","tmt",0.0137901774737217,"282 tmt","7 tmt"
"29400","M4","C4620083","7","283","C4620083 M4","tmt",0.0137029646606423,"283 tmt","7 tmt"
"29401","M4","C4620083","7","284","C4620083 M4","tmt",0.0136780382041884,"284 tmt","7 tmt"
"29402","M4","C4620083","7","285","C4620083 M4","tmt",0.013515667350361,"285 tmt","7 tmt"
"29403","M4","C4620083","7","286","C4620083 M4","tmt",0.0132024633363227,"286 tmt","7 tmt"
"29404","M4","C4620083","7","287","C4620083 M4","tmt",0.0130865001834984,"287 tmt","7 tmt"
"29405","M4","C4620083","7","288","C4620083 M4","tmt",0.0130706939553244,"288 tmt","7 tmt"
"29406","M4","C4620083","7","289","C4620083 M4","tmt",0.0130191062197035,"289 tmt","7 tmt"
"29407","M4","C4620083","7","290","C4620083 M4","tmt",0.0127817931736421,"290 tmt","7 tmt"
"29408","M4","C4620083","7","291","C4620083 M4","tmt",0.0127206953993429,"291 tmt","7 tmt"
"29409","M4","C4620083","7","292","C4620083 M4","tmt",0.012623475156848,"292 tmt","7 tmt"
"29410","M4","C4620083","7","293","C4620083 M4","tmt",0.0124813441586222,"293 tmt","7 tmt"
"29411","M4","C4620083","7","294","C4620083 M4","tmt",0.0121810739709594,"294 tmt","7 tmt"
"29412","M4","C4620083","7","295","C4620083 M4","tmt",0.0119050138541619,"295 tmt","7 tmt"
"29413","M4","C4620083","7","296","C4620083 M4","tmt",0.011781430111454,"296 tmt","7 tmt"
"29414","M4","C4620083","7","297","C4620083 M4","tmt",0.0115195992190459,"297 tmt","7 tmt"
"29415","M4","C4620083","7","298","C4620083 M4","tmt",0.0112658371530422,"298 tmt","7 tmt"
"29416","M4","C4620083","7","299","C4620083 M4","tmt",0.0111979935499475,"299 tmt","7 tmt"
"29417","M4","C4620083","7","300","C4620083 M4","tmt",0.0107974719789138,"300 tmt","7 tmt"
"29418","M4","C4620083","7","301","C4620083 M4","tmt",0.0104666345592278,"301 tmt","7 tmt"
"29419","M4","C4620083","7","302","C4620083 M4","tmt",0.0104664632095893,"302 tmt","7 tmt"
"29420","M4","C4620083","7","303","C4620083 M4","tmt",0.00989533556987454,"303 tmt","7 tmt"
"29421","M4","C4620083","7","304","C4620083 M4","tmt",0.00973609452345039,"304 tmt","7 tmt"
"29422","M4","C4620083","7","305","C4620083 M4","tmt",0.00970174924714528,"305 tmt","7 tmt"
"29423","M4","C4620083","7","306","C4620083 M4","tmt",0.00955467183915417,"306 tmt","7 tmt"
"29424","M4","C4620083","7","307","C4620083 M4","tmt",0.00916026027334368,"307 tmt","7 tmt"
"29425","M4","C4620083","7","308","C4620083 M4","tmt",0.00908249828026065,"308 tmt","7 tmt"
"29426","M4","C4620083","7","309","C4620083 M4","tmt",0.00885935435477649,"309 tmt","7 tmt"
"29427","M4","C4620083","7","310","C4620083 M4","tmt",0.00866969425282799,"310 tmt","7 tmt"
"29428","M4","C4620083","7","311","C4620083 M4","tmt",0.00866779348257001,"311 tmt","7 tmt"
"29429","M4","C4620083","7","312","C4620083 M4","tmt",0.00855301527924331,"312 tmt","7 tmt"
"29430","M4","C4620083","7","313","C4620083 M4","tmt",0.00835698878382319,"313 tmt","7 tmt"
"29431","M4","C4620083","7","314","C4620083 M4","tmt",0.00830736099461236,"314 tmt","7 tmt"
"29432","M4","C4620083","7","315","C4620083 M4","tmt",0.0082028349726769,"315 tmt","7 tmt"
"29433","M4","C4620083","7","316","C4620083 M4","tmt",0.00817637713949236,"316 tmt","7 tmt"
"29434","M4","C4620083","7","317","C4620083 M4","tmt",0.00814737030913848,"317 tmt","7 tmt"
"29435","M4","C4620083","7","318","C4620083 M4","tmt",0.0081438732107701,"318 tmt","7 tmt"
"29436","M4","C4620083","7","319","C4620083 M4","tmt",0.00775743871706772,"319 tmt","7 tmt"
"29437","M4","C4620083","7","320","C4620083 M4","tmt",0.00766685064016309,"320 tmt","7 tmt"
"29438","M4","C4620083","7","321","C4620083 M4","tmt",0.00744411057595727,"321 tmt","7 tmt"
"29439","M4","C4620083","7","322","C4620083 M4","tmt",0.00740373665191846,"322 tmt","7 tmt"
"29440","M4","C4620083","7","323","C4620083 M4","tmt",0.00735203747823014,"323 tmt","7 tmt"
"29441","M4","C4620083","7","324","C4620083 M4","tmt",0.00718948625223232,"324 tmt","7 tmt"
"29442","M4","C4620083","7","325","C4620083 M4","tmt",0.00701601097825976,"325 tmt","7 tmt"
"29443","M4","C4620083","7","326","C4620083 M4","tmt",0.00662159786247079,"326 tmt","7 tmt"
"29444","M4","C4620083","7","327","C4620083 M4","tmt",0.00648051846956366,"327 tmt","7 tmt"
"29445","M4","C4620083","7","328","C4620083 M4","tmt",0.0060048937171057,"328 tmt","7 tmt"
"29446","M4","C4620083","7","329","C4620083 M4","tmt",0.00590062463872862,"329 tmt","7 tmt"
"29447","M4","C4620083","7","330","C4620083 M4","tmt",0.00568298921696747,"330 tmt","7 tmt"
"29448","M4","C4620083","7","331","C4620083 M4","tmt",0.00548851326595305,"331 tmt","7 tmt"
"29449","M4","C4620083","7","332","C4620083 M4","tmt",0.00537733782248397,"332 tmt","7 tmt"
"29450","M4","C4620083","7","333","C4620083 M4","tmt",0.00489398051766455,"333 tmt","7 tmt"
"29451","M4","C4620083","7","334","C4620083 M4","tmt",0.00481278639722606,"334 tmt","7 tmt"
"29452","M4","C4620083","7","335","C4620083 M4","tmt",0.00477531218151742,"335 tmt","7 tmt"
"29453","M4","C4620083","7","336","C4620083 M4","tmt",0.00394776686811976,"336 tmt","7 tmt"
"29454","M4","C4620083","7","337","C4620083 M4","tmt",0.00379439502584916,"337 tmt","7 tmt"
"29455","M4","C4620083","7","338","C4620083 M4","tmt",0.00297544243417368,"338 tmt","7 tmt"
"29456","M4","C4620083","7","339","C4620083 M4","tmt",0.00278062767773874,"339 tmt","7 tmt"
"29457","M4","C4620083","7","340","C4620083 M4","tmt",0.00182556083982898,"340 tmt","7 tmt"
"29458","M4","C4620083","7","341","C4620083 M4","tmt",0.0010521557918758,"341 tmt","7 tmt"
"29459","M4","C4620083","7","342","C4620083 M4","tmt",0.000872520147702283,"342 tmt","7 tmt"
"29460","M4","C4620083","7","343","C4620083 M4","tmt",0.000344802801679854,"343 tmt","7 tmt"
"29461","M4","C4620083","7","344","C4620083 M4","tmt",0.000130991083980583,"344 tmt","7 tmt"
"29462","M4","C4620083","7","345","C4620083 M4","tmt",9.87940557834695e-05,"345 tmt","7 tmt"
"29463","M4","C4620083","7","346","C4620083 M4","tmt",8.21005596690009e-05,"346 tmt","7 tmt"
"29464","M4","C4620083","7","347","C4620083 M4","tmt",-3.2703947046018e-05,"347 tmt","7 tmt"
"29465","M4","C4620083","7","348","C4620083 M4","tmt",-0.000784885343157282,"348 tmt","7 tmt"
"29466","M4","C4620083","7","349","C4620083 M4","tmt",-0.000894359461980669,"349 tmt","7 tmt"
"29467","M4","C4620083","7","350","C4620083 M4","tmt",-0.00141684854078558,"350 tmt","7 tmt"
"29468","M4","C4620083","7","351","C4620083 M4","tmt",-0.00154120858445121,"351 tmt","7 tmt"
"29469","M4","C4620083","7","352","C4620083 M4","tmt",-0.00154696049620151,"352 tmt","7 tmt"
"29470","M4","C4620083","7","353","C4620083 M4","tmt",-0.00240501635052242,"353 tmt","7 tmt"
"29471","M4","C4620083","7","354","C4620083 M4","tmt",-0.00301526071992886,"354 tmt","7 tmt"
"29472","M4","C4620083","7","355","C4620083 M4","tmt",-0.00384420404528915,"355 tmt","7 tmt"
"29473","M4","C4620083","7","356","C4620083 M4","tmt",-0.0043759635759205,"356 tmt","7 tmt"
"29474","M4","C4620083","7","357","C4620083 M4","tmt",-0.00476451238660402,"357 tmt","7 tmt"
"29475","M4","C4620083","7","358","C4620083 M4","tmt",-0.00499804865677839,"358 tmt","7 tmt"
"29476","M4","C4620083","7","359","C4620083 M4","tmt",-0.00550045060637428,"359 tmt","7 tmt"
"29477","M4","C4620083","7","360","C4620083 M4","tmt",-0.00558893527888983,"360 tmt","7 tmt"
"29478","M4","C4620083","7","361","C4620083 M4","tmt",-0.00559937491257623,"361 tmt","7 tmt"
"29479","M4","C4620083","7","362","C4620083 M4","tmt",-0.0060109312416088,"362 tmt","7 tmt"
"29480","M4","C4620083","7","363","C4620083 M4","tmt",-0.00626799622598399,"363 tmt","7 tmt"
"29481","M4","C4620083","7","364","C4620083 M4","tmt",-0.00635979237320638,"364 tmt","7 tmt"
"29482","M4","C4620083","7","365","C4620083 M4","tmt",-0.00671185540519776,"365 tmt","7 tmt"
"29483","M4","C4620083","7","366","C4620083 M4","tmt",-0.00699403202129931,"366 tmt","7 tmt"
"29484","M4","C4620083","7","367","C4620083 M4","tmt",-0.00711877346474636,"367 tmt","7 tmt"
"29485","M4","C4620083","7","368","C4620083 M4","tmt",-0.0085974231114205,"368 tmt","7 tmt"
"29486","M4","C4620083","7","369","C4620083 M4","tmt",-0.00918711218871528,"369 tmt","7 tmt"
"29487","M4","C4620083","7","370","C4620083 M4","tmt",-0.0101071234544167,"370 tmt","7 tmt"
"29488","M4","C4620083","7","371","C4620083 M4","tmt",-0.0103210227907945,"371 tmt","7 tmt"
"29489","M4","C4620083","7","372","C4620083 M4","tmt",-0.0104970984011381,"372 tmt","7 tmt"
"29490","M4","C4620083","7","373","C4620083 M4","tmt",-0.0107569148731515,"373 tmt","7 tmt"
"29491","M4","C4620083","7","374","C4620083 M4","tmt",-0.010887388559998,"374 tmt","7 tmt"
"29492","M4","C4620083","7","375","C4620083 M4","tmt",-0.0113594596751086,"375 tmt","7 tmt"
"29493","M4","C4620083","7","376","C4620083 M4","tmt",-0.0116728374215228,"376 tmt","7 tmt"
"29494","M4","C4620083","7","377","C4620083 M4","tmt",-0.0116751245041754,"377 tmt","7 tmt"
"29495","M4","C4620083","7","378","C4620083 M4","tmt",-0.0131881743194494,"378 tmt","7 tmt"
"29496","M4","C4620083","7","379","C4620083 M4","tmt",-0.0140632917375164,"379 tmt","7 tmt"
"29497","M4","C4620083","7","380","C4620083 M4","tmt",-0.0142036908869018,"380 tmt","7 tmt"
"29498","M4","C4620083","7","381","C4620083 M4","tmt",-0.0144490024425884,"381 tmt","7 tmt"
"29499","M4","C4620083","7","382","C4620083 M4","tmt",-0.0147505353285469,"382 tmt","7 tmt"
"29500","M4","C4620083","7","383","C4620083 M4","tmt",-0.014828234614484,"383 tmt","7 tmt"
"29501","M4","C4620083","7","384","C4620083 M4","tmt",-0.0148681203488647,"384 tmt","7 tmt"
"29502","M4","C4620083","7","385","C4620083 M4","tmt",-0.0151120628086277,"385 tmt","7 tmt"
"29503","M4","C4620083","7","386","C4620083 M4","tmt",-0.0155298345299407,"386 tmt","7 tmt"
"29504","M4","C4620083","7","387","C4620083 M4","tmt",-0.0173770293750543,"387 tmt","7 tmt"
"29505","M4","C4620083","7","388","C4620083 M4","tmt",-0.0180974136609698,"388 tmt","7 tmt"
"29506","M4","C4620083","7","389","C4620083 M4","tmt",-0.0181845316484265,"389 tmt","7 tmt"
"29507","M4","C4620083","7","390","C4620083 M4","tmt",-0.0182975134854959,"390 tmt","7 tmt"
"29508","M4","C4620083","7","391","C4620083 M4","tmt",-0.0192589491971846,"391 tmt","7 tmt"
"29509","M4","C4620083","7","392","C4620083 M4","tmt",-0.0194025622131028,"392 tmt","7 tmt"
"29510","M4","C4620083","7","393","C4620083 M4","tmt",-0.0223124721273249,"393 tmt","7 tmt"
"29511","M4","C4620083","7","394","C4620083 M4","tmt",-0.0243256617302383,"394 tmt","7 tmt"
"29512","M4","C4620083","7","395","C4620083 M4","tmt",-0.024484405703516,"395 tmt","7 tmt"
"29513","M4","C4620083","7","396","C4620083 M4","tmt",-0.0259693896788675,"396 tmt","7 tmt"
"29514","M4","C4620083","7","397","C4620083 M4","tmt",-0.0268592857352321,"397 tmt","7 tmt"
"29515","M4","C4620083","7","398","C4620083 M4","tmt",-0.0291376946126995,"398 tmt","7 tmt"
"29516","M4","C4620083","7","399","C4620083 M4","tmt",-0.0312273130072891,"399 tmt","7 tmt"
"29517","M4","C4620083","7","400","C4620083 M4","tmt",-0.0338938478903909,"400 tmt","7 tmt"
"29518","M4","C4620083","7","401","C4620083 M4","tmt",-0.040775053997934,"401 tmt","7 tmt"
"29519","M4","C4620083","7","402","C4620083 M4","tmt",-0.0409847041143741,"402 tmt","7 tmt"
"29520","M4","C4620083","7","403","C4620083 M4","tmt",-0.0412780719731821,"403 tmt","7 tmt"
"29521","M4","C4620083","7","404","C4620083 M4","tmt",-0.0413847616655816,"404 tmt","7 tmt"
"29522","M4","C4620083","7","405","C4620083 M4","tmt",-0.0425958206979639,"405 tmt","7 tmt"
"29523","M4","C4620083","7","406","C4620083 M4","tmt",-0.0454139316618644,"406 tmt","7 tmt"
"29524","M4","C4620083","7","407","C4620083 M4","tmt",-0.0491878889126047,"407 tmt","7 tmt"
"29525","M2","C4620081","7","0","C4620081 M2","tmt",0.17311822401821,"0 tmt","7 tmt"
"29526","M2","C4620081","7","1","C4620081 M2","tmt",0.17156100960934,"1 tmt","7 tmt"
"29527","M2","C4620081","7","2","C4620081 M2","tmt",0.165088573917925,"2 tmt","7 tmt"
"29528","M2","C4620081","7","3","C4620081 M2","tmt",0.157644496471233,"3 tmt","7 tmt"
"29529","M2","C4620081","7","4","C4620081 M2","tmt",0.156533993679175,"4 tmt","7 tmt"
"29530","M2","C4620081","7","5","C4620081 M2","tmt",0.148846676126699,"5 tmt","7 tmt"
"29531","M2","C4620081","7","6","C4620081 M2","tmt",0.146668143960782,"6 tmt","7 tmt"
"29532","M2","C4620081","7","7","C4620081 M2","tmt",0.140414213689421,"7 tmt","7 tmt"
"29533","M2","C4620081","7","8","C4620081 M2","tmt",0.13837813207129,"8 tmt","7 tmt"
"29534","M2","C4620081","7","9","C4620081 M2","tmt",0.133070618896128,"9 tmt","7 tmt"
"29535","M2","C4620081","7","10","C4620081 M2","tmt",0.132354274448783,"10 tmt","7 tmt"
"29536","M2","C4620081","7","11","C4620081 M2","tmt",0.131605824122034,"11 tmt","7 tmt"
"29537","M2","C4620081","7","12","C4620081 M2","tmt",0.131148993172487,"12 tmt","7 tmt"
"29538","M2","C4620081","7","13","C4620081 M2","tmt",0.130096650342921,"13 tmt","7 tmt"
"29539","M2","C4620081","7","14","C4620081 M2","tmt",0.129636306762167,"14 tmt","7 tmt"
"29540","M2","C4620081","7","15","C4620081 M2","tmt",0.129223668539237,"15 tmt","7 tmt"
"29541","M2","C4620081","7","16","C4620081 M2","tmt",0.123940316376166,"16 tmt","7 tmt"
"29542","M2","C4620081","7","17","C4620081 M2","tmt",0.122299490729789,"17 tmt","7 tmt"
"29543","M2","C4620081","7","18","C4620081 M2","tmt",0.121432069525759,"18 tmt","7 tmt"
"29544","M2","C4620081","7","19","C4620081 M2","tmt",0.120345749918344,"19 tmt","7 tmt"
"29545","M2","C4620081","7","20","C4620081 M2","tmt",0.120269121291923,"20 tmt","7 tmt"
"29546","M2","C4620081","7","21","C4620081 M2","tmt",0.117636853650663,"21 tmt","7 tmt"
"29547","M2","C4620081","7","22","C4620081 M2","tmt",0.115431623981049,"22 tmt","7 tmt"
"29548","M2","C4620081","7","23","C4620081 M2","tmt",0.115126859987232,"23 tmt","7 tmt"
"29549","M2","C4620081","7","24","C4620081 M2","tmt",0.115108054927945,"24 tmt","7 tmt"
"29550","M2","C4620081","7","25","C4620081 M2","tmt",0.112866484222503,"25 tmt","7 tmt"
"29551","M2","C4620081","7","26","C4620081 M2","tmt",0.111713294161476,"26 tmt","7 tmt"
"29552","M2","C4620081","7","27","C4620081 M2","tmt",0.110513104248309,"27 tmt","7 tmt"
"29553","M2","C4620081","7","28","C4620081 M2","tmt",0.110425043344407,"28 tmt","7 tmt"
"29554","M2","C4620081","7","29","C4620081 M2","tmt",0.109635899791749,"29 tmt","7 tmt"
"29555","M2","C4620081","7","30","C4620081 M2","tmt",0.107408830810771,"30 tmt","7 tmt"
"29556","M2","C4620081","7","31","C4620081 M2","tmt",0.10641775676687,"31 tmt","7 tmt"
"29557","M2","C4620081","7","32","C4620081 M2","tmt",0.105818921538653,"32 tmt","7 tmt"
"29558","M2","C4620081","7","33","C4620081 M2","tmt",0.104984339867003,"33 tmt","7 tmt"
"29559","M2","C4620081","7","34","C4620081 M2","tmt",0.104462193757096,"34 tmt","7 tmt"
"29560","M2","C4620081","7","35","C4620081 M2","tmt",0.103824876607689,"35 tmt","7 tmt"
"29561","M2","C4620081","7","36","C4620081 M2","tmt",0.102698565880838,"36 tmt","7 tmt"
"29562","M2","C4620081","7","37","C4620081 M2","tmt",0.101449653513514,"37 tmt","7 tmt"
"29563","M2","C4620081","7","38","C4620081 M2","tmt",0.100948953809876,"38 tmt","7 tmt"
"29564","M2","C4620081","7","39","C4620081 M2","tmt",0.100749754429632,"39 tmt","7 tmt"
"29565","M2","C4620081","7","40","C4620081 M2","tmt",0.1006154354054,"40 tmt","7 tmt"
"29566","M2","C4620081","7","41","C4620081 M2","tmt",0.09981453141671,"41 tmt","7 tmt"
"29567","M2","C4620081","7","42","C4620081 M2","tmt",0.098836186629962,"42 tmt","7 tmt"
"29568","M2","C4620081","7","43","C4620081 M2","tmt",0.0987307728759056,"43 tmt","7 tmt"
"29569","M2","C4620081","7","44","C4620081 M2","tmt",0.0985427520797879,"44 tmt","7 tmt"
"29570","M2","C4620081","7","45","C4620081 M2","tmt",0.0975128040892542,"45 tmt","7 tmt"
"29571","M2","C4620081","7","46","C4620081 M2","tmt",0.0973697311665803,"46 tmt","7 tmt"
"29572","M2","C4620081","7","47","C4620081 M2","tmt",0.0934084643594531,"47 tmt","7 tmt"
"29573","M2","C4620081","7","48","C4620081 M2","tmt",0.0926278102414494,"48 tmt","7 tmt"
"29574","M2","C4620081","7","49","C4620081 M2","tmt",0.0913496307919015,"49 tmt","7 tmt"
"29575","M2","C4620081","7","50","C4620081 M2","tmt",0.0903164456769467,"50 tmt","7 tmt"
"29576","M2","C4620081","7","51","C4620081 M2","tmt",0.0891085432554026,"51 tmt","7 tmt"
"29577","M2","C4620081","7","52","C4620081 M2","tmt",0.0884646839563411,"52 tmt","7 tmt"
"29578","M2","C4620081","7","53","C4620081 M2","tmt",0.0880503742025978,"53 tmt","7 tmt"
"29579","M2","C4620081","7","54","C4620081 M2","tmt",0.087240694329088,"54 tmt","7 tmt"
"29580","M2","C4620081","7","55","C4620081 M2","tmt",0.086940535063956,"55 tmt","7 tmt"
"29581","M2","C4620081","7","56","C4620081 M2","tmt",0.0861610728131288,"56 tmt","7 tmt"
"29582","M2","C4620081","7","57","C4620081 M2","tmt",0.0857265825973659,"57 tmt","7 tmt"
"29583","M2","C4620081","7","58","C4620081 M2","tmt",0.0855330490246123,"58 tmt","7 tmt"
"29584","M2","C4620081","7","59","C4620081 M2","tmt",0.0850564710673811,"59 tmt","7 tmt"
"29585","M2","C4620081","7","60","C4620081 M2","tmt",0.0846843346496493,"60 tmt","7 tmt"
"29586","M2","C4620081","7","61","C4620081 M2","tmt",0.0834120804702417,"61 tmt","7 tmt"
"29587","M2","C4620081","7","62","C4620081 M2","tmt",0.0819022564415946,"62 tmt","7 tmt"
"29588","M2","C4620081","7","63","C4620081 M2","tmt",0.081608651513359,"63 tmt","7 tmt"
"29589","M2","C4620081","7","64","C4620081 M2","tmt",0.0815183375321045,"64 tmt","7 tmt"
"29590","M2","C4620081","7","65","C4620081 M2","tmt",0.0810721232096761,"65 tmt","7 tmt"
"29591","M2","C4620081","7","66","C4620081 M2","tmt",0.0797142333061273,"66 tmt","7 tmt"
"29592","M2","C4620081","7","67","C4620081 M2","tmt",0.0795261907447058,"67 tmt","7 tmt"
"29593","M2","C4620081","7","68","C4620081 M2","tmt",0.0786065496775705,"68 tmt","7 tmt"
"29594","M2","C4620081","7","69","C4620081 M2","tmt",0.0768412809709272,"69 tmt","7 tmt"
"29595","M2","C4620081","7","70","C4620081 M2","tmt",0.0749740209224894,"70 tmt","7 tmt"
"29596","M2","C4620081","7","71","C4620081 M2","tmt",0.0740127173815653,"71 tmt","7 tmt"
"29597","M2","C4620081","7","72","C4620081 M2","tmt",0.0737969140270261,"72 tmt","7 tmt"
"29598","M2","C4620081","7","73","C4620081 M2","tmt",0.0737709379125506,"73 tmt","7 tmt"
"29599","M2","C4620081","7","74","C4620081 M2","tmt",0.0733637167688276,"74 tmt","7 tmt"
"29600","M2","C4620081","7","75","C4620081 M2","tmt",0.0717024979598689,"75 tmt","7 tmt"
"29601","M2","C4620081","7","76","C4620081 M2","tmt",0.0710569378725972,"76 tmt","7 tmt"
"29602","M2","C4620081","7","77","C4620081 M2","tmt",0.0703216809493296,"77 tmt","7 tmt"
"29603","M2","C4620081","7","78","C4620081 M2","tmt",0.0691613059820793,"78 tmt","7 tmt"
"29604","M2","C4620081","7","79","C4620081 M2","tmt",0.0678025771164476,"79 tmt","7 tmt"
"29605","M2","C4620081","7","80","C4620081 M2","tmt",0.0676916396114089,"80 tmt","7 tmt"
"29606","M2","C4620081","7","81","C4620081 M2","tmt",0.0673780981152615,"81 tmt","7 tmt"
"29607","M2","C4620081","7","82","C4620081 M2","tmt",0.0657177780619092,"82 tmt","7 tmt"
"29608","M2","C4620081","7","83","C4620081 M2","tmt",0.0656861274916006,"83 tmt","7 tmt"
"29609","M2","C4620081","7","84","C4620081 M2","tmt",0.0646890908975676,"84 tmt","7 tmt"
"29610","M2","C4620081","7","85","C4620081 M2","tmt",0.0643225947860334,"85 tmt","7 tmt"
"29611","M2","C4620081","7","86","C4620081 M2","tmt",0.0613949359939071,"86 tmt","7 tmt"
"29612","M2","C4620081","7","87","C4620081 M2","tmt",0.0605451733086693,"87 tmt","7 tmt"
"29613","M2","C4620081","7","88","C4620081 M2","tmt",0.0598070419220746,"88 tmt","7 tmt"
"29614","M2","C4620081","7","89","C4620081 M2","tmt",0.0595824834330173,"89 tmt","7 tmt"
"29615","M2","C4620081","7","90","C4620081 M2","tmt",0.0590943892836773,"90 tmt","7 tmt"
"29616","M2","C4620081","7","91","C4620081 M2","tmt",0.0566974825271688,"91 tmt","7 tmt"
"29617","M2","C4620081","7","92","C4620081 M2","tmt",0.0554193110264343,"92 tmt","7 tmt"
"29618","M2","C4620081","7","93","C4620081 M2","tmt",0.0551505918213515,"93 tmt","7 tmt"
"29619","M2","C4620081","7","94","C4620081 M2","tmt",0.0548829243918657,"94 tmt","7 tmt"
"29620","M2","C4620081","7","95","C4620081 M2","tmt",0.0541701153236905,"95 tmt","7 tmt"
"29621","M2","C4620081","7","96","C4620081 M2","tmt",0.0517896323643718,"96 tmt","7 tmt"
"29622","M2","C4620081","7","97","C4620081 M2","tmt",0.0488947103899955,"97 tmt","7 tmt"
"29623","M2","C4620081","7","98","C4620081 M2","tmt",0.0478089613301834,"98 tmt","7 tmt"
"29624","M2","C4620081","7","99","C4620081 M2","tmt",0.0460532031054887,"99 tmt","7 tmt"
"29625","M2","C4620081","7","100","C4620081 M2","tmt",0.0451353835297011,"100 tmt","7 tmt"
"29626","M2","C4620081","7","101","C4620081 M2","tmt",0.0440086540271451,"101 tmt","7 tmt"
"29627","M2","C4620081","7","102","C4620081 M2","tmt",0.0433260193600037,"102 tmt","7 tmt"
"29628","M2","C4620081","7","103","C4620081 M2","tmt",0.0430865382902581,"103 tmt","7 tmt"
"29629","M2","C4620081","7","104","C4620081 M2","tmt",0.04263203900987,"104 tmt","7 tmt"
"29630","M2","C4620081","7","105","C4620081 M2","tmt",0.0419115159781907,"105 tmt","7 tmt"
"29631","M2","C4620081","7","106","C4620081 M2","tmt",0.0413768402518049,"106 tmt","7 tmt"
"29632","M2","C4620081","7","107","C4620081 M2","tmt",0.0409853565018673,"107 tmt","7 tmt"
"29633","M2","C4620081","7","108","C4620081 M2","tmt",0.0356861183634375,"108 tmt","7 tmt"
"29634","M2","C4620081","7","109","C4620081 M2","tmt",0.0339904409577013,"109 tmt","7 tmt"
"29635","M2","C4620081","7","110","C4620081 M2","tmt",0.0322486135009515,"110 tmt","7 tmt"
"29636","M2","C4620081","7","111","C4620081 M2","tmt",0.0312583493164815,"111 tmt","7 tmt"
"29637","M2","C4620081","7","112","C4620081 M2","tmt",0.0308126565156542,"112 tmt","7 tmt"
"29638","M2","C4620081","7","113","C4620081 M2","tmt",0.0302404253931292,"113 tmt","7 tmt"
"29639","M2","C4620081","7","114","C4620081 M2","tmt",0.0288513258454421,"114 tmt","7 tmt"
"29640","M2","C4620081","7","115","C4620081 M2","tmt",0.0243818926844813,"115 tmt","7 tmt"
"29641","M2","C4620081","7","116","C4620081 M2","tmt",0.0236364434328628,"116 tmt","7 tmt"
"29642","M2","C4620081","7","117","C4620081 M2","tmt",0.0208671441199237,"117 tmt","7 tmt"
"29643","M2","C4620081","7","118","C4620081 M2","tmt",0.0205913767709721,"118 tmt","7 tmt"
"29644","M2","C4620081","7","119","C4620081 M2","tmt",0.0174966940981254,"119 tmt","7 tmt"
"29645","M2","C4620081","7","120","C4620081 M2","tmt",0.0174582280144173,"120 tmt","7 tmt"
"29646","M2","C4620081","7","121","C4620081 M2","tmt",0.016018490157918,"121 tmt","7 tmt"
"29647","M2","C4620081","7","122","C4620081 M2","tmt",0.0144027538665713,"122 tmt","7 tmt"
"29648","M2","C4620081","7","123","C4620081 M2","tmt",0.0138762995538181,"123 tmt","7 tmt"
"29649","M2","C4620081","7","124","C4620081 M2","tmt",0.0130593101369374,"124 tmt","7 tmt"
"29650","M2","C4620081","7","125","C4620081 M2","tmt",0.012627402534681,"125 tmt","7 tmt"
"29651","M2","C4620081","7","126","C4620081 M2","tmt",0.0120302737877921,"126 tmt","7 tmt"
"29652","M2","C4620081","7","127","C4620081 M2","tmt",0.0115862982741056,"127 tmt","7 tmt"
"29653","M2","C4620081","7","128","C4620081 M2","tmt",0.00894407027781832,"128 tmt","7 tmt"
"29654","M2","C4620081","7","129","C4620081 M2","tmt",0.00731716413130081,"129 tmt","7 tmt"
"29655","M2","C4620081","7","130","C4620081 M2","tmt",0.00466781403243717,"130 tmt","7 tmt"
"29656","M2","C4620081","7","131","C4620081 M2","tmt",0.00431217165813412,"131 tmt","7 tmt"
"29657","M2","C4620081","7","132","C4620081 M2","tmt",0.00390211172433009,"132 tmt","7 tmt"
"29658","M2","C4620081","7","133","C4620081 M2","tmt",0.00238543532434349,"133 tmt","7 tmt"
"29659","M2","C4620081","7","134","C4620081 M2","tmt",0.00151952478249941,"134 tmt","7 tmt"
"29660","M2","C4620081","7","135","C4620081 M2","tmt",-0.000149766647151883,"135 tmt","7 tmt"
"29661","M2","C4620081","7","136","C4620081 M2","tmt",-0.000686377976196929,"136 tmt","7 tmt"
"29662","M2","C4620081","7","137","C4620081 M2","tmt",-0.00338615368972972,"137 tmt","7 tmt"
"29663","M2","C4620081","7","138","C4620081 M2","tmt",-0.00363854415410803,"138 tmt","7 tmt"
"29664","M2","C4620081","7","139","C4620081 M2","tmt",-0.00378682153190156,"139 tmt","7 tmt"
"29665","M2","C4620081","7","140","C4620081 M2","tmt",-0.00576160960425792,"140 tmt","7 tmt"
"29666","M2","C4620081","7","141","C4620081 M2","tmt",-0.00713911923009928,"141 tmt","7 tmt"
"29667","M2","C4620081","7","142","C4620081 M2","tmt",-0.012182953523206,"142 tmt","7 tmt"
"29668","M2","C4620081","7","143","C4620081 M2","tmt",-0.0141984201195229,"143 tmt","7 tmt"
"29669","M2","C4620081","7","144","C4620081 M2","tmt",-0.0179177690509997,"144 tmt","7 tmt"
"29670","M2","C4620081","7","145","C4620081 M2","tmt",-0.0187780151285675,"145 tmt","7 tmt"
"29671","M2","C4620081","7","146","C4620081 M2","tmt",-0.0290855373683243,"146 tmt","7 tmt"
"29672","M2","C4620081","7","147","C4620081 M2","tmt",-0.0291077566708543,"147 tmt","7 tmt"
"29673","M2","C4620081","7","148","C4620081 M2","tmt",-0.0314693271973669,"148 tmt","7 tmt"
"29674","M2","C4620081","7","149","C4620081 M2","tmt",-0.0686956815652837,"149 tmt","7 tmt"
"29675","M2","C4620081","7","150","C4620081 M2","tmt",-0.0694683120628259,"150 tmt","7 tmt"
"29676","M2","C4620081","7","151","C4620081 M2","tmt",-0.0721043466293953,"151 tmt","7 tmt"
"29677","M2","C4620081","7","152","C4620081 M2","tmt",-0.077559225962462,"152 tmt","7 tmt"
"29678","M3","C4620081","7","0","C4620081 M3","tmt",0.199325166666351,"0 tmt","7 tmt"
"29679","M3","C4620081","7","1","C4620081 M3","tmt",0.1892140734493,"1 tmt","7 tmt"
"29680","M3","C4620081","7","2","C4620081 M3","tmt",0.187579950001865,"2 tmt","7 tmt"
"29681","M3","C4620081","7","3","C4620081 M3","tmt",0.180494737820411,"3 tmt","7 tmt"
"29682","M3","C4620081","7","4","C4620081 M3","tmt",0.178367117256581,"4 tmt","7 tmt"
"29683","M3","C4620081","7","5","C4620081 M3","tmt",0.169321980467826,"5 tmt","7 tmt"
"29684","M3","C4620081","7","6","C4620081 M3","tmt",0.167064977807169,"6 tmt","7 tmt"
"29685","M3","C4620081","7","7","C4620081 M3","tmt",0.166655634521092,"7 tmt","7 tmt"
"29686","M3","C4620081","7","8","C4620081 M3","tmt",0.166069689654638,"8 tmt","7 tmt"
"29687","M3","C4620081","7","9","C4620081 M3","tmt",0.163462009855278,"9 tmt","7 tmt"
"29688","M3","C4620081","7","10","C4620081 M3","tmt",0.161454648576371,"10 tmt","7 tmt"
"29689","M3","C4620081","7","11","C4620081 M3","tmt",0.159322344410359,"11 tmt","7 tmt"
"29690","M3","C4620081","7","12","C4620081 M3","tmt",0.153038337373807,"12 tmt","7 tmt"
"29691","M3","C4620081","7","13","C4620081 M3","tmt",0.152076810875248,"13 tmt","7 tmt"
"29692","M3","C4620081","7","14","C4620081 M3","tmt",0.147658120702953,"14 tmt","7 tmt"
"29693","M3","C4620081","7","15","C4620081 M3","tmt",0.146715009597501,"15 tmt","7 tmt"
"29694","M3","C4620081","7","16","C4620081 M3","tmt",0.146683355066808,"16 tmt","7 tmt"
"29695","M3","C4620081","7","17","C4620081 M3","tmt",0.145841192664213,"17 tmt","7 tmt"
"29696","M3","C4620081","7","18","C4620081 M3","tmt",0.145830098299433,"18 tmt","7 tmt"
"29697","M3","C4620081","7","19","C4620081 M3","tmt",0.145450419468414,"19 tmt","7 tmt"
"29698","M3","C4620081","7","20","C4620081 M3","tmt",0.144450102406182,"20 tmt","7 tmt"
"29699","M3","C4620081","7","21","C4620081 M3","tmt",0.144442737927817,"21 tmt","7 tmt"
"29700","M3","C4620081","7","22","C4620081 M3","tmt",0.143202388356831,"22 tmt","7 tmt"
"29701","M3","C4620081","7","23","C4620081 M3","tmt",0.143140453131071,"23 tmt","7 tmt"
"29702","M3","C4620081","7","24","C4620081 M3","tmt",0.140841866369945,"24 tmt","7 tmt"
"29703","M3","C4620081","7","25","C4620081 M3","tmt",0.138716816303174,"25 tmt","7 tmt"
"29704","M3","C4620081","7","26","C4620081 M3","tmt",0.137902969485465,"26 tmt","7 tmt"
"29705","M3","C4620081","7","27","C4620081 M3","tmt",0.137870555501187,"27 tmt","7 tmt"
"29706","M3","C4620081","7","28","C4620081 M3","tmt",0.13780977305993,"28 tmt","7 tmt"
"29707","M3","C4620081","7","29","C4620081 M3","tmt",0.137721429568185,"29 tmt","7 tmt"
"29708","M3","C4620081","7","30","C4620081 M3","tmt",0.137667288235298,"30 tmt","7 tmt"
"29709","M3","C4620081","7","31","C4620081 M3","tmt",0.137206023135072,"31 tmt","7 tmt"
"29710","M3","C4620081","7","32","C4620081 M3","tmt",0.13571783875326,"32 tmt","7 tmt"
"29711","M3","C4620081","7","33","C4620081 M3","tmt",0.134969639698875,"33 tmt","7 tmt"
"29712","M3","C4620081","7","34","C4620081 M3","tmt",0.134763138566575,"34 tmt","7 tmt"
"29713","M3","C4620081","7","35","C4620081 M3","tmt",0.134662638545403,"35 tmt","7 tmt"
"29714","M3","C4620081","7","36","C4620081 M3","tmt",0.134244302980641,"36 tmt","7 tmt"
"29715","M3","C4620081","7","37","C4620081 M3","tmt",0.133984351660071,"37 tmt","7 tmt"
"29716","M3","C4620081","7","38","C4620081 M3","tmt",0.132462224357136,"38 tmt","7 tmt"
"29717","M3","C4620081","7","39","C4620081 M3","tmt",0.132282229332598,"39 tmt","7 tmt"
"29718","M3","C4620081","7","40","C4620081 M3","tmt",0.130769865976222,"40 tmt","7 tmt"
"29719","M3","C4620081","7","41","C4620081 M3","tmt",0.130341849854953,"41 tmt","7 tmt"
"29720","M3","C4620081","7","42","C4620081 M3","tmt",0.129828884391456,"42 tmt","7 tmt"
"29721","M3","C4620081","7","43","C4620081 M3","tmt",0.127597671181045,"43 tmt","7 tmt"
"29722","M3","C4620081","7","44","C4620081 M3","tmt",0.126791525106639,"44 tmt","7 tmt"
"29723","M3","C4620081","7","45","C4620081 M3","tmt",0.125688910638989,"45 tmt","7 tmt"
"29724","M3","C4620081","7","46","C4620081 M3","tmt",0.125314557918734,"46 tmt","7 tmt"
"29725","M3","C4620081","7","47","C4620081 M3","tmt",0.123601318257563,"47 tmt","7 tmt"
"29726","M3","C4620081","7","48","C4620081 M3","tmt",0.123012012004522,"48 tmt","7 tmt"
"29727","M3","C4620081","7","49","C4620081 M3","tmt",0.122969693933562,"49 tmt","7 tmt"
"29728","M3","C4620081","7","50","C4620081 M3","tmt",0.122965455957328,"50 tmt","7 tmt"
"29729","M3","C4620081","7","51","C4620081 M3","tmt",0.12231688551386,"51 tmt","7 tmt"
"29730","M3","C4620081","7","52","C4620081 M3","tmt",0.12079309103952,"52 tmt","7 tmt"
"29731","M3","C4620081","7","53","C4620081 M3","tmt",0.120499809408326,"53 tmt","7 tmt"
"29732","M3","C4620081","7","54","C4620081 M3","tmt",0.120206277290459,"54 tmt","7 tmt"
"29733","M3","C4620081","7","55","C4620081 M3","tmt",0.120156094549049,"55 tmt","7 tmt"
"29734","M3","C4620081","7","56","C4620081 M3","tmt",0.118593402278314,"56 tmt","7 tmt"
"29735","M3","C4620081","7","57","C4620081 M3","tmt",0.118393248371584,"57 tmt","7 tmt"
"29736","M3","C4620081","7","58","C4620081 M3","tmt",0.118118994506168,"58 tmt","7 tmt"
"29737","M3","C4620081","7","59","C4620081 M3","tmt",0.118108011050779,"59 tmt","7 tmt"
"29738","M3","C4620081","7","60","C4620081 M3","tmt",0.117866114550891,"60 tmt","7 tmt"
"29739","M3","C4620081","7","61","C4620081 M3","tmt",0.116810361474132,"61 tmt","7 tmt"
"29740","M3","C4620081","7","62","C4620081 M3","tmt",0.116329193415326,"62 tmt","7 tmt"
"29741","M3","C4620081","7","63","C4620081 M3","tmt",0.114262049339921,"63 tmt","7 tmt"
"29742","M3","C4620081","7","64","C4620081 M3","tmt",0.113823458423484,"64 tmt","7 tmt"
"29743","M3","C4620081","7","65","C4620081 M3","tmt",0.113308727008946,"65 tmt","7 tmt"
"29744","M3","C4620081","7","66","C4620081 M3","tmt",0.112352394659048,"66 tmt","7 tmt"
"29745","M3","C4620081","7","67","C4620081 M3","tmt",0.111824628331439,"67 tmt","7 tmt"
"29746","M3","C4620081","7","68","C4620081 M3","tmt",0.111119760415236,"68 tmt","7 tmt"
"29747","M3","C4620081","7","69","C4620081 M3","tmt",0.110858697005805,"69 tmt","7 tmt"
"29748","M3","C4620081","7","70","C4620081 M3","tmt",0.110677417358796,"70 tmt","7 tmt"
"29749","M3","C4620081","7","71","C4620081 M3","tmt",0.110266371022923,"71 tmt","7 tmt"
"29750","M3","C4620081","7","72","C4620081 M3","tmt",0.110245093389404,"72 tmt","7 tmt"
"29751","M3","C4620081","7","73","C4620081 M3","tmt",0.110211516501281,"73 tmt","7 tmt"
"29752","M3","C4620081","7","74","C4620081 M3","tmt",0.109653479007508,"74 tmt","7 tmt"
"29753","M3","C4620081","7","75","C4620081 M3","tmt",0.109422860884558,"75 tmt","7 tmt"
"29754","M3","C4620081","7","76","C4620081 M3","tmt",0.109406706775511,"76 tmt","7 tmt"
"29755","M3","C4620081","7","77","C4620081 M3","tmt",0.1082415959573,"77 tmt","7 tmt"
"29756","M3","C4620081","7","78","C4620081 M3","tmt",0.108004145344931,"78 tmt","7 tmt"
"29757","M3","C4620081","7","79","C4620081 M3","tmt",0.107493851255379,"79 tmt","7 tmt"
"29758","M3","C4620081","7","80","C4620081 M3","tmt",0.107086278713313,"80 tmt","7 tmt"
"29759","M3","C4620081","7","81","C4620081 M3","tmt",0.10695409432349,"81 tmt","7 tmt"
"29760","M3","C4620081","7","82","C4620081 M3","tmt",0.106852687800214,"82 tmt","7 tmt"
"29761","M3","C4620081","7","83","C4620081 M3","tmt",0.106852466101069,"83 tmt","7 tmt"
"29762","M3","C4620081","7","84","C4620081 M3","tmt",0.105827970814524,"84 tmt","7 tmt"
"29763","M3","C4620081","7","85","C4620081 M3","tmt",0.10533584276673,"85 tmt","7 tmt"
"29764","M3","C4620081","7","86","C4620081 M3","tmt",0.104816729205624,"86 tmt","7 tmt"
"29765","M3","C4620081","7","87","C4620081 M3","tmt",0.104330121989612,"87 tmt","7 tmt"
"29766","M3","C4620081","7","88","C4620081 M3","tmt",0.103538068507544,"88 tmt","7 tmt"
"29767","M3","C4620081","7","89","C4620081 M3","tmt",0.102891787704173,"89 tmt","7 tmt"
"29768","M3","C4620081","7","90","C4620081 M3","tmt",0.101898623429692,"90 tmt","7 tmt"
"29769","M3","C4620081","7","91","C4620081 M3","tmt",0.101419713859451,"91 tmt","7 tmt"
"29770","M3","C4620081","7","92","C4620081 M3","tmt",0.100617178863867,"92 tmt","7 tmt"
"29771","M3","C4620081","7","93","C4620081 M3","tmt",0.0998426681334788,"93 tmt","7 tmt"
"29772","M3","C4620081","7","94","C4620081 M3","tmt",0.099516963529285,"94 tmt","7 tmt"
"29773","M3","C4620081","7","95","C4620081 M3","tmt",0.099203537507928,"95 tmt","7 tmt"
"29774","M3","C4620081","7","96","C4620081 M3","tmt",0.098804194159549,"96 tmt","7 tmt"
"29775","M3","C4620081","7","97","C4620081 M3","tmt",0.0973809139097902,"97 tmt","7 tmt"
"29776","M3","C4620081","7","98","C4620081 M3","tmt",0.0968701039980308,"98 tmt","7 tmt"
"29777","M3","C4620081","7","99","C4620081 M3","tmt",0.0967250910578577,"99 tmt","7 tmt"
"29778","M3","C4620081","7","100","C4620081 M3","tmt",0.0961169924342507,"100 tmt","7 tmt"
"29779","M3","C4620081","7","101","C4620081 M3","tmt",0.0958707622603512,"101 tmt","7 tmt"
"29780","M3","C4620081","7","102","C4620081 M3","tmt",0.0955807884979697,"102 tmt","7 tmt"
"29781","M3","C4620081","7","103","C4620081 M3","tmt",0.0953756916854833,"103 tmt","7 tmt"
"29782","M3","C4620081","7","104","C4620081 M3","tmt",0.0953214590614555,"104 tmt","7 tmt"
"29783","M3","C4620081","7","105","C4620081 M3","tmt",0.0950522207740755,"105 tmt","7 tmt"
"29784","M3","C4620081","7","106","C4620081 M3","tmt",0.0942931812149582,"106 tmt","7 tmt"
"29785","M3","C4620081","7","107","C4620081 M3","tmt",0.0937190373083324,"107 tmt","7 tmt"
"29786","M3","C4620081","7","108","C4620081 M3","tmt",0.0926852924730429,"108 tmt","7 tmt"
"29787","M3","C4620081","7","109","C4620081 M3","tmt",0.0926834887381834,"109 tmt","7 tmt"
"29788","M3","C4620081","7","110","C4620081 M3","tmt",0.0915153086230354,"110 tmt","7 tmt"
"29789","M3","C4620081","7","111","C4620081 M3","tmt",0.0914222977492615,"111 tmt","7 tmt"
"29790","M3","C4620081","7","112","C4620081 M3","tmt",0.091279813745514,"112 tmt","7 tmt"
"29791","M3","C4620081","7","113","C4620081 M3","tmt",0.0908697094873869,"113 tmt","7 tmt"
"29792","M3","C4620081","7","114","C4620081 M3","tmt",0.090409022721034,"114 tmt","7 tmt"
"29793","M3","C4620081","7","115","C4620081 M3","tmt",0.0900137130224684,"115 tmt","7 tmt"
"29794","M3","C4620081","7","116","C4620081 M3","tmt",0.0888317892686748,"116 tmt","7 tmt"
"29795","M3","C4620081","7","117","C4620081 M3","tmt",0.0874779807621043,"117 tmt","7 tmt"
"29796","M3","C4620081","7","118","C4620081 M3","tmt",0.0870150823367681,"118 tmt","7 tmt"
"29797","M3","C4620081","7","119","C4620081 M3","tmt",0.0857315152917545,"119 tmt","7 tmt"
"29798","M3","C4620081","7","120","C4620081 M3","tmt",0.0853787535877569,"120 tmt","7 tmt"
"29799","M3","C4620081","7","121","C4620081 M3","tmt",0.085046173500777,"121 tmt","7 tmt"
"29800","M3","C4620081","7","122","C4620081 M3","tmt",0.0844227197926782,"122 tmt","7 tmt"
"29801","M3","C4620081","7","123","C4620081 M3","tmt",0.0836279653792551,"123 tmt","7 tmt"
"29802","M3","C4620081","7","124","C4620081 M3","tmt",0.0828215659448476,"124 tmt","7 tmt"
"29803","M3","C4620081","7","125","C4620081 M3","tmt",0.0826244483599037,"125 tmt","7 tmt"
"29804","M3","C4620081","7","126","C4620081 M3","tmt",0.0823652251669533,"126 tmt","7 tmt"
"29805","M3","C4620081","7","127","C4620081 M3","tmt",0.0814763280791082,"127 tmt","7 tmt"
"29806","M3","C4620081","7","128","C4620081 M3","tmt",0.0806635267572099,"128 tmt","7 tmt"
"29807","M3","C4620081","7","129","C4620081 M3","tmt",0.0797947905355633,"129 tmt","7 tmt"
"29808","M3","C4620081","7","130","C4620081 M3","tmt",0.0794137377175996,"130 tmt","7 tmt"
"29809","M3","C4620081","7","131","C4620081 M3","tmt",0.0787448457459772,"131 tmt","7 tmt"
"29810","M3","C4620081","7","132","C4620081 M3","tmt",0.0785472008881642,"132 tmt","7 tmt"
"29811","M3","C4620081","7","133","C4620081 M3","tmt",0.0784500238794053,"133 tmt","7 tmt"
"29812","M3","C4620081","7","134","C4620081 M3","tmt",0.0784052621141274,"134 tmt","7 tmt"
"29813","M3","C4620081","7","135","C4620081 M3","tmt",0.0779002639222094,"135 tmt","7 tmt"
"29814","M3","C4620081","7","136","C4620081 M3","tmt",0.0777289366384197,"136 tmt","7 tmt"
"29815","M3","C4620081","7","137","C4620081 M3","tmt",0.0763943420223058,"137 tmt","7 tmt"
"29816","M3","C4620081","7","138","C4620081 M3","tmt",0.076240184237449,"138 tmt","7 tmt"
"29817","M3","C4620081","7","139","C4620081 M3","tmt",0.0753603334331759,"139 tmt","7 tmt"
"29818","M3","C4620081","7","140","C4620081 M3","tmt",0.074979531964946,"140 tmt","7 tmt"
"29819","M3","C4620081","7","141","C4620081 M3","tmt",0.0744262066452591,"141 tmt","7 tmt"
"29820","M3","C4620081","7","142","C4620081 M3","tmt",0.0743606840574243,"142 tmt","7 tmt"
"29821","M3","C4620081","7","143","C4620081 M3","tmt",0.0743077382378922,"143 tmt","7 tmt"
"29822","M3","C4620081","7","144","C4620081 M3","tmt",0.0740818440266008,"144 tmt","7 tmt"
"29823","M3","C4620081","7","145","C4620081 M3","tmt",0.0740603436812447,"145 tmt","7 tmt"
"29824","M3","C4620081","7","146","C4620081 M3","tmt",0.0737514567951671,"146 tmt","7 tmt"
"29825","M3","C4620081","7","147","C4620081 M3","tmt",0.0723111485465172,"147 tmt","7 tmt"
"29826","M3","C4620081","7","148","C4620081 M3","tmt",0.0718430723847086,"148 tmt","7 tmt"
"29827","M3","C4620081","7","149","C4620081 M3","tmt",0.0714813726451532,"149 tmt","7 tmt"
"29828","M3","C4620081","7","150","C4620081 M3","tmt",0.0712261392764768,"150 tmt","7 tmt"
"29829","M3","C4620081","7","151","C4620081 M3","tmt",0.0711288545668321,"151 tmt","7 tmt"
"29830","M3","C4620081","7","152","C4620081 M3","tmt",0.0707854103579392,"152 tmt","7 tmt"
"29831","M3","C4620081","7","153","C4620081 M3","tmt",0.0707763018287304,"153 tmt","7 tmt"
"29832","M3","C4620081","7","154","C4620081 M3","tmt",0.0701632977071881,"154 tmt","7 tmt"
"29833","M3","C4620081","7","155","C4620081 M3","tmt",0.0701022306966168,"155 tmt","7 tmt"
"29834","M3","C4620081","7","156","C4620081 M3","tmt",0.0697642337272671,"156 tmt","7 tmt"
"29835","M3","C4620081","7","157","C4620081 M3","tmt",0.0684937825380393,"157 tmt","7 tmt"
"29836","M3","C4620081","7","158","C4620081 M3","tmt",0.0683956266551317,"158 tmt","7 tmt"
"29837","M3","C4620081","7","159","C4620081 M3","tmt",0.068303185792977,"159 tmt","7 tmt"
"29838","M3","C4620081","7","160","C4620081 M3","tmt",0.0676587234902808,"160 tmt","7 tmt"
"29839","M3","C4620081","7","161","C4620081 M3","tmt",0.0676423398277959,"161 tmt","7 tmt"
"29840","M3","C4620081","7","162","C4620081 M3","tmt",0.0666543743761756,"162 tmt","7 tmt"
"29841","M3","C4620081","7","163","C4620081 M3","tmt",0.0655004418895783,"163 tmt","7 tmt"
"29842","M3","C4620081","7","164","C4620081 M3","tmt",0.0654103199689676,"164 tmt","7 tmt"
"29843","M3","C4620081","7","165","C4620081 M3","tmt",0.0640894731807355,"165 tmt","7 tmt"
"29844","M3","C4620081","7","166","C4620081 M3","tmt",0.0639355378656256,"166 tmt","7 tmt"
"29845","M3","C4620081","7","167","C4620081 M3","tmt",0.0635080115080304,"167 tmt","7 tmt"
"29846","M3","C4620081","7","168","C4620081 M3","tmt",0.0629825689387362,"168 tmt","7 tmt"
"29847","M3","C4620081","7","169","C4620081 M3","tmt",0.0627694348040703,"169 tmt","7 tmt"
"29848","M3","C4620081","7","170","C4620081 M3","tmt",0.0620609812487612,"170 tmt","7 tmt"
"29849","M3","C4620081","7","171","C4620081 M3","tmt",0.0620541394738397,"171 tmt","7 tmt"
"29850","M3","C4620081","7","172","C4620081 M3","tmt",0.0619589773254845,"172 tmt","7 tmt"
"29851","M3","C4620081","7","173","C4620081 M3","tmt",0.0617725901369001,"173 tmt","7 tmt"
"29852","M3","C4620081","7","174","C4620081 M3","tmt",0.0615632077558796,"174 tmt","7 tmt"
"29853","M3","C4620081","7","175","C4620081 M3","tmt",0.0614379626728152,"175 tmt","7 tmt"
"29854","M3","C4620081","7","176","C4620081 M3","tmt",0.0614141575936132,"176 tmt","7 tmt"
"29855","M3","C4620081","7","177","C4620081 M3","tmt",0.0610264381467057,"177 tmt","7 tmt"
"29856","M3","C4620081","7","178","C4620081 M3","tmt",0.0599298758888466,"178 tmt","7 tmt"
"29857","M3","C4620081","7","179","C4620081 M3","tmt",0.0587378809739084,"179 tmt","7 tmt"
"29858","M3","C4620081","7","180","C4620081 M3","tmt",0.0586886976500055,"180 tmt","7 tmt"
"29859","M3","C4620081","7","181","C4620081 M3","tmt",0.0576776450757906,"181 tmt","7 tmt"
"29860","M3","C4620081","7","182","C4620081 M3","tmt",0.0570472715330624,"182 tmt","7 tmt"
"29861","M3","C4620081","7","183","C4620081 M3","tmt",0.0564837971676753,"183 tmt","7 tmt"
"29862","M3","C4620081","7","184","C4620081 M3","tmt",0.0562377836964919,"184 tmt","7 tmt"
"29863","M3","C4620081","7","185","C4620081 M3","tmt",0.0560648116789342,"185 tmt","7 tmt"
"29864","M3","C4620081","7","186","C4620081 M3","tmt",0.0550933149207666,"186 tmt","7 tmt"
"29865","M3","C4620081","7","187","C4620081 M3","tmt",0.054523630689388,"187 tmt","7 tmt"
"29866","M3","C4620081","7","188","C4620081 M3","tmt",0.0530596263735836,"188 tmt","7 tmt"
"29867","M3","C4620081","7","189","C4620081 M3","tmt",0.0519345390010685,"189 tmt","7 tmt"
"29868","M3","C4620081","7","190","C4620081 M3","tmt",0.0516376893720013,"190 tmt","7 tmt"
"29869","M3","C4620081","7","191","C4620081 M3","tmt",0.0507124301169741,"191 tmt","7 tmt"
"29870","M3","C4620081","7","192","C4620081 M3","tmt",0.049385467464804,"192 tmt","7 tmt"
"29871","M3","C4620081","7","193","C4620081 M3","tmt",0.0485509500591694,"193 tmt","7 tmt"
"29872","M3","C4620081","7","194","C4620081 M3","tmt",0.0482506399540679,"194 tmt","7 tmt"
"29873","M3","C4620081","7","195","C4620081 M3","tmt",0.0481050761114601,"195 tmt","7 tmt"
"29874","M3","C4620081","7","196","C4620081 M3","tmt",0.047866574373069,"196 tmt","7 tmt"
"29875","M3","C4620081","7","197","C4620081 M3","tmt",0.0474882880126075,"197 tmt","7 tmt"
"29876","M3","C4620081","7","198","C4620081 M3","tmt",0.0473272742031648,"198 tmt","7 tmt"
"29877","M3","C4620081","7","199","C4620081 M3","tmt",0.0471174468377468,"199 tmt","7 tmt"
"29878","M3","C4620081","7","200","C4620081 M3","tmt",0.0459339830905563,"200 tmt","7 tmt"
"29879","M3","C4620081","7","201","C4620081 M3","tmt",0.0458137362278559,"201 tmt","7 tmt"
"29880","M3","C4620081","7","202","C4620081 M3","tmt",0.0455344928352516,"202 tmt","7 tmt"
"29881","M3","C4620081","7","203","C4620081 M3","tmt",0.0454878094203372,"203 tmt","7 tmt"
"29882","M3","C4620081","7","204","C4620081 M3","tmt",0.0445085580677058,"204 tmt","7 tmt"
"29883","M3","C4620081","7","205","C4620081 M3","tmt",0.0444801871606172,"205 tmt","7 tmt"
"29884","M3","C4620081","7","206","C4620081 M3","tmt",0.0443130820507994,"206 tmt","7 tmt"
"29885","M3","C4620081","7","207","C4620081 M3","tmt",0.044308439815504,"207 tmt","7 tmt"
"29886","M3","C4620081","7","208","C4620081 M3","tmt",0.0430985067573135,"208 tmt","7 tmt"
"29887","M3","C4620081","7","209","C4620081 M3","tmt",0.0422440551768172,"209 tmt","7 tmt"
"29888","M3","C4620081","7","210","C4620081 M3","tmt",0.0408353258549357,"210 tmt","7 tmt"
"29889","M3","C4620081","7","211","C4620081 M3","tmt",0.0405164699823368,"211 tmt","7 tmt"
"29890","M3","C4620081","7","212","C4620081 M3","tmt",0.0396945840366459,"212 tmt","7 tmt"
"29891","M3","C4620081","7","213","C4620081 M3","tmt",0.0388410195628617,"213 tmt","7 tmt"
"29892","M3","C4620081","7","214","C4620081 M3","tmt",0.0377676814323188,"214 tmt","7 tmt"
"29893","M3","C4620081","7","215","C4620081 M3","tmt",0.0371437393530053,"215 tmt","7 tmt"
"29894","M3","C4620081","7","216","C4620081 M3","tmt",0.0350889801852561,"216 tmt","7 tmt"
"29895","M3","C4620081","7","217","C4620081 M3","tmt",0.0350060813989429,"217 tmt","7 tmt"
"29896","M3","C4620081","7","218","C4620081 M3","tmt",0.0330910380902046,"218 tmt","7 tmt"
"29897","M3","C4620081","7","219","C4620081 M3","tmt",0.0330636286632141,"219 tmt","7 tmt"
"29898","M3","C4620081","7","220","C4620081 M3","tmt",0.0327439289733605,"220 tmt","7 tmt"
"29899","M3","C4620081","7","221","C4620081 M3","tmt",0.0319542383687549,"221 tmt","7 tmt"
"29900","M3","C4620081","7","222","C4620081 M3","tmt",0.0309442663688811,"222 tmt","7 tmt"
"29901","M3","C4620081","7","223","C4620081 M3","tmt",0.0305773598120636,"223 tmt","7 tmt"
"29902","M3","C4620081","7","224","C4620081 M3","tmt",0.0301851016196069,"224 tmt","7 tmt"
"29903","M3","C4620081","7","225","C4620081 M3","tmt",0.028971301110565,"225 tmt","7 tmt"
"29904","M3","C4620081","7","226","C4620081 M3","tmt",0.0267272436193981,"226 tmt","7 tmt"
"29905","M3","C4620081","7","227","C4620081 M3","tmt",0.0255769230632813,"227 tmt","7 tmt"
"29906","M3","C4620081","7","228","C4620081 M3","tmt",0.0252265477012262,"228 tmt","7 tmt"
"29907","M3","C4620081","7","229","C4620081 M3","tmt",0.0251211854230514,"229 tmt","7 tmt"
"29908","M3","C4620081","7","230","C4620081 M3","tmt",0.0240371565122909,"230 tmt","7 tmt"
"29909","M3","C4620081","7","231","C4620081 M3","tmt",0.0226934365919677,"231 tmt","7 tmt"
"29910","M3","C4620081","7","232","C4620081 M3","tmt",0.0226197383093626,"232 tmt","7 tmt"
"29911","M3","C4620081","7","233","C4620081 M3","tmt",0.0222244063996305,"233 tmt","7 tmt"
"29912","M3","C4620081","7","234","C4620081 M3","tmt",0.0221136602229177,"234 tmt","7 tmt"
"29913","M3","C4620081","7","235","C4620081 M3","tmt",0.0199855557865837,"235 tmt","7 tmt"
"29914","M3","C4620081","7","236","C4620081 M3","tmt",0.0196731344411865,"236 tmt","7 tmt"
"29915","M3","C4620081","7","237","C4620081 M3","tmt",0.0194261428337388,"237 tmt","7 tmt"
"29916","M3","C4620081","7","238","C4620081 M3","tmt",0.0187644364591745,"238 tmt","7 tmt"
"29917","M3","C4620081","7","239","C4620081 M3","tmt",0.0176890126063536,"239 tmt","7 tmt"
"29918","M3","C4620081","7","240","C4620081 M3","tmt",0.0172096487192633,"240 tmt","7 tmt"
"29919","M3","C4620081","7","241","C4620081 M3","tmt",0.0169496381163896,"241 tmt","7 tmt"
"29920","M3","C4620081","7","242","C4620081 M3","tmt",0.0161954983242984,"242 tmt","7 tmt"
"29921","M3","C4620081","7","243","C4620081 M3","tmt",0.0154225830234492,"243 tmt","7 tmt"
"29922","M3","C4620081","7","244","C4620081 M3","tmt",0.0147703428944773,"244 tmt","7 tmt"
"29923","M3","C4620081","7","245","C4620081 M3","tmt",0.0147451030969771,"245 tmt","7 tmt"
"29924","M3","C4620081","7","246","C4620081 M3","tmt",0.0133184499508406,"246 tmt","7 tmt"
"29925","M3","C4620081","7","247","C4620081 M3","tmt",0.0131636109338562,"247 tmt","7 tmt"
"29926","M3","C4620081","7","248","C4620081 M3","tmt",0.0127997485550214,"248 tmt","7 tmt"
"29927","M3","C4620081","7","249","C4620081 M3","tmt",0.01213730458044,"249 tmt","7 tmt"
"29928","M3","C4620081","7","250","C4620081 M3","tmt",0.0111345794713396,"250 tmt","7 tmt"
"29929","M3","C4620081","7","251","C4620081 M3","tmt",0.00984057384496409,"251 tmt","7 tmt"
"29930","M3","C4620081","7","252","C4620081 M3","tmt",0.00961209579761689,"252 tmt","7 tmt"
"29931","M3","C4620081","7","253","C4620081 M3","tmt",0.00951256335592119,"253 tmt","7 tmt"
"29932","M3","C4620081","7","254","C4620081 M3","tmt",0.00951110917293831,"254 tmt","7 tmt"
"29933","M3","C4620081","7","255","C4620081 M3","tmt",0.00932432348628744,"255 tmt","7 tmt"
"29934","M3","C4620081","7","256","C4620081 M3","tmt",0.009126285660123,"256 tmt","7 tmt"
"29935","M3","C4620081","7","257","C4620081 M3","tmt",0.00841080300236434,"257 tmt","7 tmt"
"29936","M3","C4620081","7","258","C4620081 M3","tmt",0.00725610251453962,"258 tmt","7 tmt"
"29937","M3","C4620081","7","259","C4620081 M3","tmt",0.00719133760978911,"259 tmt","7 tmt"
"29938","M3","C4620081","7","260","C4620081 M3","tmt",0.00714969436964577,"260 tmt","7 tmt"
"29939","M3","C4620081","7","261","C4620081 M3","tmt",0.00709785497708399,"261 tmt","7 tmt"
"29940","M3","C4620081","7","262","C4620081 M3","tmt",0.005897420917643,"262 tmt","7 tmt"
"29941","M3","C4620081","7","263","C4620081 M3","tmt",0.0058685011237863,"263 tmt","7 tmt"
"29942","M3","C4620081","7","264","C4620081 M3","tmt",0.00562137346525103,"264 tmt","7 tmt"
"29943","M3","C4620081","7","265","C4620081 M3","tmt",0.00516375688699918,"265 tmt","7 tmt"
"29944","M3","C4620081","7","266","C4620081 M3","tmt",0.00514765802549892,"266 tmt","7 tmt"
"29945","M3","C4620081","7","267","C4620081 M3","tmt",0.00500741649880614,"267 tmt","7 tmt"
"29946","M3","C4620081","7","268","C4620081 M3","tmt",0.00500292371581504,"268 tmt","7 tmt"
"29947","M3","C4620081","7","269","C4620081 M3","tmt",0.00486695422955135,"269 tmt","7 tmt"
"29948","M3","C4620081","7","270","C4620081 M3","tmt",0.0041142206394843,"270 tmt","7 tmt"
"29949","M3","C4620081","7","271","C4620081 M3","tmt",0.00391736942671161,"271 tmt","7 tmt"
"29950","M3","C4620081","7","272","C4620081 M3","tmt",0.00323225081944725,"272 tmt","7 tmt"
"29951","M3","C4620081","7","273","C4620081 M3","tmt",0.00299575541347149,"273 tmt","7 tmt"
"29952","M3","C4620081","7","274","C4620081 M3","tmt",0.00288844350391382,"274 tmt","7 tmt"
"29953","M3","C4620081","7","275","C4620081 M3","tmt",0.00285269541486238,"275 tmt","7 tmt"
"29954","M3","C4620081","7","276","C4620081 M3","tmt",0.00158752705152289,"276 tmt","7 tmt"
"29955","M3","C4620081","7","277","C4620081 M3","tmt",0.000475311965686613,"277 tmt","7 tmt"
"29956","M3","C4620081","7","278","C4620081 M3","tmt",-0.00147141464473673,"278 tmt","7 tmt"
"29957","M3","C4620081","7","279","C4620081 M3","tmt",-0.00342080871684331,"279 tmt","7 tmt"
"29958","M3","C4620081","7","280","C4620081 M3","tmt",-0.00369258353716766,"280 tmt","7 tmt"
"29959","M3","C4620081","7","281","C4620081 M3","tmt",-0.00453966924044261,"281 tmt","7 tmt"
"29960","M3","C4620081","7","282","C4620081 M3","tmt",-0.00480908378596209,"282 tmt","7 tmt"
"29961","M3","C4620081","7","283","C4620081 M3","tmt",-0.00495064340245371,"283 tmt","7 tmt"
"29962","M3","C4620081","7","284","C4620081 M3","tmt",-0.00637810713724171,"284 tmt","7 tmt"
"29963","M3","C4620081","7","285","C4620081 M3","tmt",-0.0078210329869163,"285 tmt","7 tmt"
"29964","M3","C4620081","7","286","C4620081 M3","tmt",-0.00889039317073734,"286 tmt","7 tmt"
"29965","M3","C4620081","7","287","C4620081 M3","tmt",-0.00925688227445685,"287 tmt","7 tmt"
"29966","M3","C4620081","7","288","C4620081 M3","tmt",-0.00981016942102003,"288 tmt","7 tmt"
"29967","M3","C4620081","7","289","C4620081 M3","tmt",-0.0109390800253887,"289 tmt","7 tmt"
"29968","M3","C4620081","7","290","C4620081 M3","tmt",-0.0161449815815411,"290 tmt","7 tmt"
"29969","M3","C4620081","7","291","C4620081 M3","tmt",-0.016668313073062,"291 tmt","7 tmt"
"29970","M3","C4620081","7","292","C4620081 M3","tmt",-0.0203744382897559,"292 tmt","7 tmt"
"29971","M3","C4620081","7","293","C4620081 M3","tmt",-0.0205070923685063,"293 tmt","7 tmt"
"29972","M3","C4620081","7","294","C4620081 M3","tmt",-0.0211778691565982,"294 tmt","7 tmt"
"29973","M3","C4620081","7","295","C4620081 M3","tmt",-0.0212707029744411,"295 tmt","7 tmt"
"29974","M3","C4620081","7","296","C4620081 M3","tmt",-0.0213039288957391,"296 tmt","7 tmt"
"29975","M3","C4620081","7","297","C4620081 M3","tmt",-0.0237051748068005,"297 tmt","7 tmt"
"29976","M3","C4620081","7","298","C4620081 M3","tmt",-0.024628877924735,"298 tmt","7 tmt"
"29977","M3","C4620081","7","299","C4620081 M3","tmt",-0.0248148450258479,"299 tmt","7 tmt"
"29978","M3","C4620081","7","300","C4620081 M3","tmt",-0.027192486419617,"300 tmt","7 tmt"
"29979","M3","C4620081","7","301","C4620081 M3","tmt",-0.0281596679594252,"301 tmt","7 tmt"
"29980","M3","C4620081","7","302","C4620081 M3","tmt",-0.0299367764550747,"302 tmt","7 tmt"
"29981","M3","C4620081","7","303","C4620081 M3","tmt",-0.0302261433695215,"303 tmt","7 tmt"
"29982","M3","C4620081","7","304","C4620081 M3","tmt",-0.030679217593434,"304 tmt","7 tmt"
"29983","M3","C4620081","7","305","C4620081 M3","tmt",-0.030800927246924,"305 tmt","7 tmt"
"29984","M3","C4620081","7","306","C4620081 M3","tmt",-0.0336870601816144,"306 tmt","7 tmt"
"29985","M3","C4620081","7","307","C4620081 M3","tmt",-0.0478544331171326,"307 tmt","7 tmt"
"29986","M3","C4620081","7","308","C4620081 M3","tmt",-0.0489231809581529,"308 tmt","7 tmt"
"29987","M3","C4620081","7","309","C4620081 M3","tmt",-0.0526102021284687,"309 tmt","7 tmt"
"29988","M3","C4620081","7","310","C4620081 M3","tmt",-0.0547166747378227,"310 tmt","7 tmt"
"29989","M3","C4620081","7","311","C4620081 M3","tmt",-0.06920507887722,"311 tmt","7 tmt"
"29990","M3","C4620081","7","312","C4620081 M3","tmt",-0.0860669434624058,"312 tmt","7 tmt"
"29991","M4","C4620081","7","0","C4620081 M4","tmt",0.192117500781771,"0 tmt","7 tmt"
"29992","M4","C4620081","7","1","C4620081 M4","tmt",0.180607380862998,"1 tmt","7 tmt"
"29993","M4","C4620081","7","2","C4620081 M4","tmt",0.176392931296884,"2 tmt","7 tmt"
"29994","M4","C4620081","7","3","C4620081 M4","tmt",0.176318726633511,"3 tmt","7 tmt"
"29995","M4","C4620081","7","4","C4620081 M4","tmt",0.175454471688633,"4 tmt","7 tmt"
"29996","M4","C4620081","7","5","C4620081 M4","tmt",0.175412986847232,"5 tmt","7 tmt"
"29997","M4","C4620081","7","6","C4620081 M4","tmt",0.173886121853347,"6 tmt","7 tmt"
"29998","M4","C4620081","7","7","C4620081 M4","tmt",0.172457330599578,"7 tmt","7 tmt"
"29999","M4","C4620081","7","8","C4620081 M4","tmt",0.170165240299193,"8 tmt","7 tmt"
"30000","M4","C4620081","7","9","C4620081 M4","tmt",0.1690687021476,"9 tmt","7 tmt"
"30001","M4","C4620081","7","10","C4620081 M4","tmt",0.168343583608883,"10 tmt","7 tmt"
"30002","M4","C4620081","7","11","C4620081 M4","tmt",0.168015001767117,"11 tmt","7 tmt"
"30003","M4","C4620081","7","12","C4620081 M4","tmt",0.167346266038022,"12 tmt","7 tmt"
"30004","M4","C4620081","7","13","C4620081 M4","tmt",0.167139860517077,"13 tmt","7 tmt"
"30005","M4","C4620081","7","14","C4620081 M4","tmt",0.163111850586941,"14 tmt","7 tmt"
"30006","M4","C4620081","7","15","C4620081 M4","tmt",0.162879309553467,"15 tmt","7 tmt"
"30007","M4","C4620081","7","16","C4620081 M4","tmt",0.162003276293321,"16 tmt","7 tmt"
"30008","M4","C4620081","7","17","C4620081 M4","tmt",0.159473690308949,"17 tmt","7 tmt"
"30009","M4","C4620081","7","18","C4620081 M4","tmt",0.157191327132141,"18 tmt","7 tmt"
"30010","M4","C4620081","7","19","C4620081 M4","tmt",0.15714910417085,"19 tmt","7 tmt"
"30011","M4","C4620081","7","20","C4620081 M4","tmt",0.155778290666937,"20 tmt","7 tmt"
"30012","M4","C4620081","7","21","C4620081 M4","tmt",0.152123621819906,"21 tmt","7 tmt"
"30013","M4","C4620081","7","22","C4620081 M4","tmt",0.151991845757838,"22 tmt","7 tmt"
"30014","M4","C4620081","7","23","C4620081 M4","tmt",0.151818013737878,"23 tmt","7 tmt"
"30015","M4","C4620081","7","24","C4620081 M4","tmt",0.150699023275083,"24 tmt","7 tmt"
"30016","M4","C4620081","7","25","C4620081 M4","tmt",0.149743509623085,"25 tmt","7 tmt"
"30017","M4","C4620081","7","26","C4620081 M4","tmt",0.144871236420218,"26 tmt","7 tmt"
"30018","M4","C4620081","7","27","C4620081 M4","tmt",0.144865170000869,"27 tmt","7 tmt"
"30019","M4","C4620081","7","28","C4620081 M4","tmt",0.144341569604647,"28 tmt","7 tmt"
"30020","M4","C4620081","7","29","C4620081 M4","tmt",0.143966209341828,"29 tmt","7 tmt"
"30021","M4","C4620081","7","30","C4620081 M4","tmt",0.143824583260883,"30 tmt","7 tmt"
"30022","M4","C4620081","7","31","C4620081 M4","tmt",0.143420819658824,"31 tmt","7 tmt"
"30023","M4","C4620081","7","32","C4620081 M4","tmt",0.143258278158072,"32 tmt","7 tmt"
"30024","M4","C4620081","7","33","C4620081 M4","tmt",0.142804585016795,"33 tmt","7 tmt"
"30025","M4","C4620081","7","34","C4620081 M4","tmt",0.140982809116125,"34 tmt","7 tmt"
"30026","M4","C4620081","7","35","C4620081 M4","tmt",0.140916303088414,"35 tmt","7 tmt"
"30027","M4","C4620081","7","36","C4620081 M4","tmt",0.139496086435654,"36 tmt","7 tmt"
"30028","M4","C4620081","7","37","C4620081 M4","tmt",0.139387462715724,"37 tmt","7 tmt"
"30029","M4","C4620081","7","38","C4620081 M4","tmt",0.139233563493114,"38 tmt","7 tmt"
"30030","M4","C4620081","7","39","C4620081 M4","tmt",0.138364655008588,"39 tmt","7 tmt"
"30031","M4","C4620081","7","40","C4620081 M4","tmt",0.138310741493665,"40 tmt","7 tmt"
"30032","M4","C4620081","7","41","C4620081 M4","tmt",0.137912456553938,"41 tmt","7 tmt"
"30033","M4","C4620081","7","42","C4620081 M4","tmt",0.137335352891805,"42 tmt","7 tmt"
"30034","M4","C4620081","7","43","C4620081 M4","tmt",0.13720690775025,"43 tmt","7 tmt"
"30035","M4","C4620081","7","44","C4620081 M4","tmt",0.136530110025096,"44 tmt","7 tmt"
"30036","M4","C4620081","7","45","C4620081 M4","tmt",0.136236490509445,"45 tmt","7 tmt"
"30037","M4","C4620081","7","46","C4620081 M4","tmt",0.13608917536435,"46 tmt","7 tmt"
"30038","M4","C4620081","7","47","C4620081 M4","tmt",0.136057907703529,"47 tmt","7 tmt"
"30039","M4","C4620081","7","48","C4620081 M4","tmt",0.135834695198519,"48 tmt","7 tmt"
"30040","M4","C4620081","7","49","C4620081 M4","tmt",0.13577394132766,"49 tmt","7 tmt"
"30041","M4","C4620081","7","50","C4620081 M4","tmt",0.13499675920915,"50 tmt","7 tmt"
"30042","M4","C4620081","7","51","C4620081 M4","tmt",0.134502558701615,"51 tmt","7 tmt"
"30043","M4","C4620081","7","52","C4620081 M4","tmt",0.13358515554658,"52 tmt","7 tmt"
"30044","M4","C4620081","7","53","C4620081 M4","tmt",0.133517358594535,"53 tmt","7 tmt"
"30045","M4","C4620081","7","54","C4620081 M4","tmt",0.131583520065545,"54 tmt","7 tmt"
"30046","M4","C4620081","7","55","C4620081 M4","tmt",0.131088125183789,"55 tmt","7 tmt"
"30047","M4","C4620081","7","56","C4620081 M4","tmt",0.130260065620838,"56 tmt","7 tmt"
"30048","M4","C4620081","7","57","C4620081 M4","tmt",0.129959306194141,"57 tmt","7 tmt"
"30049","M4","C4620081","7","58","C4620081 M4","tmt",0.129937805613067,"58 tmt","7 tmt"
"30050","M4","C4620081","7","59","C4620081 M4","tmt",0.129664764630902,"59 tmt","7 tmt"
"30051","M4","C4620081","7","60","C4620081 M4","tmt",0.128524599833784,"60 tmt","7 tmt"
"30052","M4","C4620081","7","61","C4620081 M4","tmt",0.128098871929836,"61 tmt","7 tmt"
"30053","M4","C4620081","7","62","C4620081 M4","tmt",0.127206701208759,"62 tmt","7 tmt"
"30054","M4","C4620081","7","63","C4620081 M4","tmt",0.126574482669576,"63 tmt","7 tmt"
"30055","M4","C4620081","7","64","C4620081 M4","tmt",0.126193913368079,"64 tmt","7 tmt"
"30056","M4","C4620081","7","65","C4620081 M4","tmt",0.124535725520589,"65 tmt","7 tmt"
"30057","M4","C4620081","7","66","C4620081 M4","tmt",0.12453322834958,"66 tmt","7 tmt"
"30058","M4","C4620081","7","67","C4620081 M4","tmt",0.124474292729329,"67 tmt","7 tmt"
"30059","M4","C4620081","7","68","C4620081 M4","tmt",0.123720924015071,"68 tmt","7 tmt"
"30060","M4","C4620081","7","69","C4620081 M4","tmt",0.123672932688262,"69 tmt","7 tmt"
"30061","M4","C4620081","7","70","C4620081 M4","tmt",0.122789937370791,"70 tmt","7 tmt"
"30062","M4","C4620081","7","71","C4620081 M4","tmt",0.122520428405078,"71 tmt","7 tmt"
"30063","M4","C4620081","7","72","C4620081 M4","tmt",0.121301789138775,"72 tmt","7 tmt"
"30064","M4","C4620081","7","73","C4620081 M4","tmt",0.120787609029982,"73 tmt","7 tmt"
"30065","M4","C4620081","7","74","C4620081 M4","tmt",0.120297219680387,"74 tmt","7 tmt"
"30066","M4","C4620081","7","75","C4620081 M4","tmt",0.11963031910123,"75 tmt","7 tmt"
"30067","M4","C4620081","7","76","C4620081 M4","tmt",0.11925303933689,"76 tmt","7 tmt"
"30068","M4","C4620081","7","77","C4620081 M4","tmt",0.119231998672833,"77 tmt","7 tmt"
"30069","M4","C4620081","7","78","C4620081 M4","tmt",0.118954956341061,"78 tmt","7 tmt"
"30070","M4","C4620081","7","79","C4620081 M4","tmt",0.118621097528966,"79 tmt","7 tmt"
"30071","M4","C4620081","7","80","C4620081 M4","tmt",0.118065012487,"80 tmt","7 tmt"
"30072","M4","C4620081","7","81","C4620081 M4","tmt",0.116337351660607,"81 tmt","7 tmt"
"30073","M4","C4620081","7","82","C4620081 M4","tmt",0.11530566572669,"82 tmt","7 tmt"
"30074","M4","C4620081","7","83","C4620081 M4","tmt",0.114949290227854,"83 tmt","7 tmt"
"30075","M4","C4620081","7","84","C4620081 M4","tmt",0.114624952509279,"84 tmt","7 tmt"
"30076","M4","C4620081","7","85","C4620081 M4","tmt",0.11425476540148,"85 tmt","7 tmt"
"30077","M4","C4620081","7","86","C4620081 M4","tmt",0.11324994665854,"86 tmt","7 tmt"
"30078","M4","C4620081","7","87","C4620081 M4","tmt",0.111659259500654,"87 tmt","7 tmt"
"30079","M4","C4620081","7","88","C4620081 M4","tmt",0.11151909865986,"88 tmt","7 tmt"
"30080","M4","C4620081","7","89","C4620081 M4","tmt",0.110468239514559,"89 tmt","7 tmt"
"30081","M4","C4620081","7","90","C4620081 M4","tmt",0.109318546809936,"90 tmt","7 tmt"
"30082","M4","C4620081","7","91","C4620081 M4","tmt",0.109317834018485,"91 tmt","7 tmt"
"30083","M4","C4620081","7","92","C4620081 M4","tmt",0.108713532731165,"92 tmt","7 tmt"
"30084","M4","C4620081","7","93","C4620081 M4","tmt",0.107970000623747,"93 tmt","7 tmt"
"30085","M4","C4620081","7","94","C4620081 M4","tmt",0.106445302640241,"94 tmt","7 tmt"
"30086","M4","C4620081","7","95","C4620081 M4","tmt",0.106172077673385,"95 tmt","7 tmt"
"30087","M4","C4620081","7","96","C4620081 M4","tmt",0.105753680922675,"96 tmt","7 tmt"
"30088","M4","C4620081","7","97","C4620081 M4","tmt",0.105452014229172,"97 tmt","7 tmt"
"30089","M4","C4620081","7","98","C4620081 M4","tmt",0.105412310265984,"98 tmt","7 tmt"
"30090","M4","C4620081","7","99","C4620081 M4","tmt",0.10538200236009,"99 tmt","7 tmt"
"30091","M4","C4620081","7","100","C4620081 M4","tmt",0.10511598844106,"100 tmt","7 tmt"
"30092","M4","C4620081","7","101","C4620081 M4","tmt",0.104894591509132,"101 tmt","7 tmt"
"30093","M4","C4620081","7","102","C4620081 M4","tmt",0.104627582963621,"102 tmt","7 tmt"
"30094","M4","C4620081","7","103","C4620081 M4","tmt",0.104307561084963,"103 tmt","7 tmt"
"30095","M4","C4620081","7","104","C4620081 M4","tmt",0.104287567557196,"104 tmt","7 tmt"
"30096","M4","C4620081","7","105","C4620081 M4","tmt",0.104172823166481,"105 tmt","7 tmt"
"30097","M4","C4620081","7","106","C4620081 M4","tmt",0.103218411118724,"106 tmt","7 tmt"
"30098","M4","C4620081","7","107","C4620081 M4","tmt",0.103043110053443,"107 tmt","7 tmt"
"30099","M4","C4620081","7","108","C4620081 M4","tmt",0.102940715104557,"108 tmt","7 tmt"
"30100","M4","C4620081","7","109","C4620081 M4","tmt",0.102103713870175,"109 tmt","7 tmt"
"30101","M4","C4620081","7","110","C4620081 M4","tmt",0.101079391897142,"110 tmt","7 tmt"
"30102","M4","C4620081","7","111","C4620081 M4","tmt",0.100503679651661,"111 tmt","7 tmt"
"30103","M4","C4620081","7","112","C4620081 M4","tmt",0.100233206547337,"112 tmt","7 tmt"
"30104","M4","C4620081","7","113","C4620081 M4","tmt",0.0998319799808375,"113 tmt","7 tmt"
"30105","M4","C4620081","7","114","C4620081 M4","tmt",0.099516585731437,"114 tmt","7 tmt"
"30106","M4","C4620081","7","115","C4620081 M4","tmt",0.0990721220128225,"115 tmt","7 tmt"
"30107","M4","C4620081","7","116","C4620081 M4","tmt",0.0989790105622709,"116 tmt","7 tmt"
"30108","M4","C4620081","7","117","C4620081 M4","tmt",0.0986032082745049,"117 tmt","7 tmt"
"30109","M4","C4620081","7","118","C4620081 M4","tmt",0.0984591260591318,"118 tmt","7 tmt"
"30110","M4","C4620081","7","119","C4620081 M4","tmt",0.0973619133467109,"119 tmt","7 tmt"
"30111","M4","C4620081","7","120","C4620081 M4","tmt",0.0973275235610759,"120 tmt","7 tmt"
"30112","M4","C4620081","7","121","C4620081 M4","tmt",0.0969765308657133,"121 tmt","7 tmt"
"30113","M4","C4620081","7","122","C4620081 M4","tmt",0.096694277737748,"122 tmt","7 tmt"
"30114","M4","C4620081","7","123","C4620081 M4","tmt",0.0958120411991805,"123 tmt","7 tmt"
"30115","M4","C4620081","7","124","C4620081 M4","tmt",0.0950124825647832,"124 tmt","7 tmt"
"30116","M4","C4620081","7","125","C4620081 M4","tmt",0.0948569959217967,"125 tmt","7 tmt"
"30117","M4","C4620081","7","126","C4620081 M4","tmt",0.0945966090273337,"126 tmt","7 tmt"
"30118","M4","C4620081","7","127","C4620081 M4","tmt",0.0943554266272137,"127 tmt","7 tmt"
"30119","M4","C4620081","7","128","C4620081 M4","tmt",0.094056618614951,"128 tmt","7 tmt"
"30120","M4","C4620081","7","129","C4620081 M4","tmt",0.0939668795267139,"129 tmt","7 tmt"
"30121","M4","C4620081","7","130","C4620081 M4","tmt",0.0934725154185086,"130 tmt","7 tmt"
"30122","M4","C4620081","7","131","C4620081 M4","tmt",0.0932846185912211,"131 tmt","7 tmt"
"30123","M4","C4620081","7","132","C4620081 M4","tmt",0.0931428910491528,"132 tmt","7 tmt"
"30124","M4","C4620081","7","133","C4620081 M4","tmt",0.0928569956523796,"133 tmt","7 tmt"
"30125","M4","C4620081","7","134","C4620081 M4","tmt",0.0925421685709162,"134 tmt","7 tmt"
"30126","M4","C4620081","7","135","C4620081 M4","tmt",0.0921874792951924,"135 tmt","7 tmt"
"30127","M4","C4620081","7","136","C4620081 M4","tmt",0.0919534141858452,"136 tmt","7 tmt"
"30128","M4","C4620081","7","137","C4620081 M4","tmt",0.0916996399853414,"137 tmt","7 tmt"
"30129","M4","C4620081","7","138","C4620081 M4","tmt",0.0911276645583347,"138 tmt","7 tmt"
"30130","M4","C4620081","7","139","C4620081 M4","tmt",0.091090879852208,"139 tmt","7 tmt"
"30131","M4","C4620081","7","140","C4620081 M4","tmt",0.0897971612137603,"140 tmt","7 tmt"
"30132","M4","C4620081","7","141","C4620081 M4","tmt",0.0896721080005558,"141 tmt","7 tmt"
"30133","M4","C4620081","7","142","C4620081 M4","tmt",0.0888408050679899,"142 tmt","7 tmt"
"30134","M4","C4620081","7","143","C4620081 M4","tmt",0.0888362073225504,"143 tmt","7 tmt"
"30135","M4","C4620081","7","144","C4620081 M4","tmt",0.0879334819280391,"144 tmt","7 tmt"
"30136","M4","C4620081","7","145","C4620081 M4","tmt",0.0873452049153701,"145 tmt","7 tmt"
"30137","M4","C4620081","7","146","C4620081 M4","tmt",0.0870986333459008,"146 tmt","7 tmt"
"30138","M4","C4620081","7","147","C4620081 M4","tmt",0.086413337717575,"147 tmt","7 tmt"
"30139","M4","C4620081","7","148","C4620081 M4","tmt",0.086113180043271,"148 tmt","7 tmt"
"30140","M4","C4620081","7","149","C4620081 M4","tmt",0.0858466585399428,"149 tmt","7 tmt"
"30141","M4","C4620081","7","150","C4620081 M4","tmt",0.0857692392741099,"150 tmt","7 tmt"
"30142","M4","C4620081","7","151","C4620081 M4","tmt",0.0855773406120931,"151 tmt","7 tmt"
"30143","M4","C4620081","7","152","C4620081 M4","tmt",0.085006998633149,"152 tmt","7 tmt"
"30144","M4","C4620081","7","153","C4620081 M4","tmt",0.0847695220216663,"153 tmt","7 tmt"
"30145","M4","C4620081","7","154","C4620081 M4","tmt",0.084165497690129,"154 tmt","7 tmt"
"30146","M4","C4620081","7","155","C4620081 M4","tmt",0.084018000237235,"155 tmt","7 tmt"
"30147","M4","C4620081","7","156","C4620081 M4","tmt",0.0839974914839104,"156 tmt","7 tmt"
"30148","M4","C4620081","7","157","C4620081 M4","tmt",0.083774846528542,"157 tmt","7 tmt"
"30149","M4","C4620081","7","158","C4620081 M4","tmt",0.0836285586691044,"158 tmt","7 tmt"
"30150","M4","C4620081","7","159","C4620081 M4","tmt",0.0831555045217066,"159 tmt","7 tmt"
"30151","M4","C4620081","7","160","C4620081 M4","tmt",0.0829248710190511,"160 tmt","7 tmt"
"30152","M4","C4620081","7","161","C4620081 M4","tmt",0.0828470873587017,"161 tmt","7 tmt"
"30153","M4","C4620081","7","162","C4620081 M4","tmt",0.0822786462601869,"162 tmt","7 tmt"
"30154","M4","C4620081","7","163","C4620081 M4","tmt",0.0819146521730132,"163 tmt","7 tmt"
"30155","M4","C4620081","7","164","C4620081 M4","tmt",0.0818550081815445,"164 tmt","7 tmt"
"30156","M4","C4620081","7","165","C4620081 M4","tmt",0.081711090712307,"165 tmt","7 tmt"
"30157","M4","C4620081","7","166","C4620081 M4","tmt",0.081558738515182,"166 tmt","7 tmt"
"30158","M4","C4620081","7","167","C4620081 M4","tmt",0.080970236209507,"167 tmt","7 tmt"
"30159","M4","C4620081","7","168","C4620081 M4","tmt",0.0803262373430957,"168 tmt","7 tmt"
"30160","M4","C4620081","7","169","C4620081 M4","tmt",0.0802727973082402,"169 tmt","7 tmt"
"30161","M4","C4620081","7","170","C4620081 M4","tmt",0.0800680485359444,"170 tmt","7 tmt"
"30162","M4","C4620081","7","171","C4620081 M4","tmt",0.0796458888156869,"171 tmt","7 tmt"
"30163","M4","C4620081","7","172","C4620081 M4","tmt",0.0793485996347949,"172 tmt","7 tmt"
"30164","M4","C4620081","7","173","C4620081 M4","tmt",0.0786677480811165,"173 tmt","7 tmt"
"30165","M4","C4620081","7","174","C4620081 M4","tmt",0.0770587481176136,"174 tmt","7 tmt"
"30166","M4","C4620081","7","175","C4620081 M4","tmt",0.0768494078024974,"175 tmt","7 tmt"
"30167","M4","C4620081","7","176","C4620081 M4","tmt",0.0763931503559899,"176 tmt","7 tmt"
"30168","M4","C4620081","7","177","C4620081 M4","tmt",0.0752151844750594,"177 tmt","7 tmt"
"30169","M4","C4620081","7","178","C4620081 M4","tmt",0.0750007878306654,"178 tmt","7 tmt"
"30170","M4","C4620081","7","179","C4620081 M4","tmt",0.0748063082564412,"179 tmt","7 tmt"
"30171","M4","C4620081","7","180","C4620081 M4","tmt",0.0747418452450384,"180 tmt","7 tmt"
"30172","M4","C4620081","7","181","C4620081 M4","tmt",0.0745731498763408,"181 tmt","7 tmt"
"30173","M4","C4620081","7","182","C4620081 M4","tmt",0.0743971310950614,"182 tmt","7 tmt"
"30174","M4","C4620081","7","183","C4620081 M4","tmt",0.0743869698670533,"183 tmt","7 tmt"
"30175","M4","C4620081","7","184","C4620081 M4","tmt",0.0740584873766078,"184 tmt","7 tmt"
"30176","M4","C4620081","7","185","C4620081 M4","tmt",0.0736649675006545,"185 tmt","7 tmt"
"30177","M4","C4620081","7","186","C4620081 M4","tmt",0.0731222060265017,"186 tmt","7 tmt"
"30178","M4","C4620081","7","187","C4620081 M4","tmt",0.0728028734656408,"187 tmt","7 tmt"
"30179","M4","C4620081","7","188","C4620081 M4","tmt",0.0726459651574512,"188 tmt","7 tmt"
"30180","M4","C4620081","7","189","C4620081 M4","tmt",0.0721267909273055,"189 tmt","7 tmt"
"30181","M4","C4620081","7","190","C4620081 M4","tmt",0.0714773286570572,"190 tmt","7 tmt"
"30182","M4","C4620081","7","191","C4620081 M4","tmt",0.0714367673700248,"191 tmt","7 tmt"
"30183","M4","C4620081","7","192","C4620081 M4","tmt",0.0712061440636493,"192 tmt","7 tmt"
"30184","M4","C4620081","7","193","C4620081 M4","tmt",0.0710039355083859,"193 tmt","7 tmt"
"30185","M4","C4620081","7","194","C4620081 M4","tmt",0.0705017292582309,"194 tmt","7 tmt"
"30186","M4","C4620081","7","195","C4620081 M4","tmt",0.070340385534801,"195 tmt","7 tmt"
"30187","M4","C4620081","7","196","C4620081 M4","tmt",0.0702853471230765,"196 tmt","7 tmt"
"30188","M4","C4620081","7","197","C4620081 M4","tmt",0.0701380405187649,"197 tmt","7 tmt"
"30189","M4","C4620081","7","198","C4620081 M4","tmt",0.0687562382940193,"198 tmt","7 tmt"
"30190","M4","C4620081","7","199","C4620081 M4","tmt",0.0687014719268062,"199 tmt","7 tmt"
"30191","M4","C4620081","7","200","C4620081 M4","tmt",0.0684330407354112,"200 tmt","7 tmt"
"30192","M4","C4620081","7","201","C4620081 M4","tmt",0.0683701109629588,"201 tmt","7 tmt"
"30193","M4","C4620081","7","202","C4620081 M4","tmt",0.0681437715587211,"202 tmt","7 tmt"
"30194","M4","C4620081","7","203","C4620081 M4","tmt",0.0679007574647809,"203 tmt","7 tmt"
"30195","M4","C4620081","7","204","C4620081 M4","tmt",0.0678392119356793,"204 tmt","7 tmt"
"30196","M4","C4620081","7","205","C4620081 M4","tmt",0.0675613109761468,"205 tmt","7 tmt"
"30197","M4","C4620081","7","206","C4620081 M4","tmt",0.0675209732198453,"206 tmt","7 tmt"
"30198","M4","C4620081","7","207","C4620081 M4","tmt",0.0673680911500723,"207 tmt","7 tmt"
"30199","M4","C4620081","7","208","C4620081 M4","tmt",0.066956256056361,"208 tmt","7 tmt"
"30200","M4","C4620081","7","209","C4620081 M4","tmt",0.0666738563660792,"209 tmt","7 tmt"
"30201","M4","C4620081","7","210","C4620081 M4","tmt",0.0666535694036853,"210 tmt","7 tmt"
"30202","M4","C4620081","7","211","C4620081 M4","tmt",0.0657399257334297,"211 tmt","7 tmt"
"30203","M4","C4620081","7","212","C4620081 M4","tmt",0.0656123721469803,"212 tmt","7 tmt"
"30204","M4","C4620081","7","213","C4620081 M4","tmt",0.0651604416028924,"213 tmt","7 tmt"
"30205","M4","C4620081","7","214","C4620081 M4","tmt",0.0651186293673015,"214 tmt","7 tmt"
"30206","M4","C4620081","7","215","C4620081 M4","tmt",0.0644212189676596,"215 tmt","7 tmt"
"30207","M4","C4620081","7","216","C4620081 M4","tmt",0.0643421794317914,"216 tmt","7 tmt"
"30208","M4","C4620081","7","217","C4620081 M4","tmt",0.0634005918977644,"217 tmt","7 tmt"
"30209","M4","C4620081","7","218","C4620081 M4","tmt",0.0633820174679213,"218 tmt","7 tmt"
"30210","M4","C4620081","7","219","C4620081 M4","tmt",0.0624317427023927,"219 tmt","7 tmt"
"30211","M4","C4620081","7","220","C4620081 M4","tmt",0.0623331790603289,"220 tmt","7 tmt"
"30212","M4","C4620081","7","221","C4620081 M4","tmt",0.0621422203521667,"221 tmt","7 tmt"
"30213","M4","C4620081","7","222","C4620081 M4","tmt",0.0615657586339461,"222 tmt","7 tmt"
"30214","M4","C4620081","7","223","C4620081 M4","tmt",0.0613337013040857,"223 tmt","7 tmt"
"30215","M4","C4620081","7","224","C4620081 M4","tmt",0.0612518614706935,"224 tmt","7 tmt"
"30216","M4","C4620081","7","225","C4620081 M4","tmt",0.0611752813194188,"225 tmt","7 tmt"
"30217","M4","C4620081","7","226","C4620081 M4","tmt",0.061172235473554,"226 tmt","7 tmt"
"30218","M4","C4620081","7","227","C4620081 M4","tmt",0.0609519462123556,"227 tmt","7 tmt"
"30219","M4","C4620081","7","228","C4620081 M4","tmt",0.0609033817383104,"228 tmt","7 tmt"
"30220","M4","C4620081","7","229","C4620081 M4","tmt",0.0608644123165979,"229 tmt","7 tmt"
"30221","M4","C4620081","7","230","C4620081 M4","tmt",0.0605202834299816,"230 tmt","7 tmt"
"30222","M4","C4620081","7","231","C4620081 M4","tmt",0.0600959950938464,"231 tmt","7 tmt"
"30223","M4","C4620081","7","232","C4620081 M4","tmt",0.060058940035925,"232 tmt","7 tmt"
"30224","M4","C4620081","7","233","C4620081 M4","tmt",0.0599567620459864,"233 tmt","7 tmt"
"30225","M4","C4620081","7","234","C4620081 M4","tmt",0.0596816342932385,"234 tmt","7 tmt"
"30226","M4","C4620081","7","235","C4620081 M4","tmt",0.0595944270835345,"235 tmt","7 tmt"
"30227","M4","C4620081","7","236","C4620081 M4","tmt",0.0595674849413792,"236 tmt","7 tmt"
"30228","M4","C4620081","7","237","C4620081 M4","tmt",0.0595324222412189,"237 tmt","7 tmt"
"30229","M4","C4620081","7","238","C4620081 M4","tmt",0.0595226851312954,"238 tmt","7 tmt"
"30230","M4","C4620081","7","239","C4620081 M4","tmt",0.0592915437630352,"239 tmt","7 tmt"
"30231","M4","C4620081","7","240","C4620081 M4","tmt",0.0583884688700531,"240 tmt","7 tmt"
"30232","M4","C4620081","7","241","C4620081 M4","tmt",0.0583736042094291,"241 tmt","7 tmt"
"30233","M4","C4620081","7","242","C4620081 M4","tmt",0.0581420515462979,"242 tmt","7 tmt"
"30234","M4","C4620081","7","243","C4620081 M4","tmt",0.0576609342679151,"243 tmt","7 tmt"
"30235","M4","C4620081","7","244","C4620081 M4","tmt",0.0574213143276644,"244 tmt","7 tmt"
"30236","M4","C4620081","7","245","C4620081 M4","tmt",0.056801048048976,"245 tmt","7 tmt"
"30237","M4","C4620081","7","246","C4620081 M4","tmt",0.0565282461477423,"246 tmt","7 tmt"
"30238","M4","C4620081","7","247","C4620081 M4","tmt",0.0563185711451351,"247 tmt","7 tmt"
"30239","M4","C4620081","7","248","C4620081 M4","tmt",0.0563049126633968,"248 tmt","7 tmt"
"30240","M4","C4620081","7","249","C4620081 M4","tmt",0.0561141905038343,"249 tmt","7 tmt"
"30241","M4","C4620081","7","250","C4620081 M4","tmt",0.0553421623559027,"250 tmt","7 tmt"
"30242","M4","C4620081","7","251","C4620081 M4","tmt",0.0552917003568625,"251 tmt","7 tmt"
"30243","M4","C4620081","7","252","C4620081 M4","tmt",0.0552614315443578,"252 tmt","7 tmt"
"30244","M4","C4620081","7","253","C4620081 M4","tmt",0.0549778608140577,"253 tmt","7 tmt"
"30245","M4","C4620081","7","254","C4620081 M4","tmt",0.0544822878851097,"254 tmt","7 tmt"
"30246","M4","C4620081","7","255","C4620081 M4","tmt",0.0544182801288875,"255 tmt","7 tmt"
"30247","M4","C4620081","7","256","C4620081 M4","tmt",0.0542336327295957,"256 tmt","7 tmt"
"30248","M4","C4620081","7","257","C4620081 M4","tmt",0.0533225578030474,"257 tmt","7 tmt"
"30249","M4","C4620081","7","258","C4620081 M4","tmt",0.053239418468686,"258 tmt","7 tmt"
"30250","M4","C4620081","7","259","C4620081 M4","tmt",0.0530635166173974,"259 tmt","7 tmt"
"30251","M4","C4620081","7","260","C4620081 M4","tmt",0.0526400071436011,"260 tmt","7 tmt"
"30252","M4","C4620081","7","261","C4620081 M4","tmt",0.0519346934609556,"261 tmt","7 tmt"
"30253","M4","C4620081","7","262","C4620081 M4","tmt",0.0509703497322681,"262 tmt","7 tmt"
"30254","M4","C4620081","7","263","C4620081 M4","tmt",0.0505564618363687,"263 tmt","7 tmt"
"30255","M4","C4620081","7","264","C4620081 M4","tmt",0.050278641908254,"264 tmt","7 tmt"
"30256","M4","C4620081","7","265","C4620081 M4","tmt",0.0492502011805026,"265 tmt","7 tmt"
"30257","M4","C4620081","7","266","C4620081 M4","tmt",0.0491821470813859,"266 tmt","7 tmt"
"30258","M4","C4620081","7","267","C4620081 M4","tmt",0.0491800687328125,"267 tmt","7 tmt"
"30259","M4","C4620081","7","268","C4620081 M4","tmt",0.0485602345044443,"268 tmt","7 tmt"
"30260","M4","C4620081","7","269","C4620081 M4","tmt",0.0484564875514545,"269 tmt","7 tmt"
"30261","M4","C4620081","7","270","C4620081 M4","tmt",0.0481096296519233,"270 tmt","7 tmt"
"30262","M4","C4620081","7","271","C4620081 M4","tmt",0.0478000977923987,"271 tmt","7 tmt"
"30263","M4","C4620081","7","272","C4620081 M4","tmt",0.0471031298723481,"272 tmt","7 tmt"
"30264","M4","C4620081","7","273","C4620081 M4","tmt",0.0467917917550459,"273 tmt","7 tmt"
"30265","M4","C4620081","7","274","C4620081 M4","tmt",0.0467182708561731,"274 tmt","7 tmt"
"30266","M4","C4620081","7","275","C4620081 M4","tmt",0.0464840328410311,"275 tmt","7 tmt"
"30267","M4","C4620081","7","276","C4620081 M4","tmt",0.0459171209522493,"276 tmt","7 tmt"
"30268","M4","C4620081","7","277","C4620081 M4","tmt",0.0459067863767691,"277 tmt","7 tmt"
"30269","M4","C4620081","7","278","C4620081 M4","tmt",0.0455865442594117,"278 tmt","7 tmt"
"30270","M4","C4620081","7","279","C4620081 M4","tmt",0.0454255569879322,"279 tmt","7 tmt"
"30271","M4","C4620081","7","280","C4620081 M4","tmt",0.0450928056372858,"280 tmt","7 tmt"
"30272","M4","C4620081","7","281","C4620081 M4","tmt",0.0446971631991723,"281 tmt","7 tmt"
"30273","M4","C4620081","7","282","C4620081 M4","tmt",0.0443711619427504,"282 tmt","7 tmt"
"30274","M4","C4620081","7","283","C4620081 M4","tmt",0.0439115977317473,"283 tmt","7 tmt"
"30275","M4","C4620081","7","284","C4620081 M4","tmt",0.0438443841831773,"284 tmt","7 tmt"
"30276","M4","C4620081","7","285","C4620081 M4","tmt",0.0436765258696803,"285 tmt","7 tmt"
"30277","M4","C4620081","7","286","C4620081 M4","tmt",0.0434589627260986,"286 tmt","7 tmt"
"30278","M4","C4620081","7","287","C4620081 M4","tmt",0.0433036895073414,"287 tmt","7 tmt"
"30279","M4","C4620081","7","288","C4620081 M4","tmt",0.0432437633061504,"288 tmt","7 tmt"
"30280","M4","C4620081","7","289","C4620081 M4","tmt",0.0429872385108114,"289 tmt","7 tmt"
"30281","M4","C4620081","7","290","C4620081 M4","tmt",0.0422000848420308,"290 tmt","7 tmt"
"30282","M4","C4620081","7","291","C4620081 M4","tmt",0.0421037637652906,"291 tmt","7 tmt"
"30283","M4","C4620081","7","292","C4620081 M4","tmt",0.041797836087205,"292 tmt","7 tmt"
"30284","M4","C4620081","7","293","C4620081 M4","tmt",0.0417721411002786,"293 tmt","7 tmt"
"30285","M4","C4620081","7","294","C4620081 M4","tmt",0.0416941468133985,"294 tmt","7 tmt"
"30286","M4","C4620081","7","295","C4620081 M4","tmt",0.0413253865634486,"295 tmt","7 tmt"
"30287","M4","C4620081","7","296","C4620081 M4","tmt",0.0406257326981307,"296 tmt","7 tmt"
"30288","M4","C4620081","7","297","C4620081 M4","tmt",0.0404147739299026,"297 tmt","7 tmt"
"30289","M4","C4620081","7","298","C4620081 M4","tmt",0.0399254732416171,"298 tmt","7 tmt"
"30290","M4","C4620081","7","299","C4620081 M4","tmt",0.0398900799924837,"299 tmt","7 tmt"
"30291","M4","C4620081","7","300","C4620081 M4","tmt",0.0397721756540026,"300 tmt","7 tmt"
"30292","M4","C4620081","7","301","C4620081 M4","tmt",0.0396058633640952,"301 tmt","7 tmt"
"30293","M4","C4620081","7","302","C4620081 M4","tmt",0.0395909626862536,"302 tmt","7 tmt"
"30294","M4","C4620081","7","303","C4620081 M4","tmt",0.0395081053777347,"303 tmt","7 tmt"
"30295","M4","C4620081","7","304","C4620081 M4","tmt",0.0392357853439078,"304 tmt","7 tmt"
"30296","M4","C4620081","7","305","C4620081 M4","tmt",0.0390365309857464,"305 tmt","7 tmt"
"30297","M4","C4620081","7","306","C4620081 M4","tmt",0.037892689586405,"306 tmt","7 tmt"
"30298","M4","C4620081","7","307","C4620081 M4","tmt",0.0365789018846777,"307 tmt","7 tmt"
"30299","M4","C4620081","7","308","C4620081 M4","tmt",0.0362056682988012,"308 tmt","7 tmt"
"30300","M4","C4620081","7","309","C4620081 M4","tmt",0.0360674892207782,"309 tmt","7 tmt"
"30301","M4","C4620081","7","310","C4620081 M4","tmt",0.0351553618220564,"310 tmt","7 tmt"
"30302","M4","C4620081","7","311","C4620081 M4","tmt",0.0342716970111426,"311 tmt","7 tmt"
"30303","M4","C4620081","7","312","C4620081 M4","tmt",0.0342366124780326,"312 tmt","7 tmt"
"30304","M4","C4620081","7","313","C4620081 M4","tmt",0.0341166159542249,"313 tmt","7 tmt"
"30305","M4","C4620081","7","314","C4620081 M4","tmt",0.0340444997793496,"314 tmt","7 tmt"
"30306","M4","C4620081","7","315","C4620081 M4","tmt",0.0335174125966563,"315 tmt","7 tmt"
"30307","M4","C4620081","7","316","C4620081 M4","tmt",0.0330669899224911,"316 tmt","7 tmt"
"30308","M4","C4620081","7","317","C4620081 M4","tmt",0.0327353772874898,"317 tmt","7 tmt"
"30309","M4","C4620081","7","318","C4620081 M4","tmt",0.0327143220046707,"318 tmt","7 tmt"
"30310","M4","C4620081","7","319","C4620081 M4","tmt",0.0322492874731652,"319 tmt","7 tmt"
"30311","M4","C4620081","7","320","C4620081 M4","tmt",0.0320133108769867,"320 tmt","7 tmt"
"30312","M4","C4620081","7","321","C4620081 M4","tmt",0.0317894978751021,"321 tmt","7 tmt"
"30313","M4","C4620081","7","322","C4620081 M4","tmt",0.0317386538738453,"322 tmt","7 tmt"
"30314","M4","C4620081","7","323","C4620081 M4","tmt",0.031070308270406,"323 tmt","7 tmt"
"30315","M4","C4620081","7","324","C4620081 M4","tmt",0.0309744116798,"324 tmt","7 tmt"
"30316","M4","C4620081","7","325","C4620081 M4","tmt",0.0307401468252346,"325 tmt","7 tmt"
"30317","M4","C4620081","7","326","C4620081 M4","tmt",0.0306928103802897,"326 tmt","7 tmt"
"30318","M4","C4620081","7","327","C4620081 M4","tmt",0.0305213496442603,"327 tmt","7 tmt"
"30319","M4","C4620081","7","328","C4620081 M4","tmt",0.0302311040081828,"328 tmt","7 tmt"
"30320","M4","C4620081","7","329","C4620081 M4","tmt",0.030150725903516,"329 tmt","7 tmt"
"30321","M4","C4620081","7","330","C4620081 M4","tmt",0.0283182379428994,"330 tmt","7 tmt"
"30322","M4","C4620081","7","331","C4620081 M4","tmt",0.0278529539463765,"331 tmt","7 tmt"
"30323","M4","C4620081","7","332","C4620081 M4","tmt",0.0275584508184867,"332 tmt","7 tmt"
"30324","M4","C4620081","7","333","C4620081 M4","tmt",0.026990871022966,"333 tmt","7 tmt"
"30325","M4","C4620081","7","334","C4620081 M4","tmt",0.0266994691256381,"334 tmt","7 tmt"
"30326","M4","C4620081","7","335","C4620081 M4","tmt",0.0263657259367788,"335 tmt","7 tmt"
"30327","M4","C4620081","7","336","C4620081 M4","tmt",0.0256527919327294,"336 tmt","7 tmt"
"30328","M4","C4620081","7","337","C4620081 M4","tmt",0.0247411686407602,"337 tmt","7 tmt"
"30329","M4","C4620081","7","338","C4620081 M4","tmt",0.0238996226079857,"338 tmt","7 tmt"
"30330","M4","C4620081","7","339","C4620081 M4","tmt",0.0235366035173686,"339 tmt","7 tmt"
"30331","M4","C4620081","7","340","C4620081 M4","tmt",0.0235277551169536,"340 tmt","7 tmt"
"30332","M4","C4620081","7","341","C4620081 M4","tmt",0.0224309877334719,"341 tmt","7 tmt"
"30333","M4","C4620081","7","342","C4620081 M4","tmt",0.0222125537175551,"342 tmt","7 tmt"
"30334","M4","C4620081","7","343","C4620081 M4","tmt",0.0221318806579839,"343 tmt","7 tmt"
"30335","M4","C4620081","7","344","C4620081 M4","tmt",0.0221287693102051,"344 tmt","7 tmt"
"30336","M4","C4620081","7","345","C4620081 M4","tmt",0.0217390068139737,"345 tmt","7 tmt"
"30337","M4","C4620081","7","346","C4620081 M4","tmt",0.0217138300885124,"346 tmt","7 tmt"
"30338","M4","C4620081","7","347","C4620081 M4","tmt",0.0213707068891989,"347 tmt","7 tmt"
"30339","M4","C4620081","7","348","C4620081 M4","tmt",0.0207557773526276,"348 tmt","7 tmt"
"30340","M4","C4620081","7","349","C4620081 M4","tmt",0.0207297157616184,"349 tmt","7 tmt"
"30341","M4","C4620081","7","350","C4620081 M4","tmt",0.020701806296312,"350 tmt","7 tmt"
"30342","M4","C4620081","7","351","C4620081 M4","tmt",0.0205315889428224,"351 tmt","7 tmt"
"30343","M4","C4620081","7","352","C4620081 M4","tmt",0.0197509490273167,"352 tmt","7 tmt"
"30344","M4","C4620081","7","353","C4620081 M4","tmt",0.0194508173145329,"353 tmt","7 tmt"
"30345","M4","C4620081","7","354","C4620081 M4","tmt",0.019031124843774,"354 tmt","7 tmt"
"30346","M4","C4620081","7","355","C4620081 M4","tmt",0.0189472210386963,"355 tmt","7 tmt"
"30347","M4","C4620081","7","356","C4620081 M4","tmt",0.0188608351884425,"356 tmt","7 tmt"
"30348","M4","C4620081","7","357","C4620081 M4","tmt",0.0185582708434471,"357 tmt","7 tmt"
"30349","M4","C4620081","7","358","C4620081 M4","tmt",0.018471322324028,"358 tmt","7 tmt"
"30350","M4","C4620081","7","359","C4620081 M4","tmt",0.0172124097571471,"359 tmt","7 tmt"
"30351","M4","C4620081","7","360","C4620081 M4","tmt",0.0161349946365117,"360 tmt","7 tmt"
"30352","M4","C4620081","7","361","C4620081 M4","tmt",0.0147206465220161,"361 tmt","7 tmt"
"30353","M4","C4620081","7","362","C4620081 M4","tmt",0.0146657802748219,"362 tmt","7 tmt"
"30354","M4","C4620081","7","363","C4620081 M4","tmt",0.0145685484323297,"363 tmt","7 tmt"
"30355","M4","C4620081","7","364","C4620081 M4","tmt",0.0138207270104969,"364 tmt","7 tmt"
"30356","M4","C4620081","7","365","C4620081 M4","tmt",0.0134949205416536,"365 tmt","7 tmt"
"30357","M4","C4620081","7","366","C4620081 M4","tmt",0.0134678485766297,"366 tmt","7 tmt"
"30358","M4","C4620081","7","367","C4620081 M4","tmt",0.0126251678459609,"367 tmt","7 tmt"
"30359","M4","C4620081","7","368","C4620081 M4","tmt",0.0120500717657718,"368 tmt","7 tmt"
"30360","M4","C4620081","7","369","C4620081 M4","tmt",0.0118187386799817,"369 tmt","7 tmt"
"30361","M4","C4620081","7","370","C4620081 M4","tmt",0.0116976216704797,"370 tmt","7 tmt"
"30362","M4","C4620081","7","371","C4620081 M4","tmt",0.0116010601729285,"371 tmt","7 tmt"
"30363","M4","C4620081","7","372","C4620081 M4","tmt",0.0106947944080919,"372 tmt","7 tmt"
"30364","M4","C4620081","7","373","C4620081 M4","tmt",0.0105783904882976,"373 tmt","7 tmt"
"30365","M4","C4620081","7","374","C4620081 M4","tmt",0.0105217421473799,"374 tmt","7 tmt"
"30366","M4","C4620081","7","375","C4620081 M4","tmt",0.00826809406699034,"375 tmt","7 tmt"
"30367","M4","C4620081","7","376","C4620081 M4","tmt",0.00747699983414299,"376 tmt","7 tmt"
"30368","M4","C4620081","7","377","C4620081 M4","tmt",0.00674044543099947,"377 tmt","7 tmt"
"30369","M4","C4620081","7","378","C4620081 M4","tmt",0.00618268537508426,"378 tmt","7 tmt"
"30370","M4","C4620081","7","379","C4620081 M4","tmt",0.00573403070159432,"379 tmt","7 tmt"
"30371","M4","C4620081","7","380","C4620081 M4","tmt",0.00569282862021858,"380 tmt","7 tmt"
"30372","M4","C4620081","7","381","C4620081 M4","tmt",0.00506706021225658,"381 tmt","7 tmt"
"30373","M4","C4620081","7","382","C4620081 M4","tmt",0.00462656929505609,"382 tmt","7 tmt"
"30374","M4","C4620081","7","383","C4620081 M4","tmt",0.0044858231956314,"383 tmt","7 tmt"
"30375","M4","C4620081","7","384","C4620081 M4","tmt",0.00432863553296022,"384 tmt","7 tmt"
"30376","M4","C4620081","7","385","C4620081 M4","tmt",0.00404737152821812,"385 tmt","7 tmt"
"30377","M4","C4620081","7","386","C4620081 M4","tmt",0.00345267943669312,"386 tmt","7 tmt"
"30378","M4","C4620081","7","387","C4620081 M4","tmt",0.0028348969383128,"387 tmt","7 tmt"
"30379","M4","C4620081","7","388","C4620081 M4","tmt",0.00241178154641539,"388 tmt","7 tmt"
"30380","M4","C4620081","7","389","C4620081 M4","tmt",0.00214752124482231,"389 tmt","7 tmt"
"30381","M4","C4620081","7","390","C4620081 M4","tmt",0.00185609563279749,"390 tmt","7 tmt"
"30382","M4","C4620081","7","391","C4620081 M4","tmt",0.00106996160146398,"391 tmt","7 tmt"
"30383","M4","C4620081","7","392","C4620081 M4","tmt",0.000762446307375955,"392 tmt","7 tmt"
"30384","M4","C4620081","7","393","C4620081 M4","tmt",1.85980709540764e-05,"393 tmt","7 tmt"
"30385","M4","C4620081","7","394","C4620081 M4","tmt",-0.000289549713719859,"394 tmt","7 tmt"
"30386","M4","C4620081","7","395","C4620081 M4","tmt",-0.000457848311701281,"395 tmt","7 tmt"
"30387","M4","C4620081","7","396","C4620081 M4","tmt",-0.000849506852665405,"396 tmt","7 tmt"
"30388","M4","C4620081","7","397","C4620081 M4","tmt",-0.00141717124327657,"397 tmt","7 tmt"
"30389","M4","C4620081","7","398","C4620081 M4","tmt",-0.00191263713369958,"398 tmt","7 tmt"
"30390","M4","C4620081","7","399","C4620081 M4","tmt",-0.002649332436713,"399 tmt","7 tmt"
"30391","M4","C4620081","7","400","C4620081 M4","tmt",-0.00272498134075011,"400 tmt","7 tmt"
"30392","M4","C4620081","7","401","C4620081 M4","tmt",-0.00387654456999088,"401 tmt","7 tmt"
"30393","M4","C4620081","7","402","C4620081 M4","tmt",-0.00413111251907448,"402 tmt","7 tmt"
"30394","M4","C4620081","7","403","C4620081 M4","tmt",-0.00513098921918751,"403 tmt","7 tmt"
"30395","M4","C4620081","7","404","C4620081 M4","tmt",-0.00533695133015702,"404 tmt","7 tmt"
"30396","M4","C4620081","7","405","C4620081 M4","tmt",-0.00647717603279694,"405 tmt","7 tmt"
"30397","M4","C4620081","7","406","C4620081 M4","tmt",-0.00690896518848075,"406 tmt","7 tmt"
"30398","M4","C4620081","7","407","C4620081 M4","tmt",-0.00779139077502247,"407 tmt","7 tmt"
"30399","M4","C4620081","7","408","C4620081 M4","tmt",-0.00862875238142167,"408 tmt","7 tmt"
"30400","M4","C4620081","7","409","C4620081 M4","tmt",-0.0104483223598063,"409 tmt","7 tmt"
"30401","M4","C4620081","7","410","C4620081 M4","tmt",-0.0106204185243005,"410 tmt","7 tmt"
"30402","M4","C4620081","7","411","C4620081 M4","tmt",-0.0113713541516787,"411 tmt","7 tmt"
"30403","M4","C4620081","7","412","C4620081 M4","tmt",-0.0131715141376232,"412 tmt","7 tmt"
"30404","M4","C4620081","7","413","C4620081 M4","tmt",-0.0135760674734254,"413 tmt","7 tmt"
"30405","M4","C4620081","7","414","C4620081 M4","tmt",-0.0138366612754714,"414 tmt","7 tmt"
"30406","M4","C4620081","7","415","C4620081 M4","tmt",-0.01427475328386,"415 tmt","7 tmt"
"30407","M4","C4620081","7","416","C4620081 M4","tmt",-0.0172474041772612,"416 tmt","7 tmt"
"30408","M4","C4620081","7","417","C4620081 M4","tmt",-0.0191299971950398,"417 tmt","7 tmt"
"30409","M4","C4620081","7","418","C4620081 M4","tmt",-0.0193357466844654,"418 tmt","7 tmt"
"30410","M4","C4620081","7","419","C4620081 M4","tmt",-0.019694137529172,"419 tmt","7 tmt"
"30411","M4","C4620081","7","420","C4620081 M4","tmt",-0.0206798472513202,"420 tmt","7 tmt"
"30412","M4","C4620081","7","421","C4620081 M4","tmt",-0.0226535880459033,"421 tmt","7 tmt"
"30413","M4","C4620081","7","422","C4620081 M4","tmt",-0.0227360886443765,"422 tmt","7 tmt"
"30414","M4","C4620081","7","423","C4620081 M4","tmt",-0.0239257963889997,"423 tmt","7 tmt"
"30415","M4","C4620081","7","424","C4620081 M4","tmt",-0.025220091561174,"424 tmt","7 tmt"
"30416","M4","C4620081","7","425","C4620081 M4","tmt",-0.0300565404644566,"425 tmt","7 tmt"
"30417","M4","C4620081","7","426","C4620081 M4","tmt",-0.0300703351418431,"426 tmt","7 tmt"
"30418","M4","C4620081","7","427","C4620081 M4","tmt",-0.0301264646034329,"427 tmt","7 tmt"
"30419","M4","C4620081","7","428","C4620081 M4","tmt",-0.0307467930035555,"428 tmt","7 tmt"
"30420","M4","C4620081","7","429","C4620081 M4","tmt",-0.0311413158784694,"429 tmt","7 tmt"
"30421","M4","C4620081","7","430","C4620081 M4","tmt",-0.0314852226023788,"430 tmt","7 tmt"
"30422","M4","C4620081","7","431","C4620081 M4","tmt",-0.0321967709424306,"431 tmt","7 tmt"
"30423","M4","C4620081","7","432","C4620081 M4","tmt",-0.0342384431629989,"432 tmt","7 tmt"
"30424","M4","C4620081","7","433","C4620081 M4","tmt",-0.0386014761107517,"433 tmt","7 tmt"
"30425","M4","C4620081","7","434","C4620081 M4","tmt",-0.0389408707058568,"434 tmt","7 tmt"
"30426","M4","C4620081","7","435","C4620081 M4","tmt",-0.0418834406069679,"435 tmt","7 tmt"
"30427","M4","C4620081","7","436","C4620081 M4","tmt",-0.04430837363083,"436 tmt","7 tmt"
"30428","M4","C4620081","7","437","C4620081 M4","tmt",-0.044369263626196,"437 tmt","7 tmt"
"30429","M4","C4620081","7","438","C4620081 M4","tmt",-0.0465647294223211,"438 tmt","7 tmt"
"30430","M4","C4620081","7","439","C4620081 M4","tmt",-0.0483741831356632,"439 tmt","7 tmt"
"30431","M4","C4620081","7","440","C4620081 M4","tmt",-0.0484909185438815,"440 tmt","7 tmt"
"30432","M4","C4620081","7","441","C4620081 M4","tmt",-0.050775886386521,"441 tmt","7 tmt"
"30433","M4","C4620081","7","442","C4620081 M4","tmt",-0.0513931440411298,"442 tmt","7 tmt"
"30434","M4","C4620081","7","443","C4620081 M4","tmt",-0.0540220229288358,"443 tmt","7 tmt"
"30435","M4","C4620081","7","444","C4620081 M4","tmt",-0.0545669806390518,"444 tmt","7 tmt"
"30436","M4","C4620081","7","445","C4620081 M4","tmt",-0.0569355056424759,"445 tmt","7 tmt"
"30437","M4","C4620081","7","446","C4620081 M4","tmt",-0.057068987420836,"446 tmt","7 tmt"
"30438","M4","C4620081","7","447","C4620081 M4","tmt",-0.0572800013763904,"447 tmt","7 tmt"
"30439","M4","C4620081","7","448","C4620081 M4","tmt",-0.0611884648775836,"448 tmt","7 tmt"
"30440","M4","C4620081","7","449","C4620081 M4","tmt",-0.0662189500225828,"449 tmt","7 tmt"
"30441","M4","C4620081","7","450","C4620081 M4","tmt",-0.0749666646047255,"450 tmt","7 tmt"
"30442","M1","C4620081","1","0","C4620081 M1","posttmt",NA,"0 posttmt","1 posttmt"
"30443","M1","C4620081","1","1","C4620081 M1","posttmt",NA,"1 posttmt","1 posttmt"
"30444","M1","C4620081","1","2","C4620081 M1","posttmt",NA,"2 posttmt","1 posttmt"
"30445","M1","C4620081","1","3","C4620081 M1","posttmt",NA,"3 posttmt","1 posttmt"
"30446","M1","C4620081","1","4","C4620081 M1","posttmt",NA,"4 posttmt","1 posttmt"
"30447","M1","C4620081","1","5","C4620081 M1","posttmt",NA,"5 posttmt","1 posttmt"
"30448","M1","C4620081","1","6","C4620081 M1","posttmt",NA,"6 posttmt","1 posttmt"
"30449","M1","C4620081","1","7","C4620081 M1","posttmt",NA,"7 posttmt","1 posttmt"
"30450","M1","C4620081","1","8","C4620081 M1","posttmt",NA,"8 posttmt","1 posttmt"
"30451","M1","C4620081","1","9","C4620081 M1","posttmt",NA,"9 posttmt","1 posttmt"
"30452","M1","C4620081","1","10","C4620081 M1","posttmt",NA,"10 posttmt","1 posttmt"
"30453","M1","C4620081","1","11","C4620081 M1","posttmt",NA,"11 posttmt","1 posttmt"
"30454","M1","C4620081","1","12","C4620081 M1","posttmt",NA,"12 posttmt","1 posttmt"
"30455","M1","C4620081","1","13","C4620081 M1","posttmt",NA,"13 posttmt","1 posttmt"
"30456","M1","C4620081","1","14","C4620081 M1","posttmt",NA,"14 posttmt","1 posttmt"
"30457","M1","C4620081","1","15","C4620081 M1","posttmt",NA,"15 posttmt","1 posttmt"
"30458","M1","C4620081","1","16","C4620081 M1","posttmt",NA,"16 posttmt","1 posttmt"
"30459","M1","C4620081","1","17","C4620081 M1","posttmt",NA,"17 posttmt","1 posttmt"
"30460","M1","C4620081","1","18","C4620081 M1","posttmt",NA,"18 posttmt","1 posttmt"
"30461","M1","C4620081","1","19","C4620081 M1","posttmt",NA,"19 posttmt","1 posttmt"
"30462","M1","C4620081","1","20","C4620081 M1","posttmt",NA,"20 posttmt","1 posttmt"
"30463","M1","C4620081","1","21","C4620081 M1","posttmt",NA,"21 posttmt","1 posttmt"
"30464","M1","C4620081","1","22","C4620081 M1","posttmt",NA,"22 posttmt","1 posttmt"
"30465","M1","C4620081","1","23","C4620081 M1","posttmt",NA,"23 posttmt","1 posttmt"
"30466","M1","C4620081","1","24","C4620081 M1","posttmt",NA,"24 posttmt","1 posttmt"
"30467","M1","C4620081","1","25","C4620081 M1","posttmt",NA,"25 posttmt","1 posttmt"
"30468","M1","C4620081","1","26","C4620081 M1","posttmt",NA,"26 posttmt","1 posttmt"
"30469","M1","C4620081","1","27","C4620081 M1","posttmt",NA,"27 posttmt","1 posttmt"
"30470","M1","C4620081","1","28","C4620081 M1","posttmt",NA,"28 posttmt","1 posttmt"
"30471","M1","C4620081","1","29","C4620081 M1","posttmt",NA,"29 posttmt","1 posttmt"
"30472","M1","C4620081","1","30","C4620081 M1","posttmt",NA,"30 posttmt","1 posttmt"
"30473","M1","C4620081","1","31","C4620081 M1","posttmt",NA,"31 posttmt","1 posttmt"
"30474","M1","C4620081","1","32","C4620081 M1","posttmt",NA,"32 posttmt","1 posttmt"
"30475","M1","C4620081","1","33","C4620081 M1","posttmt",NA,"33 posttmt","1 posttmt"
"30476","M1","C4620081","1","34","C4620081 M1","posttmt",NA,"34 posttmt","1 posttmt"
"30477","M1","C4620081","1","35","C4620081 M1","posttmt",NA,"35 posttmt","1 posttmt"
"30478","M1","C4620081","1","36","C4620081 M1","posttmt",NA,"36 posttmt","1 posttmt"
"30479","M1","C4620081","1","37","C4620081 M1","posttmt",NA,"37 posttmt","1 posttmt"
"30480","M1","C4620081","1","38","C4620081 M1","posttmt",NA,"38 posttmt","1 posttmt"
"30481","M1","C4620081","1","39","C4620081 M1","posttmt",NA,"39 posttmt","1 posttmt"
"30482","M1","C4620081","1","40","C4620081 M1","posttmt",NA,"40 posttmt","1 posttmt"
"30483","M1","C4620081","1","41","C4620081 M1","posttmt",NA,"41 posttmt","1 posttmt"
"30484","M1","C4620081","1","42","C4620081 M1","posttmt",NA,"42 posttmt","1 posttmt"
"30485","M1","C4620081","1","43","C4620081 M1","posttmt",NA,"43 posttmt","1 posttmt"
"30486","M1","C4620081","1","44","C4620081 M1","posttmt",NA,"44 posttmt","1 posttmt"
"30487","M1","C4620081","1","45","C4620081 M1","posttmt",NA,"45 posttmt","1 posttmt"
"30488","M1","C4620081","1","46","C4620081 M1","posttmt",NA,"46 posttmt","1 posttmt"
"30489","M1","C4620081","1","47","C4620081 M1","posttmt",NA,"47 posttmt","1 posttmt"
"30490","M1","C4620081","1","48","C4620081 M1","posttmt",NA,"48 posttmt","1 posttmt"
"30491","M1","C4620081","1","49","C4620081 M1","posttmt",NA,"49 posttmt","1 posttmt"
"30492","M1","C4620081","1","50","C4620081 M1","posttmt",NA,"50 posttmt","1 posttmt"
"30493","M1","C4620081","1","51","C4620081 M1","posttmt",NA,"51 posttmt","1 posttmt"
"30494","M1","C4620081","1","52","C4620081 M1","posttmt",NA,"52 posttmt","1 posttmt"
"30495","M1","C4620081","1","53","C4620081 M1","posttmt",NA,"53 posttmt","1 posttmt"
"30496","M1","C4620081","1","54","C4620081 M1","posttmt",NA,"54 posttmt","1 posttmt"
"30497","M1","C4620081","1","55","C4620081 M1","posttmt",NA,"55 posttmt","1 posttmt"
"30498","M1","C4620081","1","56","C4620081 M1","posttmt",NA,"56 posttmt","1 posttmt"
"30499","M1","C4620081","1","57","C4620081 M1","posttmt",NA,"57 posttmt","1 posttmt"
"30500","M1","C4620081","1","58","C4620081 M1","posttmt",NA,"58 posttmt","1 posttmt"
"30501","M1","C4620081","1","59","C4620081 M1","posttmt",NA,"59 posttmt","1 posttmt"
"30502","M1","C4620081","1","60","C4620081 M1","posttmt",NA,"60 posttmt","1 posttmt"
"30503","M1","C4620081","1","61","C4620081 M1","posttmt",NA,"61 posttmt","1 posttmt"
"30504","M1","C4620081","1","62","C4620081 M1","posttmt",NA,"62 posttmt","1 posttmt"
"30505","M1","C4620081","1","63","C4620081 M1","posttmt",NA,"63 posttmt","1 posttmt"
"30506","M1","C4620081","1","64","C4620081 M1","posttmt",NA,"64 posttmt","1 posttmt"
"30507","M1","C4620081","1","65","C4620081 M1","posttmt",NA,"65 posttmt","1 posttmt"
"30508","M1","C4620081","1","66","C4620081 M1","posttmt",NA,"66 posttmt","1 posttmt"
"30509","M1","C4620081","1","67","C4620081 M1","posttmt",NA,"67 posttmt","1 posttmt"
"30510","M1","C4620081","1","68","C4620081 M1","posttmt",NA,"68 posttmt","1 posttmt"
"30511","M1","C4620081","1","69","C4620081 M1","posttmt",NA,"69 posttmt","1 posttmt"
"30512","M1","C4620081","1","70","C4620081 M1","posttmt",NA,"70 posttmt","1 posttmt"
"30513","M1","C4620081","1","71","C4620081 M1","posttmt",NA,"71 posttmt","1 posttmt"
"30514","M1","C4620081","1","72","C4620081 M1","posttmt",NA,"72 posttmt","1 posttmt"
"30515","M1","C4620081","1","73","C4620081 M1","posttmt",NA,"73 posttmt","1 posttmt"
"30516","M1","C4620081","1","74","C4620081 M1","posttmt",NA,"74 posttmt","1 posttmt"
"30517","M1","C4620081","1","75","C4620081 M1","posttmt",NA,"75 posttmt","1 posttmt"
"30518","M1","C4620081","1","76","C4620081 M1","posttmt",NA,"76 posttmt","1 posttmt"
"30519","M1","C4620081","1","77","C4620081 M1","posttmt",NA,"77 posttmt","1 posttmt"
"30520","M1","C4620081","1","78","C4620081 M1","posttmt",NA,"78 posttmt","1 posttmt"
"30521","M1","C4620081","1","79","C4620081 M1","posttmt",NA,"79 posttmt","1 posttmt"
"30522","M1","C4620081","1","80","C4620081 M1","posttmt",NA,"80 posttmt","1 posttmt"
"30523","M1","C4620081","1","81","C4620081 M1","posttmt",NA,"81 posttmt","1 posttmt"
"30524","M1","C4620081","1","82","C4620081 M1","posttmt",NA,"82 posttmt","1 posttmt"
"30525","M1","C4620081","1","83","C4620081 M1","posttmt",NA,"83 posttmt","1 posttmt"
"30526","M1","C4620081","1","84","C4620081 M1","posttmt",NA,"84 posttmt","1 posttmt"
"30527","M1","C4620081","1","85","C4620081 M1","posttmt",NA,"85 posttmt","1 posttmt"
"30528","M1","C4620081","1","86","C4620081 M1","posttmt",NA,"86 posttmt","1 posttmt"
"30529","M1","C4620081","1","87","C4620081 M1","posttmt",NA,"87 posttmt","1 posttmt"
"30530","M1","C4620081","1","88","C4620081 M1","posttmt",NA,"88 posttmt","1 posttmt"
"30531","M1","C4620081","1","89","C4620081 M1","posttmt",NA,"89 posttmt","1 posttmt"
"30532","M1","C4620081","1","90","C4620081 M1","posttmt",NA,"90 posttmt","1 posttmt"
"30533","M1","C4620081","1","91","C4620081 M1","posttmt",NA,"91 posttmt","1 posttmt"
"30534","M1","C4620081","1","92","C4620081 M1","posttmt",NA,"92 posttmt","1 posttmt"
"30535","M1","C4620081","1","93","C4620081 M1","posttmt",NA,"93 posttmt","1 posttmt"
"30536","M1","C4620081","1","94","C4620081 M1","posttmt",NA,"94 posttmt","1 posttmt"
"30537","M1","C4620081","1","95","C4620081 M1","posttmt",NA,"95 posttmt","1 posttmt"
"30538","M1","C4620081","1","96","C4620081 M1","posttmt",NA,"96 posttmt","1 posttmt"
"30539","M1","C4620081","1","97","C4620081 M1","posttmt",NA,"97 posttmt","1 posttmt"
"30540","M1","C4620081","1","98","C4620081 M1","posttmt",NA,"98 posttmt","1 posttmt"
"30541","M1","C4620081","1","99","C4620081 M1","posttmt",NA,"99 posttmt","1 posttmt"
"30542","M1","C4620081","1","100","C4620081 M1","posttmt",NA,"100 posttmt","1 posttmt"
"30543","M1","C4620081","1","101","C4620081 M1","posttmt",NA,"101 posttmt","1 posttmt"
"30544","M1","C4620081","1","102","C4620081 M1","posttmt",NA,"102 posttmt","1 posttmt"
"30545","M1","C4620081","1","103","C4620081 M1","posttmt",NA,"103 posttmt","1 posttmt"
"30546","M1","C4620081","1","104","C4620081 M1","posttmt",NA,"104 posttmt","1 posttmt"
"30547","M1","C4620081","1","105","C4620081 M1","posttmt",NA,"105 posttmt","1 posttmt"
"30548","M1","C4620081","1","106","C4620081 M1","posttmt",NA,"106 posttmt","1 posttmt"
"30549","M1","C4620081","1","107","C4620081 M1","posttmt",NA,"107 posttmt","1 posttmt"
"30550","M1","C4620081","1","108","C4620081 M1","posttmt",NA,"108 posttmt","1 posttmt"
"30551","M1","C4620081","1","109","C4620081 M1","posttmt",NA,"109 posttmt","1 posttmt"
"30552","M1","C4620081","1","110","C4620081 M1","posttmt",NA,"110 posttmt","1 posttmt"
"30553","M1","C4620081","1","111","C4620081 M1","posttmt",NA,"111 posttmt","1 posttmt"
"30554","M1","C4620081","1","112","C4620081 M1","posttmt",NA,"112 posttmt","1 posttmt"
"30555","M1","C4620081","1","113","C4620081 M1","posttmt",NA,"113 posttmt","1 posttmt"
"30556","M1","C4620081","1","114","C4620081 M1","posttmt",NA,"114 posttmt","1 posttmt"
"30557","M1","C4620081","1","115","C4620081 M1","posttmt",NA,"115 posttmt","1 posttmt"
"30558","M1","C4620081","1","116","C4620081 M1","posttmt",NA,"116 posttmt","1 posttmt"
"30559","M1","C4620081","1","117","C4620081 M1","posttmt",NA,"117 posttmt","1 posttmt"
"30560","M1","C4620081","1","118","C4620081 M1","posttmt",NA,"118 posttmt","1 posttmt"
"30561","M1","C4620081","1","119","C4620081 M1","posttmt",NA,"119 posttmt","1 posttmt"
"30562","M1","C4620081","1","120","C4620081 M1","posttmt",NA,"120 posttmt","1 posttmt"
"30563","M1","C4620081","1","121","C4620081 M1","posttmt",NA,"121 posttmt","1 posttmt"
"30564","M1","C4620081","1","122","C4620081 M1","posttmt",NA,"122 posttmt","1 posttmt"
"30565","M1","C4620081","1","123","C4620081 M1","posttmt",NA,"123 posttmt","1 posttmt"
"30566","M1","C4620081","1","124","C4620081 M1","posttmt",NA,"124 posttmt","1 posttmt"
"30567","M1","C4620081","1","125","C4620081 M1","posttmt",NA,"125 posttmt","1 posttmt"
"30568","M1","C4620081","1","126","C4620081 M1","posttmt",NA,"126 posttmt","1 posttmt"
"30569","M1","C4620081","1","127","C4620081 M1","posttmt",NA,"127 posttmt","1 posttmt"
"30570","M1","C4620081","1","128","C4620081 M1","posttmt",NA,"128 posttmt","1 posttmt"
"30571","M1","C4620081","1","129","C4620081 M1","posttmt",NA,"129 posttmt","1 posttmt"
"30572","M1","C4620081","1","130","C4620081 M1","posttmt",NA,"130 posttmt","1 posttmt"
"30573","M1","C4620081","1","131","C4620081 M1","posttmt",NA,"131 posttmt","1 posttmt"
"30574","M1","C4620081","1","132","C4620081 M1","posttmt",NA,"132 posttmt","1 posttmt"
"30575","M1","C4620081","1","133","C4620081 M1","posttmt",NA,"133 posttmt","1 posttmt"
"30576","M1","C4620081","1","134","C4620081 M1","posttmt",NA,"134 posttmt","1 posttmt"
"30577","M1","C4620081","1","135","C4620081 M1","posttmt",NA,"135 posttmt","1 posttmt"
"30578","M1","C4620081","1","136","C4620081 M1","posttmt",NA,"136 posttmt","1 posttmt"
"30579","M1","C4620081","1","137","C4620081 M1","posttmt",NA,"137 posttmt","1 posttmt"
"30580","M1","C4620081","1","138","C4620081 M1","posttmt",NA,"138 posttmt","1 posttmt"
"30581","M1","C4620081","1","139","C4620081 M1","posttmt",NA,"139 posttmt","1 posttmt"
"30582","M1","C4620081","1","140","C4620081 M1","posttmt",NA,"140 posttmt","1 posttmt"
"30583","M1","C4620081","1","141","C4620081 M1","posttmt",NA,"141 posttmt","1 posttmt"
"30584","M1","C4620081","1","142","C4620081 M1","posttmt",NA,"142 posttmt","1 posttmt"
"30585","M1","C4620081","1","143","C4620081 M1","posttmt",NA,"143 posttmt","1 posttmt"
"30586","M1","C4620081","1","144","C4620081 M1","posttmt",NA,"144 posttmt","1 posttmt"
"30587","M1","C4620081","1","145","C4620081 M1","posttmt",NA,"145 posttmt","1 posttmt"
"30588","M1","C4620081","1","146","C4620081 M1","posttmt",NA,"146 posttmt","1 posttmt"
"30589","M1","C4620081","1","147","C4620081 M1","posttmt",NA,"147 posttmt","1 posttmt"
"30590","M1","C4620081","1","148","C4620081 M1","posttmt",NA,"148 posttmt","1 posttmt"
"30591","M1","C4620081","1","149","C4620081 M1","posttmt",NA,"149 posttmt","1 posttmt"
"30592","M1","C4620081","1","150","C4620081 M1","posttmt",NA,"150 posttmt","1 posttmt"
"30593","M1","C4620081","1","151","C4620081 M1","posttmt",NA,"151 posttmt","1 posttmt"
"30594","M1","C4620081","1","152","C4620081 M1","posttmt",NA,"152 posttmt","1 posttmt"
"30595","M1","C4620081","1","153","C4620081 M1","posttmt",NA,"153 posttmt","1 posttmt"
"30596","M1","C4620081","1","154","C4620081 M1","posttmt",NA,"154 posttmt","1 posttmt"
"30597","M1","C4620081","1","155","C4620081 M1","posttmt",NA,"155 posttmt","1 posttmt"
"30598","M1","C4620081","1","156","C4620081 M1","posttmt",NA,"156 posttmt","1 posttmt"
"30599","M1","C4620081","1","157","C4620081 M1","posttmt",NA,"157 posttmt","1 posttmt"
"30600","M1","C4620081","1","158","C4620081 M1","posttmt",NA,"158 posttmt","1 posttmt"
"30601","M1","C4620081","1","159","C4620081 M1","posttmt",NA,"159 posttmt","1 posttmt"
"30602","M1","C4620081","1","160","C4620081 M1","posttmt",NA,"160 posttmt","1 posttmt"
"30603","M1","C4620081","1","161","C4620081 M1","posttmt",NA,"161 posttmt","1 posttmt"
"30604","M1","C4620081","1","162","C4620081 M1","posttmt",NA,"162 posttmt","1 posttmt"
"30605","M1","C4620081","1","163","C4620081 M1","posttmt",NA,"163 posttmt","1 posttmt"
"30606","M1","C4620081","1","164","C4620081 M1","posttmt",NA,"164 posttmt","1 posttmt"
"30607","M1","C4620081","1","165","C4620081 M1","posttmt",NA,"165 posttmt","1 posttmt"
"30608","M1","C4620081","1","166","C4620081 M1","posttmt",NA,"166 posttmt","1 posttmt"
"30609","M1","C4620081","1","167","C4620081 M1","posttmt",NA,"167 posttmt","1 posttmt"
"30610","M1","C4620081","1","168","C4620081 M1","posttmt",NA,"168 posttmt","1 posttmt"
"30611","M1","C4620081","1","169","C4620081 M1","posttmt",NA,"169 posttmt","1 posttmt"
"30612","M1","C4620081","1","170","C4620081 M1","posttmt",NA,"170 posttmt","1 posttmt"
"30613","M1","C4620081","1","171","C4620081 M1","posttmt",NA,"171 posttmt","1 posttmt"
"30614","M1","C4620081","1","172","C4620081 M1","posttmt",NA,"172 posttmt","1 posttmt"
"30615","M1","C4620081","1","173","C4620081 M1","posttmt",NA,"173 posttmt","1 posttmt"
"30616","M1","C4620081","1","174","C4620081 M1","posttmt",NA,"174 posttmt","1 posttmt"
"30617","M1","C4620081","1","175","C4620081 M1","posttmt",NA,"175 posttmt","1 posttmt"
"30618","M1","C4620081","1","176","C4620081 M1","posttmt",NA,"176 posttmt","1 posttmt"
"30619","M1","C4620081","1","177","C4620081 M1","posttmt",NA,"177 posttmt","1 posttmt"
"30620","M1","C4620081","1","178","C4620081 M1","posttmt",NA,"178 posttmt","1 posttmt"
"30621","M1","C4620081","1","179","C4620081 M1","posttmt",NA,"179 posttmt","1 posttmt"
"30622","M1","C4620081","1","180","C4620081 M1","posttmt",NA,"180 posttmt","1 posttmt"
"30623","M1","C4620081","1","181","C4620081 M1","posttmt",NA,"181 posttmt","1 posttmt"
"30624","M1","C4620081","1","182","C4620081 M1","posttmt",NA,"182 posttmt","1 posttmt"
"30625","M1","C4620081","1","183","C4620081 M1","posttmt",NA,"183 posttmt","1 posttmt"
"30626","M1","C4620081","1","184","C4620081 M1","posttmt",NA,"184 posttmt","1 posttmt"
"30627","M1","C4620081","1","185","C4620081 M1","posttmt",NA,"185 posttmt","1 posttmt"
"30628","M1","C4620081","1","186","C4620081 M1","posttmt",NA,"186 posttmt","1 posttmt"
"30629","M1","C4620081","1","187","C4620081 M1","posttmt",NA,"187 posttmt","1 posttmt"
"30630","M1","C4620081","1","188","C4620081 M1","posttmt",NA,"188 posttmt","1 posttmt"
"30631","M1","C4620081","1","189","C4620081 M1","posttmt",NA,"189 posttmt","1 posttmt"
"30632","M1","C4620081","1","190","C4620081 M1","posttmt",NA,"190 posttmt","1 posttmt"
"30633","M1","C4620081","1","191","C4620081 M1","posttmt",NA,"191 posttmt","1 posttmt"
"30634","M1","C4620081","1","192","C4620081 M1","posttmt",NA,"192 posttmt","1 posttmt"
"30635","M1","C4620081","1","193","C4620081 M1","posttmt",NA,"193 posttmt","1 posttmt"
"30636","M1","C4620081","1","194","C4620081 M1","posttmt",NA,"194 posttmt","1 posttmt"
"30637","M1","C4620081","1","195","C4620081 M1","posttmt",NA,"195 posttmt","1 posttmt"
"30638","M1","C4620081","1","196","C4620081 M1","posttmt",NA,"196 posttmt","1 posttmt"
"30639","M1","C4620081","1","197","C4620081 M1","posttmt",NA,"197 posttmt","1 posttmt"
"30640","M1","C4620081","1","198","C4620081 M1","posttmt",NA,"198 posttmt","1 posttmt"
"30641","M1","C4620081","1","199","C4620081 M1","posttmt",NA,"199 posttmt","1 posttmt"
"30642","M1","C4620081","1","200","C4620081 M1","posttmt",NA,"200 posttmt","1 posttmt"
"30643","M1","C4620081","1","201","C4620081 M1","posttmt",NA,"201 posttmt","1 posttmt"
"30644","M1","C4620081","1","202","C4620081 M1","posttmt",NA,"202 posttmt","1 posttmt"
"30645","M1","C4620081","1","203","C4620081 M1","posttmt",NA,"203 posttmt","1 posttmt"
"30646","M1","C4620081","1","204","C4620081 M1","posttmt",NA,"204 posttmt","1 posttmt"
"30647","M1","C4620081","1","205","C4620081 M1","posttmt",NA,"205 posttmt","1 posttmt"
"30648","M1","C4620081","1","206","C4620081 M1","posttmt",NA,"206 posttmt","1 posttmt"
"30649","M1","C4620081","1","207","C4620081 M1","posttmt",NA,"207 posttmt","1 posttmt"
"30650","M1","C4620081","1","208","C4620081 M1","posttmt",NA,"208 posttmt","1 posttmt"
"30651","M1","C4620081","1","209","C4620081 M1","posttmt",NA,"209 posttmt","1 posttmt"
"30652","M1","C4620081","1","210","C4620081 M1","posttmt",NA,"210 posttmt","1 posttmt"
"30653","M1","C4620081","1","211","C4620081 M1","posttmt",NA,"211 posttmt","1 posttmt"
"30654","M1","C4620081","1","212","C4620081 M1","posttmt",NA,"212 posttmt","1 posttmt"
"30655","M1","C4620081","1","213","C4620081 M1","posttmt",NA,"213 posttmt","1 posttmt"
"30656","M1","C4620081","1","214","C4620081 M1","posttmt",NA,"214 posttmt","1 posttmt"
"30657","M1","C4620081","1","215","C4620081 M1","posttmt",NA,"215 posttmt","1 posttmt"
"30658","M1","C4620081","1","216","C4620081 M1","posttmt",NA,"216 posttmt","1 posttmt"
"30659","M1","C4620081","1","217","C4620081 M1","posttmt",NA,"217 posttmt","1 posttmt"
"30660","M1","C4620081","1","218","C4620081 M1","posttmt",NA,"218 posttmt","1 posttmt"
"30661","M1","C4620081","1","219","C4620081 M1","posttmt",NA,"219 posttmt","1 posttmt"
"30662","M1","C4620081","1","220","C4620081 M1","posttmt",NA,"220 posttmt","1 posttmt"
"30663","M1","C4620081","1","221","C4620081 M1","posttmt",NA,"221 posttmt","1 posttmt"
"30664","M1","C4620081","1","222","C4620081 M1","posttmt",NA,"222 posttmt","1 posttmt"
"30665","M1","C4620081","1","223","C4620081 M1","posttmt",NA,"223 posttmt","1 posttmt"
"30666","M1","C4620081","1","224","C4620081 M1","posttmt",NA,"224 posttmt","1 posttmt"
"30667","M1","C4620081","1","225","C4620081 M1","posttmt",NA,"225 posttmt","1 posttmt"
"30668","M1","C4620081","1","226","C4620081 M1","posttmt",NA,"226 posttmt","1 posttmt"
"30669","M1","C4620081","1","227","C4620081 M1","posttmt",NA,"227 posttmt","1 posttmt"
"30670","M1","C4620081","1","228","C4620081 M1","posttmt",NA,"228 posttmt","1 posttmt"
"30671","M1","C4620081","1","229","C4620081 M1","posttmt",NA,"229 posttmt","1 posttmt"
"30672","M1","C4620081","1","230","C4620081 M1","posttmt",NA,"230 posttmt","1 posttmt"
"30673","M1","C4620081","1","231","C4620081 M1","posttmt",NA,"231 posttmt","1 posttmt"
"30674","M1","C4620081","1","232","C4620081 M1","posttmt",NA,"232 posttmt","1 posttmt"
"30675","M1","C4620081","1","233","C4620081 M1","posttmt",NA,"233 posttmt","1 posttmt"
"30676","M1","C4620081","1","234","C4620081 M1","posttmt",NA,"234 posttmt","1 posttmt"
"30677","M1","C4620081","1","235","C4620081 M1","posttmt",NA,"235 posttmt","1 posttmt"
"30678","M1","C4620081","1","236","C4620081 M1","posttmt",NA,"236 posttmt","1 posttmt"
"30679","M1","C4620081","1","237","C4620081 M1","posttmt",NA,"237 posttmt","1 posttmt"
"30680","M1","C4620081","1","238","C4620081 M1","posttmt",NA,"238 posttmt","1 posttmt"
"30681","M1","C4620081","1","239","C4620081 M1","posttmt",NA,"239 posttmt","1 posttmt"
"30682","M1","C4620081","1","240","C4620081 M1","posttmt",NA,"240 posttmt","1 posttmt"
"30683","M1","C4620081","1","241","C4620081 M1","posttmt",NA,"241 posttmt","1 posttmt"
"30684","M1","C4620081","1","242","C4620081 M1","posttmt",NA,"242 posttmt","1 posttmt"
"30685","M1","C4620081","1","243","C4620081 M1","posttmt",NA,"243 posttmt","1 posttmt"
"30686","M1","C4620081","1","244","C4620081 M1","posttmt",NA,"244 posttmt","1 posttmt"
"30687","M1","C4620081","1","245","C4620081 M1","posttmt",NA,"245 posttmt","1 posttmt"
"30688","M1","C4620081","1","246","C4620081 M1","posttmt",NA,"246 posttmt","1 posttmt"
"30689","M1","C4620081","1","247","C4620081 M1","posttmt",NA,"247 posttmt","1 posttmt"
"30690","M1","C4620081","1","248","C4620081 M1","posttmt",NA,"248 posttmt","1 posttmt"
"30691","M1","C4620081","1","249","C4620081 M1","posttmt",NA,"249 posttmt","1 posttmt"
"30692","M1","C4620081","1","250","C4620081 M1","posttmt",NA,"250 posttmt","1 posttmt"
"30693","M1","C4620081","1","251","C4620081 M1","posttmt",NA,"251 posttmt","1 posttmt"
"30694","M1","C4620081","1","252","C4620081 M1","posttmt",NA,"252 posttmt","1 posttmt"
"30695","M1","C4620081","1","253","C4620081 M1","posttmt",NA,"253 posttmt","1 posttmt"
"30696","M1","C4620081","1","254","C4620081 M1","posttmt",NA,"254 posttmt","1 posttmt"
"30697","M1","C4620081","1","255","C4620081 M1","posttmt",NA,"255 posttmt","1 posttmt"
"30698","M1","C4620081","1","256","C4620081 M1","posttmt",NA,"256 posttmt","1 posttmt"
"30699","M1","C4620081","1","257","C4620081 M1","posttmt",NA,"257 posttmt","1 posttmt"
"30700","M1","C4620081","1","258","C4620081 M1","posttmt",NA,"258 posttmt","1 posttmt"
"30701","M1","C4620081","1","259","C4620081 M1","posttmt",NA,"259 posttmt","1 posttmt"
"30702","M1","C4620081","1","260","C4620081 M1","posttmt",NA,"260 posttmt","1 posttmt"
"30703","M1","C4620081","1","261","C4620081 M1","posttmt",NA,"261 posttmt","1 posttmt"
"30704","M1","C4620081","1","262","C4620081 M1","posttmt",NA,"262 posttmt","1 posttmt"
"30705","M1","C4620081","1","263","C4620081 M1","posttmt",NA,"263 posttmt","1 posttmt"
"30706","M1","C4620081","1","264","C4620081 M1","posttmt",NA,"264 posttmt","1 posttmt"
"30707","M1","C4620081","1","265","C4620081 M1","posttmt",NA,"265 posttmt","1 posttmt"
"30708","M1","C4620081","1","266","C4620081 M1","posttmt",NA,"266 posttmt","1 posttmt"
"30709","M1","C4620081","1","267","C4620081 M1","posttmt",NA,"267 posttmt","1 posttmt"
"30710","M1","C4620081","1","268","C4620081 M1","posttmt",NA,"268 posttmt","1 posttmt"
"30711","M1","C4620081","1","269","C4620081 M1","posttmt",NA,"269 posttmt","1 posttmt"
"30712","M1","C4620081","1","270","C4620081 M1","posttmt",NA,"270 posttmt","1 posttmt"
"30713","M1","C4620081","1","271","C4620081 M1","posttmt",NA,"271 posttmt","1 posttmt"
"30714","M1","C4620081","1","272","C4620081 M1","posttmt",NA,"272 posttmt","1 posttmt"
"30715","M1","C4620081","1","273","C4620081 M1","posttmt",NA,"273 posttmt","1 posttmt"
"30716","M1","C4620081","1","274","C4620081 M1","posttmt",NA,"274 posttmt","1 posttmt"
"30717","M1","C4620081","1","275","C4620081 M1","posttmt",NA,"275 posttmt","1 posttmt"
"30718","M1","C4620081","1","276","C4620081 M1","posttmt",NA,"276 posttmt","1 posttmt"
"30719","M1","C4620081","1","277","C4620081 M1","posttmt",NA,"277 posttmt","1 posttmt"
"30720","M1","C4620081","1","278","C4620081 M1","posttmt",NA,"278 posttmt","1 posttmt"
"30721","M1","C4620081","1","279","C4620081 M1","posttmt",NA,"279 posttmt","1 posttmt"
"30722","M1","C4620081","1","280","C4620081 M1","posttmt",NA,"280 posttmt","1 posttmt"
"30723","M1","C4620081","1","281","C4620081 M1","posttmt",NA,"281 posttmt","1 posttmt"
"30724","M1","C4620081","1","282","C4620081 M1","posttmt",NA,"282 posttmt","1 posttmt"
"30725","M1","C4620081","1","283","C4620081 M1","posttmt",NA,"283 posttmt","1 posttmt"
"30726","M1","C4620081","1","284","C4620081 M1","posttmt",NA,"284 posttmt","1 posttmt"
"30727","M1","C4620081","1","285","C4620081 M1","posttmt",NA,"285 posttmt","1 posttmt"
"30728","M1","C4620081","1","286","C4620081 M1","posttmt",NA,"286 posttmt","1 posttmt"
"30729","M1","C4620081","1","287","C4620081 M1","posttmt",NA,"287 posttmt","1 posttmt"
"30730","M1","C4620081","1","288","C4620081 M1","posttmt",NA,"288 posttmt","1 posttmt"
"30731","M1","C4620081","1","289","C4620081 M1","posttmt",NA,"289 posttmt","1 posttmt"
"30732","M1","C4620081","1","290","C4620081 M1","posttmt",NA,"290 posttmt","1 posttmt"
"30733","M1","C4620081","1","291","C4620081 M1","posttmt",NA,"291 posttmt","1 posttmt"
"30734","M1","C4620081","1","292","C4620081 M1","posttmt",NA,"292 posttmt","1 posttmt"
"30735","M1","C4620081","1","293","C4620081 M1","posttmt",NA,"293 posttmt","1 posttmt"
"30736","M1","C4620081","1","294","C4620081 M1","posttmt",NA,"294 posttmt","1 posttmt"
"30737","M1","C4620081","1","295","C4620081 M1","posttmt",NA,"295 posttmt","1 posttmt"
"30738","M1","C4620081","1","296","C4620081 M1","posttmt",NA,"296 posttmt","1 posttmt"
"30739","M1","C4620081","1","297","C4620081 M1","posttmt",NA,"297 posttmt","1 posttmt"
"30740","M1","C4620081","1","298","C4620081 M1","posttmt",NA,"298 posttmt","1 posttmt"
"30741","M1","C4620081","1","299","C4620081 M1","posttmt",NA,"299 posttmt","1 posttmt"
"30742","M1","C4620081","1","300","C4620081 M1","posttmt",NA,"300 posttmt","1 posttmt"
"30743","M1","C4620081","1","301","C4620081 M1","posttmt",NA,"301 posttmt","1 posttmt"
"30744","M1","C4620081","1","302","C4620081 M1","posttmt",NA,"302 posttmt","1 posttmt"
"30745","M1","C4620081","1","303","C4620081 M1","posttmt",NA,"303 posttmt","1 posttmt"
"30746","M1","C4620081","1","304","C4620081 M1","posttmt",NA,"304 posttmt","1 posttmt"
"30747","M1","C4620081","1","305","C4620081 M1","posttmt",NA,"305 posttmt","1 posttmt"
"30748","M1","C4620081","1","306","C4620081 M1","posttmt",NA,"306 posttmt","1 posttmt"
"30749","M1","C4620081","1","307","C4620081 M1","posttmt",NA,"307 posttmt","1 posttmt"
"30750","M1","C4620081","1","308","C4620081 M1","posttmt",NA,"308 posttmt","1 posttmt"
"30751","M1","C4620081","1","309","C4620081 M1","posttmt",NA,"309 posttmt","1 posttmt"
"30752","M1","C4620081","1","310","C4620081 M1","posttmt",NA,"310 posttmt","1 posttmt"
"30753","M1","C4620081","1","311","C4620081 M1","posttmt",NA,"311 posttmt","1 posttmt"
"30754","M1","C4620081","1","312","C4620081 M1","posttmt",NA,"312 posttmt","1 posttmt"
"30755","M1","C4620081","1","313","C4620081 M1","posttmt",NA,"313 posttmt","1 posttmt"
"30756","M1","C4620081","1","314","C4620081 M1","posttmt",NA,"314 posttmt","1 posttmt"
"30757","M1","C4620081","1","315","C4620081 M1","posttmt",NA,"315 posttmt","1 posttmt"
"30758","M1","C4620081","1","316","C4620081 M1","posttmt",NA,"316 posttmt","1 posttmt"
"30759","M1","C4620081","1","317","C4620081 M1","posttmt",NA,"317 posttmt","1 posttmt"
"30760","M1","C4620081","1","318","C4620081 M1","posttmt",NA,"318 posttmt","1 posttmt"
"30761","M1","C4620081","1","319","C4620081 M1","posttmt",NA,"319 posttmt","1 posttmt"
"30762","M1","C4620081","1","320","C4620081 M1","posttmt",NA,"320 posttmt","1 posttmt"
"30763","M1","C4620081","1","321","C4620081 M1","posttmt",NA,"321 posttmt","1 posttmt"
"30764","M1","C4620081","1","322","C4620081 M1","posttmt",NA,"322 posttmt","1 posttmt"
"30765","M1","C4620081","1","323","C4620081 M1","posttmt",NA,"323 posttmt","1 posttmt"
"30766","M1","C4620081","1","324","C4620081 M1","posttmt",NA,"324 posttmt","1 posttmt"
"30767","M1","C4620081","1","325","C4620081 M1","posttmt",NA,"325 posttmt","1 posttmt"
"30768","M1","C4620081","1","326","C4620081 M1","posttmt",NA,"326 posttmt","1 posttmt"
"30769","M1","C4620081","1","327","C4620081 M1","posttmt",NA,"327 posttmt","1 posttmt"
"30770","M1","C4620081","1","328","C4620081 M1","posttmt",NA,"328 posttmt","1 posttmt"
"30771","M1","C4620081","1","329","C4620081 M1","posttmt",NA,"329 posttmt","1 posttmt"
"30772","M1","C4620081","1","330","C4620081 M1","posttmt",NA,"330 posttmt","1 posttmt"
"30773","M1","C4620081","1","331","C4620081 M1","posttmt",NA,"331 posttmt","1 posttmt"
"30774","M1","C4620081","1","332","C4620081 M1","posttmt",NA,"332 posttmt","1 posttmt"
"30775","M1","C4620081","1","333","C4620081 M1","posttmt",NA,"333 posttmt","1 posttmt"
"30776","M1","C4620081","1","334","C4620081 M1","posttmt",NA,"334 posttmt","1 posttmt"
"30777","M1","C4620081","1","335","C4620081 M1","posttmt",NA,"335 posttmt","1 posttmt"
"30778","M1","C4620081","1","336","C4620081 M1","posttmt",NA,"336 posttmt","1 posttmt"
"30779","M1","C4620081","1","337","C4620081 M1","posttmt",NA,"337 posttmt","1 posttmt"
"30780","M1","C4620081","1","338","C4620081 M1","posttmt",NA,"338 posttmt","1 posttmt"
"30781","M1","C4620081","1","339","C4620081 M1","posttmt",NA,"339 posttmt","1 posttmt"
"30782","M1","C4620081","1","340","C4620081 M1","posttmt",NA,"340 posttmt","1 posttmt"
"30783","M1","C4620081","1","341","C4620081 M1","posttmt",NA,"341 posttmt","1 posttmt"
"30784","M1","C4620081","1","342","C4620081 M1","posttmt",NA,"342 posttmt","1 posttmt"
"30785","M1","C4620081","1","343","C4620081 M1","posttmt",NA,"343 posttmt","1 posttmt"
"30786","M1","C4620081","1","344","C4620081 M1","posttmt",NA,"344 posttmt","1 posttmt"
"30787","M1","C4620081","1","345","C4620081 M1","posttmt",NA,"345 posttmt","1 posttmt"
"30788","M1","C4620081","1","346","C4620081 M1","posttmt",NA,"346 posttmt","1 posttmt"
"30789","M1","C4620081","1","347","C4620081 M1","posttmt",NA,"347 posttmt","1 posttmt"
"30790","M1","C4620081","1","348","C4620081 M1","posttmt",NA,"348 posttmt","1 posttmt"
"30791","M1","C4620081","1","349","C4620081 M1","posttmt",NA,"349 posttmt","1 posttmt"
"30792","M1","C4620081","1","350","C4620081 M1","posttmt",NA,"350 posttmt","1 posttmt"
"30793","M1","C4620081","1","351","C4620081 M1","posttmt",NA,"351 posttmt","1 posttmt"
"30794","M1","C4620081","1","352","C4620081 M1","posttmt",NA,"352 posttmt","1 posttmt"
"30795","M1","C4620081","1","353","C4620081 M1","posttmt",NA,"353 posttmt","1 posttmt"
"30796","M1","C4620081","1","354","C4620081 M1","posttmt",NA,"354 posttmt","1 posttmt"
"30797","M1","C4620081","1","355","C4620081 M1","posttmt",NA,"355 posttmt","1 posttmt"
"30798","M1","C4620081","1","356","C4620081 M1","posttmt",NA,"356 posttmt","1 posttmt"
"30799","M1","C4620081","1","357","C4620081 M1","posttmt",NA,"357 posttmt","1 posttmt"
"30800","M1","C4620081","1","358","C4620081 M1","posttmt",NA,"358 posttmt","1 posttmt"
"30801","M1","C4620081","1","359","C4620081 M1","posttmt",NA,"359 posttmt","1 posttmt"
"30802","M1","C4620081","1","360","C4620081 M1","posttmt",NA,"360 posttmt","1 posttmt"
"30803","M1","C4620081","1","361","C4620081 M1","posttmt",NA,"361 posttmt","1 posttmt"
"30804","M1","C4620081","1","362","C4620081 M1","posttmt",NA,"362 posttmt","1 posttmt"
"30805","M1","C4620081","1","363","C4620081 M1","posttmt",NA,"363 posttmt","1 posttmt"
"30806","M1","C4620081","1","364","C4620081 M1","posttmt",NA,"364 posttmt","1 posttmt"
"30807","M1","C4620081","1","365","C4620081 M1","posttmt",NA,"365 posttmt","1 posttmt"
"30808","M1","C4620081","1","366","C4620081 M1","posttmt",NA,"366 posttmt","1 posttmt"
"30809","M1","C4620081","1","367","C4620081 M1","posttmt",NA,"367 posttmt","1 posttmt"
"30810","M1","C4620081","1","368","C4620081 M1","posttmt",NA,"368 posttmt","1 posttmt"
"30811","M1","C4620081","1","369","C4620081 M1","posttmt",NA,"369 posttmt","1 posttmt"
"30812","M1","C4620081","1","370","C4620081 M1","posttmt",NA,"370 posttmt","1 posttmt"
"30813","M1","C4620081","1","371","C4620081 M1","posttmt",NA,"371 posttmt","1 posttmt"
"30814","M1","C4620081","1","372","C4620081 M1","posttmt",NA,"372 posttmt","1 posttmt"
"30815","M1","C4620081","1","373","C4620081 M1","posttmt",NA,"373 posttmt","1 posttmt"
"30816","M1","C4620081","1","374","C4620081 M1","posttmt",NA,"374 posttmt","1 posttmt"
"30817","M1","C4620081","1","375","C4620081 M1","posttmt",NA,"375 posttmt","1 posttmt"
"30818","M1","C4620081","1","376","C4620081 M1","posttmt",NA,"376 posttmt","1 posttmt"
"30819","M1","C4620081","1","377","C4620081 M1","posttmt",NA,"377 posttmt","1 posttmt"
"30820","M1","C4620081","1","378","C4620081 M1","posttmt",NA,"378 posttmt","1 posttmt"
"30821","M1","C4620081","1","379","C4620081 M1","posttmt",NA,"379 posttmt","1 posttmt"
"30822","M1","C4620081","1","380","C4620081 M1","posttmt",NA,"380 posttmt","1 posttmt"
"30823","M1","C4620081","1","381","C4620081 M1","posttmt",NA,"381 posttmt","1 posttmt"
"30824","M1","C4620081","1","382","C4620081 M1","posttmt",NA,"382 posttmt","1 posttmt"
"30825","M1","C4620081","1","383","C4620081 M1","posttmt",NA,"383 posttmt","1 posttmt"
"30826","M1","C4620081","1","384","C4620081 M1","posttmt",NA,"384 posttmt","1 posttmt"
"30827","M1","C4620081","1","385","C4620081 M1","posttmt",NA,"385 posttmt","1 posttmt"
"30828","M1","C4620081","1","386","C4620081 M1","posttmt",NA,"386 posttmt","1 posttmt"
"30829","M1","C4620081","1","387","C4620081 M1","posttmt",NA,"387 posttmt","1 posttmt"
"30830","M1","C4620081","1","388","C4620081 M1","posttmt",NA,"388 posttmt","1 posttmt"
"30831","M1","C4620081","1","389","C4620081 M1","posttmt",NA,"389 posttmt","1 posttmt"
"30832","M1","C4620081","1","390","C4620081 M1","posttmt",NA,"390 posttmt","1 posttmt"
"30833","M1","C4620081","1","391","C4620081 M1","posttmt",NA,"391 posttmt","1 posttmt"
"30834","M1","C4620081","1","392","C4620081 M1","posttmt",NA,"392 posttmt","1 posttmt"
"30835","M1","C4620081","1","393","C4620081 M1","posttmt",NA,"393 posttmt","1 posttmt"
"30836","M1","C4620081","1","394","C4620081 M1","posttmt",NA,"394 posttmt","1 posttmt"
"30837","M1","C4620081","1","395","C4620081 M1","posttmt",NA,"395 posttmt","1 posttmt"
"30838","M1","C4620081","1","396","C4620081 M1","posttmt",NA,"396 posttmt","1 posttmt"
"30839","M1","C4620081","1","397","C4620081 M1","posttmt",NA,"397 posttmt","1 posttmt"
"30840","M1","C4620081","1","398","C4620081 M1","posttmt",NA,"398 posttmt","1 posttmt"
"30841","M1","C4620081","1","399","C4620081 M1","posttmt",NA,"399 posttmt","1 posttmt"
"30842","M1","C4620081","1","400","C4620081 M1","posttmt",NA,"400 posttmt","1 posttmt"
"30843","M1","C4620081","1","401","C4620081 M1","posttmt",NA,"401 posttmt","1 posttmt"
"30844","M1","C4620081","1","402","C4620081 M1","posttmt",NA,"402 posttmt","1 posttmt"
"30845","M1","C4620081","1","403","C4620081 M1","posttmt",NA,"403 posttmt","1 posttmt"
"30846","M1","C4620081","1","404","C4620081 M1","posttmt",NA,"404 posttmt","1 posttmt"
"30847","M1","C4620081","1","405","C4620081 M1","posttmt",NA,"405 posttmt","1 posttmt"
"30848","M1","C4620081","1","406","C4620081 M1","posttmt",NA,"406 posttmt","1 posttmt"
"30849","M1","C4620081","1","407","C4620081 M1","posttmt",NA,"407 posttmt","1 posttmt"
"30850","M1","C4620081","1","408","C4620081 M1","posttmt",NA,"408 posttmt","1 posttmt"
"30851","M1","C4620081","1","409","C4620081 M1","posttmt",NA,"409 posttmt","1 posttmt"
"30852","M1","C4620081","1","410","C4620081 M1","posttmt",NA,"410 posttmt","1 posttmt"
"30853","M1","C4620081","1","411","C4620081 M1","posttmt",NA,"411 posttmt","1 posttmt"
"30854","M1","C4620081","1","412","C4620081 M1","posttmt",NA,"412 posttmt","1 posttmt"
"30855","M1","C4620081","1","413","C4620081 M1","posttmt",NA,"413 posttmt","1 posttmt"
"30856","M1","C4620081","1","414","C4620081 M1","posttmt",NA,"414 posttmt","1 posttmt"
"30857","M1","C4620081","1","415","C4620081 M1","posttmt",NA,"415 posttmt","1 posttmt"
"30858","M1","C4620081","1","416","C4620081 M1","posttmt",NA,"416 posttmt","1 posttmt"
"30859","M1","C4620081","1","417","C4620081 M1","posttmt",NA,"417 posttmt","1 posttmt"
"30860","M1","C4620081","1","418","C4620081 M1","posttmt",NA,"418 posttmt","1 posttmt"
"30861","M1","C4620081","1","419","C4620081 M1","posttmt",NA,"419 posttmt","1 posttmt"
"30862","M1","C4620081","1","420","C4620081 M1","posttmt",NA,"420 posttmt","1 posttmt"
"30863","M1","C4620081","1","421","C4620081 M1","posttmt",NA,"421 posttmt","1 posttmt"
"30864","M1","C4620081","1","422","C4620081 M1","posttmt",NA,"422 posttmt","1 posttmt"
"30865","M1","C4620081","1","423","C4620081 M1","posttmt",NA,"423 posttmt","1 posttmt"
"30866","M1","C4620081","1","424","C4620081 M1","posttmt",NA,"424 posttmt","1 posttmt"
"30867","M1","C4620081","1","425","C4620081 M1","posttmt",NA,"425 posttmt","1 posttmt"
"30868","M1","C4620081","1","426","C4620081 M1","posttmt",NA,"426 posttmt","1 posttmt"
"30869","M1","C4620081","1","427","C4620081 M1","posttmt",NA,"427 posttmt","1 posttmt"
"30870","M1","C4620081","1","428","C4620081 M1","posttmt",NA,"428 posttmt","1 posttmt"
"30871","M1","C4620081","1","429","C4620081 M1","posttmt",NA,"429 posttmt","1 posttmt"
"30872","M1","C4620081","1","430","C4620081 M1","posttmt",NA,"430 posttmt","1 posttmt"
"30873","M1","C4620081","1","431","C4620081 M1","posttmt",NA,"431 posttmt","1 posttmt"
"30874","M1","C4620081","1","432","C4620081 M1","posttmt",NA,"432 posttmt","1 posttmt"
"30875","M1","C4620081","1","433","C4620081 M1","posttmt",NA,"433 posttmt","1 posttmt"
"30876","M1","C4620081","1","434","C4620081 M1","posttmt",NA,"434 posttmt","1 posttmt"
"30877","M1","C4620081","1","435","C4620081 M1","posttmt",NA,"435 posttmt","1 posttmt"
"30878","M1","C4620081","1","436","C4620081 M1","posttmt",NA,"436 posttmt","1 posttmt"
"30879","M1","C4620081","1","437","C4620081 M1","posttmt",NA,"437 posttmt","1 posttmt"
"30880","M1","C4620081","1","438","C4620081 M1","posttmt",NA,"438 posttmt","1 posttmt"
"30881","M1","C4620081","1","439","C4620081 M1","posttmt",NA,"439 posttmt","1 posttmt"
"30882","M1","C4620081","1","440","C4620081 M1","posttmt",NA,"440 posttmt","1 posttmt"
"30883","M1","C4620081","1","441","C4620081 M1","posttmt",NA,"441 posttmt","1 posttmt"
"30884","M1","C4620081","1","442","C4620081 M1","posttmt",NA,"442 posttmt","1 posttmt"
"30885","M1","C4620081","1","443","C4620081 M1","posttmt",NA,"443 posttmt","1 posttmt"
"30886","M1","C4620081","1","444","C4620081 M1","posttmt",NA,"444 posttmt","1 posttmt"
"30887","M1","C4620081","1","445","C4620081 M1","posttmt",NA,"445 posttmt","1 posttmt"
"30888","M1","C4620081","1","446","C4620081 M1","posttmt",NA,"446 posttmt","1 posttmt"
"30889","M1","C4620081","1","447","C4620081 M1","posttmt",NA,"447 posttmt","1 posttmt"
"30890","M1","C4620081","1","448","C4620081 M1","posttmt",NA,"448 posttmt","1 posttmt"
"30891","M1","C4620081","1","449","C4620081 M1","posttmt",NA,"449 posttmt","1 posttmt"
"30892","M1","C4620081","1","450","C4620081 M1","posttmt",NA,"450 posttmt","1 posttmt"
"30893","M1","C4620081","1","451","C4620081 M1","posttmt",NA,"451 posttmt","1 posttmt"
"30894","M1","C4620081","1","452","C4620081 M1","posttmt",NA,"452 posttmt","1 posttmt"
"30895","M1","C4620081","1","453","C4620081 M1","posttmt",NA,"453 posttmt","1 posttmt"
"30896","M1","C4620081","1","454","C4620081 M1","posttmt",NA,"454 posttmt","1 posttmt"
"30897","M1","C4620081","1","455","C4620081 M1","posttmt",NA,"455 posttmt","1 posttmt"
"30898","M1","C4620081","1","456","C4620081 M1","posttmt",NA,"456 posttmt","1 posttmt"
"30899","M1","C4620081","1","457","C4620081 M1","posttmt",NA,"457 posttmt","1 posttmt"
"30900","M1","C4620081","1","458","C4620081 M1","posttmt",NA,"458 posttmt","1 posttmt"
"30901","M1","C4620081","1","459","C4620081 M1","posttmt",NA,"459 posttmt","1 posttmt"
"30902","M1","C4620081","1","460","C4620081 M1","posttmt",NA,"460 posttmt","1 posttmt"
"30903","M1","C4620081","1","461","C4620081 M1","posttmt",NA,"461 posttmt","1 posttmt"
"30904","M1","C4620081","1","462","C4620081 M1","posttmt",NA,"462 posttmt","1 posttmt"
"30905","M1","C4620081","1","463","C4620081 M1","posttmt",NA,"463 posttmt","1 posttmt"
"30906","M1","C4620081","1","464","C4620081 M1","posttmt",NA,"464 posttmt","1 posttmt"
"30907","M1","C4620081","1","465","C4620081 M1","posttmt",NA,"465 posttmt","1 posttmt"
"30908","M1","C4620081","1","466","C4620081 M1","posttmt",NA,"466 posttmt","1 posttmt"
"30909","M1","C4620081","1","467","C4620081 M1","posttmt",NA,"467 posttmt","1 posttmt"
"30910","M1","C4620081","1","468","C4620081 M1","posttmt",NA,"468 posttmt","1 posttmt"
"30911","M1","C4620081","1","469","C4620081 M1","posttmt",NA,"469 posttmt","1 posttmt"
"30912","M1","C4620081","1","470","C4620081 M1","posttmt",NA,"470 posttmt","1 posttmt"
"30913","M1","C4620081","1","471","C4620081 M1","posttmt",NA,"471 posttmt","1 posttmt"
"30914","M1","C4620081","1","472","C4620081 M1","posttmt",NA,"472 posttmt","1 posttmt"
"30915","M1","C4620081","1","473","C4620081 M1","posttmt",NA,"473 posttmt","1 posttmt"
"30916","M1","C4620081","1","474","C4620081 M1","posttmt",NA,"474 posttmt","1 posttmt"
"30917","M1","C4620081","1","475","C4620081 M1","posttmt",NA,"475 posttmt","1 posttmt"
"30918","M1","C4620081","1","476","C4620081 M1","posttmt",NA,"476 posttmt","1 posttmt"
"30919","M1","C4620081","1","477","C4620081 M1","posttmt",NA,"477 posttmt","1 posttmt"
"30920","M1","C4620081","1","478","C4620081 M1","posttmt",NA,"478 posttmt","1 posttmt"
"30921","M1","C4620081","1","479","C4620081 M1","posttmt",NA,"479 posttmt","1 posttmt"
"30922","M1","C4620081","1","480","C4620081 M1","posttmt",NA,"480 posttmt","1 posttmt"
"30923","M1","C4620081","1","481","C4620081 M1","posttmt",NA,"481 posttmt","1 posttmt"
"30924","M1","C4620081","1","482","C4620081 M1","posttmt",NA,"482 posttmt","1 posttmt"
"30925","M1","C4620081","1","483","C4620081 M1","posttmt",NA,"483 posttmt","1 posttmt"
"30926","M1","C4620081","1","484","C4620081 M1","posttmt",NA,"484 posttmt","1 posttmt"
"30927","M1","C4620081","1","485","C4620081 M1","posttmt",NA,"485 posttmt","1 posttmt"
"30928","M1","C4620081","1","486","C4620081 M1","posttmt",NA,"486 posttmt","1 posttmt"
"30929","M1","C4620081","1","487","C4620081 M1","posttmt",NA,"487 posttmt","1 posttmt"
"30930","M1","C4620081","1","488","C4620081 M1","posttmt",NA,"488 posttmt","1 posttmt"
"30931","M1","C4620081","1","489","C4620081 M1","posttmt",NA,"489 posttmt","1 posttmt"
"30932","M1","C4620081","1","490","C4620081 M1","posttmt",NA,"490 posttmt","1 posttmt"
"30933","M1","C4620081","1","491","C4620081 M1","posttmt",NA,"491 posttmt","1 posttmt"
"30934","M1","C4620081","1","492","C4620081 M1","posttmt",NA,"492 posttmt","1 posttmt"
"30935","M1","C4620081","1","493","C4620081 M1","posttmt",NA,"493 posttmt","1 posttmt"
"30936","M1","C4620081","1","494","C4620081 M1","posttmt",NA,"494 posttmt","1 posttmt"
"30937","M1","C4620081","1","495","C4620081 M1","posttmt",NA,"495 posttmt","1 posttmt"
"30938","M1","C4620081","1","496","C4620081 M1","posttmt",NA,"496 posttmt","1 posttmt"
"30939","M1","C4620081","1","497","C4620081 M1","posttmt",NA,"497 posttmt","1 posttmt"
"30940","M1","C4620081","1","498","C4620081 M1","posttmt",NA,"498 posttmt","1 posttmt"
"30941","M1","C4620081","1","499","C4620081 M1","posttmt",NA,"499 posttmt","1 posttmt"
"30942","M1","C4620081","1","500","C4620081 M1","posttmt",NA,"500 posttmt","1 posttmt"
"30943","M1","C4620081","1","501","C4620081 M1","posttmt",NA,"501 posttmt","1 posttmt"
"30944","M1","C4620081","1","502","C4620081 M1","posttmt",NA,"502 posttmt","1 posttmt"
"30945","M1","C4620081","1","503","C4620081 M1","posttmt",NA,"503 posttmt","1 posttmt"
"30946","M1","C4620081","1","504","C4620081 M1","posttmt",NA,"504 posttmt","1 posttmt"
"30947","M1","C4620081","1","505","C4620081 M1","posttmt",NA,"505 posttmt","1 posttmt"
"30948","M1","C4620081","1","506","C4620081 M1","posttmt",NA,"506 posttmt","1 posttmt"
"30949","M1","C4620081","1","507","C4620081 M1","posttmt",NA,"507 posttmt","1 posttmt"
"30950","M1","C4620081","1","508","C4620081 M1","posttmt",NA,"508 posttmt","1 posttmt"
"30951","M1","C4620081","1","509","C4620081 M1","posttmt",NA,"509 posttmt","1 posttmt"
"30952","M1","C4620081","1","510","C4620081 M1","posttmt",NA,"510 posttmt","1 posttmt"
"30953","M1","C4620081","1","511","C4620081 M1","posttmt",NA,"511 posttmt","1 posttmt"
"30954","M1","C4620081","1","512","C4620081 M1","posttmt",NA,"512 posttmt","1 posttmt"
"30955","M1","C4620081","1","513","C4620081 M1","posttmt",NA,"513 posttmt","1 posttmt"
"30956","M1","C4620081","1","514","C4620081 M1","posttmt",NA,"514 posttmt","1 posttmt"
"30957","M1","C4620081","1","515","C4620081 M1","posttmt",NA,"515 posttmt","1 posttmt"
"30958","M1","C4620081","1","516","C4620081 M1","posttmt",NA,"516 posttmt","1 posttmt"
"30959","M1","C4620081","1","517","C4620081 M1","posttmt",NA,"517 posttmt","1 posttmt"
"30960","M1","C4620081","1","518","C4620081 M1","posttmt",NA,"518 posttmt","1 posttmt"
"30961","M1","C4620081","1","519","C4620081 M1","posttmt",NA,"519 posttmt","1 posttmt"
"30962","M1","C4620081","1","520","C4620081 M1","posttmt",NA,"520 posttmt","1 posttmt"
"30963","M1","C4620081","1","521","C4620081 M1","posttmt",NA,"521 posttmt","1 posttmt"
"30964","M1","C4620081","1","522","C4620081 M1","posttmt",NA,"522 posttmt","1 posttmt"
"30965","M1","C4620081","1","523","C4620081 M1","posttmt",NA,"523 posttmt","1 posttmt"
"30966","M1","C4620081","1","524","C4620081 M1","posttmt",NA,"524 posttmt","1 posttmt"
"30967","M1","C4620081","1","525","C4620081 M1","posttmt",NA,"525 posttmt","1 posttmt"
"30968","M1","C4620081","1","526","C4620081 M1","posttmt",NA,"526 posttmt","1 posttmt"
"30969","M1","C4620081","1","527","C4620081 M1","posttmt",NA,"527 posttmt","1 posttmt"
"30970","M1","C4620081","1","528","C4620081 M1","posttmt",NA,"528 posttmt","1 posttmt"
"30971","M1","C4620081","1","529","C4620081 M1","posttmt",NA,"529 posttmt","1 posttmt"
"30972","M1","C4620081","1","530","C4620081 M1","posttmt",NA,"530 posttmt","1 posttmt"
"30973","M1","C4620081","1","531","C4620081 M1","posttmt",NA,"531 posttmt","1 posttmt"
"30974","M1","C4620081","1","532","C4620081 M1","posttmt",NA,"532 posttmt","1 posttmt"
"30975","M1","C4620081","1","533","C4620081 M1","posttmt",NA,"533 posttmt","1 posttmt"
"30976","M1","C4620081","1","534","C4620081 M1","posttmt",NA,"534 posttmt","1 posttmt"
"30977","M1","C4620081","1","535","C4620081 M1","posttmt",NA,"535 posttmt","1 posttmt"
"30978","M1","C4620081","1","536","C4620081 M1","posttmt",NA,"536 posttmt","1 posttmt"
"30979","M1","C4620081","1","537","C4620081 M1","posttmt",NA,"537 posttmt","1 posttmt"
"30980","M1","C4620081","1","538","C4620081 M1","posttmt",NA,"538 posttmt","1 posttmt"
"30981","M1","C4620081","1","539","C4620081 M1","posttmt",NA,"539 posttmt","1 posttmt"
"30982","M1","C4620081","1","540","C4620081 M1","posttmt",NA,"540 posttmt","1 posttmt"
"30983","M1","C4620081","1","541","C4620081 M1","posttmt",NA,"541 posttmt","1 posttmt"
"30984","M1","C4620081","1","542","C4620081 M1","posttmt",NA,"542 posttmt","1 posttmt"
"30985","M1","C4620081","1","543","C4620081 M1","posttmt",NA,"543 posttmt","1 posttmt"
"30986","M1","C4620081","1","544","C4620081 M1","posttmt",NA,"544 posttmt","1 posttmt"
"30987","M1","C4620081","1","545","C4620081 M1","posttmt",NA,"545 posttmt","1 posttmt"
"30988","M1","C4620081","1","546","C4620081 M1","posttmt",NA,"546 posttmt","1 posttmt"
"30989","M1","C4620081","1","547","C4620081 M1","posttmt",NA,"547 posttmt","1 posttmt"
"30990","M1","C4620081","1","548","C4620081 M1","posttmt",NA,"548 posttmt","1 posttmt"
"30991","M1","C4620081","1","549","C4620081 M1","posttmt",NA,"549 posttmt","1 posttmt"
"30992","M1","C4620081","1","550","C4620081 M1","posttmt",NA,"550 posttmt","1 posttmt"
"30993","M1","C4620081","1","551","C4620081 M1","posttmt",NA,"551 posttmt","1 posttmt"
"30994","M1","C4620081","1","552","C4620081 M1","posttmt",NA,"552 posttmt","1 posttmt"
"30995","M1","C4620081","1","553","C4620081 M1","posttmt",NA,"553 posttmt","1 posttmt"
"30996","M1","C4620081","1","554","C4620081 M1","posttmt",NA,"554 posttmt","1 posttmt"
"30997","M1","C4620081","1","555","C4620081 M1","posttmt",NA,"555 posttmt","1 posttmt"
"30998","M1","C4620081","1","556","C4620081 M1","posttmt",NA,"556 posttmt","1 posttmt"
"30999","M1","C4620081","1","557","C4620081 M1","posttmt",NA,"557 posttmt","1 posttmt"
"31000","M1","C4620081","1","558","C4620081 M1","posttmt",NA,"558 posttmt","1 posttmt"
"31001","M1","C4620081","1","559","C4620081 M1","posttmt",NA,"559 posttmt","1 posttmt"
"31002","M1","C4620081","1","560","C4620081 M1","posttmt",NA,"560 posttmt","1 posttmt"
"31003","M1","C4620081","1","561","C4620081 M1","posttmt",NA,"561 posttmt","1 posttmt"
"31004","M1","C4620081","1","562","C4620081 M1","posttmt",NA,"562 posttmt","1 posttmt"
"31005","M1","C4620081","1","563","C4620081 M1","posttmt",NA,"563 posttmt","1 posttmt"
"31006","M1","C4620081","1","564","C4620081 M1","posttmt",NA,"564 posttmt","1 posttmt"
"31007","M1","C4620081","1","565","C4620081 M1","posttmt",NA,"565 posttmt","1 posttmt"
"31008","M1","C4620081","1","566","C4620081 M1","posttmt",NA,"566 posttmt","1 posttmt"
"31009","M1","C4620081","1","567","C4620081 M1","posttmt",NA,"567 posttmt","1 posttmt"
"31010","M1","C4620081","1","568","C4620081 M1","posttmt",NA,"568 posttmt","1 posttmt"
"31011","M1","C4620081","1","569","C4620081 M1","posttmt",NA,"569 posttmt","1 posttmt"
"31012","M1","C4620081","1","570","C4620081 M1","posttmt",NA,"570 posttmt","1 posttmt"
"31013","M1","C4620081","1","571","C4620081 M1","posttmt",NA,"571 posttmt","1 posttmt"
"31014","M1","C4620081","1","572","C4620081 M1","posttmt",NA,"572 posttmt","1 posttmt"
"31015","M1","C4620081","1","573","C4620081 M1","posttmt",NA,"573 posttmt","1 posttmt"
"31016","M1","C4620081","1","574","C4620081 M1","posttmt",NA,"574 posttmt","1 posttmt"
"31017","M1","C4620081","1","575","C4620081 M1","posttmt",NA,"575 posttmt","1 posttmt"
"31018","M1","C4620081","1","576","C4620081 M1","posttmt",NA,"576 posttmt","1 posttmt"
"31019","M1","C4620081","1","577","C4620081 M1","posttmt",NA,"577 posttmt","1 posttmt"
"31020","M1","C4620081","1","578","C4620081 M1","posttmt",NA,"578 posttmt","1 posttmt"
"31021","M1","C4620081","1","579","C4620081 M1","posttmt",NA,"579 posttmt","1 posttmt"
"31022","M1","C4620081","1","580","C4620081 M1","posttmt",NA,"580 posttmt","1 posttmt"
"31023","M1","C4620081","1","581","C4620081 M1","posttmt",NA,"581 posttmt","1 posttmt"
"31024","M1","C4620081","1","582","C4620081 M1","posttmt",NA,"582 posttmt","1 posttmt"
"31025","M1","C4620081","1","583","C4620081 M1","posttmt",NA,"583 posttmt","1 posttmt"
"31026","M1","C4620081","1","584","C4620081 M1","posttmt",NA,"584 posttmt","1 posttmt"
"31027","M1","C4620081","1","585","C4620081 M1","posttmt",NA,"585 posttmt","1 posttmt"
"31028","M1","C4620081","1","586","C4620081 M1","posttmt",NA,"586 posttmt","1 posttmt"
"31029","M1","C4620081","1","587","C4620081 M1","posttmt",NA,"587 posttmt","1 posttmt"
"31030","M1","C4620081","1","588","C4620081 M1","posttmt",NA,"588 posttmt","1 posttmt"
"31031","M1","C4620081","1","589","C4620081 M1","posttmt",NA,"589 posttmt","1 posttmt"
"31032","M1","C4620081","1","590","C4620081 M1","posttmt",NA,"590 posttmt","1 posttmt"
"31033","M1","C4620081","1","591","C4620081 M1","posttmt",NA,"591 posttmt","1 posttmt"
"31034","M1","C4620081","1","592","C4620081 M1","posttmt",NA,"592 posttmt","1 posttmt"
"31035","M1","C4620081","1","593","C4620081 M1","posttmt",NA,"593 posttmt","1 posttmt"
"31036","M1","C4620081","1","594","C4620081 M1","posttmt",NA,"594 posttmt","1 posttmt"
"31037","M1","C4620081","1","595","C4620081 M1","posttmt",NA,"595 posttmt","1 posttmt"
"31038","M1","C4620081","1","596","C4620081 M1","posttmt",NA,"596 posttmt","1 posttmt"
"31039","M1","C4620081","1","597","C4620081 M1","posttmt",NA,"597 posttmt","1 posttmt"
"31040","M1","C4620081","1","598","C4620081 M1","posttmt",NA,"598 posttmt","1 posttmt"
"31041","M1","C4620081","1","599","C4620081 M1","posttmt",NA,"599 posttmt","1 posttmt"
"31042","M1","C4620081","1","600","C4620081 M1","posttmt",NA,"600 posttmt","1 posttmt"
"31043","M1","C4620081","1","601","C4620081 M1","posttmt",NA,"601 posttmt","1 posttmt"
"31044","M1","C4620081","1","602","C4620081 M1","posttmt",NA,"602 posttmt","1 posttmt"
"31045","M1","C4620081","1","603","C4620081 M1","posttmt",NA,"603 posttmt","1 posttmt"
"31046","M1","C4620081","1","604","C4620081 M1","posttmt",NA,"604 posttmt","1 posttmt"
"31047","M1","C4620081","1","605","C4620081 M1","posttmt",NA,"605 posttmt","1 posttmt"
"31048","M1","C4620081","1","606","C4620081 M1","posttmt",NA,"606 posttmt","1 posttmt"
"31049","M1","C4620081","1","607","C4620081 M1","posttmt",NA,"607 posttmt","1 posttmt"
"31050","M1","C4620081","1","608","C4620081 M1","posttmt",NA,"608 posttmt","1 posttmt"
"31051","M1","C4620081","1","609","C4620081 M1","posttmt",NA,"609 posttmt","1 posttmt"
"31052","M1","C4620081","1","610","C4620081 M1","posttmt",NA,"610 posttmt","1 posttmt"
"31053","M1","C4620081","1","611","C4620081 M1","posttmt",NA,"611 posttmt","1 posttmt"
"31054","M1","C4620081","1","612","C4620081 M1","posttmt",NA,"612 posttmt","1 posttmt"
"31055","M1","C4620081","1","613","C4620081 M1","posttmt",NA,"613 posttmt","1 posttmt"
"31056","M1","C4620081","1","614","C4620081 M1","posttmt",NA,"614 posttmt","1 posttmt"
"31057","M1","C4620081","1","615","C4620081 M1","posttmt",NA,"615 posttmt","1 posttmt"
"31058","M1","C4620081","1","616","C4620081 M1","posttmt",NA,"616 posttmt","1 posttmt"
"31059","M1","C4620081","1","617","C4620081 M1","posttmt",NA,"617 posttmt","1 posttmt"
"31060","M1","C4620081","1","618","C4620081 M1","posttmt",NA,"618 posttmt","1 posttmt"
"31061","M1","C4620081","1","619","C4620081 M1","posttmt",NA,"619 posttmt","1 posttmt"
"31062","M1","C4620081","1","620","C4620081 M1","posttmt",NA,"620 posttmt","1 posttmt"
"31063","M1","C4620081","1","621","C4620081 M1","posttmt",NA,"621 posttmt","1 posttmt"
"31064","M1","C4620081","1","622","C4620081 M1","posttmt",NA,"622 posttmt","1 posttmt"
"31065","M1","C4620081","1","623","C4620081 M1","posttmt",NA,"623 posttmt","1 posttmt"
"31066","M1","C4620081","1","624","C4620081 M1","posttmt",NA,"624 posttmt","1 posttmt"
"31067","M1","C4620081","1","625","C4620081 M1","posttmt",NA,"625 posttmt","1 posttmt"
"31068","M1","C4620081","1","626","C4620081 M1","posttmt",NA,"626 posttmt","1 posttmt"
"31069","M1","C4620081","1","627","C4620081 M1","posttmt",NA,"627 posttmt","1 posttmt"
"31070","M1","C4620081","1","628","C4620081 M1","posttmt",NA,"628 posttmt","1 posttmt"
"31071","M1","C4620081","1","629","C4620081 M1","posttmt",NA,"629 posttmt","1 posttmt"
"31072","M1","C4620081","1","630","C4620081 M1","posttmt",NA,"630 posttmt","1 posttmt"
"31073","M1","C4620081","1","631","C4620081 M1","posttmt",NA,"631 posttmt","1 posttmt"
"31074","M1","C4620081","1","632","C4620081 M1","posttmt",NA,"632 posttmt","1 posttmt"
"31075","M1","C4620081","1","633","C4620081 M1","posttmt",NA,"633 posttmt","1 posttmt"
"31076","M1","C4620081","1","634","C4620081 M1","posttmt",NA,"634 posttmt","1 posttmt"
"31077","M1","C4620081","1","635","C4620081 M1","posttmt",NA,"635 posttmt","1 posttmt"
"31078","M1","C4620081","1","636","C4620081 M1","posttmt",NA,"636 posttmt","1 posttmt"
"31079","M1","C4620081","1","637","C4620081 M1","posttmt",NA,"637 posttmt","1 posttmt"
"31080","M1","C4620081","1","638","C4620081 M1","posttmt",NA,"638 posttmt","1 posttmt"
"31081","M1","C4620081","1","639","C4620081 M1","posttmt",NA,"639 posttmt","1 posttmt"
"31082","M1","C4620081","1","640","C4620081 M1","posttmt",NA,"640 posttmt","1 posttmt"
"31083","M1","C4620081","1","641","C4620081 M1","posttmt",NA,"641 posttmt","1 posttmt"
"31084","M1","C4620081","1","642","C4620081 M1","posttmt",NA,"642 posttmt","1 posttmt"
"31085","M1","C4620081","1","643","C4620081 M1","posttmt",NA,"643 posttmt","1 posttmt"
"31086","M1","C4620081","1","644","C4620081 M1","posttmt",NA,"644 posttmt","1 posttmt"
"31087","M1","C4620081","1","645","C4620081 M1","posttmt",NA,"645 posttmt","1 posttmt"
"31088","M1","C4620081","1","646","C4620081 M1","posttmt",NA,"646 posttmt","1 posttmt"
"31089","M1","C4620081","1","647","C4620081 M1","posttmt",NA,"647 posttmt","1 posttmt"
"31090","M1","C4620081","1","648","C4620081 M1","posttmt",NA,"648 posttmt","1 posttmt"
"31091","M1","C4620081","1","649","C4620081 M1","posttmt",NA,"649 posttmt","1 posttmt"
"31092","M1","C4620081","1","650","C4620081 M1","posttmt",NA,"650 posttmt","1 posttmt"
"31093","M1","C4620081","1","651","C4620081 M1","posttmt",NA,"651 posttmt","1 posttmt"
"31094","M1","C4620081","1","652","C4620081 M1","posttmt",NA,"652 posttmt","1 posttmt"
"31095","M1","C4620081","1","653","C4620081 M1","posttmt",NA,"653 posttmt","1 posttmt"
"31096","M1","C4620081","1","654","C4620081 M1","posttmt",NA,"654 posttmt","1 posttmt"
"31097","M1","C4620081","1","655","C4620081 M1","posttmt",NA,"655 posttmt","1 posttmt"
"31098","M1","C4620081","1","656","C4620081 M1","posttmt",NA,"656 posttmt","1 posttmt"
"31099","M1","C4620081","1","657","C4620081 M1","posttmt",NA,"657 posttmt","1 posttmt"
"31100","M1","C4620081","1","658","C4620081 M1","posttmt",NA,"658 posttmt","1 posttmt"
"31101","M1","C4620081","1","659","C4620081 M1","posttmt",NA,"659 posttmt","1 posttmt"
"31102","M1","C4620081","1","660","C4620081 M1","posttmt",NA,"660 posttmt","1 posttmt"
"31103","M1","C4620081","1","661","C4620081 M1","posttmt",NA,"661 posttmt","1 posttmt"
"31104","M1","C4620081","1","662","C4620081 M1","posttmt",NA,"662 posttmt","1 posttmt"
"31105","M1","C4620081","1","663","C4620081 M1","posttmt",NA,"663 posttmt","1 posttmt"
"31106","M1","C4620081","1","664","C4620081 M1","posttmt",NA,"664 posttmt","1 posttmt"
"31107","M1","C4620081","1","665","C4620081 M1","posttmt",NA,"665 posttmt","1 posttmt"
"31108","M1","C4620081","1","666","C4620081 M1","posttmt",NA,"666 posttmt","1 posttmt"
"31109","M1","C4620081","1","667","C4620081 M1","posttmt",NA,"667 posttmt","1 posttmt"
"31110","M1","C4620081","1","668","C4620081 M1","posttmt",NA,"668 posttmt","1 posttmt"
"31111","M1","C4620081","1","669","C4620081 M1","posttmt",NA,"669 posttmt","1 posttmt"
"31112","M1","C4620081","1","670","C4620081 M1","posttmt",NA,"670 posttmt","1 posttmt"
"31113","M1","C4620081","1","671","C4620081 M1","posttmt",NA,"671 posttmt","1 posttmt"
"31114","M1","C4620081","1","672","C4620081 M1","posttmt",NA,"672 posttmt","1 posttmt"
"31115","M1","C4620081","1","673","C4620081 M1","posttmt",NA,"673 posttmt","1 posttmt"
"31116","M1","C4620081","1","674","C4620081 M1","posttmt",NA,"674 posttmt","1 posttmt"
"31117","M1","C4620081","1","675","C4620081 M1","posttmt",NA,"675 posttmt","1 posttmt"
"31118","M1","C4620081","1","676","C4620081 M1","posttmt",NA,"676 posttmt","1 posttmt"
"31119","M1","C4620081","1","677","C4620081 M1","posttmt",NA,"677 posttmt","1 posttmt"
"31120","M1","C4620081","1","678","C4620081 M1","posttmt",NA,"678 posttmt","1 posttmt"
"31121","M1","C4620081","1","679","C4620081 M1","posttmt",NA,"679 posttmt","1 posttmt"
"31122","M1","C4620081","1","680","C4620081 M1","posttmt",NA,"680 posttmt","1 posttmt"
"31123","M1","C4620081","1","681","C4620081 M1","posttmt",NA,"681 posttmt","1 posttmt"
"31124","M1","C4620081","1","682","C4620081 M1","posttmt",NA,"682 posttmt","1 posttmt"
"31125","M1","C4620081","1","683","C4620081 M1","posttmt",NA,"683 posttmt","1 posttmt"
"31126","M1","C4620081","1","684","C4620081 M1","posttmt",NA,"684 posttmt","1 posttmt"
"31127","M1","C4620081","1","685","C4620081 M1","posttmt",NA,"685 posttmt","1 posttmt"
"31128","M1","C4620081","1","686","C4620081 M1","posttmt",NA,"686 posttmt","1 posttmt"
"31129","M1","C4620081","1","687","C4620081 M1","posttmt",NA,"687 posttmt","1 posttmt"
"31130","M1","C4620081","1","688","C4620081 M1","posttmt",NA,"688 posttmt","1 posttmt"
"31131","M1","C4620081","1","689","C4620081 M1","posttmt",NA,"689 posttmt","1 posttmt"
"31132","M1","C4620081","1","690","C4620081 M1","posttmt",NA,"690 posttmt","1 posttmt"
"31133","M1","C4620081","1","691","C4620081 M1","posttmt",NA,"691 posttmt","1 posttmt"
"31134","M1","C4620081","1","692","C4620081 M1","posttmt",NA,"692 posttmt","1 posttmt"
"31135","M1","C4620081","1","693","C4620081 M1","posttmt",NA,"693 posttmt","1 posttmt"
"31136","M1","C4620081","1","694","C4620081 M1","posttmt",NA,"694 posttmt","1 posttmt"
"31137","M1","C4620081","1","695","C4620081 M1","posttmt",NA,"695 posttmt","1 posttmt"
"31138","M1","C4620081","1","696","C4620081 M1","posttmt",NA,"696 posttmt","1 posttmt"
"31139","M1","C4620081","1","697","C4620081 M1","posttmt",NA,"697 posttmt","1 posttmt"
"31140","M1","C4620081","1","698","C4620081 M1","posttmt",NA,"698 posttmt","1 posttmt"
"31141","M1","C4620081","1","699","C4620081 M1","posttmt",NA,"699 posttmt","1 posttmt"
"31142","M1","C4620081","1","700","C4620081 M1","posttmt",NA,"700 posttmt","1 posttmt"
"31143","M1","C4620081","1","701","C4620081 M1","posttmt",NA,"701 posttmt","1 posttmt"
"31144","M1","C4620081","1","702","C4620081 M1","posttmt",NA,"702 posttmt","1 posttmt"
"31145","M1","C4620081","1","703","C4620081 M1","posttmt",NA,"703 posttmt","1 posttmt"
"31146","M1","C4620081","1","704","C4620081 M1","posttmt",NA,"704 posttmt","1 posttmt"
"31147","M1","C4620081","1","705","C4620081 M1","posttmt",NA,"705 posttmt","1 posttmt"
"31148","M1","C4620081","1","706","C4620081 M1","posttmt",NA,"706 posttmt","1 posttmt"
"31149","M1","C4620081","1","707","C4620081 M1","posttmt",NA,"707 posttmt","1 posttmt"
"31150","M1","C4620081","1","708","C4620081 M1","posttmt",NA,"708 posttmt","1 posttmt"
"31151","M1","C4620081","1","709","C4620081 M1","posttmt",NA,"709 posttmt","1 posttmt"
"31152","M1","C4620081","1","710","C4620081 M1","posttmt",NA,"710 posttmt","1 posttmt"
"31153","M1","C4620081","1","711","C4620081 M1","posttmt",NA,"711 posttmt","1 posttmt"
"31154","M1","C4620081","1","712","C4620081 M1","posttmt",NA,"712 posttmt","1 posttmt"
"31155","M1","C4620081","1","713","C4620081 M1","posttmt",NA,"713 posttmt","1 posttmt"
"31156","M1","C4620081","1","714","C4620081 M1","posttmt",NA,"714 posttmt","1 posttmt"
"31157","M1","C4620083","1","0","C4620083 M1","posttmt",0.161670493245434,"0 posttmt","1 posttmt"
"31158","M1","C4620083","1","1","C4620083 M1","posttmt",0.147032028854865,"1 posttmt","1 posttmt"
"31159","M1","C4620083","1","2","C4620083 M1","posttmt",0.145619706508069,"2 posttmt","1 posttmt"
"31160","M1","C4620083","1","3","C4620083 M1","posttmt",0.140899840672198,"3 posttmt","1 posttmt"
"31161","M1","C4620083","1","4","C4620083 M1","posttmt",0.138387811013581,"4 posttmt","1 posttmt"
"31162","M1","C4620083","1","5","C4620083 M1","posttmt",0.13667910314799,"5 posttmt","1 posttmt"
"31163","M1","C4620083","1","6","C4620083 M1","posttmt",0.134817642340089,"6 posttmt","1 posttmt"
"31164","M1","C4620083","1","7","C4620083 M1","posttmt",0.134815770579619,"7 posttmt","1 posttmt"
"31165","M1","C4620083","1","8","C4620083 M1","posttmt",0.134223918501794,"8 posttmt","1 posttmt"
"31166","M1","C4620083","1","9","C4620083 M1","posttmt",0.130803486442513,"9 posttmt","1 posttmt"
"31167","M1","C4620083","1","10","C4620083 M1","posttmt",0.129779789726202,"10 posttmt","1 posttmt"
"31168","M1","C4620083","1","11","C4620083 M1","posttmt",0.128964466029334,"11 posttmt","1 posttmt"
"31169","M1","C4620083","1","12","C4620083 M1","posttmt",0.128026449895523,"12 posttmt","1 posttmt"
"31170","M1","C4620083","1","13","C4620083 M1","posttmt",0.127519270323826,"13 posttmt","1 posttmt"
"31171","M1","C4620083","1","14","C4620083 M1","posttmt",0.12714256952509,"14 posttmt","1 posttmt"
"31172","M1","C4620083","1","15","C4620083 M1","posttmt",0.126741829914446,"15 posttmt","1 posttmt"
"31173","M1","C4620083","1","16","C4620083 M1","posttmt",0.126305153444175,"16 posttmt","1 posttmt"
"31174","M1","C4620083","1","17","C4620083 M1","posttmt",0.122879382837489,"17 posttmt","1 posttmt"
"31175","M1","C4620083","1","18","C4620083 M1","posttmt",0.122341052739102,"18 posttmt","1 posttmt"
"31176","M1","C4620083","1","19","C4620083 M1","posttmt",0.122178788469889,"19 posttmt","1 posttmt"
"31177","M1","C4620083","1","20","C4620083 M1","posttmt",0.12068695526772,"20 posttmt","1 posttmt"
"31178","M1","C4620083","1","21","C4620083 M1","posttmt",0.119533873113581,"21 posttmt","1 posttmt"
"31179","M1","C4620083","1","22","C4620083 M1","posttmt",0.119476361187828,"22 posttmt","1 posttmt"
"31180","M1","C4620083","1","23","C4620083 M1","posttmt",0.117628266004887,"23 posttmt","1 posttmt"
"31181","M1","C4620083","1","24","C4620083 M1","posttmt",0.115488609710116,"24 posttmt","1 posttmt"
"31182","M1","C4620083","1","25","C4620083 M1","posttmt",0.114490959024467,"25 posttmt","1 posttmt"
"31183","M1","C4620083","1","26","C4620083 M1","posttmt",0.114316492325245,"26 posttmt","1 posttmt"
"31184","M1","C4620083","1","27","C4620083 M1","posttmt",0.113477540572817,"27 posttmt","1 posttmt"
"31185","M1","C4620083","1","28","C4620083 M1","posttmt",0.113083135827963,"28 posttmt","1 posttmt"
"31186","M1","C4620083","1","29","C4620083 M1","posttmt",0.112543251286956,"29 posttmt","1 posttmt"
"31187","M1","C4620083","1","30","C4620083 M1","posttmt",0.111845613613981,"30 posttmt","1 posttmt"
"31188","M1","C4620083","1","31","C4620083 M1","posttmt",0.10780622161836,"31 posttmt","1 posttmt"
"31189","M1","C4620083","1","32","C4620083 M1","posttmt",0.107319710163781,"32 posttmt","1 posttmt"
"31190","M1","C4620083","1","33","C4620083 M1","posttmt",0.107105331028188,"33 posttmt","1 posttmt"
"31191","M1","C4620083","1","34","C4620083 M1","posttmt",0.106005284417996,"34 posttmt","1 posttmt"
"31192","M1","C4620083","1","35","C4620083 M1","posttmt",0.105963234342951,"35 posttmt","1 posttmt"
"31193","M1","C4620083","1","36","C4620083 M1","posttmt",0.105498033504671,"36 posttmt","1 posttmt"
"31194","M1","C4620083","1","37","C4620083 M1","posttmt",0.104561883607694,"37 posttmt","1 posttmt"
"31195","M1","C4620083","1","38","C4620083 M1","posttmt",0.104357132583474,"38 posttmt","1 posttmt"
"31196","M1","C4620083","1","39","C4620083 M1","posttmt",0.104283562896906,"39 posttmt","1 posttmt"
"31197","M1","C4620083","1","40","C4620083 M1","posttmt",0.103442074572956,"40 posttmt","1 posttmt"
"31198","M1","C4620083","1","41","C4620083 M1","posttmt",0.102703110554735,"41 posttmt","1 posttmt"
"31199","M1","C4620083","1","42","C4620083 M1","posttmt",0.102068280891054,"42 posttmt","1 posttmt"
"31200","M1","C4620083","1","43","C4620083 M1","posttmt",0.100544335819097,"43 posttmt","1 posttmt"
"31201","M1","C4620083","1","44","C4620083 M1","posttmt",0.0982437576627224,"44 posttmt","1 posttmt"
"31202","M1","C4620083","1","45","C4620083 M1","posttmt",0.0973731141421349,"45 posttmt","1 posttmt"
"31203","M1","C4620083","1","46","C4620083 M1","posttmt",0.0973627215572017,"46 posttmt","1 posttmt"
"31204","M1","C4620083","1","47","C4620083 M1","posttmt",0.0969603050583902,"47 posttmt","1 posttmt"
"31205","M1","C4620083","1","48","C4620083 M1","posttmt",0.095084062399376,"48 posttmt","1 posttmt"
"31206","M1","C4620083","1","49","C4620083 M1","posttmt",0.0945500854248331,"49 posttmt","1 posttmt"
"31207","M1","C4620083","1","50","C4620083 M1","posttmt",0.0938692873649434,"50 posttmt","1 posttmt"
"31208","M1","C4620083","1","51","C4620083 M1","posttmt",0.0929393028095323,"51 posttmt","1 posttmt"
"31209","M1","C4620083","1","52","C4620083 M1","posttmt",0.0923457696798596,"52 posttmt","1 posttmt"
"31210","M1","C4620083","1","53","C4620083 M1","posttmt",0.0921301609005672,"53 posttmt","1 posttmt"
"31211","M1","C4620083","1","54","C4620083 M1","posttmt",0.091531652792805,"54 posttmt","1 posttmt"
"31212","M1","C4620083","1","55","C4620083 M1","posttmt",0.0907308063629762,"55 posttmt","1 posttmt"
"31213","M1","C4620083","1","56","C4620083 M1","posttmt",0.0907020447778493,"56 posttmt","1 posttmt"
"31214","M1","C4620083","1","57","C4620083 M1","posttmt",0.090330888579592,"57 posttmt","1 posttmt"
"31215","M1","C4620083","1","58","C4620083 M1","posttmt",0.0901127918288415,"58 posttmt","1 posttmt"
"31216","M1","C4620083","1","59","C4620083 M1","posttmt",0.0895271402244537,"59 posttmt","1 posttmt"
"31217","M1","C4620083","1","60","C4620083 M1","posttmt",0.0889606570700504,"60 posttmt","1 posttmt"
"31218","M1","C4620083","1","61","C4620083 M1","posttmt",0.0886501334705155,"61 posttmt","1 posttmt"
"31219","M1","C4620083","1","62","C4620083 M1","posttmt",0.0884915848334557,"62 posttmt","1 posttmt"
"31220","M1","C4620083","1","63","C4620083 M1","posttmt",0.0884528525692924,"63 posttmt","1 posttmt"
"31221","M1","C4620083","1","64","C4620083 M1","posttmt",0.0874372275816393,"64 posttmt","1 posttmt"
"31222","M1","C4620083","1","65","C4620083 M1","posttmt",0.0864451834089427,"65 posttmt","1 posttmt"
"31223","M1","C4620083","1","66","C4620083 M1","posttmt",0.0860933083936302,"66 posttmt","1 posttmt"
"31224","M1","C4620083","1","67","C4620083 M1","posttmt",0.0856967819359734,"67 posttmt","1 posttmt"
"31225","M1","C4620083","1","68","C4620083 M1","posttmt",0.0851149149280125,"68 posttmt","1 posttmt"
"31226","M1","C4620083","1","69","C4620083 M1","posttmt",0.0849067174963424,"69 posttmt","1 posttmt"
"31227","M1","C4620083","1","70","C4620083 M1","posttmt",0.084788910585027,"70 posttmt","1 posttmt"
"31228","M1","C4620083","1","71","C4620083 M1","posttmt",0.0847549973842854,"71 posttmt","1 posttmt"
"31229","M1","C4620083","1","72","C4620083 M1","posttmt",0.0842657302105066,"72 posttmt","1 posttmt"
"31230","M1","C4620083","1","73","C4620083 M1","posttmt",0.0840568664500573,"73 posttmt","1 posttmt"
"31231","M1","C4620083","1","74","C4620083 M1","posttmt",0.0830670542731932,"74 posttmt","1 posttmt"
"31232","M1","C4620083","1","75","C4620083 M1","posttmt",0.0820868751533624,"75 posttmt","1 posttmt"
"31233","M1","C4620083","1","76","C4620083 M1","posttmt",0.0819033039273536,"76 posttmt","1 posttmt"
"31234","M1","C4620083","1","77","C4620083 M1","posttmt",0.0815232111599963,"77 posttmt","1 posttmt"
"31235","M1","C4620083","1","78","C4620083 M1","posttmt",0.0814932375121925,"78 posttmt","1 posttmt"
"31236","M1","C4620083","1","79","C4620083 M1","posttmt",0.0806709070842304,"79 posttmt","1 posttmt"
"31237","M1","C4620083","1","80","C4620083 M1","posttmt",0.0805550514003641,"80 posttmt","1 posttmt"
"31238","M1","C4620083","1","81","C4620083 M1","posttmt",0.0805269316075812,"81 posttmt","1 posttmt"
"31239","M1","C4620083","1","82","C4620083 M1","posttmt",0.080525870616598,"82 posttmt","1 posttmt"
"31240","M1","C4620083","1","83","C4620083 M1","posttmt",0.0803013559348737,"83 posttmt","1 posttmt"
"31241","M1","C4620083","1","84","C4620083 M1","posttmt",0.0799651551929042,"84 posttmt","1 posttmt"
"31242","M1","C4620083","1","85","C4620083 M1","posttmt",0.0782797148715908,"85 posttmt","1 posttmt"
"31243","M1","C4620083","1","86","C4620083 M1","posttmt",0.0780625243067695,"86 posttmt","1 posttmt"
"31244","M1","C4620083","1","87","C4620083 M1","posttmt",0.0772957347115615,"87 posttmt","1 posttmt"
"31245","M1","C4620083","1","88","C4620083 M1","posttmt",0.076684321046828,"88 posttmt","1 posttmt"
"31246","M1","C4620083","1","89","C4620083 M1","posttmt",0.07634615882551,"89 posttmt","1 posttmt"
"31247","M1","C4620083","1","90","C4620083 M1","posttmt",0.0762093993747127,"90 posttmt","1 posttmt"
"31248","M1","C4620083","1","91","C4620083 M1","posttmt",0.0757198820046749,"91 posttmt","1 posttmt"
"31249","M1","C4620083","1","92","C4620083 M1","posttmt",0.07565425266561,"92 posttmt","1 posttmt"
"31250","M1","C4620083","1","93","C4620083 M1","posttmt",0.0756362017647586,"93 posttmt","1 posttmt"
"31251","M1","C4620083","1","94","C4620083 M1","posttmt",0.0743737488616588,"94 posttmt","1 posttmt"
"31252","M1","C4620083","1","95","C4620083 M1","posttmt",0.074175137706582,"95 posttmt","1 posttmt"
"31253","M1","C4620083","1","96","C4620083 M1","posttmt",0.0736596472849841,"96 posttmt","1 posttmt"
"31254","M1","C4620083","1","97","C4620083 M1","posttmt",0.0735672007214815,"97 posttmt","1 posttmt"
"31255","M1","C4620083","1","98","C4620083 M1","posttmt",0.0728042116762491,"98 posttmt","1 posttmt"
"31256","M1","C4620083","1","99","C4620083 M1","posttmt",0.0722520404537508,"99 posttmt","1 posttmt"
"31257","M1","C4620083","1","100","C4620083 M1","posttmt",0.0719015030602567,"100 posttmt","1 posttmt"
"31258","M1","C4620083","1","101","C4620083 M1","posttmt",0.0718852446384046,"101 posttmt","1 posttmt"
"31259","M1","C4620083","1","102","C4620083 M1","posttmt",0.0714929556069397,"102 posttmt","1 posttmt"
"31260","M1","C4620083","1","103","C4620083 M1","posttmt",0.0706726343750729,"103 posttmt","1 posttmt"
"31261","M1","C4620083","1","104","C4620083 M1","posttmt",0.069709335802145,"104 posttmt","1 posttmt"
"31262","M1","C4620083","1","105","C4620083 M1","posttmt",0.0695500022719453,"105 posttmt","1 posttmt"
"31263","M1","C4620083","1","106","C4620083 M1","posttmt",0.0693840367287106,"106 posttmt","1 posttmt"
"31264","M1","C4620083","1","107","C4620083 M1","posttmt",0.068827400226616,"107 posttmt","1 posttmt"
"31265","M1","C4620083","1","108","C4620083 M1","posttmt",0.0687188240143922,"108 posttmt","1 posttmt"
"31266","M1","C4620083","1","109","C4620083 M1","posttmt",0.0682977654860953,"109 posttmt","1 posttmt"
"31267","M1","C4620083","1","110","C4620083 M1","posttmt",0.067750020001605,"110 posttmt","1 posttmt"
"31268","M1","C4620083","1","111","C4620083 M1","posttmt",0.067620604685838,"111 posttmt","1 posttmt"
"31269","M1","C4620083","1","112","C4620083 M1","posttmt",0.0672507884404764,"112 posttmt","1 posttmt"
"31270","M1","C4620083","1","113","C4620083 M1","posttmt",0.0671364008149521,"113 posttmt","1 posttmt"
"31271","M1","C4620083","1","114","C4620083 M1","posttmt",0.0670463116725054,"114 posttmt","1 posttmt"
"31272","M1","C4620083","1","115","C4620083 M1","posttmt",0.066804689581435,"115 posttmt","1 posttmt"
"31273","M1","C4620083","1","116","C4620083 M1","posttmt",0.066260233689793,"116 posttmt","1 posttmt"
"31274","M1","C4620083","1","117","C4620083 M1","posttmt",0.0659434611239462,"117 posttmt","1 posttmt"
"31275","M1","C4620083","1","118","C4620083 M1","posttmt",0.0650965360234356,"118 posttmt","1 posttmt"
"31276","M1","C4620083","1","119","C4620083 M1","posttmt",0.0647936031907829,"119 posttmt","1 posttmt"
"31277","M1","C4620083","1","120","C4620083 M1","posttmt",0.0643055771614609,"120 posttmt","1 posttmt"
"31278","M1","C4620083","1","121","C4620083 M1","posttmt",0.0631185148970299,"121 posttmt","1 posttmt"
"31279","M1","C4620083","1","122","C4620083 M1","posttmt",0.062714711737258,"122 posttmt","1 posttmt"
"31280","M1","C4620083","1","123","C4620083 M1","posttmt",0.0625653319998045,"123 posttmt","1 posttmt"
"31281","M1","C4620083","1","124","C4620083 M1","posttmt",0.0624114695764879,"124 posttmt","1 posttmt"
"31282","M1","C4620083","1","125","C4620083 M1","posttmt",0.0618896017255446,"125 posttmt","1 posttmt"
"31283","M1","C4620083","1","126","C4620083 M1","posttmt",0.0613224163285584,"126 posttmt","1 posttmt"
"31284","M1","C4620083","1","127","C4620083 M1","posttmt",0.0605765248911189,"127 posttmt","1 posttmt"
"31285","M1","C4620083","1","128","C4620083 M1","posttmt",0.0605651201693321,"128 posttmt","1 posttmt"
"31286","M1","C4620083","1","129","C4620083 M1","posttmt",0.0601531658423932,"129 posttmt","1 posttmt"
"31287","M1","C4620083","1","130","C4620083 M1","posttmt",0.0593568105627165,"130 posttmt","1 posttmt"
"31288","M1","C4620083","1","131","C4620083 M1","posttmt",0.0593519037783831,"131 posttmt","1 posttmt"
"31289","M1","C4620083","1","132","C4620083 M1","posttmt",0.0588925543458717,"132 posttmt","1 posttmt"
"31290","M1","C4620083","1","133","C4620083 M1","posttmt",0.0588217874758038,"133 posttmt","1 posttmt"
"31291","M1","C4620083","1","134","C4620083 M1","posttmt",0.0587886634883131,"134 posttmt","1 posttmt"
"31292","M1","C4620083","1","135","C4620083 M1","posttmt",0.0569061851663279,"135 posttmt","1 posttmt"
"31293","M1","C4620083","1","136","C4620083 M1","posttmt",0.0566880668589529,"136 posttmt","1 posttmt"
"31294","M1","C4620083","1","137","C4620083 M1","posttmt",0.0562831197774649,"137 posttmt","1 posttmt"
"31295","M1","C4620083","1","138","C4620083 M1","posttmt",0.0549383440259573,"138 posttmt","1 posttmt"
"31296","M1","C4620083","1","139","C4620083 M1","posttmt",0.054604084947444,"139 posttmt","1 posttmt"
"31297","M1","C4620083","1","140","C4620083 M1","posttmt",0.0545491375253115,"140 posttmt","1 posttmt"
"31298","M1","C4620083","1","141","C4620083 M1","posttmt",0.0543409099070154,"141 posttmt","1 posttmt"
"31299","M1","C4620083","1","142","C4620083 M1","posttmt",0.0542393382761639,"142 posttmt","1 posttmt"
"31300","M1","C4620083","1","143","C4620083 M1","posttmt",0.0537466709213697,"143 posttmt","1 posttmt"
"31301","M1","C4620083","1","144","C4620083 M1","posttmt",0.0534061590884594,"144 posttmt","1 posttmt"
"31302","M1","C4620083","1","145","C4620083 M1","posttmt",0.0531847362693663,"145 posttmt","1 posttmt"
"31303","M1","C4620083","1","146","C4620083 M1","posttmt",0.0530988777128543,"146 posttmt","1 posttmt"
"31304","M1","C4620083","1","147","C4620083 M1","posttmt",0.0527162956984272,"147 posttmt","1 posttmt"
"31305","M1","C4620083","1","148","C4620083 M1","posttmt",0.0526981802464981,"148 posttmt","1 posttmt"
"31306","M1","C4620083","1","149","C4620083 M1","posttmt",0.0526366092309356,"149 posttmt","1 posttmt"
"31307","M1","C4620083","1","150","C4620083 M1","posttmt",0.0524299823893707,"150 posttmt","1 posttmt"
"31308","M1","C4620083","1","151","C4620083 M1","posttmt",0.0521980193549282,"151 posttmt","1 posttmt"
"31309","M1","C4620083","1","152","C4620083 M1","posttmt",0.0520943269536413,"152 posttmt","1 posttmt"
"31310","M1","C4620083","1","153","C4620083 M1","posttmt",0.0520811960023927,"153 posttmt","1 posttmt"
"31311","M1","C4620083","1","154","C4620083 M1","posttmt",0.0518198444824082,"154 posttmt","1 posttmt"
"31312","M1","C4620083","1","155","C4620083 M1","posttmt",0.051506515716288,"155 posttmt","1 posttmt"
"31313","M1","C4620083","1","156","C4620083 M1","posttmt",0.050661297659034,"156 posttmt","1 posttmt"
"31314","M1","C4620083","1","157","C4620083 M1","posttmt",0.0501643239330577,"157 posttmt","1 posttmt"
"31315","M1","C4620083","1","158","C4620083 M1","posttmt",0.0501313394749807,"158 posttmt","1 posttmt"
"31316","M1","C4620083","1","159","C4620083 M1","posttmt",0.0493344230608472,"159 posttmt","1 posttmt"
"31317","M1","C4620083","1","160","C4620083 M1","posttmt",0.0488821423852902,"160 posttmt","1 posttmt"
"31318","M1","C4620083","1","161","C4620083 M1","posttmt",0.0487895850256913,"161 posttmt","1 posttmt"
"31319","M1","C4620083","1","162","C4620083 M1","posttmt",0.0485327751089838,"162 posttmt","1 posttmt"
"31320","M1","C4620083","1","163","C4620083 M1","posttmt",0.0482931345114883,"163 posttmt","1 posttmt"
"31321","M1","C4620083","1","164","C4620083 M1","posttmt",0.0476898739906344,"164 posttmt","1 posttmt"
"31322","M1","C4620083","1","165","C4620083 M1","posttmt",0.0463191456874392,"165 posttmt","1 posttmt"
"31323","M1","C4620083","1","166","C4620083 M1","posttmt",0.0460146787102631,"166 posttmt","1 posttmt"
"31324","M1","C4620083","1","167","C4620083 M1","posttmt",0.0454378215027796,"167 posttmt","1 posttmt"
"31325","M1","C4620083","1","168","C4620083 M1","posttmt",0.0454248303775013,"168 posttmt","1 posttmt"
"31326","M1","C4620083","1","169","C4620083 M1","posttmt",0.044923501176121,"169 posttmt","1 posttmt"
"31327","M1","C4620083","1","170","C4620083 M1","posttmt",0.0447943195998874,"170 posttmt","1 posttmt"
"31328","M1","C4620083","1","171","C4620083 M1","posttmt",0.0445982213888542,"171 posttmt","1 posttmt"
"31329","M1","C4620083","1","172","C4620083 M1","posttmt",0.0445135238292167,"172 posttmt","1 posttmt"
"31330","M1","C4620083","1","173","C4620083 M1","posttmt",0.0437088107508805,"173 posttmt","1 posttmt"
"31331","M1","C4620083","1","174","C4620083 M1","posttmt",0.0431760947577649,"174 posttmt","1 posttmt"
"31332","M1","C4620083","1","175","C4620083 M1","posttmt",0.0431318454320592,"175 posttmt","1 posttmt"
"31333","M1","C4620083","1","176","C4620083 M1","posttmt",0.0430416745351834,"176 posttmt","1 posttmt"
"31334","M1","C4620083","1","177","C4620083 M1","posttmt",0.0430398653750317,"177 posttmt","1 posttmt"
"31335","M1","C4620083","1","178","C4620083 M1","posttmt",0.0427133982954528,"178 posttmt","1 posttmt"
"31336","M1","C4620083","1","179","C4620083 M1","posttmt",0.0422884203096873,"179 posttmt","1 posttmt"
"31337","M1","C4620083","1","180","C4620083 M1","posttmt",0.0420724034996412,"180 posttmt","1 posttmt"
"31338","M1","C4620083","1","181","C4620083 M1","posttmt",0.0418923450818361,"181 posttmt","1 posttmt"
"31339","M1","C4620083","1","182","C4620083 M1","posttmt",0.0416354300094307,"182 posttmt","1 posttmt"
"31340","M1","C4620083","1","183","C4620083 M1","posttmt",0.0415587415527363,"183 posttmt","1 posttmt"
"31341","M1","C4620083","1","184","C4620083 M1","posttmt",0.0413209907479791,"184 posttmt","1 posttmt"
"31342","M1","C4620083","1","185","C4620083 M1","posttmt",0.0412896040067419,"185 posttmt","1 posttmt"
"31343","M1","C4620083","1","186","C4620083 M1","posttmt",0.041185116180912,"186 posttmt","1 posttmt"
"31344","M1","C4620083","1","187","C4620083 M1","posttmt",0.0411103658829708,"187 posttmt","1 posttmt"
"31345","M1","C4620083","1","188","C4620083 M1","posttmt",0.0408935809659984,"188 posttmt","1 posttmt"
"31346","M1","C4620083","1","189","C4620083 M1","posttmt",0.040785310846854,"189 posttmt","1 posttmt"
"31347","M1","C4620083","1","190","C4620083 M1","posttmt",0.0407401541407523,"190 posttmt","1 posttmt"
"31348","M1","C4620083","1","191","C4620083 M1","posttmt",0.0405282605907792,"191 posttmt","1 posttmt"
"31349","M1","C4620083","1","192","C4620083 M1","posttmt",0.0396856137196217,"192 posttmt","1 posttmt"
"31350","M1","C4620083","1","193","C4620083 M1","posttmt",0.0393171301645563,"193 posttmt","1 posttmt"
"31351","M1","C4620083","1","194","C4620083 M1","posttmt",0.0391703963378401,"194 posttmt","1 posttmt"
"31352","M1","C4620083","1","195","C4620083 M1","posttmt",0.0382215866693242,"195 posttmt","1 posttmt"
"31353","M1","C4620083","1","196","C4620083 M1","posttmt",0.03777264512411,"196 posttmt","1 posttmt"
"31354","M1","C4620083","1","197","C4620083 M1","posttmt",0.0377323576255421,"197 posttmt","1 posttmt"
"31355","M1","C4620083","1","198","C4620083 M1","posttmt",0.0364053212709369,"198 posttmt","1 posttmt"
"31356","M1","C4620083","1","199","C4620083 M1","posttmt",0.035928059023924,"199 posttmt","1 posttmt"
"31357","M1","C4620083","1","200","C4620083 M1","posttmt",0.0356237789424873,"200 posttmt","1 posttmt"
"31358","M1","C4620083","1","201","C4620083 M1","posttmt",0.0348482463758803,"201 posttmt","1 posttmt"
"31359","M1","C4620083","1","202","C4620083 M1","posttmt",0.033656144565561,"202 posttmt","1 posttmt"
"31360","M1","C4620083","1","203","C4620083 M1","posttmt",0.0335379341729402,"203 posttmt","1 posttmt"
"31361","M1","C4620083","1","204","C4620083 M1","posttmt",0.0335324393497368,"204 posttmt","1 posttmt"
"31362","M1","C4620083","1","205","C4620083 M1","posttmt",0.0329113492559743,"205 posttmt","1 posttmt"
"31363","M1","C4620083","1","206","C4620083 M1","posttmt",0.0318333581858119,"206 posttmt","1 posttmt"
"31364","M1","C4620083","1","207","C4620083 M1","posttmt",0.0311005508900504,"207 posttmt","1 posttmt"
"31365","M1","C4620083","1","208","C4620083 M1","posttmt",0.0302057284280991,"208 posttmt","1 posttmt"
"31366","M1","C4620083","1","209","C4620083 M1","posttmt",0.02838839870855,"209 posttmt","1 posttmt"
"31367","M1","C4620083","1","210","C4620083 M1","posttmt",0.0283247277836494,"210 posttmt","1 posttmt"
"31368","M1","C4620083","1","211","C4620083 M1","posttmt",0.0282682141278715,"211 posttmt","1 posttmt"
"31369","M1","C4620083","1","212","C4620083 M1","posttmt",0.0281785082107386,"212 posttmt","1 posttmt"
"31370","M1","C4620083","1","213","C4620083 M1","posttmt",0.0274919283509356,"213 posttmt","1 posttmt"
"31371","M1","C4620083","1","214","C4620083 M1","posttmt",0.027313432802746,"214 posttmt","1 posttmt"
"31372","M1","C4620083","1","215","C4620083 M1","posttmt",0.0261702839061291,"215 posttmt","1 posttmt"
"31373","M1","C4620083","1","216","C4620083 M1","posttmt",0.0261172070905857,"216 posttmt","1 posttmt"
"31374","M1","C4620083","1","217","C4620083 M1","posttmt",0.0260137800117504,"217 posttmt","1 posttmt"
"31375","M1","C4620083","1","218","C4620083 M1","posttmt",0.0242006724351661,"218 posttmt","1 posttmt"
"31376","M1","C4620083","1","219","C4620083 M1","posttmt",0.0238304536264558,"219 posttmt","1 posttmt"
"31377","M1","C4620083","1","220","C4620083 M1","posttmt",0.0237869010925152,"220 posttmt","1 posttmt"
"31378","M1","C4620083","1","221","C4620083 M1","posttmt",0.0234071883132439,"221 posttmt","1 posttmt"
"31379","M1","C4620083","1","222","C4620083 M1","posttmt",0.0233815308484843,"222 posttmt","1 posttmt"
"31380","M1","C4620083","1","223","C4620083 M1","posttmt",0.0232504414127923,"223 posttmt","1 posttmt"
"31381","M1","C4620083","1","224","C4620083 M1","posttmt",0.0228802961780751,"224 posttmt","1 posttmt"
"31382","M1","C4620083","1","225","C4620083 M1","posttmt",0.0227762198524036,"225 posttmt","1 posttmt"
"31383","M1","C4620083","1","226","C4620083 M1","posttmt",0.0225078746081706,"226 posttmt","1 posttmt"
"31384","M1","C4620083","1","227","C4620083 M1","posttmt",0.0212053981434493,"227 posttmt","1 posttmt"
"31385","M1","C4620083","1","228","C4620083 M1","posttmt",0.0205382063738869,"228 posttmt","1 posttmt"
"31386","M1","C4620083","1","229","C4620083 M1","posttmt",0.0186634433747956,"229 posttmt","1 posttmt"
"31387","M1","C4620083","1","230","C4620083 M1","posttmt",0.01688948464321,"230 posttmt","1 posttmt"
"31388","M1","C4620083","1","231","C4620083 M1","posttmt",0.0162126104982076,"231 posttmt","1 posttmt"
"31389","M1","C4620083","1","232","C4620083 M1","posttmt",0.01589934213098,"232 posttmt","1 posttmt"
"31390","M1","C4620083","1","233","C4620083 M1","posttmt",0.0158133664606031,"233 posttmt","1 posttmt"
"31391","M1","C4620083","1","234","C4620083 M1","posttmt",0.0151896703127816,"234 posttmt","1 posttmt"
"31392","M1","C4620083","1","235","C4620083 M1","posttmt",0.0149988351782194,"235 posttmt","1 posttmt"
"31393","M1","C4620083","1","236","C4620083 M1","posttmt",0.0148888702077882,"236 posttmt","1 posttmt"
"31394","M1","C4620083","1","237","C4620083 M1","posttmt",0.0148585860497546,"237 posttmt","1 posttmt"
"31395","M1","C4620083","1","238","C4620083 M1","posttmt",0.0145163150859481,"238 posttmt","1 posttmt"
"31396","M1","C4620083","1","239","C4620083 M1","posttmt",0.0137637372432232,"239 posttmt","1 posttmt"
"31397","M1","C4620083","1","240","C4620083 M1","posttmt",0.0132178214429126,"240 posttmt","1 posttmt"
"31398","M1","C4620083","1","241","C4620083 M1","posttmt",0.012901570698128,"241 posttmt","1 posttmt"
"31399","M1","C4620083","1","242","C4620083 M1","posttmt",0.0118391261836641,"242 posttmt","1 posttmt"
"31400","M1","C4620083","1","243","C4620083 M1","posttmt",0.0117774325326613,"243 posttmt","1 posttmt"
"31401","M1","C4620083","1","244","C4620083 M1","posttmt",0.0111645490280333,"244 posttmt","1 posttmt"
"31402","M1","C4620083","1","245","C4620083 M1","posttmt",0.01114028209277,"245 posttmt","1 posttmt"
"31403","M1","C4620083","1","246","C4620083 M1","posttmt",0.00981785230668223,"246 posttmt","1 posttmt"
"31404","M1","C4620083","1","247","C4620083 M1","posttmt",0.00979108931971997,"247 posttmt","1 posttmt"
"31405","M1","C4620083","1","248","C4620083 M1","posttmt",0.00883507064683611,"248 posttmt","1 posttmt"
"31406","M1","C4620083","1","249","C4620083 M1","posttmt",0.00859249279540477,"249 posttmt","1 posttmt"
"31407","M1","C4620083","1","250","C4620083 M1","posttmt",0.00835078806673232,"250 posttmt","1 posttmt"
"31408","M1","C4620083","1","251","C4620083 M1","posttmt",0.00826964855595484,"251 posttmt","1 posttmt"
"31409","M1","C4620083","1","252","C4620083 M1","posttmt",0.00795825882254741,"252 posttmt","1 posttmt"
"31410","M1","C4620083","1","253","C4620083 M1","posttmt",0.007642221644174,"253 posttmt","1 posttmt"
"31411","M1","C4620083","1","254","C4620083 M1","posttmt",0.00720767194229961,"254 posttmt","1 posttmt"
"31412","M1","C4620083","1","255","C4620083 M1","posttmt",0.00701367051760171,"255 posttmt","1 posttmt"
"31413","M1","C4620083","1","256","C4620083 M1","posttmt",0.00607827318389763,"256 posttmt","1 posttmt"
"31414","M1","C4620083","1","257","C4620083 M1","posttmt",0.00550627296098959,"257 posttmt","1 posttmt"
"31415","M1","C4620083","1","258","C4620083 M1","posttmt",0.00464083105655235,"258 posttmt","1 posttmt"
"31416","M1","C4620083","1","259","C4620083 M1","posttmt",0.00376219744348028,"259 posttmt","1 posttmt"
"31417","M1","C4620083","1","260","C4620083 M1","posttmt",-0.000133159823989352,"260 posttmt","1 posttmt"
"31418","M1","C4620083","1","261","C4620083 M1","posttmt",-0.00151114996031648,"261 posttmt","1 posttmt"
"31419","M1","C4620083","1","262","C4620083 M1","posttmt",-0.00443716052140581,"262 posttmt","1 posttmt"
"31420","M1","C4620083","1","263","C4620083 M1","posttmt",-0.00467758228147838,"263 posttmt","1 posttmt"
"31421","M1","C4620083","1","264","C4620083 M1","posttmt",-0.005529710445106,"264 posttmt","1 posttmt"
"31422","M1","C4620083","1","265","C4620083 M1","posttmt",-0.00562198730023116,"265 posttmt","1 posttmt"
"31423","M1","C4620083","1","266","C4620083 M1","posttmt",-0.0067904508096068,"266 posttmt","1 posttmt"
"31424","M1","C4620083","1","267","C4620083 M1","posttmt",-0.00691230667000614,"267 posttmt","1 posttmt"
"31425","M1","C4620083","1","268","C4620083 M1","posttmt",-0.00792284432206851,"268 posttmt","1 posttmt"
"31426","M1","C4620083","1","269","C4620083 M1","posttmt",-0.0100452839213283,"269 posttmt","1 posttmt"
"31427","M1","C4620083","1","270","C4620083 M1","posttmt",-0.0121448332449999,"270 posttmt","1 posttmt"
"31428","M1","C4620083","1","271","C4620083 M1","posttmt",-0.0128125712798632,"271 posttmt","1 posttmt"
"31429","M1","C4620083","1","272","C4620083 M1","posttmt",-0.012978078980428,"272 posttmt","1 posttmt"
"31430","M1","C4620083","1","273","C4620083 M1","posttmt",-0.0151642623910707,"273 posttmt","1 posttmt"
"31431","M1","C4620083","1","274","C4620083 M1","posttmt",-0.0183915423363679,"274 posttmt","1 posttmt"
"31432","M1","C4620083","1","275","C4620083 M1","posttmt",-0.019339863295286,"275 posttmt","1 posttmt"
"31433","M1","C4620083","1","276","C4620083 M1","posttmt",-0.0205671636842048,"276 posttmt","1 posttmt"
"31434","M1","C4620083","1","277","C4620083 M1","posttmt",-0.0214083202619256,"277 posttmt","1 posttmt"
"31435","M1","C4620083","1","278","C4620083 M1","posttmt",-0.0224783075794577,"278 posttmt","1 posttmt"
"31436","M1","C4620083","1","279","C4620083 M1","posttmt",-0.0227134900205841,"279 posttmt","1 posttmt"
"31437","M1","C4620083","1","280","C4620083 M1","posttmt",-0.0245176426369252,"280 posttmt","1 posttmt"
"31438","M1","C4620083","1","281","C4620083 M1","posttmt",-0.0253396331231897,"281 posttmt","1 posttmt"
"31439","M1","C4620083","1","282","C4620083 M1","posttmt",-0.0280931038644468,"282 posttmt","1 posttmt"
"31440","M1","C4620083","1","283","C4620083 M1","posttmt",-0.028975267226895,"283 posttmt","1 posttmt"
"31441","M1","C4620083","1","284","C4620083 M1","posttmt",-0.0291773257452454,"284 posttmt","1 posttmt"
"31442","M1","C4620083","1","285","C4620083 M1","posttmt",-0.0340549885927602,"285 posttmt","1 posttmt"
"31443","M1","C4620083","1","286","C4620083 M1","posttmt",-0.0342032268981519,"286 posttmt","1 posttmt"
"31444","M1","C4620083","1","287","C4620083 M1","posttmt",-0.0358217639879956,"287 posttmt","1 posttmt"
"31445","M1","C4620083","1","288","C4620083 M1","posttmt",-0.0443870809490349,"288 posttmt","1 posttmt"
"31446","M1","C4620083","1","289","C4620083 M1","posttmt",-0.0548790104087984,"289 posttmt","1 posttmt"
"31447","M1","C4620083","1","290","C4620083 M1","posttmt",-0.0645982674210013,"290 posttmt","1 posttmt"
"31448","M2","C4620083","1","0","C4620083 M2","posttmt",0.231540736893731,"0 posttmt","1 posttmt"
"31449","M2","C4620083","1","1","C4620083 M2","posttmt",0.193266791774615,"1 posttmt","1 posttmt"
"31450","M2","C4620083","1","2","C4620083 M2","posttmt",0.185695926469093,"2 posttmt","1 posttmt"
"31451","M2","C4620083","1","3","C4620083 M2","posttmt",0.174096475773887,"3 posttmt","1 posttmt"
"31452","M2","C4620083","1","4","C4620083 M2","posttmt",0.166752923621033,"4 posttmt","1 posttmt"
"31453","M2","C4620083","1","5","C4620083 M2","posttmt",0.164598079133912,"5 posttmt","1 posttmt"
"31454","M2","C4620083","1","6","C4620083 M2","posttmt",0.16358547682697,"6 posttmt","1 posttmt"
"31455","M2","C4620083","1","7","C4620083 M2","posttmt",0.161084819855902,"7 posttmt","1 posttmt"
"31456","M2","C4620083","1","8","C4620083 M2","posttmt",0.158855851684734,"8 posttmt","1 posttmt"
"31457","M2","C4620083","1","9","C4620083 M2","posttmt",0.157751751252628,"9 posttmt","1 posttmt"
"31458","M2","C4620083","1","10","C4620083 M2","posttmt",0.157572135608999,"10 posttmt","1 posttmt"
"31459","M2","C4620083","1","11","C4620083 M2","posttmt",0.156876443544661,"11 posttmt","1 posttmt"
"31460","M2","C4620083","1","12","C4620083 M2","posttmt",0.15644954420303,"12 posttmt","1 posttmt"
"31461","M2","C4620083","1","13","C4620083 M2","posttmt",0.155411130257671,"13 posttmt","1 posttmt"
"31462","M2","C4620083","1","14","C4620083 M2","posttmt",0.154749074337809,"14 posttmt","1 posttmt"
"31463","M2","C4620083","1","15","C4620083 M2","posttmt",0.153463740165096,"15 posttmt","1 posttmt"
"31464","M2","C4620083","1","16","C4620083 M2","posttmt",0.153395426731984,"16 posttmt","1 posttmt"
"31465","M2","C4620083","1","17","C4620083 M2","posttmt",0.151196862871126,"17 posttmt","1 posttmt"
"31466","M2","C4620083","1","18","C4620083 M2","posttmt",0.149715480439324,"18 posttmt","1 posttmt"
"31467","M2","C4620083","1","19","C4620083 M2","posttmt",0.149441487587619,"19 posttmt","1 posttmt"
"31468","M2","C4620083","1","20","C4620083 M2","posttmt",0.148631344966848,"20 posttmt","1 posttmt"
"31469","M2","C4620083","1","21","C4620083 M2","posttmt",0.148051017962779,"21 posttmt","1 posttmt"
"31470","M2","C4620083","1","22","C4620083 M2","posttmt",0.147072054011417,"22 posttmt","1 posttmt"
"31471","M2","C4620083","1","23","C4620083 M2","posttmt",0.144020518636717,"23 posttmt","1 posttmt"
"31472","M2","C4620083","1","24","C4620083 M2","posttmt",0.143428630174759,"24 posttmt","1 posttmt"
"31473","M2","C4620083","1","25","C4620083 M2","posttmt",0.143272379502449,"25 posttmt","1 posttmt"
"31474","M2","C4620083","1","26","C4620083 M2","posttmt",0.139417827112043,"26 posttmt","1 posttmt"
"31475","M2","C4620083","1","27","C4620083 M2","posttmt",0.139056720637138,"27 posttmt","1 posttmt"
"31476","M2","C4620083","1","28","C4620083 M2","posttmt",0.138184418887932,"28 posttmt","1 posttmt"
"31477","M2","C4620083","1","29","C4620083 M2","posttmt",0.137193656401343,"29 posttmt","1 posttmt"
"31478","M2","C4620083","1","30","C4620083 M2","posttmt",0.136981975083518,"30 posttmt","1 posttmt"
"31479","M2","C4620083","1","31","C4620083 M2","posttmt",0.132877297388688,"31 posttmt","1 posttmt"
"31480","M2","C4620083","1","32","C4620083 M2","posttmt",0.131728024696541,"32 posttmt","1 posttmt"
"31481","M2","C4620083","1","33","C4620083 M2","posttmt",0.131542013331711,"33 posttmt","1 posttmt"
"31482","M2","C4620083","1","34","C4620083 M2","posttmt",0.131002699846644,"34 posttmt","1 posttmt"
"31483","M2","C4620083","1","35","C4620083 M2","posttmt",0.130773133181984,"35 posttmt","1 posttmt"
"31484","M2","C4620083","1","36","C4620083 M2","posttmt",0.129776792852311,"36 posttmt","1 posttmt"
"31485","M2","C4620083","1","37","C4620083 M2","posttmt",0.129689395979553,"37 posttmt","1 posttmt"
"31486","M2","C4620083","1","38","C4620083 M2","posttmt",0.129317328031333,"38 posttmt","1 posttmt"
"31487","M2","C4620083","1","39","C4620083 M2","posttmt",0.129082470536791,"39 posttmt","1 posttmt"
"31488","M2","C4620083","1","40","C4620083 M2","posttmt",0.128378383725311,"40 posttmt","1 posttmt"
"31489","M2","C4620083","1","41","C4620083 M2","posttmt",0.126451940014414,"41 posttmt","1 posttmt"
"31490","M2","C4620083","1","42","C4620083 M2","posttmt",0.125438728128025,"42 posttmt","1 posttmt"
"31491","M2","C4620083","1","43","C4620083 M2","posttmt",0.124798279135946,"43 posttmt","1 posttmt"
"31492","M2","C4620083","1","44","C4620083 M2","posttmt",0.12461385322433,"44 posttmt","1 posttmt"
"31493","M2","C4620083","1","45","C4620083 M2","posttmt",0.123752824257147,"45 posttmt","1 posttmt"
"31494","M2","C4620083","1","46","C4620083 M2","posttmt",0.122807745657722,"46 posttmt","1 posttmt"
"31495","M2","C4620083","1","47","C4620083 M2","posttmt",0.122612022635311,"47 posttmt","1 posttmt"
"31496","M2","C4620083","1","48","C4620083 M2","posttmt",0.120964801286327,"48 posttmt","1 posttmt"
"31497","M2","C4620083","1","49","C4620083 M2","posttmt",0.120769780351146,"49 posttmt","1 posttmt"
"31498","M2","C4620083","1","50","C4620083 M2","posttmt",0.120201750210061,"50 posttmt","1 posttmt"
"31499","M2","C4620083","1","51","C4620083 M2","posttmt",0.119926579583677,"51 posttmt","1 posttmt"
"31500","M2","C4620083","1","52","C4620083 M2","posttmt",0.119638934712091,"52 posttmt","1 posttmt"
"31501","M2","C4620083","1","53","C4620083 M2","posttmt",0.117498763290382,"53 posttmt","1 posttmt"
"31502","M2","C4620083","1","54","C4620083 M2","posttmt",0.116211487406568,"54 posttmt","1 posttmt"
"31503","M2","C4620083","1","55","C4620083 M2","posttmt",0.116102789269306,"55 posttmt","1 posttmt"
"31504","M2","C4620083","1","56","C4620083 M2","posttmt",0.115543966204055,"56 posttmt","1 posttmt"
"31505","M2","C4620083","1","57","C4620083 M2","posttmt",0.115477232926645,"57 posttmt","1 posttmt"
"31506","M2","C4620083","1","58","C4620083 M2","posttmt",0.114457315995403,"58 posttmt","1 posttmt"
"31507","M2","C4620083","1","59","C4620083 M2","posttmt",0.113649915127816,"59 posttmt","1 posttmt"
"31508","M2","C4620083","1","60","C4620083 M2","posttmt",0.113216922143286,"60 posttmt","1 posttmt"
"31509","M2","C4620083","1","61","C4620083 M2","posttmt",0.111727964534487,"61 posttmt","1 posttmt"
"31510","M2","C4620083","1","62","C4620083 M2","posttmt",0.111344802066393,"62 posttmt","1 posttmt"
"31511","M2","C4620083","1","63","C4620083 M2","posttmt",0.111075651098958,"63 posttmt","1 posttmt"
"31512","M2","C4620083","1","64","C4620083 M2","posttmt",0.11061803255413,"64 posttmt","1 posttmt"
"31513","M2","C4620083","1","65","C4620083 M2","posttmt",0.109461629492015,"65 posttmt","1 posttmt"
"31514","M2","C4620083","1","66","C4620083 M2","posttmt",0.108064727828056,"66 posttmt","1 posttmt"
"31515","M2","C4620083","1","67","C4620083 M2","posttmt",0.107970921382894,"67 posttmt","1 posttmt"
"31516","M2","C4620083","1","68","C4620083 M2","posttmt",0.107753414646304,"68 posttmt","1 posttmt"
"31517","M2","C4620083","1","69","C4620083 M2","posttmt",0.107032492471024,"69 posttmt","1 posttmt"
"31518","M2","C4620083","1","70","C4620083 M2","posttmt",0.106655049664698,"70 posttmt","1 posttmt"
"31519","M2","C4620083","1","71","C4620083 M2","posttmt",0.106052709251947,"71 posttmt","1 posttmt"
"31520","M2","C4620083","1","72","C4620083 M2","posttmt",0.106012194367922,"72 posttmt","1 posttmt"
"31521","M2","C4620083","1","73","C4620083 M2","posttmt",0.103315969345877,"73 posttmt","1 posttmt"
"31522","M2","C4620083","1","74","C4620083 M2","posttmt",0.103105774230924,"74 posttmt","1 posttmt"
"31523","M2","C4620083","1","75","C4620083 M2","posttmt",0.103007815643874,"75 posttmt","1 posttmt"
"31524","M2","C4620083","1","76","C4620083 M2","posttmt",0.102575892358617,"76 posttmt","1 posttmt"
"31525","M2","C4620083","1","77","C4620083 M2","posttmt",0.102371051345778,"77 posttmt","1 posttmt"
"31526","M2","C4620083","1","78","C4620083 M2","posttmt",0.10153812520439,"78 posttmt","1 posttmt"
"31527","M2","C4620083","1","79","C4620083 M2","posttmt",0.101460338891465,"79 posttmt","1 posttmt"
"31528","M2","C4620083","1","80","C4620083 M2","posttmt",0.0999018195948412,"80 posttmt","1 posttmt"
"31529","M2","C4620083","1","81","C4620083 M2","posttmt",0.0996716647605578,"81 posttmt","1 posttmt"
"31530","M2","C4620083","1","82","C4620083 M2","posttmt",0.0985483197722895,"82 posttmt","1 posttmt"
"31531","M2","C4620083","1","83","C4620083 M2","posttmt",0.0983505419395242,"83 posttmt","1 posttmt"
"31532","M2","C4620083","1","84","C4620083 M2","posttmt",0.0980052240202965,"84 posttmt","1 posttmt"
"31533","M2","C4620083","1","85","C4620083 M2","posttmt",0.097811920298761,"85 posttmt","1 posttmt"
"31534","M2","C4620083","1","86","C4620083 M2","posttmt",0.0973074252573322,"86 posttmt","1 posttmt"
"31535","M2","C4620083","1","87","C4620083 M2","posttmt",0.0972292883852486,"87 posttmt","1 posttmt"
"31536","M2","C4620083","1","88","C4620083 M2","posttmt",0.0968653262784456,"88 posttmt","1 posttmt"
"31537","M2","C4620083","1","89","C4620083 M2","posttmt",0.0963834261926189,"89 posttmt","1 posttmt"
"31538","M2","C4620083","1","90","C4620083 M2","posttmt",0.0943435026811856,"90 posttmt","1 posttmt"
"31539","M2","C4620083","1","91","C4620083 M2","posttmt",0.0939965324439173,"91 posttmt","1 posttmt"
"31540","M2","C4620083","1","92","C4620083 M2","posttmt",0.0938372954496941,"92 posttmt","1 posttmt"
"31541","M2","C4620083","1","93","C4620083 M2","posttmt",0.0918090654107855,"93 posttmt","1 posttmt"
"31542","M2","C4620083","1","94","C4620083 M2","posttmt",0.089260008544835,"94 posttmt","1 posttmt"
"31543","M2","C4620083","1","95","C4620083 M2","posttmt",0.0885219689841502,"95 posttmt","1 posttmt"
"31544","M2","C4620083","1","96","C4620083 M2","posttmt",0.0884739416210671,"96 posttmt","1 posttmt"
"31545","M2","C4620083","1","97","C4620083 M2","posttmt",0.0884605018478277,"97 posttmt","1 posttmt"
"31546","M2","C4620083","1","98","C4620083 M2","posttmt",0.0870558776071259,"98 posttmt","1 posttmt"
"31547","M2","C4620083","1","99","C4620083 M2","posttmt",0.0868869773672718,"99 posttmt","1 posttmt"
"31548","M2","C4620083","1","100","C4620083 M2","posttmt",0.0868644046032004,"100 posttmt","1 posttmt"
"31549","M2","C4620083","1","101","C4620083 M2","posttmt",0.0867724516025062,"101 posttmt","1 posttmt"
"31550","M2","C4620083","1","102","C4620083 M2","posttmt",0.086699261182024,"102 posttmt","1 posttmt"
"31551","M2","C4620083","1","103","C4620083 M2","posttmt",0.086506099126639,"103 posttmt","1 posttmt"
"31552","M2","C4620083","1","104","C4620083 M2","posttmt",0.0855899596812021,"104 posttmt","1 posttmt"
"31553","M2","C4620083","1","105","C4620083 M2","posttmt",0.0850129744515311,"105 posttmt","1 posttmt"
"31554","M2","C4620083","1","106","C4620083 M2","posttmt",0.0844201230821387,"106 posttmt","1 posttmt"
"31555","M2","C4620083","1","107","C4620083 M2","posttmt",0.0842355430273387,"107 posttmt","1 posttmt"
"31556","M2","C4620083","1","108","C4620083 M2","posttmt",0.0838986325147184,"108 posttmt","1 posttmt"
"31557","M2","C4620083","1","109","C4620083 M2","posttmt",0.083866880423991,"109 posttmt","1 posttmt"
"31558","M2","C4620083","1","110","C4620083 M2","posttmt",0.0831292772232526,"110 posttmt","1 posttmt"
"31559","M2","C4620083","1","111","C4620083 M2","posttmt",0.0827687332619714,"111 posttmt","1 posttmt"
"31560","M2","C4620083","1","112","C4620083 M2","posttmt",0.0821899123237713,"112 posttmt","1 posttmt"
"31561","M2","C4620083","1","113","C4620083 M2","posttmt",0.0821663483172237,"113 posttmt","1 posttmt"
"31562","M2","C4620083","1","114","C4620083 M2","posttmt",0.0818195030381446,"114 posttmt","1 posttmt"
"31563","M2","C4620083","1","115","C4620083 M2","posttmt",0.0809562162026484,"115 posttmt","1 posttmt"
"31564","M2","C4620083","1","116","C4620083 M2","posttmt",0.0798285327448683,"116 posttmt","1 posttmt"
"31565","M2","C4620083","1","117","C4620083 M2","posttmt",0.0793240115581157,"117 posttmt","1 posttmt"
"31566","M2","C4620083","1","118","C4620083 M2","posttmt",0.0783151186018242,"118 posttmt","1 posttmt"
"31567","M2","C4620083","1","119","C4620083 M2","posttmt",0.0782070926745396,"119 posttmt","1 posttmt"
"31568","M2","C4620083","1","120","C4620083 M2","posttmt",0.0774042506777316,"120 posttmt","1 posttmt"
"31569","M2","C4620083","1","121","C4620083 M2","posttmt",0.0766508552943615,"121 posttmt","1 posttmt"
"31570","M2","C4620083","1","122","C4620083 M2","posttmt",0.0749213536741933,"122 posttmt","1 posttmt"
"31571","M2","C4620083","1","123","C4620083 M2","posttmt",0.0748149602067624,"123 posttmt","1 posttmt"
"31572","M2","C4620083","1","124","C4620083 M2","posttmt",0.0744257980648148,"124 posttmt","1 posttmt"
"31573","M2","C4620083","1","125","C4620083 M2","posttmt",0.0742888501153005,"125 posttmt","1 posttmt"
"31574","M2","C4620083","1","126","C4620083 M2","posttmt",0.0737282469794912,"126 posttmt","1 posttmt"
"31575","M2","C4620083","1","127","C4620083 M2","posttmt",0.0735966978472543,"127 posttmt","1 posttmt"
"31576","M2","C4620083","1","128","C4620083 M2","posttmt",0.0734449002071936,"128 posttmt","1 posttmt"
"31577","M2","C4620083","1","129","C4620083 M2","posttmt",0.0731437413552599,"129 posttmt","1 posttmt"
"31578","M2","C4620083","1","130","C4620083 M2","posttmt",0.0730231617751246,"130 posttmt","1 posttmt"
"31579","M2","C4620083","1","131","C4620083 M2","posttmt",0.0728866103777031,"131 posttmt","1 posttmt"
"31580","M2","C4620083","1","132","C4620083 M2","posttmt",0.0725665193020296,"132 posttmt","1 posttmt"
"31581","M2","C4620083","1","133","C4620083 M2","posttmt",0.0725009978994104,"133 posttmt","1 posttmt"
"31582","M2","C4620083","1","134","C4620083 M2","posttmt",0.0724678262246264,"134 posttmt","1 posttmt"
"31583","M2","C4620083","1","135","C4620083 M2","posttmt",0.0716037447823703,"135 posttmt","1 posttmt"
"31584","M2","C4620083","1","136","C4620083 M2","posttmt",0.0714414048965688,"136 posttmt","1 posttmt"
"31585","M2","C4620083","1","137","C4620083 M2","posttmt",0.0694274096834595,"137 posttmt","1 posttmt"
"31586","M2","C4620083","1","138","C4620083 M2","posttmt",0.0690324228680265,"138 posttmt","1 posttmt"
"31587","M2","C4620083","1","139","C4620083 M2","posttmt",0.0684823477672726,"139 posttmt","1 posttmt"
"31588","M2","C4620083","1","140","C4620083 M2","posttmt",0.0681537039714442,"140 posttmt","1 posttmt"
"31589","M2","C4620083","1","141","C4620083 M2","posttmt",0.0681142338099898,"141 posttmt","1 posttmt"
"31590","M2","C4620083","1","142","C4620083 M2","posttmt",0.0679511397047784,"142 posttmt","1 posttmt"
"31591","M2","C4620083","1","143","C4620083 M2","posttmt",0.0674900967137532,"143 posttmt","1 posttmt"
"31592","M2","C4620083","1","144","C4620083 M2","posttmt",0.0663651707683811,"144 posttmt","1 posttmt"
"31593","M2","C4620083","1","145","C4620083 M2","posttmt",0.0662548124617004,"145 posttmt","1 posttmt"
"31594","M2","C4620083","1","146","C4620083 M2","posttmt",0.0660495376259638,"146 posttmt","1 posttmt"
"31595","M2","C4620083","1","147","C4620083 M2","posttmt",0.0651267788253351,"147 posttmt","1 posttmt"
"31596","M2","C4620083","1","148","C4620083 M2","posttmt",0.0651177695900401,"148 posttmt","1 posttmt"
"31597","M2","C4620083","1","149","C4620083 M2","posttmt",0.0649118578614236,"149 posttmt","1 posttmt"
"31598","M2","C4620083","1","150","C4620083 M2","posttmt",0.0642619220639004,"150 posttmt","1 posttmt"
"31599","M2","C4620083","1","151","C4620083 M2","posttmt",0.0636848778450702,"151 posttmt","1 posttmt"
"31600","M2","C4620083","1","152","C4620083 M2","posttmt",0.0634824331431735,"152 posttmt","1 posttmt"
"31601","M2","C4620083","1","153","C4620083 M2","posttmt",0.0634474932150154,"153 posttmt","1 posttmt"
"31602","M2","C4620083","1","154","C4620083 M2","posttmt",0.0631631302198258,"154 posttmt","1 posttmt"
"31603","M2","C4620083","1","155","C4620083 M2","posttmt",0.0630868412056274,"155 posttmt","1 posttmt"
"31604","M2","C4620083","1","156","C4620083 M2","posttmt",0.0626529870176415,"156 posttmt","1 posttmt"
"31605","M2","C4620083","1","157","C4620083 M2","posttmt",0.0619064396009436,"157 posttmt","1 posttmt"
"31606","M2","C4620083","1","158","C4620083 M2","posttmt",0.0613871992987658,"158 posttmt","1 posttmt"
"31607","M2","C4620083","1","159","C4620083 M2","posttmt",0.0610948775382789,"159 posttmt","1 posttmt"
"31608","M2","C4620083","1","160","C4620083 M2","posttmt",0.0610761129047578,"160 posttmt","1 posttmt"
"31609","M2","C4620083","1","161","C4620083 M2","posttmt",0.0598020269047972,"161 posttmt","1 posttmt"
"31610","M2","C4620083","1","162","C4620083 M2","posttmt",0.0594394617692901,"162 posttmt","1 posttmt"
"31611","M2","C4620083","1","163","C4620083 M2","posttmt",0.0590993401026696,"163 posttmt","1 posttmt"
"31612","M2","C4620083","1","164","C4620083 M2","posttmt",0.0588093374672411,"164 posttmt","1 posttmt"
"31613","M2","C4620083","1","165","C4620083 M2","posttmt",0.0588031463974773,"165 posttmt","1 posttmt"
"31614","M2","C4620083","1","166","C4620083 M2","posttmt",0.0569597795196495,"166 posttmt","1 posttmt"
"31615","M2","C4620083","1","167","C4620083 M2","posttmt",0.0564236329887379,"167 posttmt","1 posttmt"
"31616","M2","C4620083","1","168","C4620083 M2","posttmt",0.0563110553191967,"168 posttmt","1 posttmt"
"31617","M2","C4620083","1","169","C4620083 M2","posttmt",0.0555670382884963,"169 posttmt","1 posttmt"
"31618","M2","C4620083","1","170","C4620083 M2","posttmt",0.0548054126894978,"170 posttmt","1 posttmt"
"31619","M2","C4620083","1","171","C4620083 M2","posttmt",0.054722588960478,"171 posttmt","1 posttmt"
"31620","M2","C4620083","1","172","C4620083 M2","posttmt",0.052985006651631,"172 posttmt","1 posttmt"
"31621","M2","C4620083","1","173","C4620083 M2","posttmt",0.05271757274675,"173 posttmt","1 posttmt"
"31622","M2","C4620083","1","174","C4620083 M2","posttmt",0.0525812799578976,"174 posttmt","1 posttmt"
"31623","M2","C4620083","1","175","C4620083 M2","posttmt",0.0520922586055433,"175 posttmt","1 posttmt"
"31624","M2","C4620083","1","176","C4620083 M2","posttmt",0.0518602406955792,"176 posttmt","1 posttmt"
"31625","M2","C4620083","1","177","C4620083 M2","posttmt",0.0516661769957322,"177 posttmt","1 posttmt"
"31626","M2","C4620083","1","178","C4620083 M2","posttmt",0.0509864923443495,"178 posttmt","1 posttmt"
"31627","M2","C4620083","1","179","C4620083 M2","posttmt",0.050553500583328,"179 posttmt","1 posttmt"
"31628","M2","C4620083","1","180","C4620083 M2","posttmt",0.0504191150156566,"180 posttmt","1 posttmt"
"31629","M2","C4620083","1","181","C4620083 M2","posttmt",0.050190501164921,"181 posttmt","1 posttmt"
"31630","M2","C4620083","1","182","C4620083 M2","posttmt",0.0492943355691665,"182 posttmt","1 posttmt"
"31631","M2","C4620083","1","183","C4620083 M2","posttmt",0.0490337218878941,"183 posttmt","1 posttmt"
"31632","M2","C4620083","1","184","C4620083 M2","posttmt",0.0488014651177539,"184 posttmt","1 posttmt"
"31633","M2","C4620083","1","185","C4620083 M2","posttmt",0.0487118926285345,"185 posttmt","1 posttmt"
"31634","M2","C4620083","1","186","C4620083 M2","posttmt",0.0485115591754808,"186 posttmt","1 posttmt"
"31635","M2","C4620083","1","187","C4620083 M2","posttmt",0.0472243928326113,"187 posttmt","1 posttmt"
"31636","M2","C4620083","1","188","C4620083 M2","posttmt",0.0464164624647655,"188 posttmt","1 posttmt"
"31637","M2","C4620083","1","189","C4620083 M2","posttmt",0.046362319471053,"189 posttmt","1 posttmt"
"31638","M2","C4620083","1","190","C4620083 M2","posttmt",0.0462880002632827,"190 posttmt","1 posttmt"
"31639","M2","C4620083","1","191","C4620083 M2","posttmt",0.0457638526194084,"191 posttmt","1 posttmt"
"31640","M2","C4620083","1","192","C4620083 M2","posttmt",0.044948540600844,"192 posttmt","1 posttmt"
"31641","M2","C4620083","1","193","C4620083 M2","posttmt",0.044065661024782,"193 posttmt","1 posttmt"
"31642","M2","C4620083","1","194","C4620083 M2","posttmt",0.0430365141680852,"194 posttmt","1 posttmt"
"31643","M2","C4620083","1","195","C4620083 M2","posttmt",0.0419157300090153,"195 posttmt","1 posttmt"
"31644","M2","C4620083","1","196","C4620083 M2","posttmt",0.039070948970482,"196 posttmt","1 posttmt"
"31645","M2","C4620083","1","197","C4620083 M2","posttmt",0.0386721131304936,"197 posttmt","1 posttmt"
"31646","M2","C4620083","1","198","C4620083 M2","posttmt",0.0381989735743213,"198 posttmt","1 posttmt"
"31647","M2","C4620083","1","199","C4620083 M2","posttmt",0.0378748974287575,"199 posttmt","1 posttmt"
"31648","M2","C4620083","1","200","C4620083 M2","posttmt",0.0375739052757608,"200 posttmt","1 posttmt"
"31649","M2","C4620083","1","201","C4620083 M2","posttmt",0.0370710217926394,"201 posttmt","1 posttmt"
"31650","M2","C4620083","1","202","C4620083 M2","posttmt",0.0368349508273848,"202 posttmt","1 posttmt"
"31651","M2","C4620083","1","203","C4620083 M2","posttmt",0.0359846636955773,"203 posttmt","1 posttmt"
"31652","M2","C4620083","1","204","C4620083 M2","posttmt",0.0334121491858607,"204 posttmt","1 posttmt"
"31653","M2","C4620083","1","205","C4620083 M2","posttmt",0.0319295522429302,"205 posttmt","1 posttmt"
"31654","M2","C4620083","1","206","C4620083 M2","posttmt",0.031703005507032,"206 posttmt","1 posttmt"
"31655","M2","C4620083","1","207","C4620083 M2","posttmt",0.0312887892785866,"207 posttmt","1 posttmt"
"31656","M2","C4620083","1","208","C4620083 M2","posttmt",0.0306214303232777,"208 posttmt","1 posttmt"
"31657","M2","C4620083","1","209","C4620083 M2","posttmt",0.0274945386499319,"209 posttmt","1 posttmt"
"31658","M2","C4620083","1","210","C4620083 M2","posttmt",0.0257224648945876,"210 posttmt","1 posttmt"
"31659","M2","C4620083","1","211","C4620083 M2","posttmt",0.0254421566317512,"211 posttmt","1 posttmt"
"31660","M2","C4620083","1","212","C4620083 M2","posttmt",0.0226785796270604,"212 posttmt","1 posttmt"
"31661","M2","C4620083","1","213","C4620083 M2","posttmt",0.0224776368263502,"213 posttmt","1 posttmt"
"31662","M2","C4620083","1","214","C4620083 M2","posttmt",0.0218860510149694,"214 posttmt","1 posttmt"
"31663","M2","C4620083","1","215","C4620083 M2","posttmt",0.0217917665185673,"215 posttmt","1 posttmt"
"31664","M2","C4620083","1","216","C4620083 M2","posttmt",0.0187850027356947,"216 posttmt","1 posttmt"
"31665","M2","C4620083","1","217","C4620083 M2","posttmt",0.0167009366957288,"217 posttmt","1 posttmt"
"31666","M2","C4620083","1","218","C4620083 M2","posttmt",0.0146087963717592,"218 posttmt","1 posttmt"
"31667","M2","C4620083","1","219","C4620083 M2","posttmt",0.0128325832076714,"219 posttmt","1 posttmt"
"31668","M2","C4620083","1","220","C4620083 M2","posttmt",0.00972418610236757,"220 posttmt","1 posttmt"
"31669","M2","C4620083","1","221","C4620083 M2","posttmt",0.00960865167966581,"221 posttmt","1 posttmt"
"31670","M2","C4620083","1","222","C4620083 M2","posttmt",0.00922112582880204,"222 posttmt","1 posttmt"
"31671","M2","C4620083","1","223","C4620083 M2","posttmt",0.00705279232197256,"223 posttmt","1 posttmt"
"31672","M2","C4620083","1","224","C4620083 M2","posttmt",0.00548295526986127,"224 posttmt","1 posttmt"
"31673","M2","C4620083","1","225","C4620083 M2","posttmt",0.000180460006257327,"225 posttmt","1 posttmt"
"31674","M2","C4620083","1","226","C4620083 M2","posttmt",-0.00257973900832598,"226 posttmt","1 posttmt"
"31675","M2","C4620083","1","227","C4620083 M2","posttmt",-0.00428536000122369,"227 posttmt","1 posttmt"
"31676","M2","C4620083","1","228","C4620083 M2","posttmt",-0.0052434888687438,"228 posttmt","1 posttmt"
"31677","M2","C4620083","1","229","C4620083 M2","posttmt",-0.00684698456165984,"229 posttmt","1 posttmt"
"31678","M2","C4620083","1","230","C4620083 M2","posttmt",-0.009084294777106,"230 posttmt","1 posttmt"
"31679","M3","C4620083","1","0","C4620083 M3","posttmt",0.537339595930899,"0 posttmt","1 posttmt"
"31680","M3","C4620083","1","1","C4620083 M3","posttmt",0.523372227949887,"1 posttmt","1 posttmt"
"31681","M3","C4620083","1","2","C4620083 M3","posttmt",0.522654968244836,"2 posttmt","1 posttmt"
"31682","M3","C4620083","1","3","C4620083 M3","posttmt",0.522130623766291,"3 posttmt","1 posttmt"
"31683","M3","C4620083","1","4","C4620083 M3","posttmt",0.518269802313749,"4 posttmt","1 posttmt"
"31684","M3","C4620083","1","5","C4620083 M3","posttmt",0.517346728337137,"5 posttmt","1 posttmt"
"31685","M3","C4620083","1","6","C4620083 M3","posttmt",0.515159923246355,"6 posttmt","1 posttmt"
"31686","M3","C4620083","1","7","C4620083 M3","posttmt",0.509120652790834,"7 posttmt","1 posttmt"
"31687","M3","C4620083","1","8","C4620083 M3","posttmt",0.508355597887163,"8 posttmt","1 posttmt"
"31688","M3","C4620083","1","9","C4620083 M3","posttmt",0.507312309748133,"9 posttmt","1 posttmt"
"31689","M3","C4620083","1","10","C4620083 M3","posttmt",0.505902274853738,"10 posttmt","1 posttmt"
"31690","M3","C4620083","1","11","C4620083 M3","posttmt",0.505736509106708,"11 posttmt","1 posttmt"
"31691","M3","C4620083","1","12","C4620083 M3","posttmt",0.504931674667582,"12 posttmt","1 posttmt"
"31692","M3","C4620083","1","13","C4620083 M3","posttmt",0.504479978762559,"13 posttmt","1 posttmt"
"31693","M3","C4620083","1","14","C4620083 M3","posttmt",0.500516812809905,"14 posttmt","1 posttmt"
"31694","M3","C4620083","1","15","C4620083 M3","posttmt",0.499754187147311,"15 posttmt","1 posttmt"
"31695","M3","C4620083","1","16","C4620083 M3","posttmt",0.499651024772183,"16 posttmt","1 posttmt"
"31696","M3","C4620083","1","17","C4620083 M3","posttmt",0.499329786206578,"17 posttmt","1 posttmt"
"31697","M3","C4620083","1","18","C4620083 M3","posttmt",0.498709089972957,"18 posttmt","1 posttmt"
"31698","M3","C4620083","1","19","C4620083 M3","posttmt",0.498379614883808,"19 posttmt","1 posttmt"
"31699","M3","C4620083","1","20","C4620083 M3","posttmt",0.49493645841976,"20 posttmt","1 posttmt"
"31700","M3","C4620083","1","21","C4620083 M3","posttmt",0.494383282281213,"21 posttmt","1 posttmt"
"31701","M3","C4620083","1","22","C4620083 M3","posttmt",0.49412230063651,"22 posttmt","1 posttmt"
"31702","M3","C4620083","1","23","C4620083 M3","posttmt",0.493272479140138,"23 posttmt","1 posttmt"
"31703","M3","C4620083","1","24","C4620083 M3","posttmt",0.492439792886682,"24 posttmt","1 posttmt"
"31704","M3","C4620083","1","25","C4620083 M3","posttmt",0.492143683100736,"25 posttmt","1 posttmt"
"31705","M3","C4620083","1","26","C4620083 M3","posttmt",0.491071691022525,"26 posttmt","1 posttmt"
"31706","M3","C4620083","1","27","C4620083 M3","posttmt",0.489955598383435,"27 posttmt","1 posttmt"
"31707","M3","C4620083","1","28","C4620083 M3","posttmt",0.489574719064991,"28 posttmt","1 posttmt"
"31708","M3","C4620083","1","29","C4620083 M3","posttmt",0.489321379789449,"29 posttmt","1 posttmt"
"31709","M3","C4620083","1","30","C4620083 M3","posttmt",0.487948560657763,"30 posttmt","1 posttmt"
"31710","M3","C4620083","1","31","C4620083 M3","posttmt",0.487271738748139,"31 posttmt","1 posttmt"
"31711","M3","C4620083","1","32","C4620083 M3","posttmt",0.486360771917193,"32 posttmt","1 posttmt"
"31712","M3","C4620083","1","33","C4620083 M3","posttmt",0.485974711425332,"33 posttmt","1 posttmt"
"31713","M3","C4620083","1","34","C4620083 M3","posttmt",0.485083425751277,"34 posttmt","1 posttmt"
"31714","M3","C4620083","1","35","C4620083 M3","posttmt",0.484358693523186,"35 posttmt","1 posttmt"
"31715","M3","C4620083","1","36","C4620083 M3","posttmt",0.483134950205103,"36 posttmt","1 posttmt"
"31716","M3","C4620083","1","37","C4620083 M3","posttmt",0.483000187479781,"37 posttmt","1 posttmt"
"31717","M3","C4620083","1","38","C4620083 M3","posttmt",0.481728373172909,"38 posttmt","1 posttmt"
"31718","M3","C4620083","1","39","C4620083 M3","posttmt",0.481033907930453,"39 posttmt","1 posttmt"
"31719","M3","C4620083","1","40","C4620083 M3","posttmt",0.481008801230969,"40 posttmt","1 posttmt"
"31720","M3","C4620083","1","41","C4620083 M3","posttmt",0.479739170890079,"41 posttmt","1 posttmt"
"31721","M3","C4620083","1","42","C4620083 M3","posttmt",0.479687701138762,"42 posttmt","1 posttmt"
"31722","M3","C4620083","1","43","C4620083 M3","posttmt",0.479122828368995,"43 posttmt","1 posttmt"
"31723","M3","C4620083","1","44","C4620083 M3","posttmt",0.477975137869955,"44 posttmt","1 posttmt"
"31724","M3","C4620083","1","45","C4620083 M3","posttmt",0.477427603328521,"45 posttmt","1 posttmt"
"31725","M3","C4620083","1","46","C4620083 M3","posttmt",0.4740211297073,"46 posttmt","1 posttmt"
"31726","M3","C4620083","1","47","C4620083 M3","posttmt",0.474007298394218,"47 posttmt","1 posttmt"
"31727","M3","C4620083","1","48","C4620083 M3","posttmt",0.472185335795532,"48 posttmt","1 posttmt"
"31728","M3","C4620083","1","49","C4620083 M3","posttmt",0.47154005223236,"49 posttmt","1 posttmt"
"31729","M3","C4620083","1","50","C4620083 M3","posttmt",0.470129446716399,"50 posttmt","1 posttmt"
"31730","M3","C4620083","1","51","C4620083 M3","posttmt",0.469154325560309,"51 posttmt","1 posttmt"
"31731","M3","C4620083","1","52","C4620083 M3","posttmt",0.468425094832398,"52 posttmt","1 posttmt"
"31732","M3","C4620083","1","53","C4620083 M3","posttmt",0.467773815455031,"53 posttmt","1 posttmt"
"31733","M3","C4620083","1","54","C4620083 M3","posttmt",0.466176522268417,"54 posttmt","1 posttmt"
"31734","M3","C4620083","1","55","C4620083 M3","posttmt",0.465195697131497,"55 posttmt","1 posttmt"
"31735","M3","C4620083","1","56","C4620083 M3","posttmt",0.465157284840072,"56 posttmt","1 posttmt"
"31736","M3","C4620083","1","57","C4620083 M3","posttmt",0.463792489356096,"57 posttmt","1 posttmt"
"31737","M3","C4620083","1","58","C4620083 M3","posttmt",0.461095193522726,"58 posttmt","1 posttmt"
"31738","M3","C4620083","1","59","C4620083 M3","posttmt",0.459638641407958,"59 posttmt","1 posttmt"
"31739","M3","C4620083","1","60","C4620083 M3","posttmt",0.458571360220762,"60 posttmt","1 posttmt"
"31740","M3","C4620083","1","61","C4620083 M3","posttmt",0.455749877295787,"61 posttmt","1 posttmt"
"31741","M3","C4620083","1","62","C4620083 M3","posttmt",0.455196938126701,"62 posttmt","1 posttmt"
"31742","M3","C4620083","1","63","C4620083 M3","posttmt",0.454445386087287,"63 posttmt","1 posttmt"
"31743","M3","C4620083","1","64","C4620083 M3","posttmt",0.454013952887677,"64 posttmt","1 posttmt"
"31744","M3","C4620083","1","65","C4620083 M3","posttmt",0.453809716929261,"65 posttmt","1 posttmt"
"31745","M3","C4620083","1","66","C4620083 M3","posttmt",0.452122998408187,"66 posttmt","1 posttmt"
"31746","M3","C4620083","1","67","C4620083 M3","posttmt",0.449536944133813,"67 posttmt","1 posttmt"
"31747","M3","C4620083","1","68","C4620083 M3","posttmt",0.449472797129735,"68 posttmt","1 posttmt"
"31748","M3","C4620083","1","69","C4620083 M3","posttmt",0.446917025708807,"69 posttmt","1 posttmt"
"31749","M3","C4620083","1","70","C4620083 M3","posttmt",0.446479212031058,"70 posttmt","1 posttmt"
"31750","M3","C4620083","1","71","C4620083 M3","posttmt",0.446401195843192,"71 posttmt","1 posttmt"
"31751","M3","C4620083","1","72","C4620083 M3","posttmt",0.446132495058089,"72 posttmt","1 posttmt"
"31752","M3","C4620083","1","73","C4620083 M3","posttmt",0.444843951378637,"73 posttmt","1 posttmt"
"31753","M3","C4620083","1","74","C4620083 M3","posttmt",0.44366930840854,"74 posttmt","1 posttmt"
"31754","M3","C4620083","1","75","C4620083 M3","posttmt",0.441215915419018,"75 posttmt","1 posttmt"
"31755","M3","C4620083","1","76","C4620083 M3","posttmt",0.440979777000976,"76 posttmt","1 posttmt"
"31756","M3","C4620083","1","77","C4620083 M3","posttmt",0.440320994609429,"77 posttmt","1 posttmt"
"31757","M3","C4620083","1","78","C4620083 M3","posttmt",0.439883827128782,"78 posttmt","1 posttmt"
"31758","M3","C4620083","1","79","C4620083 M3","posttmt",0.438129686277406,"79 posttmt","1 posttmt"
"31759","M3","C4620083","1","80","C4620083 M3","posttmt",0.434616767043545,"80 posttmt","1 posttmt"
"31760","M3","C4620083","1","81","C4620083 M3","posttmt",0.432352108931232,"81 posttmt","1 posttmt"
"31761","M3","C4620083","1","82","C4620083 M3","posttmt",0.432321504097512,"82 posttmt","1 posttmt"
"31762","M3","C4620083","1","83","C4620083 M3","posttmt",0.431653065946394,"83 posttmt","1 posttmt"
"31763","M3","C4620083","1","84","C4620083 M3","posttmt",0.431563385684993,"84 posttmt","1 posttmt"
"31764","M3","C4620083","1","85","C4620083 M3","posttmt",0.431290397479028,"85 posttmt","1 posttmt"
"31765","M3","C4620083","1","86","C4620083 M3","posttmt",0.427488732811612,"86 posttmt","1 posttmt"
"31766","M3","C4620083","1","87","C4620083 M3","posttmt",0.424954510016285,"87 posttmt","1 posttmt"
"31767","M3","C4620083","1","88","C4620083 M3","posttmt",0.422013290205141,"88 posttmt","1 posttmt"
"31768","M3","C4620083","1","89","C4620083 M3","posttmt",0.420377472149656,"89 posttmt","1 posttmt"
"31769","M3","C4620083","1","90","C4620083 M3","posttmt",0.418876073423506,"90 posttmt","1 posttmt"
"31770","M3","C4620083","1","91","C4620083 M3","posttmt",0.41881811892175,"91 posttmt","1 posttmt"
"31771","M3","C4620083","1","92","C4620083 M3","posttmt",0.415506507429183,"92 posttmt","1 posttmt"
"31772","M3","C4620083","1","93","C4620083 M3","posttmt",0.414014465688722,"93 posttmt","1 posttmt"
"31773","M3","C4620083","1","94","C4620083 M3","posttmt",0.412519873987857,"94 posttmt","1 posttmt"
"31774","M3","C4620083","1","95","C4620083 M3","posttmt",0.411871717849512,"95 posttmt","1 posttmt"
"31775","M3","C4620083","1","96","C4620083 M3","posttmt",0.411636257528198,"96 posttmt","1 posttmt"
"31776","M3","C4620083","1","97","C4620083 M3","posttmt",0.410377221673138,"97 posttmt","1 posttmt"
"31777","M3","C4620083","1","98","C4620083 M3","posttmt",0.407470404252932,"98 posttmt","1 posttmt"
"31778","M3","C4620083","1","99","C4620083 M3","posttmt",0.406584006459918,"99 posttmt","1 posttmt"
"31779","M3","C4620083","1","100","C4620083 M3","posttmt",0.402811393802876,"100 posttmt","1 posttmt"
"31780","M3","C4620083","1","101","C4620083 M3","posttmt",0.402566985571254,"101 posttmt","1 posttmt"
"31781","M3","C4620083","1","102","C4620083 M3","posttmt",0.401233909884999,"102 posttmt","1 posttmt"
"31782","M3","C4620083","1","103","C4620083 M3","posttmt",0.401178025683409,"103 posttmt","1 posttmt"
"31783","M3","C4620083","1","104","C4620083 M3","posttmt",0.400838385811979,"104 posttmt","1 posttmt"
"31784","M3","C4620083","1","105","C4620083 M3","posttmt",0.398920608259864,"105 posttmt","1 posttmt"
"31785","M3","C4620083","1","106","C4620083 M3","posttmt",0.398855873584485,"106 posttmt","1 posttmt"
"31786","M3","C4620083","1","107","C4620083 M3","posttmt",0.398372202334586,"107 posttmt","1 posttmt"
"31787","M3","C4620083","1","108","C4620083 M3","posttmt",0.398264097661429,"108 posttmt","1 posttmt"
"31788","M3","C4620083","1","109","C4620083 M3","posttmt",0.395285237822247,"109 posttmt","1 posttmt"
"31789","M3","C4620083","1","110","C4620083 M3","posttmt",0.385022768472992,"110 posttmt","1 posttmt"
"31790","M3","C4620083","1","111","C4620083 M3","posttmt",0.384422661312158,"111 posttmt","1 posttmt"
"31791","M3","C4620083","1","112","C4620083 M3","posttmt",0.381321311001044,"112 posttmt","1 posttmt"
"31792","M3","C4620083","1","113","C4620083 M3","posttmt",0.377025842143872,"113 posttmt","1 posttmt"
"31793","M3","C4620083","1","114","C4620083 M3","posttmt",0.376994946790414,"114 posttmt","1 posttmt"
"31794","M3","C4620083","1","115","C4620083 M3","posttmt",0.375918024842348,"115 posttmt","1 posttmt"
"31795","M3","C4620083","1","116","C4620083 M3","posttmt",0.373556474538076,"116 posttmt","1 posttmt"
"31796","M3","C4620083","1","117","C4620083 M3","posttmt",0.372804405486156,"117 posttmt","1 posttmt"
"31797","M3","C4620083","1","118","C4620083 M3","posttmt",0.371904341610811,"118 posttmt","1 posttmt"
"31798","M3","C4620083","1","119","C4620083 M3","posttmt",0.371594851719382,"119 posttmt","1 posttmt"
"31799","M3","C4620083","1","120","C4620083 M3","posttmt",0.371444913165683,"120 posttmt","1 posttmt"
"31800","M3","C4620083","1","121","C4620083 M3","posttmt",0.36853202766863,"121 posttmt","1 posttmt"
"31801","M3","C4620083","1","122","C4620083 M3","posttmt",0.367910462248395,"122 posttmt","1 posttmt"
"31802","M3","C4620083","1","123","C4620083 M3","posttmt",0.366978188622116,"123 posttmt","1 posttmt"
"31803","M3","C4620083","1","124","C4620083 M3","posttmt",0.366744102678738,"124 posttmt","1 posttmt"
"31804","M3","C4620083","1","125","C4620083 M3","posttmt",0.364754029621252,"125 posttmt","1 posttmt"
"31805","M3","C4620083","1","126","C4620083 M3","posttmt",0.362631350330623,"126 posttmt","1 posttmt"
"31806","M3","C4620083","1","127","C4620083 M3","posttmt",0.361369347147888,"127 posttmt","1 posttmt"
"31807","M3","C4620083","1","128","C4620083 M3","posttmt",0.360168188238927,"128 posttmt","1 posttmt"
"31808","M3","C4620083","1","129","C4620083 M3","posttmt",0.360091501411246,"129 posttmt","1 posttmt"
"31809","M3","C4620083","1","130","C4620083 M3","posttmt",0.359737159904002,"130 posttmt","1 posttmt"
"31810","M3","C4620083","1","131","C4620083 M3","posttmt",0.359202204997291,"131 posttmt","1 posttmt"
"31811","M3","C4620083","1","132","C4620083 M3","posttmt",0.358605995890776,"132 posttmt","1 posttmt"
"31812","M3","C4620083","1","133","C4620083 M3","posttmt",0.357565614899922,"133 posttmt","1 posttmt"
"31813","M3","C4620083","1","134","C4620083 M3","posttmt",0.356284961887024,"134 posttmt","1 posttmt"
"31814","M3","C4620083","1","135","C4620083 M3","posttmt",0.356085356187425,"135 posttmt","1 posttmt"
"31815","M3","C4620083","1","136","C4620083 M3","posttmt",0.35532593668115,"136 posttmt","1 posttmt"
"31816","M3","C4620083","1","137","C4620083 M3","posttmt",0.35285427056734,"137 posttmt","1 posttmt"
"31817","M3","C4620083","1","138","C4620083 M3","posttmt",0.351530342946465,"138 posttmt","1 posttmt"
"31818","M3","C4620083","1","139","C4620083 M3","posttmt",0.351163859665099,"139 posttmt","1 posttmt"
"31819","M3","C4620083","1","140","C4620083 M3","posttmt",0.351157108527733,"140 posttmt","1 posttmt"
"31820","M3","C4620083","1","141","C4620083 M3","posttmt",0.347019117531801,"141 posttmt","1 posttmt"
"31821","M3","C4620083","1","142","C4620083 M3","posttmt",0.34636196943272,"142 posttmt","1 posttmt"
"31822","M3","C4620083","1","143","C4620083 M3","posttmt",0.34517623389927,"143 posttmt","1 posttmt"
"31823","M3","C4620083","1","144","C4620083 M3","posttmt",0.343670569086457,"144 posttmt","1 posttmt"
"31824","M3","C4620083","1","145","C4620083 M3","posttmt",0.342349660653625,"145 posttmt","1 posttmt"
"31825","M3","C4620083","1","146","C4620083 M3","posttmt",0.341931023682139,"146 posttmt","1 posttmt"
"31826","M3","C4620083","1","147","C4620083 M3","posttmt",0.34169925456032,"147 posttmt","1 posttmt"
"31827","M3","C4620083","1","148","C4620083 M3","posttmt",0.338250961079389,"148 posttmt","1 posttmt"
"31828","M3","C4620083","1","149","C4620083 M3","posttmt",0.338102826816671,"149 posttmt","1 posttmt"
"31829","M3","C4620083","1","150","C4620083 M3","posttmt",0.336688861065712,"150 posttmt","1 posttmt"
"31830","M3","C4620083","1","151","C4620083 M3","posttmt",0.335624035726058,"151 posttmt","1 posttmt"
"31831","M3","C4620083","1","152","C4620083 M3","posttmt",0.332313416063272,"152 posttmt","1 posttmt"
"31832","M3","C4620083","1","153","C4620083 M3","posttmt",0.330776214025891,"153 posttmt","1 posttmt"
"31833","M3","C4620083","1","154","C4620083 M3","posttmt",0.327172219445694,"154 posttmt","1 posttmt"
"31834","M3","C4620083","1","155","C4620083 M3","posttmt",0.325318978834691,"155 posttmt","1 posttmt"
"31835","M3","C4620083","1","156","C4620083 M3","posttmt",0.325123954500849,"156 posttmt","1 posttmt"
"31836","M3","C4620083","1","157","C4620083 M3","posttmt",0.322255163338728,"157 posttmt","1 posttmt"
"31837","M3","C4620083","1","158","C4620083 M3","posttmt",0.321906308491448,"158 posttmt","1 posttmt"
"31838","M3","C4620083","1","159","C4620083 M3","posttmt",0.321317162317149,"159 posttmt","1 posttmt"
"31839","M3","C4620083","1","160","C4620083 M3","posttmt",0.319663239568725,"160 posttmt","1 posttmt"
"31840","M3","C4620083","1","161","C4620083 M3","posttmt",0.319228196346452,"161 posttmt","1 posttmt"
"31841","M3","C4620083","1","162","C4620083 M3","posttmt",0.318532735301503,"162 posttmt","1 posttmt"
"31842","M3","C4620083","1","163","C4620083 M3","posttmt",0.316247633816584,"163 posttmt","1 posttmt"
"31843","M3","C4620083","1","164","C4620083 M3","posttmt",0.315168635551668,"164 posttmt","1 posttmt"
"31844","M3","C4620083","1","165","C4620083 M3","posttmt",0.314795581236658,"165 posttmt","1 posttmt"
"31845","M3","C4620083","1","166","C4620083 M3","posttmt",0.305309338182746,"166 posttmt","1 posttmt"
"31846","M3","C4620083","1","167","C4620083 M3","posttmt",0.302549615236688,"167 posttmt","1 posttmt"
"31847","M3","C4620083","1","168","C4620083 M3","posttmt",0.298411958627991,"168 posttmt","1 posttmt"
"31848","M3","C4620083","1","169","C4620083 M3","posttmt",0.297842807396101,"169 posttmt","1 posttmt"
"31849","M3","C4620083","1","170","C4620083 M3","posttmt",0.296670925060137,"170 posttmt","1 posttmt"
"31850","M3","C4620083","1","171","C4620083 M3","posttmt",0.294558063673841,"171 posttmt","1 posttmt"
"31851","M3","C4620083","1","172","C4620083 M3","posttmt",0.294487203752526,"172 posttmt","1 posttmt"
"31852","M3","C4620083","1","173","C4620083 M3","posttmt",0.294155613370552,"173 posttmt","1 posttmt"
"31853","M3","C4620083","1","174","C4620083 M3","posttmt",0.293646538991632,"174 posttmt","1 posttmt"
"31854","M3","C4620083","1","175","C4620083 M3","posttmt",0.292460657399045,"175 posttmt","1 posttmt"
"31855","M3","C4620083","1","176","C4620083 M3","posttmt",0.289142370636128,"176 posttmt","1 posttmt"
"31856","M3","C4620083","1","177","C4620083 M3","posttmt",0.288244363880811,"177 posttmt","1 posttmt"
"31857","M3","C4620083","1","178","C4620083 M3","posttmt",0.287702493099617,"178 posttmt","1 posttmt"
"31858","M3","C4620083","1","179","C4620083 M3","posttmt",0.287548399308676,"179 posttmt","1 posttmt"
"31859","M3","C4620083","1","180","C4620083 M3","posttmt",0.285705230608425,"180 posttmt","1 posttmt"
"31860","M3","C4620083","1","181","C4620083 M3","posttmt",0.283257405427965,"181 posttmt","1 posttmt"
"31861","M3","C4620083","1","182","C4620083 M3","posttmt",0.282144614064076,"182 posttmt","1 posttmt"
"31862","M3","C4620083","1","183","C4620083 M3","posttmt",0.281889440914643,"183 posttmt","1 posttmt"
"31863","M3","C4620083","1","184","C4620083 M3","posttmt",0.280300394993593,"184 posttmt","1 posttmt"
"31864","M3","C4620083","1","185","C4620083 M3","posttmt",0.279769355999507,"185 posttmt","1 posttmt"
"31865","M3","C4620083","1","186","C4620083 M3","posttmt",0.275811032212182,"186 posttmt","1 posttmt"
"31866","M3","C4620083","1","187","C4620083 M3","posttmt",0.275109280402959,"187 posttmt","1 posttmt"
"31867","M3","C4620083","1","188","C4620083 M3","posttmt",0.27500231931455,"188 posttmt","1 posttmt"
"31868","M3","C4620083","1","189","C4620083 M3","posttmt",0.273759068117492,"189 posttmt","1 posttmt"
"31869","M3","C4620083","1","190","C4620083 M3","posttmt",0.271544913265763,"190 posttmt","1 posttmt"
"31870","M3","C4620083","1","191","C4620083 M3","posttmt",0.269491918677377,"191 posttmt","1 posttmt"
"31871","M3","C4620083","1","192","C4620083 M3","posttmt",0.268627684022189,"192 posttmt","1 posttmt"
"31872","M3","C4620083","1","193","C4620083 M3","posttmt",0.266025281157533,"193 posttmt","1 posttmt"
"31873","M3","C4620083","1","194","C4620083 M3","posttmt",0.264688170649384,"194 posttmt","1 posttmt"
"31874","M3","C4620083","1","195","C4620083 M3","posttmt",0.264526693878115,"195 posttmt","1 posttmt"
"31875","M3","C4620083","1","196","C4620083 M3","posttmt",0.256933425305117,"196 posttmt","1 posttmt"
"31876","M3","C4620083","1","197","C4620083 M3","posttmt",0.25478400921735,"197 posttmt","1 posttmt"
"31877","M3","C4620083","1","198","C4620083 M3","posttmt",0.254000706702213,"198 posttmt","1 posttmt"
"31878","M3","C4620083","1","199","C4620083 M3","posttmt",0.250702463455465,"199 posttmt","1 posttmt"
"31879","M3","C4620083","1","200","C4620083 M3","posttmt",0.249930496298107,"200 posttmt","1 posttmt"
"31880","M3","C4620083","1","201","C4620083 M3","posttmt",0.246807752986599,"201 posttmt","1 posttmt"
"31881","M3","C4620083","1","202","C4620083 M3","posttmt",0.242478862162185,"202 posttmt","1 posttmt"
"31882","M3","C4620083","1","203","C4620083 M3","posttmt",0.240734817168378,"203 posttmt","1 posttmt"
"31883","M3","C4620083","1","204","C4620083 M3","posttmt",0.235989199777633,"204 posttmt","1 posttmt"
"31884","M3","C4620083","1","205","C4620083 M3","posttmt",0.235524631437034,"205 posttmt","1 posttmt"
"31885","M3","C4620083","1","206","C4620083 M3","posttmt",0.232301500723879,"206 posttmt","1 posttmt"
"31886","M3","C4620083","1","207","C4620083 M3","posttmt",0.231405031541543,"207 posttmt","1 posttmt"
"31887","M3","C4620083","1","208","C4620083 M3","posttmt",0.227701587260472,"208 posttmt","1 posttmt"
"31888","M3","C4620083","1","209","C4620083 M3","posttmt",0.220223938107589,"209 posttmt","1 posttmt"
"31889","M3","C4620083","1","210","C4620083 M3","posttmt",0.216837569449863,"210 posttmt","1 posttmt"
"31890","M3","C4620083","1","211","C4620083 M3","posttmt",0.208051693885201,"211 posttmt","1 posttmt"
"31891","M3","C4620083","1","212","C4620083 M3","posttmt",0.206031239189923,"212 posttmt","1 posttmt"
"31892","M3","C4620083","1","213","C4620083 M3","posttmt",0.198551617291395,"213 posttmt","1 posttmt"
"31893","M3","C4620083","1","214","C4620083 M3","posttmt",0.19692384445001,"214 posttmt","1 posttmt"
"31894","M3","C4620083","1","215","C4620083 M3","posttmt",0.186153123463551,"215 posttmt","1 posttmt"
"31895","M3","C4620083","1","216","C4620083 M3","posttmt",0.186040821324726,"216 posttmt","1 posttmt"
"31896","M3","C4620083","1","217","C4620083 M3","posttmt",0.183760756082991,"217 posttmt","1 posttmt"
"31897","M3","C4620083","1","218","C4620083 M3","posttmt",0.182379280396351,"218 posttmt","1 posttmt"
"31898","M3","C4620083","1","219","C4620083 M3","posttmt",0.181571754828702,"219 posttmt","1 posttmt"
"31899","M3","C4620083","1","220","C4620083 M3","posttmt",0.165884416198657,"220 posttmt","1 posttmt"
"31900","M3","C4620083","1","221","C4620083 M3","posttmt",0.162394654221749,"221 posttmt","1 posttmt"
"31901","M3","C4620083","1","222","C4620083 M3","posttmt",0.160605113266658,"222 posttmt","1 posttmt"
"31902","M3","C4620083","1","223","C4620083 M3","posttmt",0.159760825843896,"223 posttmt","1 posttmt"
"31903","M3","C4620083","1","224","C4620083 M3","posttmt",0.157208830157372,"224 posttmt","1 posttmt"
"31904","M3","C4620083","1","225","C4620083 M3","posttmt",0.154655995553378,"225 posttmt","1 posttmt"
"31905","M3","C4620083","1","226","C4620083 M3","posttmt",0.150881411191737,"226 posttmt","1 posttmt"
"31906","M3","C4620083","1","227","C4620083 M3","posttmt",0.15022238742931,"227 posttmt","1 posttmt"
"31907","M3","C4620083","1","228","C4620083 M3","posttmt",0.145512111165409,"228 posttmt","1 posttmt"
"31908","M3","C4620083","1","229","C4620083 M3","posttmt",0.134926790829689,"229 posttmt","1 posttmt"
"31909","M3","C4620083","1","230","C4620083 M3","posttmt",0.126028797371259,"230 posttmt","1 posttmt"
"31910","M3","C4620083","1","231","C4620083 M3","posttmt",0.123821171069384,"231 posttmt","1 posttmt"
"31911","M3","C4620083","1","232","C4620083 M3","posttmt",0.112021435543843,"232 posttmt","1 posttmt"
"31912","M3","C4620083","1","233","C4620083 M3","posttmt",0.104794401149858,"233 posttmt","1 posttmt"
"31913","M3","C4620083","1","234","C4620083 M3","posttmt",0.0972621237544122,"234 posttmt","1 posttmt"
"31914","M3","C4620083","1","235","C4620083 M3","posttmt",0.037636476472085,"235 posttmt","1 posttmt"
"31915","M3","C4620083","1","236","C4620083 M3","posttmt",-0.0392015130802644,"236 posttmt","1 posttmt"
"31916","M3","C4620083","1","237","C4620083 M3","posttmt",-0.229880215563877,"237 posttmt","1 posttmt"
"31917","M4","C4620083","1","0","C4620083 M4","posttmt",0.0846788048534229,"0 posttmt","1 posttmt"
"31918","M4","C4620083","1","1","C4620083 M4","posttmt",0.084024398758515,"1 posttmt","1 posttmt"
"31919","M4","C4620083","1","2","C4620083 M4","posttmt",0.0817283698032867,"2 posttmt","1 posttmt"
"31920","M4","C4620083","1","3","C4620083 M4","posttmt",0.0812670911049629,"3 posttmt","1 posttmt"
"31921","M4","C4620083","1","4","C4620083 M4","posttmt",0.0779762306840608,"4 posttmt","1 posttmt"
"31922","M4","C4620083","1","5","C4620083 M4","posttmt",0.0774345242223939,"5 posttmt","1 posttmt"
"31923","M4","C4620083","1","6","C4620083 M4","posttmt",0.0760865778230432,"6 posttmt","1 posttmt"
"31924","M4","C4620083","1","7","C4620083 M4","posttmt",0.075671148884936,"7 posttmt","1 posttmt"
"31925","M4","C4620083","1","8","C4620083 M4","posttmt",0.0735354636368645,"8 posttmt","1 posttmt"
"31926","M4","C4620083","1","9","C4620083 M4","posttmt",0.0730174500175935,"9 posttmt","1 posttmt"
"31927","M4","C4620083","1","10","C4620083 M4","posttmt",0.0727884446731322,"10 posttmt","1 posttmt"
"31928","M4","C4620083","1","11","C4620083 M4","posttmt",0.0726738393249666,"11 posttmt","1 posttmt"
"31929","M4","C4620083","1","12","C4620083 M4","posttmt",0.0712442934737572,"12 posttmt","1 posttmt"
"31930","M4","C4620083","1","13","C4620083 M4","posttmt",0.0708696891124256,"13 posttmt","1 posttmt"
"31931","M4","C4620083","1","14","C4620083 M4","posttmt",0.0697579238269923,"14 posttmt","1 posttmt"
"31932","M4","C4620083","1","15","C4620083 M4","posttmt",0.069684290265425,"15 posttmt","1 posttmt"
"31933","M4","C4620083","1","16","C4620083 M4","posttmt",0.0683143831611127,"16 posttmt","1 posttmt"
"31934","M4","C4620083","1","17","C4620083 M4","posttmt",0.0675102243900141,"17 posttmt","1 posttmt"
"31935","M4","C4620083","1","18","C4620083 M4","posttmt",0.0669600364883909,"18 posttmt","1 posttmt"
"31936","M4","C4620083","1","19","C4620083 M4","posttmt",0.0668017041230321,"19 posttmt","1 posttmt"
"31937","M4","C4620083","1","20","C4620083 M4","posttmt",0.0667617147533257,"20 posttmt","1 posttmt"
"31938","M4","C4620083","1","21","C4620083 M4","posttmt",0.0655030226372544,"21 posttmt","1 posttmt"
"31939","M4","C4620083","1","22","C4620083 M4","posttmt",0.0654836121066585,"22 posttmt","1 posttmt"
"31940","M4","C4620083","1","23","C4620083 M4","posttmt",0.0653504104786062,"23 posttmt","1 posttmt"
"31941","M4","C4620083","1","24","C4620083 M4","posttmt",0.0652476968249324,"24 posttmt","1 posttmt"
"31942","M4","C4620083","1","25","C4620083 M4","posttmt",0.0646397483637923,"25 posttmt","1 posttmt"
"31943","M4","C4620083","1","26","C4620083 M4","posttmt",0.0646029054131134,"26 posttmt","1 posttmt"
"31944","M4","C4620083","1","27","C4620083 M4","posttmt",0.0645605042381576,"27 posttmt","1 posttmt"
"31945","M4","C4620083","1","28","C4620083 M4","posttmt",0.0643667104386823,"28 posttmt","1 posttmt"
"31946","M4","C4620083","1","29","C4620083 M4","posttmt",0.0642399194691727,"29 posttmt","1 posttmt"
"31947","M4","C4620083","1","30","C4620083 M4","posttmt",0.0637474317584616,"30 posttmt","1 posttmt"
"31948","M4","C4620083","1","31","C4620083 M4","posttmt",0.0616559013094821,"31 posttmt","1 posttmt"
"31949","M4","C4620083","1","32","C4620083 M4","posttmt",0.0610021767617947,"32 posttmt","1 posttmt"
"31950","M4","C4620083","1","33","C4620083 M4","posttmt",0.0607641140452607,"33 posttmt","1 posttmt"
"31951","M4","C4620083","1","34","C4620083 M4","posttmt",0.0607149926287221,"34 posttmt","1 posttmt"
"31952","M4","C4620083","1","35","C4620083 M4","posttmt",0.0597322994932181,"35 posttmt","1 posttmt"
"31953","M4","C4620083","1","36","C4620083 M4","posttmt",0.059698379305498,"36 posttmt","1 posttmt"
"31954","M4","C4620083","1","37","C4620083 M4","posttmt",0.0595972517883226,"37 posttmt","1 posttmt"
"31955","M4","C4620083","1","38","C4620083 M4","posttmt",0.0595760858258963,"38 posttmt","1 posttmt"
"31956","M4","C4620083","1","39","C4620083 M4","posttmt",0.0595077431329267,"39 posttmt","1 posttmt"
"31957","M4","C4620083","1","40","C4620083 M4","posttmt",0.0590084203936961,"40 posttmt","1 posttmt"
"31958","M4","C4620083","1","41","C4620083 M4","posttmt",0.0589085777555326,"41 posttmt","1 posttmt"
"31959","M4","C4620083","1","42","C4620083 M4","posttmt",0.0585500838026175,"42 posttmt","1 posttmt"
"31960","M4","C4620083","1","43","C4620083 M4","posttmt",0.0583424210717753,"43 posttmt","1 posttmt"
"31961","M4","C4620083","1","44","C4620083 M4","posttmt",0.058264892319363,"44 posttmt","1 posttmt"
"31962","M4","C4620083","1","45","C4620083 M4","posttmt",0.0579623952777906,"45 posttmt","1 posttmt"
"31963","M4","C4620083","1","46","C4620083 M4","posttmt",0.057687834732157,"46 posttmt","1 posttmt"
"31964","M4","C4620083","1","47","C4620083 M4","posttmt",0.0576014679123033,"47 posttmt","1 posttmt"
"31965","M4","C4620083","1","48","C4620083 M4","posttmt",0.0574105615430642,"48 posttmt","1 posttmt"
"31966","M4","C4620083","1","49","C4620083 M4","posttmt",0.0572978229161371,"49 posttmt","1 posttmt"
"31967","M4","C4620083","1","50","C4620083 M4","posttmt",0.0570692981927536,"50 posttmt","1 posttmt"
"31968","M4","C4620083","1","51","C4620083 M4","posttmt",0.0569543088515374,"51 posttmt","1 posttmt"
"31969","M4","C4620083","1","52","C4620083 M4","posttmt",0.0569160648080655,"52 posttmt","1 posttmt"
"31970","M4","C4620083","1","53","C4620083 M4","posttmt",0.0565918045049739,"53 posttmt","1 posttmt"
"31971","M4","C4620083","1","54","C4620083 M4","posttmt",0.0565812628134084,"54 posttmt","1 posttmt"
"31972","M4","C4620083","1","55","C4620083 M4","posttmt",0.0565697434454712,"55 posttmt","1 posttmt"
"31973","M4","C4620083","1","56","C4620083 M4","posttmt",0.0564915000972509,"56 posttmt","1 posttmt"
"31974","M4","C4620083","1","57","C4620083 M4","posttmt",0.0563178649566837,"57 posttmt","1 posttmt"
"31975","M4","C4620083","1","58","C4620083 M4","posttmt",0.0560771347340153,"58 posttmt","1 posttmt"
"31976","M4","C4620083","1","59","C4620083 M4","posttmt",0.0558125804270511,"59 posttmt","1 posttmt"
"31977","M4","C4620083","1","60","C4620083 M4","posttmt",0.0555038816249931,"60 posttmt","1 posttmt"
"31978","M4","C4620083","1","61","C4620083 M4","posttmt",0.0554852322008112,"61 posttmt","1 posttmt"
"31979","M4","C4620083","1","62","C4620083 M4","posttmt",0.0553195145237396,"62 posttmt","1 posttmt"
"31980","M4","C4620083","1","63","C4620083 M4","posttmt",0.0550125539538723,"63 posttmt","1 posttmt"
"31981","M4","C4620083","1","64","C4620083 M4","posttmt",0.0543782651975586,"64 posttmt","1 posttmt"
"31982","M4","C4620083","1","65","C4620083 M4","posttmt",0.0542874173146732,"65 posttmt","1 posttmt"
"31983","M4","C4620083","1","66","C4620083 M4","posttmt",0.0536806319666748,"66 posttmt","1 posttmt"
"31984","M4","C4620083","1","67","C4620083 M4","posttmt",0.0533882167839117,"67 posttmt","1 posttmt"
"31985","M4","C4620083","1","68","C4620083 M4","posttmt",0.0533768322036524,"68 posttmt","1 posttmt"
"31986","M4","C4620083","1","69","C4620083 M4","posttmt",0.0531686613184419,"69 posttmt","1 posttmt"
"31987","M4","C4620083","1","70","C4620083 M4","posttmt",0.0531183151591941,"70 posttmt","1 posttmt"
"31988","M4","C4620083","1","71","C4620083 M4","posttmt",0.0530004785516972,"71 posttmt","1 posttmt"
"31989","M4","C4620083","1","72","C4620083 M4","posttmt",0.0529063464674348,"72 posttmt","1 posttmt"
"31990","M4","C4620083","1","73","C4620083 M4","posttmt",0.0527927783005581,"73 posttmt","1 posttmt"
"31991","M4","C4620083","1","74","C4620083 M4","posttmt",0.0526840604193263,"74 posttmt","1 posttmt"
"31992","M4","C4620083","1","75","C4620083 M4","posttmt",0.0525746035071958,"75 posttmt","1 posttmt"
"31993","M4","C4620083","1","76","C4620083 M4","posttmt",0.0525459978574953,"76 posttmt","1 posttmt"
"31994","M4","C4620083","1","77","C4620083 M4","posttmt",0.0522325691288846,"77 posttmt","1 posttmt"
"31995","M4","C4620083","1","78","C4620083 M4","posttmt",0.0521221375606172,"78 posttmt","1 posttmt"
"31996","M4","C4620083","1","79","C4620083 M4","posttmt",0.0515784521860828,"79 posttmt","1 posttmt"
"31997","M4","C4620083","1","80","C4620083 M4","posttmt",0.0508096040239841,"80 posttmt","1 posttmt"
"31998","M4","C4620083","1","81","C4620083 M4","posttmt",0.050749935459809,"81 posttmt","1 posttmt"
"31999","M4","C4620083","1","82","C4620083 M4","posttmt",0.0506465138474734,"82 posttmt","1 posttmt"
"32000","M4","C4620083","1","83","C4620083 M4","posttmt",0.0505483297818444,"83 posttmt","1 posttmt"
"32001","M4","C4620083","1","84","C4620083 M4","posttmt",0.0504573388669329,"84 posttmt","1 posttmt"
"32002","M4","C4620083","1","85","C4620083 M4","posttmt",0.0502060850834133,"85 posttmt","1 posttmt"
"32003","M4","C4620083","1","86","C4620083 M4","posttmt",0.0501806548276273,"86 posttmt","1 posttmt"
"32004","M4","C4620083","1","87","C4620083 M4","posttmt",0.0494494338308251,"87 posttmt","1 posttmt"
"32005","M4","C4620083","1","88","C4620083 M4","posttmt",0.0492898881755267,"88 posttmt","1 posttmt"
"32006","M4","C4620083","1","89","C4620083 M4","posttmt",0.0491959691696938,"89 posttmt","1 posttmt"
"32007","M4","C4620083","1","90","C4620083 M4","posttmt",0.0491773582009695,"90 posttmt","1 posttmt"
"32008","M4","C4620083","1","91","C4620083 M4","posttmt",0.0488774129642353,"91 posttmt","1 posttmt"
"32009","M4","C4620083","1","92","C4620083 M4","posttmt",0.0488233444147569,"92 posttmt","1 posttmt"
"32010","M4","C4620083","1","93","C4620083 M4","posttmt",0.0487257940999591,"93 posttmt","1 posttmt"
"32011","M4","C4620083","1","94","C4620083 M4","posttmt",0.0485746724719763,"94 posttmt","1 posttmt"
"32012","M4","C4620083","1","95","C4620083 M4","posttmt",0.0479877131618171,"95 posttmt","1 posttmt"
"32013","M4","C4620083","1","96","C4620083 M4","posttmt",0.0479656074931088,"96 posttmt","1 posttmt"
"32014","M4","C4620083","1","97","C4620083 M4","posttmt",0.0477735523857358,"97 posttmt","1 posttmt"
"32015","M4","C4620083","1","98","C4620083 M4","posttmt",0.0475600258233821,"98 posttmt","1 posttmt"
"32016","M4","C4620083","1","99","C4620083 M4","posttmt",0.0475397178560241,"99 posttmt","1 posttmt"
"32017","M4","C4620083","1","100","C4620083 M4","posttmt",0.0474419388175177,"100 posttmt","1 posttmt"
"32018","M4","C4620083","1","101","C4620083 M4","posttmt",0.0474347833102228,"101 posttmt","1 posttmt"
"32019","M4","C4620083","1","102","C4620083 M4","posttmt",0.0473900555174391,"102 posttmt","1 posttmt"
"32020","M4","C4620083","1","103","C4620083 M4","posttmt",0.0472880989517231,"103 posttmt","1 posttmt"
"32021","M4","C4620083","1","104","C4620083 M4","posttmt",0.0470342596429089,"104 posttmt","1 posttmt"
"32022","M4","C4620083","1","105","C4620083 M4","posttmt",0.0464465787742893,"105 posttmt","1 posttmt"
"32023","M4","C4620083","1","106","C4620083 M4","posttmt",0.0464457263329214,"106 posttmt","1 posttmt"
"32024","M4","C4620083","1","107","C4620083 M4","posttmt",0.0462971974071648,"107 posttmt","1 posttmt"
"32025","M4","C4620083","1","108","C4620083 M4","posttmt",0.0460417321324312,"108 posttmt","1 posttmt"
"32026","M4","C4620083","1","109","C4620083 M4","posttmt",0.0459796055175395,"109 posttmt","1 posttmt"
"32027","M4","C4620083","1","110","C4620083 M4","posttmt",0.0459482518879364,"110 posttmt","1 posttmt"
"32028","M4","C4620083","1","111","C4620083 M4","posttmt",0.0457188181773133,"111 posttmt","1 posttmt"
"32029","M4","C4620083","1","112","C4620083 M4","posttmt",0.0456504066511591,"112 posttmt","1 posttmt"
"32030","M4","C4620083","1","113","C4620083 M4","posttmt",0.045525759422243,"113 posttmt","1 posttmt"
"32031","M4","C4620083","1","114","C4620083 M4","posttmt",0.0453994606628426,"114 posttmt","1 posttmt"
"32032","M4","C4620083","1","115","C4620083 M4","posttmt",0.0453842942705975,"115 posttmt","1 posttmt"
"32033","M4","C4620083","1","116","C4620083 M4","posttmt",0.0452845290592916,"116 posttmt","1 posttmt"
"32034","M4","C4620083","1","117","C4620083 M4","posttmt",0.0451103289402355,"117 posttmt","1 posttmt"
"32035","M4","C4620083","1","118","C4620083 M4","posttmt",0.0448807602227492,"118 posttmt","1 posttmt"
"32036","M4","C4620083","1","119","C4620083 M4","posttmt",0.0446659817250925,"119 posttmt","1 posttmt"
"32037","M4","C4620083","1","120","C4620083 M4","posttmt",0.0445070370943041,"120 posttmt","1 posttmt"
"32038","M4","C4620083","1","121","C4620083 M4","posttmt",0.0439481276336154,"121 posttmt","1 posttmt"
"32039","M4","C4620083","1","122","C4620083 M4","posttmt",0.0438504139597327,"122 posttmt","1 posttmt"
"32040","M4","C4620083","1","123","C4620083 M4","posttmt",0.0435623901593754,"123 posttmt","1 posttmt"
"32041","M4","C4620083","1","124","C4620083 M4","posttmt",0.0434089383348127,"124 posttmt","1 posttmt"
"32042","M4","C4620083","1","125","C4620083 M4","posttmt",0.0430112042135507,"125 posttmt","1 posttmt"
"32043","M4","C4620083","1","126","C4620083 M4","posttmt",0.0430096776791991,"126 posttmt","1 posttmt"
"32044","M4","C4620083","1","127","C4620083 M4","posttmt",0.0427562214075575,"127 posttmt","1 posttmt"
"32045","M4","C4620083","1","128","C4620083 M4","posttmt",0.0422330161457247,"128 posttmt","1 posttmt"
"32046","M4","C4620083","1","129","C4620083 M4","posttmt",0.0421221945593809,"129 posttmt","1 posttmt"
"32047","M4","C4620083","1","130","C4620083 M4","posttmt",0.041492039976425,"130 posttmt","1 posttmt"
"32048","M4","C4620083","1","131","C4620083 M4","posttmt",0.0413579072622754,"131 posttmt","1 posttmt"
"32049","M4","C4620083","1","132","C4620083 M4","posttmt",0.0412283201182056,"132 posttmt","1 posttmt"
"32050","M4","C4620083","1","133","C4620083 M4","posttmt",0.0410661572738373,"133 posttmt","1 posttmt"
"32051","M4","C4620083","1","134","C4620083 M4","posttmt",0.0406133618230816,"134 posttmt","1 posttmt"
"32052","M4","C4620083","1","135","C4620083 M4","posttmt",0.0406124705785361,"135 posttmt","1 posttmt"
"32053","M4","C4620083","1","136","C4620083 M4","posttmt",0.0405096144940511,"136 posttmt","1 posttmt"
"32054","M4","C4620083","1","137","C4620083 M4","posttmt",0.0403496164310671,"137 posttmt","1 posttmt"
"32055","M4","C4620083","1","138","C4620083 M4","posttmt",0.0401927009099314,"138 posttmt","1 posttmt"
"32056","M4","C4620083","1","139","C4620083 M4","posttmt",0.0400920363881317,"139 posttmt","1 posttmt"
"32057","M4","C4620083","1","140","C4620083 M4","posttmt",0.0400665892524695,"140 posttmt","1 posttmt"
"32058","M4","C4620083","1","141","C4620083 M4","posttmt",0.0398424176704102,"141 posttmt","1 posttmt"
"32059","M4","C4620083","1","142","C4620083 M4","posttmt",0.0397920800523393,"142 posttmt","1 posttmt"
"32060","M4","C4620083","1","143","C4620083 M4","posttmt",0.0394326078608939,"143 posttmt","1 posttmt"
"32061","M4","C4620083","1","144","C4620083 M4","posttmt",0.039282093573908,"144 posttmt","1 posttmt"
"32062","M4","C4620083","1","145","C4620083 M4","posttmt",0.039171972833747,"145 posttmt","1 posttmt"
"32063","M4","C4620083","1","146","C4620083 M4","posttmt",0.0391393368800191,"146 posttmt","1 posttmt"
"32064","M4","C4620083","1","147","C4620083 M4","posttmt",0.0389086479097114,"147 posttmt","1 posttmt"
"32065","M4","C4620083","1","148","C4620083 M4","posttmt",0.0383975382652942,"148 posttmt","1 posttmt"
"32066","M4","C4620083","1","149","C4620083 M4","posttmt",0.0383314538243013,"149 posttmt","1 posttmt"
"32067","M4","C4620083","1","150","C4620083 M4","posttmt",0.0382839705954926,"150 posttmt","1 posttmt"
"32068","M4","C4620083","1","151","C4620083 M4","posttmt",0.0382220510741449,"151 posttmt","1 posttmt"
"32069","M4","C4620083","1","152","C4620083 M4","posttmt",0.0380919332037998,"152 posttmt","1 posttmt"
"32070","M4","C4620083","1","153","C4620083 M4","posttmt",0.0380818245620261,"153 posttmt","1 posttmt"
"32071","M4","C4620083","1","154","C4620083 M4","posttmt",0.0379979389080231,"154 posttmt","1 posttmt"
"32072","M4","C4620083","1","155","C4620083 M4","posttmt",0.0379808948579114,"155 posttmt","1 posttmt"
"32073","M4","C4620083","1","156","C4620083 M4","posttmt",0.0377789322249196,"156 posttmt","1 posttmt"
"32074","M4","C4620083","1","157","C4620083 M4","posttmt",0.0375047209091293,"157 posttmt","1 posttmt"
"32075","M4","C4620083","1","158","C4620083 M4","posttmt",0.0373695509692656,"158 posttmt","1 posttmt"
"32076","M4","C4620083","1","159","C4620083 M4","posttmt",0.0372707930499717,"159 posttmt","1 posttmt"
"32077","M4","C4620083","1","160","C4620083 M4","posttmt",0.0369296860810927,"160 posttmt","1 posttmt"
"32078","M4","C4620083","1","161","C4620083 M4","posttmt",0.0365704991361283,"161 posttmt","1 posttmt"
"32079","M4","C4620083","1","162","C4620083 M4","posttmt",0.036369962801486,"162 posttmt","1 posttmt"
"32080","M4","C4620083","1","163","C4620083 M4","posttmt",0.0363565911113073,"163 posttmt","1 posttmt"
"32081","M4","C4620083","1","164","C4620083 M4","posttmt",0.0363362048109655,"164 posttmt","1 posttmt"
"32082","M4","C4620083","1","165","C4620083 M4","posttmt",0.0360937900168982,"165 posttmt","1 posttmt"
"32083","M4","C4620083","1","166","C4620083 M4","posttmt",0.0358616900165792,"166 posttmt","1 posttmt"
"32084","M4","C4620083","1","167","C4620083 M4","posttmt",0.0357211213860078,"167 posttmt","1 posttmt"
"32085","M4","C4620083","1","168","C4620083 M4","posttmt",0.0355461244434321,"168 posttmt","1 posttmt"
"32086","M4","C4620083","1","169","C4620083 M4","posttmt",0.0353526920813019,"169 posttmt","1 posttmt"
"32087","M4","C4620083","1","170","C4620083 M4","posttmt",0.0351559692263633,"170 posttmt","1 posttmt"
"32088","M4","C4620083","1","171","C4620083 M4","posttmt",0.0350848445043015,"171 posttmt","1 posttmt"
"32089","M4","C4620083","1","172","C4620083 M4","posttmt",0.0348132482010215,"172 posttmt","1 posttmt"
"32090","M4","C4620083","1","173","C4620083 M4","posttmt",0.0346125073303106,"173 posttmt","1 posttmt"
"32091","M4","C4620083","1","174","C4620083 M4","posttmt",0.0345129240159621,"174 posttmt","1 posttmt"
"32092","M4","C4620083","1","175","C4620083 M4","posttmt",0.0340531470282883,"175 posttmt","1 posttmt"
"32093","M4","C4620083","1","176","C4620083 M4","posttmt",0.033898006006286,"176 posttmt","1 posttmt"
"32094","M4","C4620083","1","177","C4620083 M4","posttmt",0.0335882749925199,"177 posttmt","1 posttmt"
"32095","M4","C4620083","1","178","C4620083 M4","posttmt",0.0335623117556697,"178 posttmt","1 posttmt"
"32096","M4","C4620083","1","179","C4620083 M4","posttmt",0.0333714926520883,"179 posttmt","1 posttmt"
"32097","M4","C4620083","1","180","C4620083 M4","posttmt",0.0332531656835694,"180 posttmt","1 posttmt"
"32098","M4","C4620083","1","181","C4620083 M4","posttmt",0.0332395239855283,"181 posttmt","1 posttmt"
"32099","M4","C4620083","1","182","C4620083 M4","posttmt",0.0330258769666466,"182 posttmt","1 posttmt"
"32100","M4","C4620083","1","183","C4620083 M4","posttmt",0.0330109920098359,"183 posttmt","1 posttmt"
"32101","M4","C4620083","1","184","C4620083 M4","posttmt",0.0327401055447108,"184 posttmt","1 posttmt"
"32102","M4","C4620083","1","185","C4620083 M4","posttmt",0.0326391667459811,"185 posttmt","1 posttmt"
"32103","M4","C4620083","1","186","C4620083 M4","posttmt",0.0326202166722774,"186 posttmt","1 posttmt"
"32104","M4","C4620083","1","187","C4620083 M4","posttmt",0.032611348700039,"187 posttmt","1 posttmt"
"32105","M4","C4620083","1","188","C4620083 M4","posttmt",0.0325805236969256,"188 posttmt","1 posttmt"
"32106","M4","C4620083","1","189","C4620083 M4","posttmt",0.0323090644289222,"189 posttmt","1 posttmt"
"32107","M4","C4620083","1","190","C4620083 M4","posttmt",0.032114436402431,"190 posttmt","1 posttmt"
"32108","M4","C4620083","1","191","C4620083 M4","posttmt",0.0319546923334004,"191 posttmt","1 posttmt"
"32109","M4","C4620083","1","192","C4620083 M4","posttmt",0.0319162462142103,"192 posttmt","1 posttmt"
"32110","M4","C4620083","1","193","C4620083 M4","posttmt",0.0317184974416199,"193 posttmt","1 posttmt"
"32111","M4","C4620083","1","194","C4620083 M4","posttmt",0.0316489499761703,"194 posttmt","1 posttmt"
"32112","M4","C4620083","1","195","C4620083 M4","posttmt",0.0315686726396823,"195 posttmt","1 posttmt"
"32113","M4","C4620083","1","196","C4620083 M4","posttmt",0.0312863076419456,"196 posttmt","1 posttmt"
"32114","M4","C4620083","1","197","C4620083 M4","posttmt",0.0309681080838755,"197 posttmt","1 posttmt"
"32115","M4","C4620083","1","198","C4620083 M4","posttmt",0.0306689875415397,"198 posttmt","1 posttmt"
"32116","M4","C4620083","1","199","C4620083 M4","posttmt",0.0306177719783588,"199 posttmt","1 posttmt"
"32117","M4","C4620083","1","200","C4620083 M4","posttmt",0.0304261615414732,"200 posttmt","1 posttmt"
"32118","M4","C4620083","1","201","C4620083 M4","posttmt",0.030222924680031,"201 posttmt","1 posttmt"
"32119","M4","C4620083","1","202","C4620083 M4","posttmt",0.030148317395909,"202 posttmt","1 posttmt"
"32120","M4","C4620083","1","203","C4620083 M4","posttmt",0.0299897869204621,"203 posttmt","1 posttmt"
"32121","M4","C4620083","1","204","C4620083 M4","posttmt",0.0299355841316565,"204 posttmt","1 posttmt"
"32122","M4","C4620083","1","205","C4620083 M4","posttmt",0.0298685892853059,"205 posttmt","1 posttmt"
"32123","M4","C4620083","1","206","C4620083 M4","posttmt",0.0298266975069721,"206 posttmt","1 posttmt"
"32124","M4","C4620083","1","207","C4620083 M4","posttmt",0.0292797432997673,"207 posttmt","1 posttmt"
"32125","M4","C4620083","1","208","C4620083 M4","posttmt",0.0292196260013956,"208 posttmt","1 posttmt"
"32126","M4","C4620083","1","209","C4620083 M4","posttmt",0.0292142781371986,"209 posttmt","1 posttmt"
"32127","M4","C4620083","1","210","C4620083 M4","posttmt",0.0292139417435233,"210 posttmt","1 posttmt"
"32128","M4","C4620083","1","211","C4620083 M4","posttmt",0.0291573700149926,"211 posttmt","1 posttmt"
"32129","M4","C4620083","1","212","C4620083 M4","posttmt",0.0289207223931835,"212 posttmt","1 posttmt"
"32130","M4","C4620083","1","213","C4620083 M4","posttmt",0.0287784040026225,"213 posttmt","1 posttmt"
"32131","M4","C4620083","1","214","C4620083 M4","posttmt",0.0286347226702607,"214 posttmt","1 posttmt"
"32132","M4","C4620083","1","215","C4620083 M4","posttmt",0.0284434825771078,"215 posttmt","1 posttmt"
"32133","M4","C4620083","1","216","C4620083 M4","posttmt",0.0284418661539008,"216 posttmt","1 posttmt"
"32134","M4","C4620083","1","217","C4620083 M4","posttmt",0.0283880924084919,"217 posttmt","1 posttmt"
"32135","M4","C4620083","1","218","C4620083 M4","posttmt",0.0282393672180152,"218 posttmt","1 posttmt"
"32136","M4","C4620083","1","219","C4620083 M4","posttmt",0.0278835270210947,"219 posttmt","1 posttmt"
"32137","M4","C4620083","1","220","C4620083 M4","posttmt",0.0273157156287622,"220 posttmt","1 posttmt"
"32138","M4","C4620083","1","221","C4620083 M4","posttmt",0.0272652575800556,"221 posttmt","1 posttmt"
"32139","M4","C4620083","1","222","C4620083 M4","posttmt",0.0270538324460287,"222 posttmt","1 posttmt"
"32140","M4","C4620083","1","223","C4620083 M4","posttmt",0.0269450974715949,"223 posttmt","1 posttmt"
"32141","M4","C4620083","1","224","C4620083 M4","posttmt",0.0269238253751653,"224 posttmt","1 posttmt"
"32142","M4","C4620083","1","225","C4620083 M4","posttmt",0.026837366965689,"225 posttmt","1 posttmt"
"32143","M4","C4620083","1","226","C4620083 M4","posttmt",0.0266537056987687,"226 posttmt","1 posttmt"
"32144","M4","C4620083","1","227","C4620083 M4","posttmt",0.0264933009438668,"227 posttmt","1 posttmt"
"32145","M4","C4620083","1","228","C4620083 M4","posttmt",0.0262905533907591,"228 posttmt","1 posttmt"
"32146","M4","C4620083","1","229","C4620083 M4","posttmt",0.0261189006677106,"229 posttmt","1 posttmt"
"32147","M4","C4620083","1","230","C4620083 M4","posttmt",0.0255660615201017,"230 posttmt","1 posttmt"
"32148","M4","C4620083","1","231","C4620083 M4","posttmt",0.0254139372430857,"231 posttmt","1 posttmt"
"32149","M4","C4620083","1","232","C4620083 M4","posttmt",0.0251026156124441,"232 posttmt","1 posttmt"
"32150","M4","C4620083","1","233","C4620083 M4","posttmt",0.0248724797259222,"233 posttmt","1 posttmt"
"32151","M4","C4620083","1","234","C4620083 M4","posttmt",0.0248244205724107,"234 posttmt","1 posttmt"
"32152","M4","C4620083","1","235","C4620083 M4","posttmt",0.0244994327018553,"235 posttmt","1 posttmt"
"32153","M4","C4620083","1","236","C4620083 M4","posttmt",0.024048229294094,"236 posttmt","1 posttmt"
"32154","M4","C4620083","1","237","C4620083 M4","posttmt",0.0240448698092826,"237 posttmt","1 posttmt"
"32155","M4","C4620083","1","238","C4620083 M4","posttmt",0.0239793612369946,"238 posttmt","1 posttmt"
"32156","M4","C4620083","1","239","C4620083 M4","posttmt",0.0237948570776526,"239 posttmt","1 posttmt"
"32157","M4","C4620083","1","240","C4620083 M4","posttmt",0.023788410023222,"240 posttmt","1 posttmt"
"32158","M4","C4620083","1","241","C4620083 M4","posttmt",0.0235477986408101,"241 posttmt","1 posttmt"
"32159","M4","C4620083","1","242","C4620083 M4","posttmt",0.0235344425044659,"242 posttmt","1 posttmt"
"32160","M4","C4620083","1","243","C4620083 M4","posttmt",0.0234908176988669,"243 posttmt","1 posttmt"
"32161","M4","C4620083","1","244","C4620083 M4","posttmt",0.0234853074588703,"244 posttmt","1 posttmt"
"32162","M4","C4620083","1","245","C4620083 M4","posttmt",0.0234593017617687,"245 posttmt","1 posttmt"
"32163","M4","C4620083","1","246","C4620083 M4","posttmt",0.0231483948137663,"246 posttmt","1 posttmt"
"32164","M4","C4620083","1","247","C4620083 M4","posttmt",0.0230858562767838,"247 posttmt","1 posttmt"
"32165","M4","C4620083","1","248","C4620083 M4","posttmt",0.0229437476167943,"248 posttmt","1 posttmt"
"32166","M4","C4620083","1","249","C4620083 M4","posttmt",0.0229148918587748,"249 posttmt","1 posttmt"
"32167","M4","C4620083","1","250","C4620083 M4","posttmt",0.0228639481765835,"250 posttmt","1 posttmt"
"32168","M4","C4620083","1","251","C4620083 M4","posttmt",0.0227919414078015,"251 posttmt","1 posttmt"
"32169","M4","C4620083","1","252","C4620083 M4","posttmt",0.0225947478234228,"252 posttmt","1 posttmt"
"32170","M4","C4620083","1","253","C4620083 M4","posttmt",0.0224291110570133,"253 posttmt","1 posttmt"
"32171","M4","C4620083","1","254","C4620083 M4","posttmt",0.022382479595484,"254 posttmt","1 posttmt"
"32172","M4","C4620083","1","255","C4620083 M4","posttmt",0.0223279263834883,"255 posttmt","1 posttmt"
"32173","M4","C4620083","1","256","C4620083 M4","posttmt",0.0222349912334562,"256 posttmt","1 posttmt"
"32174","M4","C4620083","1","257","C4620083 M4","posttmt",0.0220667978817807,"257 posttmt","1 posttmt"
"32175","M4","C4620083","1","258","C4620083 M4","posttmt",0.0220561716680596,"258 posttmt","1 posttmt"
"32176","M4","C4620083","1","259","C4620083 M4","posttmt",0.0220412692928494,"259 posttmt","1 posttmt"
"32177","M4","C4620083","1","260","C4620083 M4","posttmt",0.0218926448825304,"260 posttmt","1 posttmt"
"32178","M4","C4620083","1","261","C4620083 M4","posttmt",0.0217560718281633,"261 posttmt","1 posttmt"
"32179","M4","C4620083","1","262","C4620083 M4","posttmt",0.0215833986767865,"262 posttmt","1 posttmt"
"32180","M4","C4620083","1","263","C4620083 M4","posttmt",0.0214273952081084,"263 posttmt","1 posttmt"
"32181","M4","C4620083","1","264","C4620083 M4","posttmt",0.0213375076109843,"264 posttmt","1 posttmt"
"32182","M4","C4620083","1","265","C4620083 M4","posttmt",0.0212887653590145,"265 posttmt","1 posttmt"
"32183","M4","C4620083","1","266","C4620083 M4","posttmt",0.0212776526980205,"266 posttmt","1 posttmt"
"32184","M4","C4620083","1","267","C4620083 M4","posttmt",0.021010440306231,"267 posttmt","1 posttmt"
"32185","M4","C4620083","1","268","C4620083 M4","posttmt",0.0205610785341062,"268 posttmt","1 posttmt"
"32186","M4","C4620083","1","269","C4620083 M4","posttmt",0.0203488390725703,"269 posttmt","1 posttmt"
"32187","M4","C4620083","1","270","C4620083 M4","posttmt",0.0202657617319364,"270 posttmt","1 posttmt"
"32188","M4","C4620083","1","271","C4620083 M4","posttmt",0.0201798571654547,"271 posttmt","1 posttmt"
"32189","M4","C4620083","1","272","C4620083 M4","posttmt",0.0195926191433212,"272 posttmt","1 posttmt"
"32190","M4","C4620083","1","273","C4620083 M4","posttmt",0.0193989529502692,"273 posttmt","1 posttmt"
"32191","M4","C4620083","1","274","C4620083 M4","posttmt",0.0193918060182723,"274 posttmt","1 posttmt"
"32192","M4","C4620083","1","275","C4620083 M4","posttmt",0.0193263141259357,"275 posttmt","1 posttmt"
"32193","M4","C4620083","1","276","C4620083 M4","posttmt",0.0185665413044,"276 posttmt","1 posttmt"
"32194","M4","C4620083","1","277","C4620083 M4","posttmt",0.018520587567521,"277 posttmt","1 posttmt"
"32195","M4","C4620083","1","278","C4620083 M4","posttmt",0.0184858835521363,"278 posttmt","1 posttmt"
"32196","M4","C4620083","1","279","C4620083 M4","posttmt",0.0184685185643345,"279 posttmt","1 posttmt"
"32197","M4","C4620083","1","280","C4620083 M4","posttmt",0.0184349691471626,"280 posttmt","1 posttmt"
"32198","M4","C4620083","1","281","C4620083 M4","posttmt",0.0183841730831366,"281 posttmt","1 posttmt"
"32199","M4","C4620083","1","282","C4620083 M4","posttmt",0.0178411286432367,"282 posttmt","1 posttmt"
"32200","M4","C4620083","1","283","C4620083 M4","posttmt",0.0178387529356848,"283 posttmt","1 posttmt"
"32201","M4","C4620083","1","284","C4620083 M4","posttmt",0.0177757992931193,"284 posttmt","1 posttmt"
"32202","M4","C4620083","1","285","C4620083 M4","posttmt",0.0176592857645333,"285 posttmt","1 posttmt"
"32203","M4","C4620083","1","286","C4620083 M4","posttmt",0.0175941517252747,"286 posttmt","1 posttmt"
"32204","M4","C4620083","1","287","C4620083 M4","posttmt",0.0174170153379326,"287 posttmt","1 posttmt"
"32205","M4","C4620083","1","288","C4620083 M4","posttmt",0.01715378234654,"288 posttmt","1 posttmt"
"32206","M4","C4620083","1","289","C4620083 M4","posttmt",0.0169698983867494,"289 posttmt","1 posttmt"
"32207","M4","C4620083","1","290","C4620083 M4","posttmt",0.0167530354005304,"290 posttmt","1 posttmt"
"32208","M4","C4620083","1","291","C4620083 M4","posttmt",0.0163214497416356,"291 posttmt","1 posttmt"
"32209","M4","C4620083","1","292","C4620083 M4","posttmt",0.0162522251897289,"292 posttmt","1 posttmt"
"32210","M4","C4620083","1","293","C4620083 M4","posttmt",0.0160662438883979,"293 posttmt","1 posttmt"
"32211","M4","C4620083","1","294","C4620083 M4","posttmt",0.0160454056403503,"294 posttmt","1 posttmt"
"32212","M4","C4620083","1","295","C4620083 M4","posttmt",0.0160083767749352,"295 posttmt","1 posttmt"
"32213","M4","C4620083","1","296","C4620083 M4","posttmt",0.0158175096810205,"296 posttmt","1 posttmt"
"32214","M4","C4620083","1","297","C4620083 M4","posttmt",0.0157486389884465,"297 posttmt","1 posttmt"
"32215","M4","C4620083","1","298","C4620083 M4","posttmt",0.0155532694283646,"298 posttmt","1 posttmt"
"32216","M4","C4620083","1","299","C4620083 M4","posttmt",0.0153605034549936,"299 posttmt","1 posttmt"
"32217","M4","C4620083","1","300","C4620083 M4","posttmt",0.0153237522759667,"300 posttmt","1 posttmt"
"32218","M4","C4620083","1","301","C4620083 M4","posttmt",0.0153071919102503,"301 posttmt","1 posttmt"
"32219","M4","C4620083","1","302","C4620083 M4","posttmt",0.0152411129356711,"302 posttmt","1 posttmt"
"32220","M4","C4620083","1","303","C4620083 M4","posttmt",0.0148530283113609,"303 posttmt","1 posttmt"
"32221","M4","C4620083","1","304","C4620083 M4","posttmt",0.0148292177855267,"304 posttmt","1 posttmt"
"32222","M4","C4620083","1","305","C4620083 M4","posttmt",0.0143479351563665,"305 posttmt","1 posttmt"
"32223","M4","C4620083","1","306","C4620083 M4","posttmt",0.0142175503770155,"306 posttmt","1 posttmt"
"32224","M4","C4620083","1","307","C4620083 M4","posttmt",0.0139037807497162,"307 posttmt","1 posttmt"
"32225","M4","C4620083","1","308","C4620083 M4","posttmt",0.0136466858335038,"308 posttmt","1 posttmt"
"32226","M4","C4620083","1","309","C4620083 M4","posttmt",0.0132068087362345,"309 posttmt","1 posttmt"
"32227","M4","C4620083","1","310","C4620083 M4","posttmt",0.013164902598079,"310 posttmt","1 posttmt"
"32228","M4","C4620083","1","311","C4620083 M4","posttmt",0.0131096801535809,"311 posttmt","1 posttmt"
"32229","M4","C4620083","1","312","C4620083 M4","posttmt",0.0129633237180666,"312 posttmt","1 posttmt"
"32230","M4","C4620083","1","313","C4620083 M4","posttmt",0.0125576730290663,"313 posttmt","1 posttmt"
"32231","M4","C4620083","1","314","C4620083 M4","posttmt",0.0125027872540638,"314 posttmt","1 posttmt"
"32232","M4","C4620083","1","315","C4620083 M4","posttmt",0.0124941078627043,"315 posttmt","1 posttmt"
"32233","M4","C4620083","1","316","C4620083 M4","posttmt",0.0124924912250884,"316 posttmt","1 posttmt"
"32234","M4","C4620083","1","317","C4620083 M4","posttmt",0.0124765860855715,"317 posttmt","1 posttmt"
"32235","M4","C4620083","1","318","C4620083 M4","posttmt",0.0123248953260504,"318 posttmt","1 posttmt"
"32236","M4","C4620083","1","319","C4620083 M4","posttmt",0.0118285925218953,"319 posttmt","1 posttmt"
"32237","M4","C4620083","1","320","C4620083 M4","posttmt",0.0117752156358666,"320 posttmt","1 posttmt"
"32238","M4","C4620083","1","321","C4620083 M4","posttmt",0.0116353978258943,"321 posttmt","1 posttmt"
"32239","M4","C4620083","1","322","C4620083 M4","posttmt",0.0113680943703951,"322 posttmt","1 posttmt"
"32240","M4","C4620083","1","323","C4620083 M4","posttmt",0.0113570363716643,"323 posttmt","1 posttmt"
"32241","M4","C4620083","1","324","C4620083 M4","posttmt",0.0108935470354406,"324 posttmt","1 posttmt"
"32242","M4","C4620083","1","325","C4620083 M4","posttmt",0.0108749003490404,"325 posttmt","1 posttmt"
"32243","M4","C4620083","1","326","C4620083 M4","posttmt",0.0107983531076151,"326 posttmt","1 posttmt"
"32244","M4","C4620083","1","327","C4620083 M4","posttmt",0.01067444107018,"327 posttmt","1 posttmt"
"32245","M4","C4620083","1","328","C4620083 M4","posttmt",0.0105641243785163,"328 posttmt","1 posttmt"
"32246","M4","C4620083","1","329","C4620083 M4","posttmt",0.0104202056113074,"329 posttmt","1 posttmt"
"32247","M4","C4620083","1","330","C4620083 M4","posttmt",0.0102767154909794,"330 posttmt","1 posttmt"
"32248","M4","C4620083","1","331","C4620083 M4","posttmt",0.0102544633662407,"331 posttmt","1 posttmt"
"32249","M4","C4620083","1","332","C4620083 M4","posttmt",0.0100727160886169,"332 posttmt","1 posttmt"
"32250","M4","C4620083","1","333","C4620083 M4","posttmt",0.0100009865853875,"333 posttmt","1 posttmt"
"32251","M4","C4620083","1","334","C4620083 M4","posttmt",0.00998328212683788,"334 posttmt","1 posttmt"
"32252","M4","C4620083","1","335","C4620083 M4","posttmt",0.00997967734692418,"335 posttmt","1 posttmt"
"32253","M4","C4620083","1","336","C4620083 M4","posttmt",0.00997556281105814,"336 posttmt","1 posttmt"
"32254","M4","C4620083","1","337","C4620083 M4","posttmt",0.00969853957882016,"337 posttmt","1 posttmt"
"32255","M4","C4620083","1","338","C4620083 M4","posttmt",0.00964965432282298,"338 posttmt","1 posttmt"
"32256","M4","C4620083","1","339","C4620083 M4","posttmt",0.00942109470590641,"339 posttmt","1 posttmt"
"32257","M4","C4620083","1","340","C4620083 M4","posttmt",0.00939478234474447,"340 posttmt","1 posttmt"
"32258","M4","C4620083","1","341","C4620083 M4","posttmt",0.00920547624019524,"341 posttmt","1 posttmt"
"32259","M4","C4620083","1","342","C4620083 M4","posttmt",0.00919197644514772,"342 posttmt","1 posttmt"
"32260","M4","C4620083","1","343","C4620083 M4","posttmt",0.00914441712258787,"343 posttmt","1 posttmt"
"32261","M4","C4620083","1","344","C4620083 M4","posttmt",0.00900215985416,"344 posttmt","1 posttmt"
"32262","M4","C4620083","1","345","C4620083 M4","posttmt",0.00894281572061369,"345 posttmt","1 posttmt"
"32263","M4","C4620083","1","346","C4620083 M4","posttmt",0.00871947515679691,"346 posttmt","1 posttmt"
"32264","M4","C4620083","1","347","C4620083 M4","posttmt",0.00857309145005942,"347 posttmt","1 posttmt"
"32265","M4","C4620083","1","348","C4620083 M4","posttmt",0.00840383844981614,"348 posttmt","1 posttmt"
"32266","M4","C4620083","1","349","C4620083 M4","posttmt",0.00836751248728904,"349 posttmt","1 posttmt"
"32267","M4","C4620083","1","350","C4620083 M4","posttmt",0.00827405242018571,"350 posttmt","1 posttmt"
"32268","M4","C4620083","1","351","C4620083 M4","posttmt",0.00779069225067432,"351 posttmt","1 posttmt"
"32269","M4","C4620083","1","352","C4620083 M4","posttmt",0.00762536287598021,"352 posttmt","1 posttmt"
"32270","M4","C4620083","1","353","C4620083 M4","posttmt",0.00747888173046646,"353 posttmt","1 posttmt"
"32271","M4","C4620083","1","354","C4620083 M4","posttmt",0.0067807724362399,"354 posttmt","1 posttmt"
"32272","M4","C4620083","1","355","C4620083 M4","posttmt",0.00664467471784965,"355 posttmt","1 posttmt"
"32273","M4","C4620083","1","356","C4620083 M4","posttmt",0.00615404892135446,"356 posttmt","1 posttmt"
"32274","M4","C4620083","1","357","C4620083 M4","posttmt",0.00605221360073784,"357 posttmt","1 posttmt"
"32275","M4","C4620083","1","358","C4620083 M4","posttmt",0.00604289324649743,"358 posttmt","1 posttmt"
"32276","M4","C4620083","1","359","C4620083 M4","posttmt",0.00557558107783636,"359 posttmt","1 posttmt"
"32277","M4","C4620083","1","360","C4620083 M4","posttmt",0.00539504777882366,"360 posttmt","1 posttmt"
"32278","M4","C4620083","1","361","C4620083 M4","posttmt",0.00491991941396281,"361 posttmt","1 posttmt"
"32279","M4","C4620083","1","362","C4620083 M4","posttmt",0.00480853971302351,"362 posttmt","1 posttmt"
"32280","M4","C4620083","1","363","C4620083 M4","posttmt",0.00473901103756521,"363 posttmt","1 posttmt"
"32281","M4","C4620083","1","364","C4620083 M4","posttmt",0.00464311921275217,"364 posttmt","1 posttmt"
"32282","M4","C4620083","1","365","C4620083 M4","posttmt",0.00402930529684475,"365 posttmt","1 posttmt"
"32283","M4","C4620083","1","366","C4620083 M4","posttmt",0.00358605482758635,"366 posttmt","1 posttmt"
"32284","M4","C4620083","1","367","C4620083 M4","posttmt",0.00332405512434939,"367 posttmt","1 posttmt"
"32285","M4","C4620083","1","368","C4620083 M4","posttmt",0.0030144624483353,"368 posttmt","1 posttmt"
"32286","M4","C4620083","1","369","C4620083 M4","posttmt",0.00272937693464006,"369 posttmt","1 posttmt"
"32287","M4","C4620083","1","370","C4620083 M4","posttmt",0.00257939728087913,"370 posttmt","1 posttmt"
"32288","M4","C4620083","1","371","C4620083 M4","posttmt",0.00221956913320661,"371 posttmt","1 posttmt"
"32289","M4","C4620083","1","372","C4620083 M4","posttmt",0.00202804328644816,"372 posttmt","1 posttmt"
"32290","M4","C4620083","1","373","C4620083 M4","posttmt",0.0019804564766063,"373 posttmt","1 posttmt"
"32291","M4","C4620083","1","374","C4620083 M4","posttmt",0.00185029175211179,"374 posttmt","1 posttmt"
"32292","M4","C4620083","1","375","C4620083 M4","posttmt",0.0018050247615211,"375 posttmt","1 posttmt"
"32293","M4","C4620083","1","376","C4620083 M4","posttmt",0.00144746857191158,"376 posttmt","1 posttmt"
"32294","M4","C4620083","1","377","C4620083 M4","posttmt",0.00139878821415824,"377 posttmt","1 posttmt"
"32295","M4","C4620083","1","378","C4620083 M4","posttmt",0.00107496410265956,"378 posttmt","1 posttmt"
"32296","M4","C4620083","1","379","C4620083 M4","posttmt",0.000852892638386971,"379 posttmt","1 posttmt"
"32297","M4","C4620083","1","380","C4620083 M4","posttmt",0.00042018894770317,"380 posttmt","1 posttmt"
"32298","M4","C4620083","1","381","C4620083 M4","posttmt",0.000357081154402267,"381 posttmt","1 posttmt"
"32299","M4","C4620083","1","382","C4620083 M4","posttmt",0.000332197845701577,"382 posttmt","1 posttmt"
"32300","M4","C4620083","1","383","C4620083 M4","posttmt",-0.000299580088907755,"383 posttmt","1 posttmt"
"32301","M4","C4620083","1","384","C4620083 M4","posttmt",-0.000985829104569983,"384 posttmt","1 posttmt"
"32302","M4","C4620083","1","385","C4620083 M4","posttmt",-0.00235865448148603,"385 posttmt","1 posttmt"
"32303","M4","C4620083","1","386","C4620083 M4","posttmt",-0.0025331449565942,"386 posttmt","1 posttmt"
"32304","M4","C4620083","1","387","C4620083 M4","posttmt",-0.00254201592978108,"387 posttmt","1 posttmt"
"32305","M4","C4620083","1","388","C4620083 M4","posttmt",-0.00376202461640955,"388 posttmt","1 posttmt"
"32306","M4","C4620083","1","389","C4620083 M4","posttmt",-0.00429293867749869,"389 posttmt","1 posttmt"
"32307","M4","C4620083","1","390","C4620083 M4","posttmt",-0.00501631318614481,"390 posttmt","1 posttmt"
"32308","M4","C4620083","1","391","C4620083 M4","posttmt",-0.00621751978089078,"391 posttmt","1 posttmt"
"32309","M4","C4620083","1","392","C4620083 M4","posttmt",-0.00645033892584268,"392 posttmt","1 posttmt"
"32310","M4","C4620083","1","393","C4620083 M4","posttmt",-0.00659525690479274,"393 posttmt","1 posttmt"
"32311","M4","C4620083","1","394","C4620083 M4","posttmt",-0.00697948417322886,"394 posttmt","1 posttmt"
"32312","M4","C4620083","1","395","C4620083 M4","posttmt",-0.0075900365378743,"395 posttmt","1 posttmt"
"32313","M4","C4620083","1","396","C4620083 M4","posttmt",-0.007711495886747,"396 posttmt","1 posttmt"
"32314","M4","C4620083","1","397","C4620083 M4","posttmt",-0.00801089781159278,"397 posttmt","1 posttmt"
"32315","M4","C4620083","1","398","C4620083 M4","posttmt",-0.00865427877024419,"398 posttmt","1 posttmt"
"32316","M4","C4620083","1","399","C4620083 M4","posttmt",-0.0102590161873006,"399 posttmt","1 posttmt"
"32317","M4","C4620083","1","400","C4620083 M4","posttmt",-0.0112341448093512,"400 posttmt","1 posttmt"
"32318","M4","C4620083","1","401","C4620083 M4","posttmt",-0.0120588807065587,"401 posttmt","1 posttmt"
"32319","M4","C4620083","1","402","C4620083 M4","posttmt",-0.0124371503562409,"402 posttmt","1 posttmt"
"32320","M4","C4620083","1","403","C4620083 M4","posttmt",-0.0134800285206451,"403 posttmt","1 posttmt"
"32321","M4","C4620083","1","404","C4620083 M4","posttmt",-0.0137745526174599,"404 posttmt","1 posttmt"
"32322","M4","C4620083","1","405","C4620083 M4","posttmt",-0.0138045423578812,"405 posttmt","1 posttmt"
"32323","M4","C4620083","1","406","C4620083 M4","posttmt",-0.0153544565409101,"406 posttmt","1 posttmt"
"32324","M4","C4620083","1","407","C4620083 M4","posttmt",-0.0158422339755619,"407 posttmt","1 posttmt"
"32325","M4","C4620083","1","408","C4620083 M4","posttmt",-0.0160848936518872,"408 posttmt","1 posttmt"
"32326","M4","C4620083","1","409","C4620083 M4","posttmt",-0.0160946626337157,"409 posttmt","1 posttmt"
"32327","M4","C4620083","1","410","C4620083 M4","posttmt",-0.0161355829419211,"410 posttmt","1 posttmt"
"32328","M4","C4620083","1","411","C4620083 M4","posttmt",-0.01708937023882,"411 posttmt","1 posttmt"
"32329","M4","C4620083","1","412","C4620083 M4","posttmt",-0.0171372679172741,"412 posttmt","1 posttmt"
"32330","M4","C4620083","1","413","C4620083 M4","posttmt",-0.0185638502593111,"413 posttmt","1 posttmt"
"32331","M4","C4620083","1","414","C4620083 M4","posttmt",-0.0217522249808675,"414 posttmt","1 posttmt"
"32332","M4","C4620083","1","415","C4620083 M4","posttmt",-0.023235844346379,"415 posttmt","1 posttmt"
"32333","M4","C4620083","1","416","C4620083 M4","posttmt",-0.0236233943769181,"416 posttmt","1 posttmt"
"32334","M4","C4620083","1","417","C4620083 M4","posttmt",-0.0237119513201243,"417 posttmt","1 posttmt"
"32335","M4","C4620083","1","418","C4620083 M4","posttmt",-0.0241928261442157,"418 posttmt","1 posttmt"
"32336","M4","C4620083","1","419","C4620083 M4","posttmt",-0.0260889967112269,"419 posttmt","1 posttmt"
"32337","M4","C4620083","1","420","C4620083 M4","posttmt",-0.0263968195024632,"420 posttmt","1 posttmt"
"32338","M4","C4620083","1","421","C4620083 M4","posttmt",-0.0273419946531256,"421 posttmt","1 posttmt"
"32339","M4","C4620083","1","422","C4620083 M4","posttmt",-0.0296256700627274,"422 posttmt","1 posttmt"
"32340","M4","C4620083","1","423","C4620083 M4","posttmt",-0.0315279422105248,"423 posttmt","1 posttmt"
"32341","M4","C4620083","1","424","C4620083 M4","posttmt",-0.0334270922558551,"424 posttmt","1 posttmt"
"32342","M4","C4620083","1","425","C4620083 M4","posttmt",-0.0353838146996801,"425 posttmt","1 posttmt"
"32343","M2","C4620081","1","0","C4620081 M2","posttmt",0.141631012307718,"0 posttmt","1 posttmt"
"32344","M2","C4620081","1","1","C4620081 M2","posttmt",0.136507386422408,"1 posttmt","1 posttmt"
"32345","M2","C4620081","1","2","C4620081 M2","posttmt",0.134167451510088,"2 posttmt","1 posttmt"
"32346","M2","C4620081","1","3","C4620081 M2","posttmt",0.133912484238057,"3 posttmt","1 posttmt"
"32347","M2","C4620081","1","4","C4620081 M2","posttmt",0.133738790922516,"4 posttmt","1 posttmt"
"32348","M2","C4620081","1","5","C4620081 M2","posttmt",0.130987598184666,"5 posttmt","1 posttmt"
"32349","M2","C4620081","1","6","C4620081 M2","posttmt",0.130888859564741,"6 posttmt","1 posttmt"
"32350","M2","C4620081","1","7","C4620081 M2","posttmt",0.126163557709042,"7 posttmt","1 posttmt"
"32351","M2","C4620081","1","8","C4620081 M2","posttmt",0.125104298850861,"8 posttmt","1 posttmt"
"32352","M2","C4620081","1","9","C4620081 M2","posttmt",0.123254962558146,"9 posttmt","1 posttmt"
"32353","M2","C4620081","1","10","C4620081 M2","posttmt",0.122125771162888,"10 posttmt","1 posttmt"
"32354","M2","C4620081","1","11","C4620081 M2","posttmt",0.121476883679943,"11 posttmt","1 posttmt"
"32355","M2","C4620081","1","12","C4620081 M2","posttmt",0.121193285351074,"12 posttmt","1 posttmt"
"32356","M2","C4620081","1","13","C4620081 M2","posttmt",0.120471250415496,"13 posttmt","1 posttmt"
"32357","M2","C4620081","1","14","C4620081 M2","posttmt",0.119844752140629,"14 posttmt","1 posttmt"
"32358","M2","C4620081","1","15","C4620081 M2","posttmt",0.118702878695594,"15 posttmt","1 posttmt"
"32359","M2","C4620081","1","16","C4620081 M2","posttmt",0.118401301840027,"16 posttmt","1 posttmt"
"32360","M2","C4620081","1","17","C4620081 M2","posttmt",0.116505529175157,"17 posttmt","1 posttmt"
"32361","M2","C4620081","1","18","C4620081 M2","posttmt",0.116322007926112,"18 posttmt","1 posttmt"
"32362","M2","C4620081","1","19","C4620081 M2","posttmt",0.115773543218656,"19 posttmt","1 posttmt"
"32363","M2","C4620081","1","20","C4620081 M2","posttmt",0.115635629409624,"20 posttmt","1 posttmt"
"32364","M2","C4620081","1","21","C4620081 M2","posttmt",0.115496237111602,"21 posttmt","1 posttmt"
"32365","M2","C4620081","1","22","C4620081 M2","posttmt",0.114900737162827,"22 posttmt","1 posttmt"
"32366","M2","C4620081","1","23","C4620081 M2","posttmt",0.114832687523901,"23 posttmt","1 posttmt"
"32367","M2","C4620081","1","24","C4620081 M2","posttmt",0.113966204598559,"24 posttmt","1 posttmt"
"32368","M2","C4620081","1","25","C4620081 M2","posttmt",0.113945022818257,"25 posttmt","1 posttmt"
"32369","M2","C4620081","1","26","C4620081 M2","posttmt",0.113544767627242,"26 posttmt","1 posttmt"
"32370","M2","C4620081","1","27","C4620081 M2","posttmt",0.112724104552296,"27 posttmt","1 posttmt"
"32371","M2","C4620081","1","28","C4620081 M2","posttmt",0.112455804250401,"28 posttmt","1 posttmt"
"32372","M2","C4620081","1","29","C4620081 M2","posttmt",0.111455719563605,"29 posttmt","1 posttmt"
"32373","M2","C4620081","1","30","C4620081 M2","posttmt",0.110894904653024,"30 posttmt","1 posttmt"
"32374","M2","C4620081","1","31","C4620081 M2","posttmt",0.110891582865705,"31 posttmt","1 posttmt"
"32375","M2","C4620081","1","32","C4620081 M2","posttmt",0.110514072972455,"32 posttmt","1 posttmt"
"32376","M2","C4620081","1","33","C4620081 M2","posttmt",0.109888460995929,"33 posttmt","1 posttmt"
"32377","M2","C4620081","1","34","C4620081 M2","posttmt",0.109709977299479,"34 posttmt","1 posttmt"
"32378","M2","C4620081","1","35","C4620081 M2","posttmt",0.109181280453541,"35 posttmt","1 posttmt"
"32379","M2","C4620081","1","36","C4620081 M2","posttmt",0.109136278356682,"36 posttmt","1 posttmt"
"32380","M2","C4620081","1","37","C4620081 M2","posttmt",0.109003752903122,"37 posttmt","1 posttmt"
"32381","M2","C4620081","1","38","C4620081 M2","posttmt",0.108950486252924,"38 posttmt","1 posttmt"
"32382","M2","C4620081","1","39","C4620081 M2","posttmt",0.108878846097653,"39 posttmt","1 posttmt"
"32383","M2","C4620081","1","40","C4620081 M2","posttmt",0.108582894039935,"40 posttmt","1 posttmt"
"32384","M2","C4620081","1","41","C4620081 M2","posttmt",0.108554572613597,"41 posttmt","1 posttmt"
"32385","M2","C4620081","1","42","C4620081 M2","posttmt",0.108526027358374,"42 posttmt","1 posttmt"
"32386","M2","C4620081","1","43","C4620081 M2","posttmt",0.108061143485673,"43 posttmt","1 posttmt"
"32387","M2","C4620081","1","44","C4620081 M2","posttmt",0.107522615512507,"44 posttmt","1 posttmt"
"32388","M2","C4620081","1","45","C4620081 M2","posttmt",0.107449509951923,"45 posttmt","1 posttmt"
"32389","M2","C4620081","1","46","C4620081 M2","posttmt",0.107090276293199,"46 posttmt","1 posttmt"
"32390","M2","C4620081","1","47","C4620081 M2","posttmt",0.10630705788264,"47 posttmt","1 posttmt"
"32391","M2","C4620081","1","48","C4620081 M2","posttmt",0.105867585239783,"48 posttmt","1 posttmt"
"32392","M2","C4620081","1","49","C4620081 M2","posttmt",0.104400380524093,"49 posttmt","1 posttmt"
"32393","M2","C4620081","1","50","C4620081 M2","posttmt",0.104200444081417,"50 posttmt","1 posttmt"
"32394","M2","C4620081","1","51","C4620081 M2","posttmt",0.103235943603751,"51 posttmt","1 posttmt"
"32395","M2","C4620081","1","52","C4620081 M2","posttmt",0.10307559153168,"52 posttmt","1 posttmt"
"32396","M2","C4620081","1","53","C4620081 M2","posttmt",0.102789620911134,"53 posttmt","1 posttmt"
"32397","M2","C4620081","1","54","C4620081 M2","posttmt",0.102331192767314,"54 posttmt","1 posttmt"
"32398","M2","C4620081","1","55","C4620081 M2","posttmt",0.101297103154333,"55 posttmt","1 posttmt"
"32399","M2","C4620081","1","56","C4620081 M2","posttmt",0.100311443427119,"56 posttmt","1 posttmt"
"32400","M2","C4620081","1","57","C4620081 M2","posttmt",0.0998440678565303,"57 posttmt","1 posttmt"
"32401","M2","C4620081","1","58","C4620081 M2","posttmt",0.0992277387651408,"58 posttmt","1 posttmt"
"32402","M2","C4620081","1","59","C4620081 M2","posttmt",0.0985550237584831,"59 posttmt","1 posttmt"
"32403","M2","C4620081","1","60","C4620081 M2","posttmt",0.0981835706998293,"60 posttmt","1 posttmt"
"32404","M2","C4620081","1","61","C4620081 M2","posttmt",0.0981710579458737,"61 posttmt","1 posttmt"
"32405","M2","C4620081","1","62","C4620081 M2","posttmt",0.0968688319972998,"62 posttmt","1 posttmt"
"32406","M2","C4620081","1","63","C4620081 M2","posttmt",0.0968150918058887,"63 posttmt","1 posttmt"
"32407","M2","C4620081","1","64","C4620081 M2","posttmt",0.096485360862542,"64 posttmt","1 posttmt"
"32408","M2","C4620081","1","65","C4620081 M2","posttmt",0.0960676645265272,"65 posttmt","1 posttmt"
"32409","M2","C4620081","1","66","C4620081 M2","posttmt",0.095644438786389,"66 posttmt","1 posttmt"
"32410","M2","C4620081","1","67","C4620081 M2","posttmt",0.0948195745117995,"67 posttmt","1 posttmt"
"32411","M2","C4620081","1","68","C4620081 M2","posttmt",0.0935790408966174,"68 posttmt","1 posttmt"
"32412","M2","C4620081","1","69","C4620081 M2","posttmt",0.0935491138811003,"69 posttmt","1 posttmt"
"32413","M2","C4620081","1","70","C4620081 M2","posttmt",0.0933345722935269,"70 posttmt","1 posttmt"
"32414","M2","C4620081","1","71","C4620081 M2","posttmt",0.0930935358323766,"71 posttmt","1 posttmt"
"32415","M2","C4620081","1","72","C4620081 M2","posttmt",0.0924828826549305,"72 posttmt","1 posttmt"
"32416","M2","C4620081","1","73","C4620081 M2","posttmt",0.0920385279873433,"73 posttmt","1 posttmt"
"32417","M2","C4620081","1","74","C4620081 M2","posttmt",0.0919922648051668,"74 posttmt","1 posttmt"
"32418","M2","C4620081","1","75","C4620081 M2","posttmt",0.0916767477862979,"75 posttmt","1 posttmt"
"32419","M2","C4620081","1","76","C4620081 M2","posttmt",0.0914031011643798,"76 posttmt","1 posttmt"
"32420","M2","C4620081","1","77","C4620081 M2","posttmt",0.0911641112799596,"77 posttmt","1 posttmt"
"32421","M2","C4620081","1","78","C4620081 M2","posttmt",0.0911109602318082,"78 posttmt","1 posttmt"
"32422","M2","C4620081","1","79","C4620081 M2","posttmt",0.0908938396696652,"79 posttmt","1 posttmt"
"32423","M2","C4620081","1","80","C4620081 M2","posttmt",0.0907858544224892,"80 posttmt","1 posttmt"
"32424","M2","C4620081","1","81","C4620081 M2","posttmt",0.0906218000287952,"81 posttmt","1 posttmt"
"32425","M2","C4620081","1","82","C4620081 M2","posttmt",0.0903280413587281,"82 posttmt","1 posttmt"
"32426","M2","C4620081","1","83","C4620081 M2","posttmt",0.0900809445634725,"83 posttmt","1 posttmt"
"32427","M2","C4620081","1","84","C4620081 M2","posttmt",0.0900756780205683,"84 posttmt","1 posttmt"
"32428","M2","C4620081","1","85","C4620081 M2","posttmt",0.0900722077766995,"85 posttmt","1 posttmt"
"32429","M2","C4620081","1","86","C4620081 M2","posttmt",0.0897668719791632,"86 posttmt","1 posttmt"
"32430","M2","C4620081","1","87","C4620081 M2","posttmt",0.0896851051294193,"87 posttmt","1 posttmt"
"32431","M2","C4620081","1","88","C4620081 M2","posttmt",0.089312936760222,"88 posttmt","1 posttmt"
"32432","M2","C4620081","1","89","C4620081 M2","posttmt",0.0889618920851344,"89 posttmt","1 posttmt"
"32433","M2","C4620081","1","90","C4620081 M2","posttmt",0.0886999311351756,"90 posttmt","1 posttmt"
"32434","M2","C4620081","1","91","C4620081 M2","posttmt",0.0883026860452735,"91 posttmt","1 posttmt"
"32435","M2","C4620081","1","92","C4620081 M2","posttmt",0.0881315234674093,"92 posttmt","1 posttmt"
"32436","M2","C4620081","1","93","C4620081 M2","posttmt",0.088079959563172,"93 posttmt","1 posttmt"
"32437","M2","C4620081","1","94","C4620081 M2","posttmt",0.087747624215152,"94 posttmt","1 posttmt"
"32438","M2","C4620081","1","95","C4620081 M2","posttmt",0.087170289221159,"95 posttmt","1 posttmt"
"32439","M2","C4620081","1","96","C4620081 M2","posttmt",0.0865669768105179,"96 posttmt","1 posttmt"
"32440","M2","C4620081","1","97","C4620081 M2","posttmt",0.0862811672816838,"97 posttmt","1 posttmt"
"32441","M2","C4620081","1","98","C4620081 M2","posttmt",0.0859610818048337,"98 posttmt","1 posttmt"
"32442","M2","C4620081","1","99","C4620081 M2","posttmt",0.0858270742426233,"99 posttmt","1 posttmt"
"32443","M2","C4620081","1","100","C4620081 M2","posttmt",0.0853572426461179,"100 posttmt","1 posttmt"
"32444","M2","C4620081","1","101","C4620081 M2","posttmt",0.0842270886055495,"101 posttmt","1 posttmt"
"32445","M2","C4620081","1","102","C4620081 M2","posttmt",0.0841437647127108,"102 posttmt","1 posttmt"
"32446","M2","C4620081","1","103","C4620081 M2","posttmt",0.083954492587542,"103 posttmt","1 posttmt"
"32447","M2","C4620081","1","104","C4620081 M2","posttmt",0.0838913255923534,"104 posttmt","1 posttmt"
"32448","M2","C4620081","1","105","C4620081 M2","posttmt",0.0836090195126019,"105 posttmt","1 posttmt"
"32449","M2","C4620081","1","106","C4620081 M2","posttmt",0.0833321110066739,"106 posttmt","1 posttmt"
"32450","M2","C4620081","1","107","C4620081 M2","posttmt",0.0831518124234686,"107 posttmt","1 posttmt"
"32451","M2","C4620081","1","108","C4620081 M2","posttmt",0.0829949278122813,"108 posttmt","1 posttmt"
"32452","M2","C4620081","1","109","C4620081 M2","posttmt",0.0829362253451612,"109 posttmt","1 posttmt"
"32453","M2","C4620081","1","110","C4620081 M2","posttmt",0.0828472779958338,"110 posttmt","1 posttmt"
"32454","M2","C4620081","1","111","C4620081 M2","posttmt",0.0825725930756465,"111 posttmt","1 posttmt"
"32455","M2","C4620081","1","112","C4620081 M2","posttmt",0.0824340897278223,"112 posttmt","1 posttmt"
"32456","M2","C4620081","1","113","C4620081 M2","posttmt",0.0823506385469545,"113 posttmt","1 posttmt"
"32457","M2","C4620081","1","114","C4620081 M2","posttmt",0.0821829731485712,"114 posttmt","1 posttmt"
"32458","M2","C4620081","1","115","C4620081 M2","posttmt",0.0820511493256805,"115 posttmt","1 posttmt"
"32459","M2","C4620081","1","116","C4620081 M2","posttmt",0.081537304541269,"116 posttmt","1 posttmt"
"32460","M2","C4620081","1","117","C4620081 M2","posttmt",0.0811499176447109,"117 posttmt","1 posttmt"
"32461","M2","C4620081","1","118","C4620081 M2","posttmt",0.0803499466685493,"118 posttmt","1 posttmt"
"32462","M2","C4620081","1","119","C4620081 M2","posttmt",0.0800380183591278,"119 posttmt","1 posttmt"
"32463","M2","C4620081","1","120","C4620081 M2","posttmt",0.0799346350530267,"120 posttmt","1 posttmt"
"32464","M2","C4620081","1","121","C4620081 M2","posttmt",0.0788115849002387,"121 posttmt","1 posttmt"
"32465","M2","C4620081","1","122","C4620081 M2","posttmt",0.0785813837862027,"122 posttmt","1 posttmt"
"32466","M2","C4620081","1","123","C4620081 M2","posttmt",0.0785722199019792,"123 posttmt","1 posttmt"
"32467","M2","C4620081","1","124","C4620081 M2","posttmt",0.0780200438760266,"124 posttmt","1 posttmt"
"32468","M2","C4620081","1","125","C4620081 M2","posttmt",0.0779119706178895,"125 posttmt","1 posttmt"
"32469","M2","C4620081","1","126","C4620081 M2","posttmt",0.0774556114603142,"126 posttmt","1 posttmt"
"32470","M2","C4620081","1","127","C4620081 M2","posttmt",0.0774428638807561,"127 posttmt","1 posttmt"
"32471","M2","C4620081","1","128","C4620081 M2","posttmt",0.0772977254886013,"128 posttmt","1 posttmt"
"32472","M2","C4620081","1","129","C4620081 M2","posttmt",0.0770478385930447,"129 posttmt","1 posttmt"
"32473","M2","C4620081","1","130","C4620081 M2","posttmt",0.0768809495660682,"130 posttmt","1 posttmt"
"32474","M2","C4620081","1","131","C4620081 M2","posttmt",0.0766253745911496,"131 posttmt","1 posttmt"
"32475","M2","C4620081","1","132","C4620081 M2","posttmt",0.0761279228041284,"132 posttmt","1 posttmt"
"32476","M2","C4620081","1","133","C4620081 M2","posttmt",0.0759505222950315,"133 posttmt","1 posttmt"
"32477","M2","C4620081","1","134","C4620081 M2","posttmt",0.0756841078273608,"134 posttmt","1 posttmt"
"32478","M2","C4620081","1","135","C4620081 M2","posttmt",0.0755731635198501,"135 posttmt","1 posttmt"
"32479","M2","C4620081","1","136","C4620081 M2","posttmt",0.0740905874223014,"136 posttmt","1 posttmt"
"32480","M2","C4620081","1","137","C4620081 M2","posttmt",0.0740587786232226,"137 posttmt","1 posttmt"
"32481","M2","C4620081","1","138","C4620081 M2","posttmt",0.0740475538974363,"138 posttmt","1 posttmt"
"32482","M2","C4620081","1","139","C4620081 M2","posttmt",0.07366074031541,"139 posttmt","1 posttmt"
"32483","M2","C4620081","1","140","C4620081 M2","posttmt",0.0733586423316516,"140 posttmt","1 posttmt"
"32484","M2","C4620081","1","141","C4620081 M2","posttmt",0.0725332229952231,"141 posttmt","1 posttmt"
"32485","M2","C4620081","1","142","C4620081 M2","posttmt",0.072238941531191,"142 posttmt","1 posttmt"
"32486","M2","C4620081","1","143","C4620081 M2","posttmt",0.0722327065337119,"143 posttmt","1 posttmt"
"32487","M2","C4620081","1","144","C4620081 M2","posttmt",0.0721852741514783,"144 posttmt","1 posttmt"
"32488","M2","C4620081","1","145","C4620081 M2","posttmt",0.0721642395907274,"145 posttmt","1 posttmt"
"32489","M2","C4620081","1","146","C4620081 M2","posttmt",0.0721619514545943,"146 posttmt","1 posttmt"
"32490","M2","C4620081","1","147","C4620081 M2","posttmt",0.071227064711313,"147 posttmt","1 posttmt"
"32491","M2","C4620081","1","148","C4620081 M2","posttmt",0.0708963240719368,"148 posttmt","1 posttmt"
"32492","M2","C4620081","1","149","C4620081 M2","posttmt",0.0704099481870833,"149 posttmt","1 posttmt"
"32493","M2","C4620081","1","150","C4620081 M2","posttmt",0.0702599291219294,"150 posttmt","1 posttmt"
"32494","M2","C4620081","1","151","C4620081 M2","posttmt",0.0699538280954947,"151 posttmt","1 posttmt"
"32495","M2","C4620081","1","152","C4620081 M2","posttmt",0.0698790089367307,"152 posttmt","1 posttmt"
"32496","M2","C4620081","1","153","C4620081 M2","posttmt",0.0697814734917912,"153 posttmt","1 posttmt"
"32497","M2","C4620081","1","154","C4620081 M2","posttmt",0.0697743146350639,"154 posttmt","1 posttmt"
"32498","M2","C4620081","1","155","C4620081 M2","posttmt",0.0697122631241156,"155 posttmt","1 posttmt"
"32499","M2","C4620081","1","156","C4620081 M2","posttmt",0.0697030312184427,"156 posttmt","1 posttmt"
"32500","M2","C4620081","1","157","C4620081 M2","posttmt",0.0695553422044301,"157 posttmt","1 posttmt"
"32501","M2","C4620081","1","158","C4620081 M2","posttmt",0.068985333235213,"158 posttmt","1 posttmt"
"32502","M2","C4620081","1","159","C4620081 M2","posttmt",0.0688928979645061,"159 posttmt","1 posttmt"
"32503","M2","C4620081","1","160","C4620081 M2","posttmt",0.0688739986921144,"160 posttmt","1 posttmt"
"32504","M2","C4620081","1","161","C4620081 M2","posttmt",0.0687186522799793,"161 posttmt","1 posttmt"
"32505","M2","C4620081","1","162","C4620081 M2","posttmt",0.0687027791149473,"162 posttmt","1 posttmt"
"32506","M2","C4620081","1","163","C4620081 M2","posttmt",0.0681733309135733,"163 posttmt","1 posttmt"
"32507","M2","C4620081","1","164","C4620081 M2","posttmt",0.0677669007257296,"164 posttmt","1 posttmt"
"32508","M2","C4620081","1","165","C4620081 M2","posttmt",0.0675494824610541,"165 posttmt","1 posttmt"
"32509","M2","C4620081","1","166","C4620081 M2","posttmt",0.0675278039646683,"166 posttmt","1 posttmt"
"32510","M2","C4620081","1","167","C4620081 M2","posttmt",0.0671976977104706,"167 posttmt","1 posttmt"
"32511","M2","C4620081","1","168","C4620081 M2","posttmt",0.067123338734556,"168 posttmt","1 posttmt"
"32512","M2","C4620081","1","169","C4620081 M2","posttmt",0.0670082915036916,"169 posttmt","1 posttmt"
"32513","M2","C4620081","1","170","C4620081 M2","posttmt",0.0669149255276986,"170 posttmt","1 posttmt"
"32514","M2","C4620081","1","171","C4620081 M2","posttmt",0.0664947885194668,"171 posttmt","1 posttmt"
"32515","M2","C4620081","1","172","C4620081 M2","posttmt",0.0662562253242458,"172 posttmt","1 posttmt"
"32516","M2","C4620081","1","173","C4620081 M2","posttmt",0.0658510266121502,"173 posttmt","1 posttmt"
"32517","M2","C4620081","1","174","C4620081 M2","posttmt",0.065659432111542,"174 posttmt","1 posttmt"
"32518","M2","C4620081","1","175","C4620081 M2","posttmt",0.06559704517122,"175 posttmt","1 posttmt"
"32519","M2","C4620081","1","176","C4620081 M2","posttmt",0.0654770484577328,"176 posttmt","1 posttmt"
"32520","M2","C4620081","1","177","C4620081 M2","posttmt",0.0653431495751451,"177 posttmt","1 posttmt"
"32521","M2","C4620081","1","178","C4620081 M2","posttmt",0.0652273697677191,"178 posttmt","1 posttmt"
"32522","M2","C4620081","1","179","C4620081 M2","posttmt",0.065048522398197,"179 posttmt","1 posttmt"
"32523","M2","C4620081","1","180","C4620081 M2","posttmt",0.065001668856459,"180 posttmt","1 posttmt"
"32524","M2","C4620081","1","181","C4620081 M2","posttmt",0.0643847254850775,"181 posttmt","1 posttmt"
"32525","M2","C4620081","1","182","C4620081 M2","posttmt",0.0639934295244476,"182 posttmt","1 posttmt"
"32526","M2","C4620081","1","183","C4620081 M2","posttmt",0.0638929537928726,"183 posttmt","1 posttmt"
"32527","M2","C4620081","1","184","C4620081 M2","posttmt",0.0637343249918852,"184 posttmt","1 posttmt"
"32528","M2","C4620081","1","185","C4620081 M2","posttmt",0.0636314329725034,"185 posttmt","1 posttmt"
"32529","M2","C4620081","1","186","C4620081 M2","posttmt",0.0635339056376857,"186 posttmt","1 posttmt"
"32530","M2","C4620081","1","187","C4620081 M2","posttmt",0.0631463199447318,"187 posttmt","1 posttmt"
"32531","M2","C4620081","1","188","C4620081 M2","posttmt",0.0631083357512824,"188 posttmt","1 posttmt"
"32532","M2","C4620081","1","189","C4620081 M2","posttmt",0.0629716175226575,"189 posttmt","1 posttmt"
"32533","M2","C4620081","1","190","C4620081 M2","posttmt",0.0629590324337758,"190 posttmt","1 posttmt"
"32534","M2","C4620081","1","191","C4620081 M2","posttmt",0.0624903702662855,"191 posttmt","1 posttmt"
"32535","M2","C4620081","1","192","C4620081 M2","posttmt",0.0617808137760904,"192 posttmt","1 posttmt"
"32536","M2","C4620081","1","193","C4620081 M2","posttmt",0.0617792654265903,"193 posttmt","1 posttmt"
"32537","M2","C4620081","1","194","C4620081 M2","posttmt",0.061534639282366,"194 posttmt","1 posttmt"
"32538","M2","C4620081","1","195","C4620081 M2","posttmt",0.0613161627633047,"195 posttmt","1 posttmt"
"32539","M2","C4620081","1","196","C4620081 M2","posttmt",0.0610526466893807,"196 posttmt","1 posttmt"
"32540","M2","C4620081","1","197","C4620081 M2","posttmt",0.060929080756821,"197 posttmt","1 posttmt"
"32541","M2","C4620081","1","198","C4620081 M2","posttmt",0.0609044636757015,"198 posttmt","1 posttmt"
"32542","M2","C4620081","1","199","C4620081 M2","posttmt",0.0608793701686667,"199 posttmt","1 posttmt"
"32543","M2","C4620081","1","200","C4620081 M2","posttmt",0.0605705664603034,"200 posttmt","1 posttmt"
"32544","M2","C4620081","1","201","C4620081 M2","posttmt",0.0605451499717738,"201 posttmt","1 posttmt"
"32545","M2","C4620081","1","202","C4620081 M2","posttmt",0.0604448320514888,"202 posttmt","1 posttmt"
"32546","M2","C4620081","1","203","C4620081 M2","posttmt",0.0602800475396473,"203 posttmt","1 posttmt"
"32547","M2","C4620081","1","204","C4620081 M2","posttmt",0.0602440591855578,"204 posttmt","1 posttmt"
"32548","M2","C4620081","1","205","C4620081 M2","posttmt",0.0599487055914388,"205 posttmt","1 posttmt"
"32549","M2","C4620081","1","206","C4620081 M2","posttmt",0.0598788917031874,"206 posttmt","1 posttmt"
"32550","M2","C4620081","1","207","C4620081 M2","posttmt",0.0597478073607108,"207 posttmt","1 posttmt"
"32551","M2","C4620081","1","208","C4620081 M2","posttmt",0.0595439891259212,"208 posttmt","1 posttmt"
"32552","M2","C4620081","1","209","C4620081 M2","posttmt",0.0594964075617231,"209 posttmt","1 posttmt"
"32553","M2","C4620081","1","210","C4620081 M2","posttmt",0.0593220915688664,"210 posttmt","1 posttmt"
"32554","M2","C4620081","1","211","C4620081 M2","posttmt",0.059254288860445,"211 posttmt","1 posttmt"
"32555","M2","C4620081","1","212","C4620081 M2","posttmt",0.0592326074285023,"212 posttmt","1 posttmt"
"32556","M2","C4620081","1","213","C4620081 M2","posttmt",0.05894713047793,"213 posttmt","1 posttmt"
"32557","M2","C4620081","1","214","C4620081 M2","posttmt",0.0588286313495168,"214 posttmt","1 posttmt"
"32558","M2","C4620081","1","215","C4620081 M2","posttmt",0.058471037060557,"215 posttmt","1 posttmt"
"32559","M2","C4620081","1","216","C4620081 M2","posttmt",0.0584220790847805,"216 posttmt","1 posttmt"
"32560","M2","C4620081","1","217","C4620081 M2","posttmt",0.0582105404202253,"217 posttmt","1 posttmt"
"32561","M2","C4620081","1","218","C4620081 M2","posttmt",0.0581220540010621,"218 posttmt","1 posttmt"
"32562","M2","C4620081","1","219","C4620081 M2","posttmt",0.0579948185652643,"219 posttmt","1 posttmt"
"32563","M2","C4620081","1","220","C4620081 M2","posttmt",0.057665174490201,"220 posttmt","1 posttmt"
"32564","M2","C4620081","1","221","C4620081 M2","posttmt",0.057496140343708,"221 posttmt","1 posttmt"
"32565","M2","C4620081","1","222","C4620081 M2","posttmt",0.0573441467878855,"222 posttmt","1 posttmt"
"32566","M2","C4620081","1","223","C4620081 M2","posttmt",0.0564507807437223,"223 posttmt","1 posttmt"
"32567","M2","C4620081","1","224","C4620081 M2","posttmt",0.0561908203221207,"224 posttmt","1 posttmt"
"32568","M2","C4620081","1","225","C4620081 M2","posttmt",0.0561593131912703,"225 posttmt","1 posttmt"
"32569","M2","C4620081","1","226","C4620081 M2","posttmt",0.0560000125419354,"226 posttmt","1 posttmt"
"32570","M2","C4620081","1","227","C4620081 M2","posttmt",0.0557375787102318,"227 posttmt","1 posttmt"
"32571","M2","C4620081","1","228","C4620081 M2","posttmt",0.0556303337318936,"228 posttmt","1 posttmt"
"32572","M2","C4620081","1","229","C4620081 M2","posttmt",0.0555394805661987,"229 posttmt","1 posttmt"
"32573","M2","C4620081","1","230","C4620081 M2","posttmt",0.0555186007877732,"230 posttmt","1 posttmt"
"32574","M2","C4620081","1","231","C4620081 M2","posttmt",0.0554614950237289,"231 posttmt","1 posttmt"
"32575","M2","C4620081","1","232","C4620081 M2","posttmt",0.054985972889166,"232 posttmt","1 posttmt"
"32576","M2","C4620081","1","233","C4620081 M2","posttmt",0.0548090405388605,"233 posttmt","1 posttmt"
"32577","M2","C4620081","1","234","C4620081 M2","posttmt",0.0547771549084488,"234 posttmt","1 posttmt"
"32578","M2","C4620081","1","235","C4620081 M2","posttmt",0.0545019174456146,"235 posttmt","1 posttmt"
"32579","M2","C4620081","1","236","C4620081 M2","posttmt",0.0544818002476456,"236 posttmt","1 posttmt"
"32580","M2","C4620081","1","237","C4620081 M2","posttmt",0.0541925224270753,"237 posttmt","1 posttmt"
"32581","M2","C4620081","1","238","C4620081 M2","posttmt",0.0541693531593346,"238 posttmt","1 posttmt"
"32582","M2","C4620081","1","239","C4620081 M2","posttmt",0.0541081653231706,"239 posttmt","1 posttmt"
"32583","M2","C4620081","1","240","C4620081 M2","posttmt",0.0540468849036147,"240 posttmt","1 posttmt"
"32584","M2","C4620081","1","241","C4620081 M2","posttmt",0.0538458329982164,"241 posttmt","1 posttmt"
"32585","M2","C4620081","1","242","C4620081 M2","posttmt",0.053811903015646,"242 posttmt","1 posttmt"
"32586","M2","C4620081","1","243","C4620081 M2","posttmt",0.0537202275170425,"243 posttmt","1 posttmt"
"32587","M2","C4620081","1","244","C4620081 M2","posttmt",0.0536611669939405,"244 posttmt","1 posttmt"
"32588","M2","C4620081","1","245","C4620081 M2","posttmt",0.053171271384338,"245 posttmt","1 posttmt"
"32589","M2","C4620081","1","246","C4620081 M2","posttmt",0.0530986203754615,"246 posttmt","1 posttmt"
"32590","M2","C4620081","1","247","C4620081 M2","posttmt",0.0530280211242294,"247 posttmt","1 posttmt"
"32591","M2","C4620081","1","248","C4620081 M2","posttmt",0.0526906014210905,"248 posttmt","1 posttmt"
"32592","M2","C4620081","1","249","C4620081 M2","posttmt",0.0525974576118087,"249 posttmt","1 posttmt"
"32593","M2","C4620081","1","250","C4620081 M2","posttmt",0.052523784323613,"250 posttmt","1 posttmt"
"32594","M2","C4620081","1","251","C4620081 M2","posttmt",0.0522107139020236,"251 posttmt","1 posttmt"
"32595","M2","C4620081","1","252","C4620081 M2","posttmt",0.0521731180951495,"252 posttmt","1 posttmt"
"32596","M2","C4620081","1","253","C4620081 M2","posttmt",0.0521364201562046,"253 posttmt","1 posttmt"
"32597","M2","C4620081","1","254","C4620081 M2","posttmt",0.0521149454267125,"254 posttmt","1 posttmt"
"32598","M2","C4620081","1","255","C4620081 M2","posttmt",0.0520659365482209,"255 posttmt","1 posttmt"
"32599","M2","C4620081","1","256","C4620081 M2","posttmt",0.0514976162621662,"256 posttmt","1 posttmt"
"32600","M2","C4620081","1","257","C4620081 M2","posttmt",0.0514346568481329,"257 posttmt","1 posttmt"
"32601","M2","C4620081","1","258","C4620081 M2","posttmt",0.0510879647179117,"258 posttmt","1 posttmt"
"32602","M2","C4620081","1","259","C4620081 M2","posttmt",0.051010223110146,"259 posttmt","1 posttmt"
"32603","M2","C4620081","1","260","C4620081 M2","posttmt",0.0508786040314193,"260 posttmt","1 posttmt"
"32604","M2","C4620081","1","261","C4620081 M2","posttmt",0.0506028495352176,"261 posttmt","1 posttmt"
"32605","M2","C4620081","1","262","C4620081 M2","posttmt",0.0505514530391727,"262 posttmt","1 posttmt"
"32606","M2","C4620081","1","263","C4620081 M2","posttmt",0.0504936497865376,"263 posttmt","1 posttmt"
"32607","M2","C4620081","1","264","C4620081 M2","posttmt",0.0504727541774177,"264 posttmt","1 posttmt"
"32608","M2","C4620081","1","265","C4620081 M2","posttmt",0.0502711064739474,"265 posttmt","1 posttmt"
"32609","M2","C4620081","1","266","C4620081 M2","posttmt",0.050257487246515,"266 posttmt","1 posttmt"
"32610","M2","C4620081","1","267","C4620081 M2","posttmt",0.0502198488140785,"267 posttmt","1 posttmt"
"32611","M2","C4620081","1","268","C4620081 M2","posttmt",0.0501500378110353,"268 posttmt","1 posttmt"
"32612","M2","C4620081","1","269","C4620081 M2","posttmt",0.050131631002881,"269 posttmt","1 posttmt"
"32613","M2","C4620081","1","270","C4620081 M2","posttmt",0.0498404146978578,"270 posttmt","1 posttmt"
"32614","M2","C4620081","1","271","C4620081 M2","posttmt",0.0496582280430664,"271 posttmt","1 posttmt"
"32615","M2","C4620081","1","272","C4620081 M2","posttmt",0.0495256057221699,"272 posttmt","1 posttmt"
"32616","M2","C4620081","1","273","C4620081 M2","posttmt",0.0494996965094141,"273 posttmt","1 posttmt"
"32617","M2","C4620081","1","274","C4620081 M2","posttmt",0.0493406269293794,"274 posttmt","1 posttmt"
"32618","M2","C4620081","1","275","C4620081 M2","posttmt",0.0490811017760936,"275 posttmt","1 posttmt"
"32619","M2","C4620081","1","276","C4620081 M2","posttmt",0.048893727525414,"276 posttmt","1 posttmt"
"32620","M2","C4620081","1","277","C4620081 M2","posttmt",0.0488286076310667,"277 posttmt","1 posttmt"
"32621","M2","C4620081","1","278","C4620081 M2","posttmt",0.0486908133769026,"278 posttmt","1 posttmt"
"32622","M2","C4620081","1","279","C4620081 M2","posttmt",0.0485974584819683,"279 posttmt","1 posttmt"
"32623","M2","C4620081","1","280","C4620081 M2","posttmt",0.0484862071508815,"280 posttmt","1 posttmt"
"32624","M2","C4620081","1","281","C4620081 M2","posttmt",0.0484429602010897,"281 posttmt","1 posttmt"
"32625","M2","C4620081","1","282","C4620081 M2","posttmt",0.0483351101401142,"282 posttmt","1 posttmt"
"32626","M2","C4620081","1","283","C4620081 M2","posttmt",0.0482013561875203,"283 posttmt","1 posttmt"
"32627","M2","C4620081","1","284","C4620081 M2","posttmt",0.0481680534965832,"284 posttmt","1 posttmt"
"32628","M2","C4620081","1","285","C4620081 M2","posttmt",0.0480753906093268,"285 posttmt","1 posttmt"
"32629","M2","C4620081","1","286","C4620081 M2","posttmt",0.0477187741678683,"286 posttmt","1 posttmt"
"32630","M2","C4620081","1","287","C4620081 M2","posttmt",0.0475279458587009,"287 posttmt","1 posttmt"
"32631","M2","C4620081","1","288","C4620081 M2","posttmt",0.0467261873121033,"288 posttmt","1 posttmt"
"32632","M2","C4620081","1","289","C4620081 M2","posttmt",0.0466524232434101,"289 posttmt","1 posttmt"
"32633","M2","C4620081","1","290","C4620081 M2","posttmt",0.0466060064470795,"290 posttmt","1 posttmt"
"32634","M2","C4620081","1","291","C4620081 M2","posttmt",0.0465659139513161,"291 posttmt","1 posttmt"
"32635","M2","C4620081","1","292","C4620081 M2","posttmt",0.0465618987839621,"292 posttmt","1 posttmt"
"32636","M2","C4620081","1","293","C4620081 M2","posttmt",0.0458324022447045,"293 posttmt","1 posttmt"
"32637","M2","C4620081","1","294","C4620081 M2","posttmt",0.0457567878350902,"294 posttmt","1 posttmt"
"32638","M2","C4620081","1","295","C4620081 M2","posttmt",0.0457496815237088,"295 posttmt","1 posttmt"
"32639","M2","C4620081","1","296","C4620081 M2","posttmt",0.0454824790704693,"296 posttmt","1 posttmt"
"32640","M2","C4620081","1","297","C4620081 M2","posttmt",0.0453662625227181,"297 posttmt","1 posttmt"
"32641","M2","C4620081","1","298","C4620081 M2","posttmt",0.0452809682367178,"298 posttmt","1 posttmt"
"32642","M2","C4620081","1","299","C4620081 M2","posttmt",0.0452315983092689,"299 posttmt","1 posttmt"
"32643","M2","C4620081","1","300","C4620081 M2","posttmt",0.0451808625607875,"300 posttmt","1 posttmt"
"32644","M2","C4620081","1","301","C4620081 M2","posttmt",0.0451705185003421,"301 posttmt","1 posttmt"
"32645","M2","C4620081","1","302","C4620081 M2","posttmt",0.0450514323098598,"302 posttmt","1 posttmt"
"32646","M2","C4620081","1","303","C4620081 M2","posttmt",0.0449013576420886,"303 posttmt","1 posttmt"
"32647","M2","C4620081","1","304","C4620081 M2","posttmt",0.0445984794726703,"304 posttmt","1 posttmt"
"32648","M2","C4620081","1","305","C4620081 M2","posttmt",0.0441376944048628,"305 posttmt","1 posttmt"
"32649","M2","C4620081","1","306","C4620081 M2","posttmt",0.0439724043879885,"306 posttmt","1 posttmt"
"32650","M2","C4620081","1","307","C4620081 M2","posttmt",0.043913654391033,"307 posttmt","1 posttmt"
"32651","M2","C4620081","1","308","C4620081 M2","posttmt",0.0434816166113528,"308 posttmt","1 posttmt"
"32652","M2","C4620081","1","309","C4620081 M2","posttmt",0.0432208988348955,"309 posttmt","1 posttmt"
"32653","M2","C4620081","1","310","C4620081 M2","posttmt",0.0431342203250416,"310 posttmt","1 posttmt"
"32654","M2","C4620081","1","311","C4620081 M2","posttmt",0.0425617402224129,"311 posttmt","1 posttmt"
"32655","M2","C4620081","1","312","C4620081 M2","posttmt",0.0424789333218211,"312 posttmt","1 posttmt"
"32656","M2","C4620081","1","313","C4620081 M2","posttmt",0.0423599274940471,"313 posttmt","1 posttmt"
"32657","M2","C4620081","1","314","C4620081 M2","posttmt",0.0420952067912952,"314 posttmt","1 posttmt"
"32658","M2","C4620081","1","315","C4620081 M2","posttmt",0.0419465404071942,"315 posttmt","1 posttmt"
"32659","M2","C4620081","1","316","C4620081 M2","posttmt",0.0418024269050422,"316 posttmt","1 posttmt"
"32660","M2","C4620081","1","317","C4620081 M2","posttmt",0.0415851380161527,"317 posttmt","1 posttmt"
"32661","M2","C4620081","1","318","C4620081 M2","posttmt",0.0411354711251963,"318 posttmt","1 posttmt"
"32662","M2","C4620081","1","319","C4620081 M2","posttmt",0.0411178238159318,"319 posttmt","1 posttmt"
"32663","M2","C4620081","1","320","C4620081 M2","posttmt",0.0410816113736977,"320 posttmt","1 posttmt"
"32664","M2","C4620081","1","321","C4620081 M2","posttmt",0.0405549708405775,"321 posttmt","1 posttmt"
"32665","M2","C4620081","1","322","C4620081 M2","posttmt",0.0400581509164694,"322 posttmt","1 posttmt"
"32666","M2","C4620081","1","323","C4620081 M2","posttmt",0.0399038854016705,"323 posttmt","1 posttmt"
"32667","M2","C4620081","1","324","C4620081 M2","posttmt",0.0398630910921203,"324 posttmt","1 posttmt"
"32668","M2","C4620081","1","325","C4620081 M2","posttmt",0.0386298796378266,"325 posttmt","1 posttmt"
"32669","M2","C4620081","1","326","C4620081 M2","posttmt",0.0385347335056654,"326 posttmt","1 posttmt"
"32670","M2","C4620081","1","327","C4620081 M2","posttmt",0.0384577031658869,"327 posttmt","1 posttmt"
"32671","M2","C4620081","1","328","C4620081 M2","posttmt",0.0383786524226199,"328 posttmt","1 posttmt"
"32672","M2","C4620081","1","329","C4620081 M2","posttmt",0.0382336828801165,"329 posttmt","1 posttmt"
"32673","M2","C4620081","1","330","C4620081 M2","posttmt",0.0381365497503397,"330 posttmt","1 posttmt"
"32674","M2","C4620081","1","331","C4620081 M2","posttmt",0.0379329052792406,"331 posttmt","1 posttmt"
"32675","M2","C4620081","1","332","C4620081 M2","posttmt",0.0377652223735202,"332 posttmt","1 posttmt"
"32676","M2","C4620081","1","333","C4620081 M2","posttmt",0.037755566818356,"333 posttmt","1 posttmt"
"32677","M2","C4620081","1","334","C4620081 M2","posttmt",0.0377278189944312,"334 posttmt","1 posttmt"
"32678","M2","C4620081","1","335","C4620081 M2","posttmt",0.0374548374980794,"335 posttmt","1 posttmt"
"32679","M2","C4620081","1","336","C4620081 M2","posttmt",0.0371976836133524,"336 posttmt","1 posttmt"
"32680","M2","C4620081","1","337","C4620081 M2","posttmt",0.0366615590983213,"337 posttmt","1 posttmt"
"32681","M2","C4620081","1","338","C4620081 M2","posttmt",0.0360034858953335,"338 posttmt","1 posttmt"
"32682","M2","C4620081","1","339","C4620081 M2","posttmt",0.0359307618432436,"339 posttmt","1 posttmt"
"32683","M2","C4620081","1","340","C4620081 M2","posttmt",0.0354756629558136,"340 posttmt","1 posttmt"
"32684","M2","C4620081","1","341","C4620081 M2","posttmt",0.035366376850219,"341 posttmt","1 posttmt"
"32685","M2","C4620081","1","342","C4620081 M2","posttmt",0.0351528960452518,"342 posttmt","1 posttmt"
"32686","M2","C4620081","1","343","C4620081 M2","posttmt",0.0350543893544594,"343 posttmt","1 posttmt"
"32687","M2","C4620081","1","344","C4620081 M2","posttmt",0.0348999427545542,"344 posttmt","1 posttmt"
"32688","M2","C4620081","1","345","C4620081 M2","posttmt",0.0341780554739298,"345 posttmt","1 posttmt"
"32689","M2","C4620081","1","346","C4620081 M2","posttmt",0.0341341984327512,"346 posttmt","1 posttmt"
"32690","M2","C4620081","1","347","C4620081 M2","posttmt",0.0340346526972195,"347 posttmt","1 posttmt"
"32691","M2","C4620081","1","348","C4620081 M2","posttmt",0.0339523204740787,"348 posttmt","1 posttmt"
"32692","M2","C4620081","1","349","C4620081 M2","posttmt",0.033892670429663,"349 posttmt","1 posttmt"
"32693","M2","C4620081","1","350","C4620081 M2","posttmt",0.0336550379374421,"350 posttmt","1 posttmt"
"32694","M2","C4620081","1","351","C4620081 M2","posttmt",0.0333875616306229,"351 posttmt","1 posttmt"
"32695","M2","C4620081","1","352","C4620081 M2","posttmt",0.0328713128906333,"352 posttmt","1 posttmt"
"32696","M2","C4620081","1","353","C4620081 M2","posttmt",0.0328530284268822,"353 posttmt","1 posttmt"
"32697","M2","C4620081","1","354","C4620081 M2","posttmt",0.0326654173101927,"354 posttmt","1 posttmt"
"32698","M2","C4620081","1","355","C4620081 M2","posttmt",0.032548975108903,"355 posttmt","1 posttmt"
"32699","M2","C4620081","1","356","C4620081 M2","posttmt",0.0324618039672515,"356 posttmt","1 posttmt"
"32700","M2","C4620081","1","357","C4620081 M2","posttmt",0.0322681171034124,"357 posttmt","1 posttmt"
"32701","M2","C4620081","1","358","C4620081 M2","posttmt",0.0321901678990609,"358 posttmt","1 posttmt"
"32702","M2","C4620081","1","359","C4620081 M2","posttmt",0.0318448467192198,"359 posttmt","1 posttmt"
"32703","M2","C4620081","1","360","C4620081 M2","posttmt",0.0317908416596401,"360 posttmt","1 posttmt"
"32704","M2","C4620081","1","361","C4620081 M2","posttmt",0.0312104867204008,"361 posttmt","1 posttmt"
"32705","M2","C4620081","1","362","C4620081 M2","posttmt",0.0311882700762545,"362 posttmt","1 posttmt"
"32706","M2","C4620081","1","363","C4620081 M2","posttmt",0.0311191862440862,"363 posttmt","1 posttmt"
"32707","M2","C4620081","1","364","C4620081 M2","posttmt",0.0309968612591295,"364 posttmt","1 posttmt"
"32708","M2","C4620081","1","365","C4620081 M2","posttmt",0.0302702365530329,"365 posttmt","1 posttmt"
"32709","M2","C4620081","1","366","C4620081 M2","posttmt",0.0302090057784854,"366 posttmt","1 posttmt"
"32710","M2","C4620081","1","367","C4620081 M2","posttmt",0.0302049290785125,"367 posttmt","1 posttmt"
"32711","M2","C4620081","1","368","C4620081 M2","posttmt",0.0301147266215265,"368 posttmt","1 posttmt"
"32712","M2","C4620081","1","369","C4620081 M2","posttmt",0.0298693840767154,"369 posttmt","1 posttmt"
"32713","M2","C4620081","1","370","C4620081 M2","posttmt",0.0295959582380207,"370 posttmt","1 posttmt"
"32714","M2","C4620081","1","371","C4620081 M2","posttmt",0.0295206734443591,"371 posttmt","1 posttmt"
"32715","M2","C4620081","1","372","C4620081 M2","posttmt",0.0293453317911486,"372 posttmt","1 posttmt"
"32716","M2","C4620081","1","373","C4620081 M2","posttmt",0.0291845710592584,"373 posttmt","1 posttmt"
"32717","M2","C4620081","1","374","C4620081 M2","posttmt",0.0288559404850912,"374 posttmt","1 posttmt"
"32718","M2","C4620081","1","375","C4620081 M2","posttmt",0.028157441004503,"375 posttmt","1 posttmt"
"32719","M2","C4620081","1","376","C4620081 M2","posttmt",0.0279336971618395,"376 posttmt","1 posttmt"
"32720","M2","C4620081","1","377","C4620081 M2","posttmt",0.0278627138029347,"377 posttmt","1 posttmt"
"32721","M2","C4620081","1","378","C4620081 M2","posttmt",0.0271890256180678,"378 posttmt","1 posttmt"
"32722","M2","C4620081","1","379","C4620081 M2","posttmt",0.0271679052341352,"379 posttmt","1 posttmt"
"32723","M2","C4620081","1","380","C4620081 M2","posttmt",0.0269446377216318,"380 posttmt","1 posttmt"
"32724","M2","C4620081","1","381","C4620081 M2","posttmt",0.0269272011143418,"381 posttmt","1 posttmt"
"32725","M2","C4620081","1","382","C4620081 M2","posttmt",0.0267979875614335,"382 posttmt","1 posttmt"
"32726","M2","C4620081","1","383","C4620081 M2","posttmt",0.0262092129167005,"383 posttmt","1 posttmt"
"32727","M2","C4620081","1","384","C4620081 M2","posttmt",0.0261541646280776,"384 posttmt","1 posttmt"
"32728","M2","C4620081","1","385","C4620081 M2","posttmt",0.0258481605271448,"385 posttmt","1 posttmt"
"32729","M2","C4620081","1","386","C4620081 M2","posttmt",0.0256985237263419,"386 posttmt","1 posttmt"
"32730","M2","C4620081","1","387","C4620081 M2","posttmt",0.0250989466025617,"387 posttmt","1 posttmt"
"32731","M2","C4620081","1","388","C4620081 M2","posttmt",0.0250834584093445,"388 posttmt","1 posttmt"
"32732","M2","C4620081","1","389","C4620081 M2","posttmt",0.0249236420441355,"389 posttmt","1 posttmt"
"32733","M2","C4620081","1","390","C4620081 M2","posttmt",0.0248259278756922,"390 posttmt","1 posttmt"
"32734","M2","C4620081","1","391","C4620081 M2","posttmt",0.0240991169398516,"391 posttmt","1 posttmt"
"32735","M2","C4620081","1","392","C4620081 M2","posttmt",0.0236600097377359,"392 posttmt","1 posttmt"
"32736","M2","C4620081","1","393","C4620081 M2","posttmt",0.0235266003856187,"393 posttmt","1 posttmt"
"32737","M2","C4620081","1","394","C4620081 M2","posttmt",0.0231489037095533,"394 posttmt","1 posttmt"
"32738","M2","C4620081","1","395","C4620081 M2","posttmt",0.0227554057090971,"395 posttmt","1 posttmt"
"32739","M2","C4620081","1","396","C4620081 M2","posttmt",0.0227254674481563,"396 posttmt","1 posttmt"
"32740","M2","C4620081","1","397","C4620081 M2","posttmt",0.0224269939648348,"397 posttmt","1 posttmt"
"32741","M2","C4620081","1","398","C4620081 M2","posttmt",0.0223012928978491,"398 posttmt","1 posttmt"
"32742","M2","C4620081","1","399","C4620081 M2","posttmt",0.0220027412514478,"399 posttmt","1 posttmt"
"32743","M2","C4620081","1","400","C4620081 M2","posttmt",0.0218234721932127,"400 posttmt","1 posttmt"
"32744","M2","C4620081","1","401","C4620081 M2","posttmt",0.0218055575272372,"401 posttmt","1 posttmt"
"32745","M2","C4620081","1","402","C4620081 M2","posttmt",0.0211733891677894,"402 posttmt","1 posttmt"
"32746","M2","C4620081","1","403","C4620081 M2","posttmt",0.0209035288967177,"403 posttmt","1 posttmt"
"32747","M2","C4620081","1","404","C4620081 M2","posttmt",0.0209020859909742,"404 posttmt","1 posttmt"
"32748","M2","C4620081","1","405","C4620081 M2","posttmt",0.0201560232774004,"405 posttmt","1 posttmt"
"32749","M2","C4620081","1","406","C4620081 M2","posttmt",0.0197789050000711,"406 posttmt","1 posttmt"
"32750","M2","C4620081","1","407","C4620081 M2","posttmt",0.0192421911063776,"407 posttmt","1 posttmt"
"32751","M2","C4620081","1","408","C4620081 M2","posttmt",0.0189497639404477,"408 posttmt","1 posttmt"
"32752","M2","C4620081","1","409","C4620081 M2","posttmt",0.0183709518384392,"409 posttmt","1 posttmt"
"32753","M2","C4620081","1","410","C4620081 M2","posttmt",0.018340862483418,"410 posttmt","1 posttmt"
"32754","M2","C4620081","1","411","C4620081 M2","posttmt",0.0182358006227737,"411 posttmt","1 posttmt"
"32755","M2","C4620081","1","412","C4620081 M2","posttmt",0.0176643970872198,"412 posttmt","1 posttmt"
"32756","M2","C4620081","1","413","C4620081 M2","posttmt",0.0174645889315255,"413 posttmt","1 posttmt"
"32757","M2","C4620081","1","414","C4620081 M2","posttmt",0.0168266280205744,"414 posttmt","1 posttmt"
"32758","M2","C4620081","1","415","C4620081 M2","posttmt",0.0164107061868455,"415 posttmt","1 posttmt"
"32759","M2","C4620081","1","416","C4620081 M2","posttmt",0.0156327754864155,"416 posttmt","1 posttmt"
"32760","M2","C4620081","1","417","C4620081 M2","posttmt",0.015507918164348,"417 posttmt","1 posttmt"
"32761","M2","C4620081","1","418","C4620081 M2","posttmt",0.0152230637099456,"418 posttmt","1 posttmt"
"32762","M2","C4620081","1","419","C4620081 M2","posttmt",0.014392783155707,"419 posttmt","1 posttmt"
"32763","M2","C4620081","1","420","C4620081 M2","posttmt",0.014372649072172,"420 posttmt","1 posttmt"
"32764","M2","C4620081","1","421","C4620081 M2","posttmt",0.0143561434014465,"421 posttmt","1 posttmt"
"32765","M2","C4620081","1","422","C4620081 M2","posttmt",0.0141773805527482,"422 posttmt","1 posttmt"
"32766","M2","C4620081","1","423","C4620081 M2","posttmt",0.0132092226230149,"423 posttmt","1 posttmt"
"32767","M2","C4620081","1","424","C4620081 M2","posttmt",0.0131850804138634,"424 posttmt","1 posttmt"
"32768","M2","C4620081","1","425","C4620081 M2","posttmt",0.0124881478161551,"425 posttmt","1 posttmt"
"32769","M2","C4620081","1","426","C4620081 M2","posttmt",0.0123569181210555,"426 posttmt","1 posttmt"
"32770","M2","C4620081","1","427","C4620081 M2","posttmt",0.0120295748848278,"427 posttmt","1 posttmt"
"32771","M2","C4620081","1","428","C4620081 M2","posttmt",0.011512035333012,"428 posttmt","1 posttmt"
"32772","M2","C4620081","1","429","C4620081 M2","posttmt",0.0113710618994053,"429 posttmt","1 posttmt"
"32773","M2","C4620081","1","430","C4620081 M2","posttmt",0.011126393433845,"430 posttmt","1 posttmt"
"32774","M2","C4620081","1","431","C4620081 M2","posttmt",0.00967479079142906,"431 posttmt","1 posttmt"
"32775","M2","C4620081","1","432","C4620081 M2","posttmt",0.00949253023964485,"432 posttmt","1 posttmt"
"32776","M2","C4620081","1","433","C4620081 M2","posttmt",0.00908968988775817,"433 posttmt","1 posttmt"
"32777","M2","C4620081","1","434","C4620081 M2","posttmt",0.00751935556279136,"434 posttmt","1 posttmt"
"32778","M2","C4620081","1","435","C4620081 M2","posttmt",0.00728228833382769,"435 posttmt","1 posttmt"
"32779","M2","C4620081","1","436","C4620081 M2","posttmt",0.00725121190232167,"436 posttmt","1 posttmt"
"32780","M2","C4620081","1","437","C4620081 M2","posttmt",0.00714989593754619,"437 posttmt","1 posttmt"
"32781","M2","C4620081","1","438","C4620081 M2","posttmt",0.00684659752625218,"438 posttmt","1 posttmt"
"32782","M2","C4620081","1","439","C4620081 M2","posttmt",0.00647631347018955,"439 posttmt","1 posttmt"
"32783","M2","C4620081","1","440","C4620081 M2","posttmt",0.00645960225525169,"440 posttmt","1 posttmt"
"32784","M2","C4620081","1","441","C4620081 M2","posttmt",0.00624756670771815,"441 posttmt","1 posttmt"
"32785","M2","C4620081","1","442","C4620081 M2","posttmt",0.00542683045957824,"442 posttmt","1 posttmt"
"32786","M2","C4620081","1","443","C4620081 M2","posttmt",0.00458616700755319,"443 posttmt","1 posttmt"
"32787","M2","C4620081","1","444","C4620081 M2","posttmt",0.00443184810653583,"444 posttmt","1 posttmt"
"32788","M2","C4620081","1","445","C4620081 M2","posttmt",0.00386661199841288,"445 posttmt","1 posttmt"
"32789","M2","C4620081","1","446","C4620081 M2","posttmt",0.00357209721743456,"446 posttmt","1 posttmt"
"32790","M2","C4620081","1","447","C4620081 M2","posttmt",0.00266556020622943,"447 posttmt","1 posttmt"
"32791","M2","C4620081","1","448","C4620081 M2","posttmt",0.001867538702391,"448 posttmt","1 posttmt"
"32792","M2","C4620081","1","449","C4620081 M2","posttmt",0.00170232034578285,"449 posttmt","1 posttmt"
"32793","M2","C4620081","1","450","C4620081 M2","posttmt",0.00142476189596823,"450 posttmt","1 posttmt"
"32794","M2","C4620081","1","451","C4620081 M2","posttmt",0.00131428356997236,"451 posttmt","1 posttmt"
"32795","M2","C4620081","1","452","C4620081 M2","posttmt",3.52489993263409e-05,"452 posttmt","1 posttmt"
"32796","M2","C4620081","1","453","C4620081 M2","posttmt",-0.000202993506956309,"453 posttmt","1 posttmt"
"32797","M2","C4620081","1","454","C4620081 M2","posttmt",-0.000468192790944425,"454 posttmt","1 posttmt"
"32798","M2","C4620081","1","455","C4620081 M2","posttmt",-0.000505835877290445,"455 posttmt","1 posttmt"
"32799","M2","C4620081","1","456","C4620081 M2","posttmt",-0.00364491156450315,"456 posttmt","1 posttmt"
"32800","M2","C4620081","1","457","C4620081 M2","posttmt",-0.00379909449852429,"457 posttmt","1 posttmt"
"32801","M2","C4620081","1","458","C4620081 M2","posttmt",-0.00487620406497569,"458 posttmt","1 posttmt"
"32802","M2","C4620081","1","459","C4620081 M2","posttmt",-0.00526630885073646,"459 posttmt","1 posttmt"
"32803","M2","C4620081","1","460","C4620081 M2","posttmt",-0.00557858054661872,"460 posttmt","1 posttmt"
"32804","M2","C4620081","1","461","C4620081 M2","posttmt",-0.00699646691512934,"461 posttmt","1 posttmt"
"32805","M2","C4620081","1","462","C4620081 M2","posttmt",-0.00704844500391367,"462 posttmt","1 posttmt"
"32806","M2","C4620081","1","463","C4620081 M2","posttmt",-0.00723263115370711,"463 posttmt","1 posttmt"
"32807","M2","C4620081","1","464","C4620081 M2","posttmt",-0.00822489517659706,"464 posttmt","1 posttmt"
"32808","M2","C4620081","1","465","C4620081 M2","posttmt",-0.0109926889600718,"465 posttmt","1 posttmt"
"32809","M2","C4620081","1","466","C4620081 M2","posttmt",-0.011120562764839,"466 posttmt","1 posttmt"
"32810","M2","C4620081","1","467","C4620081 M2","posttmt",-0.0113575448653649,"467 posttmt","1 posttmt"
"32811","M2","C4620081","1","468","C4620081 M2","posttmt",-0.0116133509586368,"468 posttmt","1 posttmt"
"32812","M2","C4620081","1","469","C4620081 M2","posttmt",-0.0134487170690743,"469 posttmt","1 posttmt"
"32813","M2","C4620081","1","470","C4620081 M2","posttmt",-0.0134877398019428,"470 posttmt","1 posttmt"
"32814","M2","C4620081","1","471","C4620081 M2","posttmt",-0.0141094896554982,"471 posttmt","1 posttmt"
"32815","M2","C4620081","1","472","C4620081 M2","posttmt",-0.0149967640579073,"472 posttmt","1 posttmt"
"32816","M2","C4620081","1","473","C4620081 M2","posttmt",-0.0171938104360889,"473 posttmt","1 posttmt"
"32817","M2","C4620081","1","474","C4620081 M2","posttmt",-0.0220859880995603,"474 posttmt","1 posttmt"
"32818","M2","C4620081","1","475","C4620081 M2","posttmt",-0.0237319867514828,"475 posttmt","1 posttmt"
"32819","M2","C4620081","1","476","C4620081 M2","posttmt",-0.0269998823645366,"476 posttmt","1 posttmt"
"32820","M2","C4620081","1","477","C4620081 M2","posttmt",-0.0275896168324791,"477 posttmt","1 posttmt"
"32821","M2","C4620081","1","478","C4620081 M2","posttmt",-0.0278202947478158,"478 posttmt","1 posttmt"
"32822","M2","C4620081","1","479","C4620081 M2","posttmt",-0.0295065253120648,"479 posttmt","1 posttmt"
"32823","M2","C4620081","1","480","C4620081 M2","posttmt",-0.029579786874608,"480 posttmt","1 posttmt"
"32824","M2","C4620081","1","481","C4620081 M2","posttmt",-0.0341783863494957,"481 posttmt","1 posttmt"
"32825","M2","C4620081","1","482","C4620081 M2","posttmt",-0.0476539778573864,"482 posttmt","1 posttmt"
"32826","M2","C4620081","1","483","C4620081 M2","posttmt",-0.0687327664151042,"483 posttmt","1 posttmt"
"32827","M2","C4620081","1","484","C4620081 M2","posttmt",-0.0734920509013482,"484 posttmt","1 posttmt"
"32828","M3","C4620081","1","0","C4620081 M3","posttmt",0.148386676539416,"0 posttmt","1 posttmt"
"32829","M3","C4620081","1","1","C4620081 M3","posttmt",0.143353799147267,"1 posttmt","1 posttmt"
"32830","M3","C4620081","1","2","C4620081 M3","posttmt",0.136025727744822,"2 posttmt","1 posttmt"
"32831","M3","C4620081","1","3","C4620081 M3","posttmt",0.126108692862941,"3 posttmt","1 posttmt"
"32832","M3","C4620081","1","4","C4620081 M3","posttmt",0.122860362850775,"4 posttmt","1 posttmt"
"32833","M3","C4620081","1","5","C4620081 M3","posttmt",0.122523243449143,"5 posttmt","1 posttmt"
"32834","M3","C4620081","1","6","C4620081 M3","posttmt",0.118847086916094,"6 posttmt","1 posttmt"
"32835","M3","C4620081","1","7","C4620081 M3","posttmt",0.114350378427829,"7 posttmt","1 posttmt"
"32836","M3","C4620081","1","8","C4620081 M3","posttmt",0.112813067050727,"8 posttmt","1 posttmt"
"32837","M3","C4620081","1","9","C4620081 M3","posttmt",0.112524397512833,"9 posttmt","1 posttmt"
"32838","M3","C4620081","1","10","C4620081 M3","posttmt",0.111903547181919,"10 posttmt","1 posttmt"
"32839","M3","C4620081","1","11","C4620081 M3","posttmt",0.111748942639456,"11 posttmt","1 posttmt"
"32840","M3","C4620081","1","12","C4620081 M3","posttmt",0.109559434746146,"12 posttmt","1 posttmt"
"32841","M3","C4620081","1","13","C4620081 M3","posttmt",0.105916573685626,"13 posttmt","1 posttmt"
"32842","M3","C4620081","1","14","C4620081 M3","posttmt",0.105419203673361,"14 posttmt","1 posttmt"
"32843","M3","C4620081","1","15","C4620081 M3","posttmt",0.104319678588534,"15 posttmt","1 posttmt"
"32844","M3","C4620081","1","16","C4620081 M3","posttmt",0.103540953687994,"16 posttmt","1 posttmt"
"32845","M3","C4620081","1","17","C4620081 M3","posttmt",0.103339509529359,"17 posttmt","1 posttmt"
"32846","M3","C4620081","1","18","C4620081 M3","posttmt",0.101811196205238,"18 posttmt","1 posttmt"
"32847","M3","C4620081","1","19","C4620081 M3","posttmt",0.101773021270324,"19 posttmt","1 posttmt"
"32848","M3","C4620081","1","20","C4620081 M3","posttmt",0.101537286632513,"20 posttmt","1 posttmt"
"32849","M3","C4620081","1","21","C4620081 M3","posttmt",0.100663372465655,"21 posttmt","1 posttmt"
"32850","M3","C4620081","1","22","C4620081 M3","posttmt",0.100591833626933,"22 posttmt","1 posttmt"
"32851","M3","C4620081","1","23","C4620081 M3","posttmt",0.0999279212933261,"23 posttmt","1 posttmt"
"32852","M3","C4620081","1","24","C4620081 M3","posttmt",0.0991019452990926,"24 posttmt","1 posttmt"
"32853","M3","C4620081","1","25","C4620081 M3","posttmt",0.0966121386239762,"25 posttmt","1 posttmt"
"32854","M3","C4620081","1","26","C4620081 M3","posttmt",0.0965909172029705,"26 posttmt","1 posttmt"
"32855","M3","C4620081","1","27","C4620081 M3","posttmt",0.0961446382662054,"27 posttmt","1 posttmt"
"32856","M3","C4620081","1","28","C4620081 M3","posttmt",0.0958062720432685,"28 posttmt","1 posttmt"
"32857","M3","C4620081","1","29","C4620081 M3","posttmt",0.0957000161192979,"29 posttmt","1 posttmt"
"32858","M3","C4620081","1","30","C4620081 M3","posttmt",0.0955029007638657,"30 posttmt","1 posttmt"
"32859","M3","C4620081","1","31","C4620081 M3","posttmt",0.0955013689622295,"31 posttmt","1 posttmt"
"32860","M3","C4620081","1","32","C4620081 M3","posttmt",0.0937440822100914,"32 posttmt","1 posttmt"
"32861","M3","C4620081","1","33","C4620081 M3","posttmt",0.0933436224741535,"33 posttmt","1 posttmt"
"32862","M3","C4620081","1","34","C4620081 M3","posttmt",0.0922109539791457,"34 posttmt","1 posttmt"
"32863","M3","C4620081","1","35","C4620081 M3","posttmt",0.0912074594525731,"35 posttmt","1 posttmt"
"32864","M3","C4620081","1","36","C4620081 M3","posttmt",0.0908285013035415,"36 posttmt","1 posttmt"
"32865","M3","C4620081","1","37","C4620081 M3","posttmt",0.0903368358278544,"37 posttmt","1 posttmt"
"32866","M3","C4620081","1","38","C4620081 M3","posttmt",0.0893369059943835,"38 posttmt","1 posttmt"
"32867","M3","C4620081","1","39","C4620081 M3","posttmt",0.0891326742952999,"39 posttmt","1 posttmt"
"32868","M3","C4620081","1","40","C4620081 M3","posttmt",0.0882313297659531,"40 posttmt","1 posttmt"
"32869","M3","C4620081","1","41","C4620081 M3","posttmt",0.0882255001290899,"41 posttmt","1 posttmt"
"32870","M3","C4620081","1","42","C4620081 M3","posttmt",0.0880958563262589,"42 posttmt","1 posttmt"
"32871","M3","C4620081","1","43","C4620081 M3","posttmt",0.0874509269865744,"43 posttmt","1 posttmt"
"32872","M3","C4620081","1","44","C4620081 M3","posttmt",0.0870354060920319,"44 posttmt","1 posttmt"
"32873","M3","C4620081","1","45","C4620081 M3","posttmt",0.0870299924486527,"45 posttmt","1 posttmt"
"32874","M3","C4620081","1","46","C4620081 M3","posttmt",0.0868930546637912,"46 posttmt","1 posttmt"
"32875","M3","C4620081","1","47","C4620081 M3","posttmt",0.0860527793351059,"47 posttmt","1 posttmt"
"32876","M3","C4620081","1","48","C4620081 M3","posttmt",0.0853936519382913,"48 posttmt","1 posttmt"
"32877","M3","C4620081","1","49","C4620081 M3","posttmt",0.0834588054065298,"49 posttmt","1 posttmt"
"32878","M3","C4620081","1","50","C4620081 M3","posttmt",0.0825376042491097,"50 posttmt","1 posttmt"
"32879","M3","C4620081","1","51","C4620081 M3","posttmt",0.0824314349709736,"51 posttmt","1 posttmt"
"32880","M3","C4620081","1","52","C4620081 M3","posttmt",0.0823589670070454,"52 posttmt","1 posttmt"
"32881","M3","C4620081","1","53","C4620081 M3","posttmt",0.0816750491639722,"53 posttmt","1 posttmt"
"32882","M3","C4620081","1","54","C4620081 M3","posttmt",0.0815374726964724,"54 posttmt","1 posttmt"
"32883","M3","C4620081","1","55","C4620081 M3","posttmt",0.0814051435137206,"55 posttmt","1 posttmt"
"32884","M3","C4620081","1","56","C4620081 M3","posttmt",0.0813711433139824,"56 posttmt","1 posttmt"
"32885","M3","C4620081","1","57","C4620081 M3","posttmt",0.0807633002395619,"57 posttmt","1 posttmt"
"32886","M3","C4620081","1","58","C4620081 M3","posttmt",0.0807395457621705,"58 posttmt","1 posttmt"
"32887","M3","C4620081","1","59","C4620081 M3","posttmt",0.080607429152373,"59 posttmt","1 posttmt"
"32888","M3","C4620081","1","60","C4620081 M3","posttmt",0.0805503405398318,"60 posttmt","1 posttmt"
"32889","M3","C4620081","1","61","C4620081 M3","posttmt",0.0799794632942847,"61 posttmt","1 posttmt"
"32890","M3","C4620081","1","62","C4620081 M3","posttmt",0.0798444138164345,"62 posttmt","1 posttmt"
"32891","M3","C4620081","1","63","C4620081 M3","posttmt",0.0795580401153671,"63 posttmt","1 posttmt"
"32892","M3","C4620081","1","64","C4620081 M3","posttmt",0.0794850204329737,"64 posttmt","1 posttmt"
"32893","M3","C4620081","1","65","C4620081 M3","posttmt",0.0791303248467418,"65 posttmt","1 posttmt"
"32894","M3","C4620081","1","66","C4620081 M3","posttmt",0.0782598987719482,"66 posttmt","1 posttmt"
"32895","M3","C4620081","1","67","C4620081 M3","posttmt",0.0776681159246431,"67 posttmt","1 posttmt"
"32896","M3","C4620081","1","68","C4620081 M3","posttmt",0.076707277769809,"68 posttmt","1 posttmt"
"32897","M3","C4620081","1","69","C4620081 M3","posttmt",0.0765097106431545,"69 posttmt","1 posttmt"
"32898","M3","C4620081","1","70","C4620081 M3","posttmt",0.07559738821429,"70 posttmt","1 posttmt"
"32899","M3","C4620081","1","71","C4620081 M3","posttmt",0.0754252914755913,"71 posttmt","1 posttmt"
"32900","M3","C4620081","1","72","C4620081 M3","posttmt",0.0753141483099969,"72 posttmt","1 posttmt"
"32901","M3","C4620081","1","73","C4620081 M3","posttmt",0.0750410330544986,"73 posttmt","1 posttmt"
"32902","M3","C4620081","1","74","C4620081 M3","posttmt",0.0748414300343618,"74 posttmt","1 posttmt"
"32903","M3","C4620081","1","75","C4620081 M3","posttmt",0.0748192624237312,"75 posttmt","1 posttmt"
"32904","M3","C4620081","1","76","C4620081 M3","posttmt",0.0744513612195177,"76 posttmt","1 posttmt"
"32905","M3","C4620081","1","77","C4620081 M3","posttmt",0.0743998148749675,"77 posttmt","1 posttmt"
"32906","M3","C4620081","1","78","C4620081 M3","posttmt",0.0743174360242195,"78 posttmt","1 posttmt"
"32907","M3","C4620081","1","79","C4620081 M3","posttmt",0.0733366541120942,"79 posttmt","1 posttmt"
"32908","M3","C4620081","1","80","C4620081 M3","posttmt",0.0730731390183567,"80 posttmt","1 posttmt"
"32909","M3","C4620081","1","81","C4620081 M3","posttmt",0.0725295090006844,"81 posttmt","1 posttmt"
"32910","M3","C4620081","1","82","C4620081 M3","posttmt",0.0724582653819517,"82 posttmt","1 posttmt"
"32911","M3","C4620081","1","83","C4620081 M3","posttmt",0.072145732911157,"83 posttmt","1 posttmt"
"32912","M3","C4620081","1","84","C4620081 M3","posttmt",0.0719933618138319,"84 posttmt","1 posttmt"
"32913","M3","C4620081","1","85","C4620081 M3","posttmt",0.0718434776301794,"85 posttmt","1 posttmt"
"32914","M3","C4620081","1","86","C4620081 M3","posttmt",0.071828628640576,"86 posttmt","1 posttmt"
"32915","M3","C4620081","1","87","C4620081 M3","posttmt",0.0716693330401804,"87 posttmt","1 posttmt"
"32916","M3","C4620081","1","88","C4620081 M3","posttmt",0.0712996211828503,"88 posttmt","1 posttmt"
"32917","M3","C4620081","1","89","C4620081 M3","posttmt",0.070841414533121,"89 posttmt","1 posttmt"
"32918","M3","C4620081","1","90","C4620081 M3","posttmt",0.070409621758663,"90 posttmt","1 posttmt"
"32919","M3","C4620081","1","91","C4620081 M3","posttmt",0.0693342438372496,"91 posttmt","1 posttmt"
"32920","M3","C4620081","1","92","C4620081 M3","posttmt",0.0689491118620969,"92 posttmt","1 posttmt"
"32921","M3","C4620081","1","93","C4620081 M3","posttmt",0.0687683993182213,"93 posttmt","1 posttmt"
"32922","M3","C4620081","1","94","C4620081 M3","posttmt",0.06865139122878,"94 posttmt","1 posttmt"
"32923","M3","C4620081","1","95","C4620081 M3","posttmt",0.0685750643740291,"95 posttmt","1 posttmt"
"32924","M3","C4620081","1","96","C4620081 M3","posttmt",0.0684755428263218,"96 posttmt","1 posttmt"
"32925","M3","C4620081","1","97","C4620081 M3","posttmt",0.0675569859315383,"97 posttmt","1 posttmt"
"32926","M3","C4620081","1","98","C4620081 M3","posttmt",0.0670331603813407,"98 posttmt","1 posttmt"
"32927","M3","C4620081","1","99","C4620081 M3","posttmt",0.066743182396168,"99 posttmt","1 posttmt"
"32928","M3","C4620081","1","100","C4620081 M3","posttmt",0.0664800498611135,"100 posttmt","1 posttmt"
"32929","M3","C4620081","1","101","C4620081 M3","posttmt",0.066326544264443,"101 posttmt","1 posttmt"
"32930","M3","C4620081","1","102","C4620081 M3","posttmt",0.0662960966597468,"102 posttmt","1 posttmt"
"32931","M3","C4620081","1","103","C4620081 M3","posttmt",0.0660690837749023,"103 posttmt","1 posttmt"
"32932","M3","C4620081","1","104","C4620081 M3","posttmt",0.0652416754170867,"104 posttmt","1 posttmt"
"32933","M3","C4620081","1","105","C4620081 M3","posttmt",0.0650787737182087,"105 posttmt","1 posttmt"
"32934","M3","C4620081","1","106","C4620081 M3","posttmt",0.0650736388628805,"106 posttmt","1 posttmt"
"32935","M3","C4620081","1","107","C4620081 M3","posttmt",0.0649822493763288,"107 posttmt","1 posttmt"
"32936","M3","C4620081","1","108","C4620081 M3","posttmt",0.0645350365696704,"108 posttmt","1 posttmt"
"32937","M3","C4620081","1","109","C4620081 M3","posttmt",0.064086932560794,"109 posttmt","1 posttmt"
"32938","M3","C4620081","1","110","C4620081 M3","posttmt",0.063734964845456,"110 posttmt","1 posttmt"
"32939","M3","C4620081","1","111","C4620081 M3","posttmt",0.0634228648436963,"111 posttmt","1 posttmt"
"32940","M3","C4620081","1","112","C4620081 M3","posttmt",0.0628829466752842,"112 posttmt","1 posttmt"
"32941","M3","C4620081","1","113","C4620081 M3","posttmt",0.0624432053059285,"113 posttmt","1 posttmt"
"32942","M3","C4620081","1","114","C4620081 M3","posttmt",0.0624392618163884,"114 posttmt","1 posttmt"
"32943","M3","C4620081","1","115","C4620081 M3","posttmt",0.0623584439936484,"115 posttmt","1 posttmt"
"32944","M3","C4620081","1","116","C4620081 M3","posttmt",0.0616622119832436,"116 posttmt","1 posttmt"
"32945","M3","C4620081","1","117","C4620081 M3","posttmt",0.0616105875810139,"117 posttmt","1 posttmt"
"32946","M3","C4620081","1","118","C4620081 M3","posttmt",0.0615050337065357,"118 posttmt","1 posttmt"
"32947","M3","C4620081","1","119","C4620081 M3","posttmt",0.0612719146913044,"119 posttmt","1 posttmt"
"32948","M3","C4620081","1","120","C4620081 M3","posttmt",0.061170647401496,"120 posttmt","1 posttmt"
"32949","M3","C4620081","1","121","C4620081 M3","posttmt",0.0606358117732262,"121 posttmt","1 posttmt"
"32950","M3","C4620081","1","122","C4620081 M3","posttmt",0.0600747031098547,"122 posttmt","1 posttmt"
"32951","M3","C4620081","1","123","C4620081 M3","posttmt",0.0600153175349034,"123 posttmt","1 posttmt"
"32952","M3","C4620081","1","124","C4620081 M3","posttmt",0.0599825022446383,"124 posttmt","1 posttmt"
"32953","M3","C4620081","1","125","C4620081 M3","posttmt",0.059952888420702,"125 posttmt","1 posttmt"
"32954","M3","C4620081","1","126","C4620081 M3","posttmt",0.0593780127155555,"126 posttmt","1 posttmt"
"32955","M3","C4620081","1","127","C4620081 M3","posttmt",0.0587944955617024,"127 posttmt","1 posttmt"
"32956","M3","C4620081","1","128","C4620081 M3","posttmt",0.058576196897649,"128 posttmt","1 posttmt"
"32957","M3","C4620081","1","129","C4620081 M3","posttmt",0.0583377316161556,"129 posttmt","1 posttmt"
"32958","M3","C4620081","1","130","C4620081 M3","posttmt",0.0581825416009326,"130 posttmt","1 posttmt"
"32959","M3","C4620081","1","131","C4620081 M3","posttmt",0.0577606100851922,"131 posttmt","1 posttmt"
"32960","M3","C4620081","1","132","C4620081 M3","posttmt",0.057406174462157,"132 posttmt","1 posttmt"
"32961","M3","C4620081","1","133","C4620081 M3","posttmt",0.0567237999449777,"133 posttmt","1 posttmt"
"32962","M3","C4620081","1","134","C4620081 M3","posttmt",0.0564347757944984,"134 posttmt","1 posttmt"
"32963","M3","C4620081","1","135","C4620081 M3","posttmt",0.0561241216401075,"135 posttmt","1 posttmt"
"32964","M3","C4620081","1","136","C4620081 M3","posttmt",0.0554667565378398,"136 posttmt","1 posttmt"
"32965","M3","C4620081","1","137","C4620081 M3","posttmt",0.0554612809060848,"137 posttmt","1 posttmt"
"32966","M3","C4620081","1","138","C4620081 M3","posttmt",0.0554479984174201,"138 posttmt","1 posttmt"
"32967","M3","C4620081","1","139","C4620081 M3","posttmt",0.0549869496191552,"139 posttmt","1 posttmt"
"32968","M3","C4620081","1","140","C4620081 M3","posttmt",0.0548759551879029,"140 posttmt","1 posttmt"
"32969","M3","C4620081","1","141","C4620081 M3","posttmt",0.0547955884231838,"141 posttmt","1 posttmt"
"32970","M3","C4620081","1","142","C4620081 M3","posttmt",0.0546306078839214,"142 posttmt","1 posttmt"
"32971","M3","C4620081","1","143","C4620081 M3","posttmt",0.0545309399555677,"143 posttmt","1 posttmt"
"32972","M3","C4620081","1","144","C4620081 M3","posttmt",0.0545221146137979,"144 posttmt","1 posttmt"
"32973","M3","C4620081","1","145","C4620081 M3","posttmt",0.0543433456526532,"145 posttmt","1 posttmt"
"32974","M3","C4620081","1","146","C4620081 M3","posttmt",0.0542575999577105,"146 posttmt","1 posttmt"
"32975","M3","C4620081","1","147","C4620081 M3","posttmt",0.0540292720610655,"147 posttmt","1 posttmt"
"32976","M3","C4620081","1","148","C4620081 M3","posttmt",0.0533330827981189,"148 posttmt","1 posttmt"
"32977","M3","C4620081","1","149","C4620081 M3","posttmt",0.0533293419094108,"149 posttmt","1 posttmt"
"32978","M3","C4620081","1","150","C4620081 M3","posttmt",0.0532933218576657,"150 posttmt","1 posttmt"
"32979","M3","C4620081","1","151","C4620081 M3","posttmt",0.0531024791523439,"151 posttmt","1 posttmt"
"32980","M3","C4620081","1","152","C4620081 M3","posttmt",0.053028905510878,"152 posttmt","1 posttmt"
"32981","M3","C4620081","1","153","C4620081 M3","posttmt",0.0529232743675856,"153 posttmt","1 posttmt"
"32982","M3","C4620081","1","154","C4620081 M3","posttmt",0.0529101251088289,"154 posttmt","1 posttmt"
"32983","M3","C4620081","1","155","C4620081 M3","posttmt",0.0528297271224069,"155 posttmt","1 posttmt"
"32984","M3","C4620081","1","156","C4620081 M3","posttmt",0.0527528812377169,"156 posttmt","1 posttmt"
"32985","M3","C4620081","1","157","C4620081 M3","posttmt",0.0526992403235326,"157 posttmt","1 posttmt"
"32986","M3","C4620081","1","158","C4620081 M3","posttmt",0.0526803291345373,"158 posttmt","1 posttmt"
"32987","M3","C4620081","1","159","C4620081 M3","posttmt",0.0525660144358321,"159 posttmt","1 posttmt"
"32988","M3","C4620081","1","160","C4620081 M3","posttmt",0.0524848078948129,"160 posttmt","1 posttmt"
"32989","M3","C4620081","1","161","C4620081 M3","posttmt",0.0524247841469675,"161 posttmt","1 posttmt"
"32990","M3","C4620081","1","162","C4620081 M3","posttmt",0.0522885771158549,"162 posttmt","1 posttmt"
"32991","M3","C4620081","1","163","C4620081 M3","posttmt",0.0522226710566072,"163 posttmt","1 posttmt"
"32992","M3","C4620081","1","164","C4620081 M3","posttmt",0.0521898484903861,"164 posttmt","1 posttmt"
"32993","M3","C4620081","1","165","C4620081 M3","posttmt",0.052116182064639,"165 posttmt","1 posttmt"
"32994","M3","C4620081","1","166","C4620081 M3","posttmt",0.0520033315371117,"166 posttmt","1 posttmt"
"32995","M3","C4620081","1","167","C4620081 M3","posttmt",0.0519998897222108,"167 posttmt","1 posttmt"
"32996","M3","C4620081","1","168","C4620081 M3","posttmt",0.0519594470544048,"168 posttmt","1 posttmt"
"32997","M3","C4620081","1","169","C4620081 M3","posttmt",0.0518697166089753,"169 posttmt","1 posttmt"
"32998","M3","C4620081","1","170","C4620081 M3","posttmt",0.0518339828812805,"170 posttmt","1 posttmt"
"32999","M3","C4620081","1","171","C4620081 M3","posttmt",0.0511041936769339,"171 posttmt","1 posttmt"
"33000","M3","C4620081","1","172","C4620081 M3","posttmt",0.0510662355437886,"172 posttmt","1 posttmt"
"33001","M3","C4620081","1","173","C4620081 M3","posttmt",0.0510233430215686,"173 posttmt","1 posttmt"
"33002","M3","C4620081","1","174","C4620081 M3","posttmt",0.0506744822271068,"174 posttmt","1 posttmt"
"33003","M3","C4620081","1","175","C4620081 M3","posttmt",0.0502015386507142,"175 posttmt","1 posttmt"
"33004","M3","C4620081","1","176","C4620081 M3","posttmt",0.0496249801790743,"176 posttmt","1 posttmt"
"33005","M3","C4620081","1","177","C4620081 M3","posttmt",0.0495853141579448,"177 posttmt","1 posttmt"
"33006","M3","C4620081","1","178","C4620081 M3","posttmt",0.0489863425544749,"178 posttmt","1 posttmt"
"33007","M3","C4620081","1","179","C4620081 M3","posttmt",0.0489536657152137,"179 posttmt","1 posttmt"
"33008","M3","C4620081","1","180","C4620081 M3","posttmt",0.0489359964691109,"180 posttmt","1 posttmt"
"33009","M3","C4620081","1","181","C4620081 M3","posttmt",0.0486022473716118,"181 posttmt","1 posttmt"
"33010","M3","C4620081","1","182","C4620081 M3","posttmt",0.0481732050378629,"182 posttmt","1 posttmt"
"33011","M3","C4620081","1","183","C4620081 M3","posttmt",0.0481493176275897,"183 posttmt","1 posttmt"
"33012","M3","C4620081","1","184","C4620081 M3","posttmt",0.0479890792954818,"184 posttmt","1 posttmt"
"33013","M3","C4620081","1","185","C4620081 M3","posttmt",0.0479253911157281,"185 posttmt","1 posttmt"
"33014","M3","C4620081","1","186","C4620081 M3","posttmt",0.0477096140241046,"186 posttmt","1 posttmt"
"33015","M3","C4620081","1","187","C4620081 M3","posttmt",0.0472000519618763,"187 posttmt","1 posttmt"
"33016","M3","C4620081","1","188","C4620081 M3","posttmt",0.0471765298986646,"188 posttmt","1 posttmt"
"33017","M3","C4620081","1","189","C4620081 M3","posttmt",0.0471013708407515,"189 posttmt","1 posttmt"
"33018","M3","C4620081","1","190","C4620081 M3","posttmt",0.0460759131627217,"190 posttmt","1 posttmt"
"33019","M3","C4620081","1","191","C4620081 M3","posttmt",0.0460503172523815,"191 posttmt","1 posttmt"
"33020","M3","C4620081","1","192","C4620081 M3","posttmt",0.0456480833827975,"192 posttmt","1 posttmt"
"33021","M3","C4620081","1","193","C4620081 M3","posttmt",0.0454152611083895,"193 posttmt","1 posttmt"
"33022","M3","C4620081","1","194","C4620081 M3","posttmt",0.0451000821506183,"194 posttmt","1 posttmt"
"33023","M3","C4620081","1","195","C4620081 M3","posttmt",0.0447756270036418,"195 posttmt","1 posttmt"
"33024","M3","C4620081","1","196","C4620081 M3","posttmt",0.0447670147517856,"196 posttmt","1 posttmt"
"33025","M3","C4620081","1","197","C4620081 M3","posttmt",0.0446991391067315,"197 posttmt","1 posttmt"
"33026","M3","C4620081","1","198","C4620081 M3","posttmt",0.0446620977947235,"198 posttmt","1 posttmt"
"33027","M3","C4620081","1","199","C4620081 M3","posttmt",0.0445501791184886,"199 posttmt","1 posttmt"
"33028","M3","C4620081","1","200","C4620081 M3","posttmt",0.0443616059950604,"200 posttmt","1 posttmt"
"33029","M3","C4620081","1","201","C4620081 M3","posttmt",0.0442805410807936,"201 posttmt","1 posttmt"
"33030","M3","C4620081","1","202","C4620081 M3","posttmt",0.0441662747961458,"202 posttmt","1 posttmt"
"33031","M3","C4620081","1","203","C4620081 M3","posttmt",0.0438074534474507,"203 posttmt","1 posttmt"
"33032","M3","C4620081","1","204","C4620081 M3","posttmt",0.0437872929467086,"204 posttmt","1 posttmt"
"33033","M3","C4620081","1","205","C4620081 M3","posttmt",0.0434793752196483,"205 posttmt","1 posttmt"
"33034","M3","C4620081","1","206","C4620081 M3","posttmt",0.0433080024849645,"206 posttmt","1 posttmt"
"33035","M3","C4620081","1","207","C4620081 M3","posttmt",0.0432519046483749,"207 posttmt","1 posttmt"
"33036","M3","C4620081","1","208","C4620081 M3","posttmt",0.0428394802069952,"208 posttmt","1 posttmt"
"33037","M3","C4620081","1","209","C4620081 M3","posttmt",0.0428062811902156,"209 posttmt","1 posttmt"
"33038","M3","C4620081","1","210","C4620081 M3","posttmt",0.0426580928283932,"210 posttmt","1 posttmt"
"33039","M3","C4620081","1","211","C4620081 M3","posttmt",0.0422242871734823,"211 posttmt","1 posttmt"
"33040","M3","C4620081","1","212","C4620081 M3","posttmt",0.0421670238403124,"212 posttmt","1 posttmt"
"33041","M3","C4620081","1","213","C4620081 M3","posttmt",0.041752378043353,"213 posttmt","1 posttmt"
"33042","M3","C4620081","1","214","C4620081 M3","posttmt",0.0416982151600751,"214 posttmt","1 posttmt"
"33043","M3","C4620081","1","215","C4620081 M3","posttmt",0.0416722243159205,"215 posttmt","1 posttmt"
"33044","M3","C4620081","1","216","C4620081 M3","posttmt",0.0415867455551429,"216 posttmt","1 posttmt"
"33045","M3","C4620081","1","217","C4620081 M3","posttmt",0.0415246543574493,"217 posttmt","1 posttmt"
"33046","M3","C4620081","1","218","C4620081 M3","posttmt",0.0414072105616938,"218 posttmt","1 posttmt"
"33047","M3","C4620081","1","219","C4620081 M3","posttmt",0.0412725573534587,"219 posttmt","1 posttmt"
"33048","M3","C4620081","1","220","C4620081 M3","posttmt",0.0412115181609276,"220 posttmt","1 posttmt"
"33049","M3","C4620081","1","221","C4620081 M3","posttmt",0.0408965817806745,"221 posttmt","1 posttmt"
"33050","M3","C4620081","1","222","C4620081 M3","posttmt",0.0407433496427065,"222 posttmt","1 posttmt"
"33051","M3","C4620081","1","223","C4620081 M3","posttmt",0.0406936734371865,"223 posttmt","1 posttmt"
"33052","M3","C4620081","1","224","C4620081 M3","posttmt",0.0406745941209883,"224 posttmt","1 posttmt"
"33053","M3","C4620081","1","225","C4620081 M3","posttmt",0.0402522889192247,"225 posttmt","1 posttmt"
"33054","M3","C4620081","1","226","C4620081 M3","posttmt",0.0401442674197688,"226 posttmt","1 posttmt"
"33055","M3","C4620081","1","227","C4620081 M3","posttmt",0.0401165045986184,"227 posttmt","1 posttmt"
"33056","M3","C4620081","1","228","C4620081 M3","posttmt",0.0398826951709182,"228 posttmt","1 posttmt"
"33057","M3","C4620081","1","229","C4620081 M3","posttmt",0.0398813754745151,"229 posttmt","1 posttmt"
"33058","M3","C4620081","1","230","C4620081 M3","posttmt",0.0393144363718565,"230 posttmt","1 posttmt"
"33059","M3","C4620081","1","231","C4620081 M3","posttmt",0.039273168643123,"231 posttmt","1 posttmt"
"33060","M3","C4620081","1","232","C4620081 M3","posttmt",0.039195406804946,"232 posttmt","1 posttmt"
"33061","M3","C4620081","1","233","C4620081 M3","posttmt",0.0390440807121756,"233 posttmt","1 posttmt"
"33062","M3","C4620081","1","234","C4620081 M3","posttmt",0.0386518791422767,"234 posttmt","1 posttmt"
"33063","M3","C4620081","1","235","C4620081 M3","posttmt",0.0385990758948314,"235 posttmt","1 posttmt"
"33064","M3","C4620081","1","236","C4620081 M3","posttmt",0.0385513100780265,"236 posttmt","1 posttmt"
"33065","M3","C4620081","1","237","C4620081 M3","posttmt",0.0381182133251783,"237 posttmt","1 posttmt"
"33066","M3","C4620081","1","238","C4620081 M3","posttmt",0.0375053103641037,"238 posttmt","1 posttmt"
"33067","M3","C4620081","1","239","C4620081 M3","posttmt",0.0373815685700604,"239 posttmt","1 posttmt"
"33068","M3","C4620081","1","240","C4620081 M3","posttmt",0.0372564243502703,"240 posttmt","1 posttmt"
"33069","M3","C4620081","1","241","C4620081 M3","posttmt",0.0369260200488688,"241 posttmt","1 posttmt"
"33070","M3","C4620081","1","242","C4620081 M3","posttmt",0.036778278159679,"242 posttmt","1 posttmt"
"33071","M3","C4620081","1","243","C4620081 M3","posttmt",0.0366416277291899,"243 posttmt","1 posttmt"
"33072","M3","C4620081","1","244","C4620081 M3","posttmt",0.036161535598997,"244 posttmt","1 posttmt"
"33073","M3","C4620081","1","245","C4620081 M3","posttmt",0.0358637190410362,"245 posttmt","1 posttmt"
"33074","M3","C4620081","1","246","C4620081 M3","posttmt",0.0357027880316586,"246 posttmt","1 posttmt"
"33075","M3","C4620081","1","247","C4620081 M3","posttmt",0.0351851093842839,"247 posttmt","1 posttmt"
"33076","M3","C4620081","1","248","C4620081 M3","posttmt",0.0350405590375594,"248 posttmt","1 posttmt"
"33077","M3","C4620081","1","249","C4620081 M3","posttmt",0.0350059612935039,"249 posttmt","1 posttmt"
"33078","M3","C4620081","1","250","C4620081 M3","posttmt",0.0349157734821528,"250 posttmt","1 posttmt"
"33079","M3","C4620081","1","251","C4620081 M3","posttmt",0.0343071019452139,"251 posttmt","1 posttmt"
"33080","M3","C4620081","1","252","C4620081 M3","posttmt",0.0332253165005898,"252 posttmt","1 posttmt"
"33081","M3","C4620081","1","253","C4620081 M3","posttmt",0.0324424754443007,"253 posttmt","1 posttmt"
"33082","M3","C4620081","1","254","C4620081 M3","posttmt",0.0317774983875465,"254 posttmt","1 posttmt"
"33083","M3","C4620081","1","255","C4620081 M3","posttmt",0.0310384872621726,"255 posttmt","1 posttmt"
"33084","M3","C4620081","1","256","C4620081 M3","posttmt",0.0300434345490846,"256 posttmt","1 posttmt"
"33085","M3","C4620081","1","257","C4620081 M3","posttmt",0.0300182397515652,"257 posttmt","1 posttmt"
"33086","M3","C4620081","1","258","C4620081 M3","posttmt",0.0299720420916036,"258 posttmt","1 posttmt"
"33087","M3","C4620081","1","259","C4620081 M3","posttmt",0.029823547911813,"259 posttmt","1 posttmt"
"33088","M3","C4620081","1","260","C4620081 M3","posttmt",0.0293674741983506,"260 posttmt","1 posttmt"
"33089","M3","C4620081","1","261","C4620081 M3","posttmt",0.02912326352515,"261 posttmt","1 posttmt"
"33090","M3","C4620081","1","262","C4620081 M3","posttmt",0.0285898879579794,"262 posttmt","1 posttmt"
"33091","M3","C4620081","1","263","C4620081 M3","posttmt",0.0284504012871855,"263 posttmt","1 posttmt"
"33092","M3","C4620081","1","264","C4620081 M3","posttmt",0.0282658228705781,"264 posttmt","1 posttmt"
"33093","M3","C4620081","1","265","C4620081 M3","posttmt",0.0279766484670925,"265 posttmt","1 posttmt"
"33094","M3","C4620081","1","266","C4620081 M3","posttmt",0.0277683218648663,"266 posttmt","1 posttmt"
"33095","M3","C4620081","1","267","C4620081 M3","posttmt",0.0275935865838445,"267 posttmt","1 posttmt"
"33096","M3","C4620081","1","268","C4620081 M3","posttmt",0.0272192827675348,"268 posttmt","1 posttmt"
"33097","M3","C4620081","1","269","C4620081 M3","posttmt",0.0267102920504599,"269 posttmt","1 posttmt"
"33098","M3","C4620081","1","270","C4620081 M3","posttmt",0.026634435307771,"270 posttmt","1 posttmt"
"33099","M3","C4620081","1","271","C4620081 M3","posttmt",0.0265179085396934,"271 posttmt","1 posttmt"
"33100","M3","C4620081","1","272","C4620081 M3","posttmt",0.0256921928819084,"272 posttmt","1 posttmt"
"33101","M3","C4620081","1","273","C4620081 M3","posttmt",0.0250420745840202,"273 posttmt","1 posttmt"
"33102","M3","C4620081","1","274","C4620081 M3","posttmt",0.0248655968093694,"274 posttmt","1 posttmt"
"33103","M3","C4620081","1","275","C4620081 M3","posttmt",0.0247498157927313,"275 posttmt","1 posttmt"
"33104","M3","C4620081","1","276","C4620081 M3","posttmt",0.0243237573522095,"276 posttmt","1 posttmt"
"33105","M3","C4620081","1","277","C4620081 M3","posttmt",0.0241202973406952,"277 posttmt","1 posttmt"
"33106","M3","C4620081","1","278","C4620081 M3","posttmt",0.0238170720072632,"278 posttmt","1 posttmt"
"33107","M3","C4620081","1","279","C4620081 M3","posttmt",0.023403565303293,"279 posttmt","1 posttmt"
"33108","M3","C4620081","1","280","C4620081 M3","posttmt",0.023164193342952,"280 posttmt","1 posttmt"
"33109","M3","C4620081","1","281","C4620081 M3","posttmt",0.0228952184914697,"281 posttmt","1 posttmt"
"33110","M3","C4620081","1","282","C4620081 M3","posttmt",0.0227956507905886,"282 posttmt","1 posttmt"
"33111","M3","C4620081","1","283","C4620081 M3","posttmt",0.022172780729806,"283 posttmt","1 posttmt"
"33112","M3","C4620081","1","284","C4620081 M3","posttmt",0.0217367364878867,"284 posttmt","1 posttmt"
"33113","M3","C4620081","1","285","C4620081 M3","posttmt",0.021698922538408,"285 posttmt","1 posttmt"
"33114","M3","C4620081","1","286","C4620081 M3","posttmt",0.0205005963873352,"286 posttmt","1 posttmt"
"33115","M3","C4620081","1","287","C4620081 M3","posttmt",0.0193519274167498,"287 posttmt","1 posttmt"
"33116","M3","C4620081","1","288","C4620081 M3","posttmt",0.0192939549608886,"288 posttmt","1 posttmt"
"33117","M3","C4620081","1","289","C4620081 M3","posttmt",0.0190848642092389,"289 posttmt","1 posttmt"
"33118","M3","C4620081","1","290","C4620081 M3","posttmt",0.0190091687894335,"290 posttmt","1 posttmt"
"33119","M3","C4620081","1","291","C4620081 M3","posttmt",0.0188883632717604,"291 posttmt","1 posttmt"
"33120","M3","C4620081","1","292","C4620081 M3","posttmt",0.0188336232810098,"292 posttmt","1 posttmt"
"33121","M3","C4620081","1","293","C4620081 M3","posttmt",0.0186074570828268,"293 posttmt","1 posttmt"
"33122","M3","C4620081","1","294","C4620081 M3","posttmt",0.0180055711570787,"294 posttmt","1 posttmt"
"33123","M3","C4620081","1","295","C4620081 M3","posttmt",0.0172976343761788,"295 posttmt","1 posttmt"
"33124","M3","C4620081","1","296","C4620081 M3","posttmt",0.01707462270434,"296 posttmt","1 posttmt"
"33125","M3","C4620081","1","297","C4620081 M3","posttmt",0.016765988259722,"297 posttmt","1 posttmt"
"33126","M3","C4620081","1","298","C4620081 M3","posttmt",0.0163708543261145,"298 posttmt","1 posttmt"
"33127","M3","C4620081","1","299","C4620081 M3","posttmt",0.0162666040697084,"299 posttmt","1 posttmt"
"33128","M3","C4620081","1","300","C4620081 M3","posttmt",0.0156541668998859,"300 posttmt","1 posttmt"
"33129","M3","C4620081","1","301","C4620081 M3","posttmt",0.0155999190282326,"301 posttmt","1 posttmt"
"33130","M3","C4620081","1","302","C4620081 M3","posttmt",0.0145458505578492,"302 posttmt","1 posttmt"
"33131","M3","C4620081","1","303","C4620081 M3","posttmt",0.0137867816979521,"303 posttmt","1 posttmt"
"33132","M3","C4620081","1","304","C4620081 M3","posttmt",0.0137441116598535,"304 posttmt","1 posttmt"
"33133","M3","C4620081","1","305","C4620081 M3","posttmt",0.013718066277635,"305 posttmt","1 posttmt"
"33134","M3","C4620081","1","306","C4620081 M3","posttmt",0.0132558134342821,"306 posttmt","1 posttmt"
"33135","M3","C4620081","1","307","C4620081 M3","posttmt",0.0127377442669636,"307 posttmt","1 posttmt"
"33136","M3","C4620081","1","308","C4620081 M3","posttmt",0.0124872059941795,"308 posttmt","1 posttmt"
"33137","M3","C4620081","1","309","C4620081 M3","posttmt",0.0117789550435392,"309 posttmt","1 posttmt"
"33138","M3","C4620081","1","310","C4620081 M3","posttmt",0.0114467814867155,"310 posttmt","1 posttmt"
"33139","M3","C4620081","1","311","C4620081 M3","posttmt",0.0113195952199934,"311 posttmt","1 posttmt"
"33140","M3","C4620081","1","312","C4620081 M3","posttmt",0.0109416380203531,"312 posttmt","1 posttmt"
"33141","M3","C4620081","1","313","C4620081 M3","posttmt",0.0108703205699509,"313 posttmt","1 posttmt"
"33142","M3","C4620081","1","314","C4620081 M3","posttmt",0.010784427872527,"314 posttmt","1 posttmt"
"33143","M3","C4620081","1","315","C4620081 M3","posttmt",0.0104691094248159,"315 posttmt","1 posttmt"
"33144","M3","C4620081","1","316","C4620081 M3","posttmt",0.0100253450810317,"316 posttmt","1 posttmt"
"33145","M3","C4620081","1","317","C4620081 M3","posttmt",0.0079360094579732,"317 posttmt","1 posttmt"
"33146","M3","C4620081","1","318","C4620081 M3","posttmt",0.00657578433212789,"318 posttmt","1 posttmt"
"33147","M3","C4620081","1","319","C4620081 M3","posttmt",0.00456697028188467,"319 posttmt","1 posttmt"
"33148","M3","C4620081","1","320","C4620081 M3","posttmt",0.00423384232082204,"320 posttmt","1 posttmt"
"33149","M3","C4620081","1","321","C4620081 M3","posttmt",0.0024054317537261,"321 posttmt","1 posttmt"
"33150","M3","C4620081","1","322","C4620081 M3","posttmt",0.000372034444295182,"322 posttmt","1 posttmt"
"33151","M3","C4620081","1","323","C4620081 M3","posttmt",0.000119678587285586,"323 posttmt","1 posttmt"
"33152","M3","C4620081","1","324","C4620081 M3","posttmt",-0.000480904706166347,"324 posttmt","1 posttmt"
"33153","M3","C4620081","1","325","C4620081 M3","posttmt",-0.000523693672011467,"325 posttmt","1 posttmt"
"33154","M3","C4620081","1","326","C4620081 M3","posttmt",-0.00100141178512195,"326 posttmt","1 posttmt"
"33155","M3","C4620081","1","327","C4620081 M3","posttmt",-0.00145931640548232,"327 posttmt","1 posttmt"
"33156","M3","C4620081","1","328","C4620081 M3","posttmt",-0.0031982199513622,"328 posttmt","1 posttmt"
"33157","M3","C4620081","1","329","C4620081 M3","posttmt",-0.010077582881603,"329 posttmt","1 posttmt"
"33158","M3","C4620081","1","330","C4620081 M3","posttmt",-0.0180884823281003,"330 posttmt","1 posttmt"
"33159","M3","C4620081","1","331","C4620081 M3","posttmt",-0.0191133116162868,"331 posttmt","1 posttmt"
"33160","M3","C4620081","1","332","C4620081 M3","posttmt",-0.0217392749278565,"332 posttmt","1 posttmt"
"33161","M3","C4620081","1","333","C4620081 M3","posttmt",-0.0298154332971815,"333 posttmt","1 posttmt"
"33162","M3","C4620081","1","334","C4620081 M3","posttmt",-0.0315976060253528,"334 posttmt","1 posttmt"
"33163","M4","C4620081","1","0","C4620081 M4","posttmt",0.156903877015405,"0 posttmt","1 posttmt"
"33164","M4","C4620081","1","1","C4620081 M4","posttmt",0.142235034604758,"1 posttmt","1 posttmt"
"33165","M4","C4620081","1","2","C4620081 M4","posttmt",0.140047460632403,"2 posttmt","1 posttmt"
"33166","M4","C4620081","1","3","C4620081 M4","posttmt",0.139577671241755,"3 posttmt","1 posttmt"
"33167","M4","C4620081","1","4","C4620081 M4","posttmt",0.139451512498119,"4 posttmt","1 posttmt"
"33168","M4","C4620081","1","5","C4620081 M4","posttmt",0.137237702998791,"5 posttmt","1 posttmt"
"33169","M4","C4620081","1","6","C4620081 M4","posttmt",0.135005149094754,"6 posttmt","1 posttmt"
"33170","M4","C4620081","1","7","C4620081 M4","posttmt",0.134535372503487,"7 posttmt","1 posttmt"
"33171","M4","C4620081","1","8","C4620081 M4","posttmt",0.130745158890807,"8 posttmt","1 posttmt"
"33172","M4","C4620081","1","9","C4620081 M4","posttmt",0.129760155569493,"9 posttmt","1 posttmt"
"33173","M4","C4620081","1","10","C4620081 M4","posttmt",0.127212305046985,"10 posttmt","1 posttmt"
"33174","M4","C4620081","1","11","C4620081 M4","posttmt",0.124648744200865,"11 posttmt","1 posttmt"
"33175","M4","C4620081","1","12","C4620081 M4","posttmt",0.121859540938109,"12 posttmt","1 posttmt"
"33176","M4","C4620081","1","13","C4620081 M4","posttmt",0.119954578590622,"13 posttmt","1 posttmt"
"33177","M4","C4620081","1","14","C4620081 M4","posttmt",0.119470692632431,"14 posttmt","1 posttmt"
"33178","M4","C4620081","1","15","C4620081 M4","posttmt",0.119042463642149,"15 posttmt","1 posttmt"
"33179","M4","C4620081","1","16","C4620081 M4","posttmt",0.118738335415475,"16 posttmt","1 posttmt"
"33180","M4","C4620081","1","17","C4620081 M4","posttmt",0.117990680474526,"17 posttmt","1 posttmt"
"33181","M4","C4620081","1","18","C4620081 M4","posttmt",0.117773590825948,"18 posttmt","1 posttmt"
"33182","M4","C4620081","1","19","C4620081 M4","posttmt",0.116973309402014,"19 posttmt","1 posttmt"
"33183","M4","C4620081","1","20","C4620081 M4","posttmt",0.115935711708113,"20 posttmt","1 posttmt"
"33184","M4","C4620081","1","21","C4620081 M4","posttmt",0.115006281367988,"21 posttmt","1 posttmt"
"33185","M4","C4620081","1","22","C4620081 M4","posttmt",0.114845573498118,"22 posttmt","1 posttmt"
"33186","M4","C4620081","1","23","C4620081 M4","posttmt",0.114019486369373,"23 posttmt","1 posttmt"
"33187","M4","C4620081","1","24","C4620081 M4","posttmt",0.113905369164435,"24 posttmt","1 posttmt"
"33188","M4","C4620081","1","25","C4620081 M4","posttmt",0.110717216139971,"25 posttmt","1 posttmt"
"33189","M4","C4620081","1","26","C4620081 M4","posttmt",0.110595377484637,"26 posttmt","1 posttmt"
"33190","M4","C4620081","1","27","C4620081 M4","posttmt",0.110212709645027,"27 posttmt","1 posttmt"
"33191","M4","C4620081","1","28","C4620081 M4","posttmt",0.11004420200833,"28 posttmt","1 posttmt"
"33192","M4","C4620081","1","29","C4620081 M4","posttmt",0.110000278026691,"29 posttmt","1 posttmt"
"33193","M4","C4620081","1","30","C4620081 M4","posttmt",0.109408582139025,"30 posttmt","1 posttmt"
"33194","M4","C4620081","1","31","C4620081 M4","posttmt",0.108856524180038,"31 posttmt","1 posttmt"
"33195","M4","C4620081","1","32","C4620081 M4","posttmt",0.108403031864836,"32 posttmt","1 posttmt"
"33196","M4","C4620081","1","33","C4620081 M4","posttmt",0.10793370275816,"33 posttmt","1 posttmt"
"33197","M4","C4620081","1","34","C4620081 M4","posttmt",0.107847609232091,"34 posttmt","1 posttmt"
"33198","M4","C4620081","1","35","C4620081 M4","posttmt",0.10759856875629,"35 posttmt","1 posttmt"
"33199","M4","C4620081","1","36","C4620081 M4","posttmt",0.107137665372243,"36 posttmt","1 posttmt"
"33200","M4","C4620081","1","37","C4620081 M4","posttmt",0.10674381857349,"37 posttmt","1 posttmt"
"33201","M4","C4620081","1","38","C4620081 M4","posttmt",0.106220609182945,"38 posttmt","1 posttmt"
"33202","M4","C4620081","1","39","C4620081 M4","posttmt",0.105499892297718,"39 posttmt","1 posttmt"
"33203","M4","C4620081","1","40","C4620081 M4","posttmt",0.105173490386372,"40 posttmt","1 posttmt"
"33204","M4","C4620081","1","41","C4620081 M4","posttmt",0.104594501494244,"41 posttmt","1 posttmt"
"33205","M4","C4620081","1","42","C4620081 M4","posttmt",0.1045754587594,"42 posttmt","1 posttmt"
"33206","M4","C4620081","1","43","C4620081 M4","posttmt",0.104185795800287,"43 posttmt","1 posttmt"
"33207","M4","C4620081","1","44","C4620081 M4","posttmt",0.103927140222147,"44 posttmt","1 posttmt"
"33208","M4","C4620081","1","45","C4620081 M4","posttmt",0.103881457076344,"45 posttmt","1 posttmt"
"33209","M4","C4620081","1","46","C4620081 M4","posttmt",0.103376393787621,"46 posttmt","1 posttmt"
"33210","M4","C4620081","1","47","C4620081 M4","posttmt",0.103282359206964,"47 posttmt","1 posttmt"
"33211","M4","C4620081","1","48","C4620081 M4","posttmt",0.102648072796038,"48 posttmt","1 posttmt"
"33212","M4","C4620081","1","49","C4620081 M4","posttmt",0.100746123046102,"49 posttmt","1 posttmt"
"33213","M4","C4620081","1","50","C4620081 M4","posttmt",0.100370889044859,"50 posttmt","1 posttmt"
"33214","M4","C4620081","1","51","C4620081 M4","posttmt",0.100283063431506,"51 posttmt","1 posttmt"
"33215","M4","C4620081","1","52","C4620081 M4","posttmt",0.100200927306317,"52 posttmt","1 posttmt"
"33216","M4","C4620081","1","53","C4620081 M4","posttmt",0.100027434380683,"53 posttmt","1 posttmt"
"33217","M4","C4620081","1","54","C4620081 M4","posttmt",0.0995866726051178,"54 posttmt","1 posttmt"
"33218","M4","C4620081","1","55","C4620081 M4","posttmt",0.0994835631683889,"55 posttmt","1 posttmt"
"33219","M4","C4620081","1","56","C4620081 M4","posttmt",0.0990142864839532,"56 posttmt","1 posttmt"
"33220","M4","C4620081","1","57","C4620081 M4","posttmt",0.0989992876430979,"57 posttmt","1 posttmt"
"33221","M4","C4620081","1","58","C4620081 M4","posttmt",0.0979303228901764,"58 posttmt","1 posttmt"
"33222","M4","C4620081","1","59","C4620081 M4","posttmt",0.0976134291107607,"59 posttmt","1 posttmt"
"33223","M4","C4620081","1","60","C4620081 M4","posttmt",0.09744305733848,"60 posttmt","1 posttmt"
"33224","M4","C4620081","1","61","C4620081 M4","posttmt",0.0971646610382737,"61 posttmt","1 posttmt"
"33225","M4","C4620081","1","62","C4620081 M4","posttmt",0.0951878241095224,"62 posttmt","1 posttmt"
"33226","M4","C4620081","1","63","C4620081 M4","posttmt",0.0947257436855749,"63 posttmt","1 posttmt"
"33227","M4","C4620081","1","64","C4620081 M4","posttmt",0.0930723989266369,"64 posttmt","1 posttmt"
"33228","M4","C4620081","1","65","C4620081 M4","posttmt",0.0928946944099032,"65 posttmt","1 posttmt"
"33229","M4","C4620081","1","66","C4620081 M4","posttmt",0.0927749041056359,"66 posttmt","1 posttmt"
"33230","M4","C4620081","1","67","C4620081 M4","posttmt",0.0925527320851979,"67 posttmt","1 posttmt"
"33231","M4","C4620081","1","68","C4620081 M4","posttmt",0.0925279660380517,"68 posttmt","1 posttmt"
"33232","M4","C4620081","1","69","C4620081 M4","posttmt",0.0921905793448552,"69 posttmt","1 posttmt"
"33233","M4","C4620081","1","70","C4620081 M4","posttmt",0.0921681802880791,"70 posttmt","1 posttmt"
"33234","M4","C4620081","1","71","C4620081 M4","posttmt",0.0913162929523132,"71 posttmt","1 posttmt"
"33235","M4","C4620081","1","72","C4620081 M4","posttmt",0.0911717663488508,"72 posttmt","1 posttmt"
"33236","M4","C4620081","1","73","C4620081 M4","posttmt",0.0907599792336771,"73 posttmt","1 posttmt"
"33237","M4","C4620081","1","74","C4620081 M4","posttmt",0.0907396288898756,"74 posttmt","1 posttmt"
"33238","M4","C4620081","1","75","C4620081 M4","posttmt",0.0906631293987484,"75 posttmt","1 posttmt"
"33239","M4","C4620081","1","76","C4620081 M4","posttmt",0.0903616578035052,"76 posttmt","1 posttmt"
"33240","M4","C4620081","1","77","C4620081 M4","posttmt",0.090229622935979,"77 posttmt","1 posttmt"
"33241","M4","C4620081","1","78","C4620081 M4","posttmt",0.0896579450802775,"78 posttmt","1 posttmt"
"33242","M4","C4620081","1","79","C4620081 M4","posttmt",0.0893751910494338,"79 posttmt","1 posttmt"
"33243","M4","C4620081","1","80","C4620081 M4","posttmt",0.0893577924717806,"80 posttmt","1 posttmt"
"33244","M4","C4620081","1","81","C4620081 M4","posttmt",0.0893521098273692,"81 posttmt","1 posttmt"
"33245","M4","C4620081","1","82","C4620081 M4","posttmt",0.0892797295665289,"82 posttmt","1 posttmt"
"33246","M4","C4620081","1","83","C4620081 M4","posttmt",0.0892468910753698,"83 posttmt","1 posttmt"
"33247","M4","C4620081","1","84","C4620081 M4","posttmt",0.0888746796063587,"84 posttmt","1 posttmt"
"33248","M4","C4620081","1","85","C4620081 M4","posttmt",0.0886407108116614,"85 posttmt","1 posttmt"
"33249","M4","C4620081","1","86","C4620081 M4","posttmt",0.0886391139601321,"86 posttmt","1 posttmt"
"33250","M4","C4620081","1","87","C4620081 M4","posttmt",0.0885185346139308,"87 posttmt","1 posttmt"
"33251","M4","C4620081","1","88","C4620081 M4","posttmt",0.0883144521186729,"88 posttmt","1 posttmt"
"33252","M4","C4620081","1","89","C4620081 M4","posttmt",0.0879422691705011,"89 posttmt","1 posttmt"
"33253","M4","C4620081","1","90","C4620081 M4","posttmt",0.0878659090379525,"90 posttmt","1 posttmt"
"33254","M4","C4620081","1","91","C4620081 M4","posttmt",0.087423281123824,"91 posttmt","1 posttmt"
"33255","M4","C4620081","1","92","C4620081 M4","posttmt",0.0872269619825788,"92 posttmt","1 posttmt"
"33256","M4","C4620081","1","93","C4620081 M4","posttmt",0.0871487961744586,"93 posttmt","1 posttmt"
"33257","M4","C4620081","1","94","C4620081 M4","posttmt",0.087139345804006,"94 posttmt","1 posttmt"
"33258","M4","C4620081","1","95","C4620081 M4","posttmt",0.0871215071864744,"95 posttmt","1 posttmt"
"33259","M4","C4620081","1","96","C4620081 M4","posttmt",0.0869232090049351,"96 posttmt","1 posttmt"
"33260","M4","C4620081","1","97","C4620081 M4","posttmt",0.0864290045415665,"97 posttmt","1 posttmt"
"33261","M4","C4620081","1","98","C4620081 M4","posttmt",0.0863643654745857,"98 posttmt","1 posttmt"
"33262","M4","C4620081","1","99","C4620081 M4","posttmt",0.0858754555847457,"99 posttmt","1 posttmt"
"33263","M4","C4620081","1","100","C4620081 M4","posttmt",0.0853542583881854,"100 posttmt","1 posttmt"
"33264","M4","C4620081","1","101","C4620081 M4","posttmt",0.0850835091599355,"101 posttmt","1 posttmt"
"33265","M4","C4620081","1","102","C4620081 M4","posttmt",0.0849485343628437,"102 posttmt","1 posttmt"
"33266","M4","C4620081","1","103","C4620081 M4","posttmt",0.0847611030957963,"103 posttmt","1 posttmt"
"33267","M4","C4620081","1","104","C4620081 M4","posttmt",0.0846697865941612,"104 posttmt","1 posttmt"
"33268","M4","C4620081","1","105","C4620081 M4","posttmt",0.0839693402608014,"105 posttmt","1 posttmt"
"33269","M4","C4620081","1","106","C4620081 M4","posttmt",0.083931416480496,"106 posttmt","1 posttmt"
"33270","M4","C4620081","1","107","C4620081 M4","posttmt",0.0828936234466303,"107 posttmt","1 posttmt"
"33271","M4","C4620081","1","108","C4620081 M4","posttmt",0.0827175583897702,"108 posttmt","1 posttmt"
"33272","M4","C4620081","1","109","C4620081 M4","posttmt",0.0826635303201479,"109 posttmt","1 posttmt"
"33273","M4","C4620081","1","110","C4620081 M4","posttmt",0.0825607985224899,"110 posttmt","1 posttmt"
"33274","M4","C4620081","1","111","C4620081 M4","posttmt",0.0825243477843228,"111 posttmt","1 posttmt"
"33275","M4","C4620081","1","112","C4620081 M4","posttmt",0.0824208299140901,"112 posttmt","1 posttmt"
"33276","M4","C4620081","1","113","C4620081 M4","posttmt",0.081156693162453,"113 posttmt","1 posttmt"
"33277","M4","C4620081","1","114","C4620081 M4","posttmt",0.0810018564035455,"114 posttmt","1 posttmt"
"33278","M4","C4620081","1","115","C4620081 M4","posttmt",0.0807558099380471,"115 posttmt","1 posttmt"
"33279","M4","C4620081","1","116","C4620081 M4","posttmt",0.0806510088441575,"116 posttmt","1 posttmt"
"33280","M4","C4620081","1","117","C4620081 M4","posttmt",0.0806491754084235,"117 posttmt","1 posttmt"
"33281","M4","C4620081","1","118","C4620081 M4","posttmt",0.0805904407888018,"118 posttmt","1 posttmt"
"33282","M4","C4620081","1","119","C4620081 M4","posttmt",0.0804265853044889,"119 posttmt","1 posttmt"
"33283","M4","C4620081","1","120","C4620081 M4","posttmt",0.0801800053148796,"120 posttmt","1 posttmt"
"33284","M4","C4620081","1","121","C4620081 M4","posttmt",0.0800948617507709,"121 posttmt","1 posttmt"
"33285","M4","C4620081","1","122","C4620081 M4","posttmt",0.0800184466062801,"122 posttmt","1 posttmt"
"33286","M4","C4620081","1","123","C4620081 M4","posttmt",0.0800036863694058,"123 posttmt","1 posttmt"
"33287","M4","C4620081","1","124","C4620081 M4","posttmt",0.0797903037520241,"124 posttmt","1 posttmt"
"33288","M4","C4620081","1","125","C4620081 M4","posttmt",0.0797484832831504,"125 posttmt","1 posttmt"
"33289","M4","C4620081","1","126","C4620081 M4","posttmt",0.0791281103054122,"126 posttmt","1 posttmt"
"33290","M4","C4620081","1","127","C4620081 M4","posttmt",0.0791106120741969,"127 posttmt","1 posttmt"
"33291","M4","C4620081","1","128","C4620081 M4","posttmt",0.0789313557740443,"128 posttmt","1 posttmt"
"33292","M4","C4620081","1","129","C4620081 M4","posttmt",0.0789041656524325,"129 posttmt","1 posttmt"
"33293","M4","C4620081","1","130","C4620081 M4","posttmt",0.0788942853341093,"130 posttmt","1 posttmt"
"33294","M4","C4620081","1","131","C4620081 M4","posttmt",0.0787334966485675,"131 posttmt","1 posttmt"
"33295","M4","C4620081","1","132","C4620081 M4","posttmt",0.0784770740324724,"132 posttmt","1 posttmt"
"33296","M4","C4620081","1","133","C4620081 M4","posttmt",0.0782285863972272,"133 posttmt","1 posttmt"
"33297","M4","C4620081","1","134","C4620081 M4","posttmt",0.0780845350657708,"134 posttmt","1 posttmt"
"33298","M4","C4620081","1","135","C4620081 M4","posttmt",0.0777631948952504,"135 posttmt","1 posttmt"
"33299","M4","C4620081","1","136","C4620081 M4","posttmt",0.0777086822977169,"136 posttmt","1 posttmt"
"33300","M4","C4620081","1","137","C4620081 M4","posttmt",0.0775939187149225,"137 posttmt","1 posttmt"
"33301","M4","C4620081","1","138","C4620081 M4","posttmt",0.0775164018911203,"138 posttmt","1 posttmt"
"33302","M4","C4620081","1","139","C4620081 M4","posttmt",0.0773079658320907,"139 posttmt","1 posttmt"
"33303","M4","C4620081","1","140","C4620081 M4","posttmt",0.077036028389464,"140 posttmt","1 posttmt"
"33304","M4","C4620081","1","141","C4620081 M4","posttmt",0.0770060682334315,"141 posttmt","1 posttmt"
"33305","M4","C4620081","1","142","C4620081 M4","posttmt",0.0768829274563178,"142 posttmt","1 posttmt"
"33306","M4","C4620081","1","143","C4620081 M4","posttmt",0.07660503991748,"143 posttmt","1 posttmt"
"33307","M4","C4620081","1","144","C4620081 M4","posttmt",0.0765201039158828,"144 posttmt","1 posttmt"
"33308","M4","C4620081","1","145","C4620081 M4","posttmt",0.0764780776931762,"145 posttmt","1 posttmt"
"33309","M4","C4620081","1","146","C4620081 M4","posttmt",0.0761558584651787,"146 posttmt","1 posttmt"
"33310","M4","C4620081","1","147","C4620081 M4","posttmt",0.0761376339098457,"147 posttmt","1 posttmt"
"33311","M4","C4620081","1","148","C4620081 M4","posttmt",0.0761020268131393,"148 posttmt","1 posttmt"
"33312","M4","C4620081","1","149","C4620081 M4","posttmt",0.0759080577821368,"149 posttmt","1 posttmt"
"33313","M4","C4620081","1","150","C4620081 M4","posttmt",0.0754179940395599,"150 posttmt","1 posttmt"
"33314","M4","C4620081","1","151","C4620081 M4","posttmt",0.075131582161041,"151 posttmt","1 posttmt"
"33315","M4","C4620081","1","152","C4620081 M4","posttmt",0.0751009060308264,"152 posttmt","1 posttmt"
"33316","M4","C4620081","1","153","C4620081 M4","posttmt",0.0745516984274996,"153 posttmt","1 posttmt"
"33317","M4","C4620081","1","154","C4620081 M4","posttmt",0.0742739536916103,"154 posttmt","1 posttmt"
"33318","M4","C4620081","1","155","C4620081 M4","posttmt",0.0742000232155953,"155 posttmt","1 posttmt"
"33319","M4","C4620081","1","156","C4620081 M4","posttmt",0.074167989920505,"156 posttmt","1 posttmt"
"33320","M4","C4620081","1","157","C4620081 M4","posttmt",0.0741661979944159,"157 posttmt","1 posttmt"
"33321","M4","C4620081","1","158","C4620081 M4","posttmt",0.0740466155634027,"158 posttmt","1 posttmt"
"33322","M4","C4620081","1","159","C4620081 M4","posttmt",0.0738952273179023,"159 posttmt","1 posttmt"
"33323","M4","C4620081","1","160","C4620081 M4","posttmt",0.0738663005754243,"160 posttmt","1 posttmt"
"33324","M4","C4620081","1","161","C4620081 M4","posttmt",0.0733423923381037,"161 posttmt","1 posttmt"
"33325","M4","C4620081","1","162","C4620081 M4","posttmt",0.073200076819681,"162 posttmt","1 posttmt"
"33326","M4","C4620081","1","163","C4620081 M4","posttmt",0.073030213992409,"163 posttmt","1 posttmt"
"33327","M4","C4620081","1","164","C4620081 M4","posttmt",0.0730061384786149,"164 posttmt","1 posttmt"
"33328","M4","C4620081","1","165","C4620081 M4","posttmt",0.0725285743438473,"165 posttmt","1 posttmt"
"33329","M4","C4620081","1","166","C4620081 M4","posttmt",0.0725206648237801,"166 posttmt","1 posttmt"
"33330","M4","C4620081","1","167","C4620081 M4","posttmt",0.0724801364413347,"167 posttmt","1 posttmt"
"33331","M4","C4620081","1","168","C4620081 M4","posttmt",0.0724038768285463,"168 posttmt","1 posttmt"
"33332","M4","C4620081","1","169","C4620081 M4","posttmt",0.0722663276326422,"169 posttmt","1 posttmt"
"33333","M4","C4620081","1","170","C4620081 M4","posttmt",0.0720139804690368,"170 posttmt","1 posttmt"
"33334","M4","C4620081","1","171","C4620081 M4","posttmt",0.0717316793371292,"171 posttmt","1 posttmt"
"33335","M4","C4620081","1","172","C4620081 M4","posttmt",0.0716519622581685,"172 posttmt","1 posttmt"
"33336","M4","C4620081","1","173","C4620081 M4","posttmt",0.071481552484574,"173 posttmt","1 posttmt"
"33337","M4","C4620081","1","174","C4620081 M4","posttmt",0.0709248733575989,"174 posttmt","1 posttmt"
"33338","M4","C4620081","1","175","C4620081 M4","posttmt",0.0703016025027001,"175 posttmt","1 posttmt"
"33339","M4","C4620081","1","176","C4620081 M4","posttmt",0.0702130906022654,"176 posttmt","1 posttmt"
"33340","M4","C4620081","1","177","C4620081 M4","posttmt",0.0700476206250708,"177 posttmt","1 posttmt"
"33341","M4","C4620081","1","178","C4620081 M4","posttmt",0.0700155174644546,"178 posttmt","1 posttmt"
"33342","M4","C4620081","1","179","C4620081 M4","posttmt",0.0699032849875922,"179 posttmt","1 posttmt"
"33343","M4","C4620081","1","180","C4620081 M4","posttmt",0.0694766655631736,"180 posttmt","1 posttmt"
"33344","M4","C4620081","1","181","C4620081 M4","posttmt",0.0692966765629603,"181 posttmt","1 posttmt"
"33345","M4","C4620081","1","182","C4620081 M4","posttmt",0.0685750286865391,"182 posttmt","1 posttmt"
"33346","M4","C4620081","1","183","C4620081 M4","posttmt",0.0684481725617452,"183 posttmt","1 posttmt"
"33347","M4","C4620081","1","184","C4620081 M4","posttmt",0.0682931889604207,"184 posttmt","1 posttmt"
"33348","M4","C4620081","1","185","C4620081 M4","posttmt",0.0682546393469836,"185 posttmt","1 posttmt"
"33349","M4","C4620081","1","186","C4620081 M4","posttmt",0.0680779387718463,"186 posttmt","1 posttmt"
"33350","M4","C4620081","1","187","C4620081 M4","posttmt",0.067845863304692,"187 posttmt","1 posttmt"
"33351","M4","C4620081","1","188","C4620081 M4","posttmt",0.0675526583010259,"188 posttmt","1 posttmt"
"33352","M4","C4620081","1","189","C4620081 M4","posttmt",0.0675230912958311,"189 posttmt","1 posttmt"
"33353","M4","C4620081","1","190","C4620081 M4","posttmt",0.0673301566928486,"190 posttmt","1 posttmt"
"33354","M4","C4620081","1","191","C4620081 M4","posttmt",0.0672309157104618,"191 posttmt","1 posttmt"
"33355","M4","C4620081","1","192","C4620081 M4","posttmt",0.067086032046852,"192 posttmt","1 posttmt"
"33356","M4","C4620081","1","193","C4620081 M4","posttmt",0.0668627444374711,"193 posttmt","1 posttmt"
"33357","M4","C4620081","1","194","C4620081 M4","posttmt",0.0667745866609413,"194 posttmt","1 posttmt"
"33358","M4","C4620081","1","195","C4620081 M4","posttmt",0.0666476390143106,"195 posttmt","1 posttmt"
"33359","M4","C4620081","1","196","C4620081 M4","posttmt",0.0664643945081255,"196 posttmt","1 posttmt"
"33360","M4","C4620081","1","197","C4620081 M4","posttmt",0.0664436175556524,"197 posttmt","1 posttmt"
"33361","M4","C4620081","1","198","C4620081 M4","posttmt",0.0662360126439146,"198 posttmt","1 posttmt"
"33362","M4","C4620081","1","199","C4620081 M4","posttmt",0.0662313605872145,"199 posttmt","1 posttmt"
"33363","M4","C4620081","1","200","C4620081 M4","posttmt",0.0658763741720975,"200 posttmt","1 posttmt"
"33364","M4","C4620081","1","201","C4620081 M4","posttmt",0.0653366643182555,"201 posttmt","1 posttmt"
"33365","M4","C4620081","1","202","C4620081 M4","posttmt",0.0652266559829197,"202 posttmt","1 posttmt"
"33366","M4","C4620081","1","203","C4620081 M4","posttmt",0.0652232265358164,"203 posttmt","1 posttmt"
"33367","M4","C4620081","1","204","C4620081 M4","posttmt",0.0646946791033124,"204 posttmt","1 posttmt"
"33368","M4","C4620081","1","205","C4620081 M4","posttmt",0.0642751034587805,"205 posttmt","1 posttmt"
"33369","M4","C4620081","1","206","C4620081 M4","posttmt",0.0637707275237065,"206 posttmt","1 posttmt"
"33370","M4","C4620081","1","207","C4620081 M4","posttmt",0.0634544866352053,"207 posttmt","1 posttmt"
"33371","M4","C4620081","1","208","C4620081 M4","posttmt",0.0631324881604179,"208 posttmt","1 posttmt"
"33372","M4","C4620081","1","209","C4620081 M4","posttmt",0.0630127105309589,"209 posttmt","1 posttmt"
"33373","M4","C4620081","1","210","C4620081 M4","posttmt",0.0628727014037958,"210 posttmt","1 posttmt"
"33374","M4","C4620081","1","211","C4620081 M4","posttmt",0.0621925110399009,"211 posttmt","1 posttmt"
"33375","M4","C4620081","1","212","C4620081 M4","posttmt",0.0617522441936246,"212 posttmt","1 posttmt"
"33376","M4","C4620081","1","213","C4620081 M4","posttmt",0.0617168186396639,"213 posttmt","1 posttmt"
"33377","M4","C4620081","1","214","C4620081 M4","posttmt",0.0614313900336392,"214 posttmt","1 posttmt"
"33378","M4","C4620081","1","215","C4620081 M4","posttmt",0.0612047884604195,"215 posttmt","1 posttmt"
"33379","M4","C4620081","1","216","C4620081 M4","posttmt",0.0611153649999443,"216 posttmt","1 posttmt"
"33380","M4","C4620081","1","217","C4620081 M4","posttmt",0.0609698485088816,"217 posttmt","1 posttmt"
"33381","M4","C4620081","1","218","C4620081 M4","posttmt",0.06064350239173,"218 posttmt","1 posttmt"
"33382","M4","C4620081","1","219","C4620081 M4","posttmt",0.0604315960350256,"219 posttmt","1 posttmt"
"33383","M4","C4620081","1","220","C4620081 M4","posttmt",0.0602114067242481,"220 posttmt","1 posttmt"
"33384","M4","C4620081","1","221","C4620081 M4","posttmt",0.0601713442322959,"221 posttmt","1 posttmt"
"33385","M4","C4620081","1","222","C4620081 M4","posttmt",0.0601331664238538,"222 posttmt","1 posttmt"
"33386","M4","C4620081","1","223","C4620081 M4","posttmt",0.0600131001484918,"223 posttmt","1 posttmt"
"33387","M4","C4620081","1","224","C4620081 M4","posttmt",0.0594638011331964,"224 posttmt","1 posttmt"
"33388","M4","C4620081","1","225","C4620081 M4","posttmt",0.0594330188242791,"225 posttmt","1 posttmt"
"33389","M4","C4620081","1","226","C4620081 M4","posttmt",0.0589102737875326,"226 posttmt","1 posttmt"
"33390","M4","C4620081","1","227","C4620081 M4","posttmt",0.0586674196121159,"227 posttmt","1 posttmt"
"33391","M4","C4620081","1","228","C4620081 M4","posttmt",0.0579570735082878,"228 posttmt","1 posttmt"
"33392","M4","C4620081","1","229","C4620081 M4","posttmt",0.0576309444908096,"229 posttmt","1 posttmt"
"33393","M4","C4620081","1","230","C4620081 M4","posttmt",0.057397750499948,"230 posttmt","1 posttmt"
"33394","M4","C4620081","1","231","C4620081 M4","posttmt",0.0573471447226859,"231 posttmt","1 posttmt"
"33395","M4","C4620081","1","232","C4620081 M4","posttmt",0.0569514134393967,"232 posttmt","1 posttmt"
"33396","M4","C4620081","1","233","C4620081 M4","posttmt",0.0567358289434912,"233 posttmt","1 posttmt"
"33397","M4","C4620081","1","234","C4620081 M4","posttmt",0.0565874713702877,"234 posttmt","1 posttmt"
"33398","M4","C4620081","1","235","C4620081 M4","posttmt",0.0564263414937045,"235 posttmt","1 posttmt"
"33399","M4","C4620081","1","236","C4620081 M4","posttmt",0.0560340677258709,"236 posttmt","1 posttmt"
"33400","M4","C4620081","1","237","C4620081 M4","posttmt",0.0559347170068104,"237 posttmt","1 posttmt"
"33401","M4","C4620081","1","238","C4620081 M4","posttmt",0.0558998015140279,"238 posttmt","1 posttmt"
"33402","M4","C4620081","1","239","C4620081 M4","posttmt",0.0555144384037169,"239 posttmt","1 posttmt"
"33403","M4","C4620081","1","240","C4620081 M4","posttmt",0.055293847852004,"240 posttmt","1 posttmt"
"33404","M4","C4620081","1","241","C4620081 M4","posttmt",0.05459669171702,"241 posttmt","1 posttmt"
"33405","M4","C4620081","1","242","C4620081 M4","posttmt",0.0544312719185308,"242 posttmt","1 posttmt"
"33406","M4","C4620081","1","243","C4620081 M4","posttmt",0.0542262064416556,"243 posttmt","1 posttmt"
"33407","M4","C4620081","1","244","C4620081 M4","posttmt",0.0540183826717044,"244 posttmt","1 posttmt"
"33408","M4","C4620081","1","245","C4620081 M4","posttmt",0.0533009201469993,"245 posttmt","1 posttmt"
"33409","M4","C4620081","1","246","C4620081 M4","posttmt",0.0532787052933544,"246 posttmt","1 posttmt"
"33410","M4","C4620081","1","247","C4620081 M4","posttmt",0.0532124073918239,"247 posttmt","1 posttmt"
"33411","M4","C4620081","1","248","C4620081 M4","posttmt",0.0529761514274335,"248 posttmt","1 posttmt"
"33412","M4","C4620081","1","249","C4620081 M4","posttmt",0.0524324655351428,"249 posttmt","1 posttmt"
"33413","M4","C4620081","1","250","C4620081 M4","posttmt",0.0521041100962926,"250 posttmt","1 posttmt"
"33414","M4","C4620081","1","251","C4620081 M4","posttmt",0.0521003871985799,"251 posttmt","1 posttmt"
"33415","M4","C4620081","1","252","C4620081 M4","posttmt",0.0520359481575839,"252 posttmt","1 posttmt"
"33416","M4","C4620081","1","253","C4620081 M4","posttmt",0.0519462080383981,"253 posttmt","1 posttmt"
"33417","M4","C4620081","1","254","C4620081 M4","posttmt",0.0519425220702827,"254 posttmt","1 posttmt"
"33418","M4","C4620081","1","255","C4620081 M4","posttmt",0.0518595112336373,"255 posttmt","1 posttmt"
"33419","M4","C4620081","1","256","C4620081 M4","posttmt",0.0515608095790246,"256 posttmt","1 posttmt"
"33420","M4","C4620081","1","257","C4620081 M4","posttmt",0.0514278816059147,"257 posttmt","1 posttmt"
"33421","M4","C4620081","1","258","C4620081 M4","posttmt",0.0512853546650221,"258 posttmt","1 posttmt"
"33422","M4","C4620081","1","259","C4620081 M4","posttmt",0.0508982711867395,"259 posttmt","1 posttmt"
"33423","M4","C4620081","1","260","C4620081 M4","posttmt",0.0503067895764181,"260 posttmt","1 posttmt"
"33424","M4","C4620081","1","261","C4620081 M4","posttmt",0.0501326900194788,"261 posttmt","1 posttmt"
"33425","M4","C4620081","1","262","C4620081 M4","posttmt",0.049575559657671,"262 posttmt","1 posttmt"
"33426","M4","C4620081","1","263","C4620081 M4","posttmt",0.0491880278856277,"263 posttmt","1 posttmt"
"33427","M4","C4620081","1","264","C4620081 M4","posttmt",0.0490658682494286,"264 posttmt","1 posttmt"
"33428","M4","C4620081","1","265","C4620081 M4","posttmt",0.0485639672459738,"265 posttmt","1 posttmt"
"33429","M4","C4620081","1","266","C4620081 M4","posttmt",0.0483981330999392,"266 posttmt","1 posttmt"
"33430","M4","C4620081","1","267","C4620081 M4","posttmt",0.0480921510797754,"267 posttmt","1 posttmt"
"33431","M4","C4620081","1","268","C4620081 M4","posttmt",0.047768399448807,"268 posttmt","1 posttmt"
"33432","M4","C4620081","1","269","C4620081 M4","posttmt",0.047342272464174,"269 posttmt","1 posttmt"
"33433","M4","C4620081","1","270","C4620081 M4","posttmt",0.0469442919242199,"270 posttmt","1 posttmt"
"33434","M4","C4620081","1","271","C4620081 M4","posttmt",0.0463185058169509,"271 posttmt","1 posttmt"
"33435","M4","C4620081","1","272","C4620081 M4","posttmt",0.0460197008057589,"272 posttmt","1 posttmt"
"33436","M4","C4620081","1","273","C4620081 M4","posttmt",0.0459624937970665,"273 posttmt","1 posttmt"
"33437","M4","C4620081","1","274","C4620081 M4","posttmt",0.045849288898278,"274 posttmt","1 posttmt"
"33438","M4","C4620081","1","275","C4620081 M4","posttmt",0.0458030024205865,"275 posttmt","1 posttmt"
"33439","M4","C4620081","1","276","C4620081 M4","posttmt",0.0456413368628011,"276 posttmt","1 posttmt"
"33440","M4","C4620081","1","277","C4620081 M4","posttmt",0.0456107884592728,"277 posttmt","1 posttmt"
"33441","M4","C4620081","1","278","C4620081 M4","posttmt",0.0453834515560275,"278 posttmt","1 posttmt"
"33442","M4","C4620081","1","279","C4620081 M4","posttmt",0.0453332744336818,"279 posttmt","1 posttmt"
"33443","M4","C4620081","1","280","C4620081 M4","posttmt",0.0449375845194866,"280 posttmt","1 posttmt"
"33444","M4","C4620081","1","281","C4620081 M4","posttmt",0.0448325848131883,"281 posttmt","1 posttmt"
"33445","M4","C4620081","1","282","C4620081 M4","posttmt",0.0439005498253516,"282 posttmt","1 posttmt"
"33446","M4","C4620081","1","283","C4620081 M4","posttmt",0.043650885483432,"283 posttmt","1 posttmt"
"33447","M4","C4620081","1","284","C4620081 M4","posttmt",0.0436107667156654,"284 posttmt","1 posttmt"
"33448","M4","C4620081","1","285","C4620081 M4","posttmt",0.0431222409674574,"285 posttmt","1 posttmt"
"33449","M4","C4620081","1","286","C4620081 M4","posttmt",0.0421207895603629,"286 posttmt","1 posttmt"
"33450","M4","C4620081","1","287","C4620081 M4","posttmt",0.0420045588921387,"287 posttmt","1 posttmt"
"33451","M4","C4620081","1","288","C4620081 M4","posttmt",0.0418787062876329,"288 posttmt","1 posttmt"
"33452","M4","C4620081","1","289","C4620081 M4","posttmt",0.0412203594037433,"289 posttmt","1 posttmt"
"33453","M4","C4620081","1","290","C4620081 M4","posttmt",0.0410177703203966,"290 posttmt","1 posttmt"
"33454","M4","C4620081","1","291","C4620081 M4","posttmt",0.0408534571594827,"291 posttmt","1 posttmt"
"33455","M4","C4620081","1","292","C4620081 M4","posttmt",0.0407574902130502,"292 posttmt","1 posttmt"
"33456","M4","C4620081","1","293","C4620081 M4","posttmt",0.0406785070356058,"293 posttmt","1 posttmt"
"33457","M4","C4620081","1","294","C4620081 M4","posttmt",0.0405824235746681,"294 posttmt","1 posttmt"
"33458","M4","C4620081","1","295","C4620081 M4","posttmt",0.0405476450276695,"295 posttmt","1 posttmt"
"33459","M4","C4620081","1","296","C4620081 M4","posttmt",0.0403181524878085,"296 posttmt","1 posttmt"
"33460","M4","C4620081","1","297","C4620081 M4","posttmt",0.0402963838859166,"297 posttmt","1 posttmt"
"33461","M4","C4620081","1","298","C4620081 M4","posttmt",0.0402045464906786,"298 posttmt","1 posttmt"
"33462","M4","C4620081","1","299","C4620081 M4","posttmt",0.0400909059461853,"299 posttmt","1 posttmt"
"33463","M4","C4620081","1","300","C4620081 M4","posttmt",0.0400349160831208,"300 posttmt","1 posttmt"
"33464","M4","C4620081","1","301","C4620081 M4","posttmt",0.0399067841788362,"301 posttmt","1 posttmt"
"33465","M4","C4620081","1","302","C4620081 M4","posttmt",0.039669298411962,"302 posttmt","1 posttmt"
"33466","M4","C4620081","1","303","C4620081 M4","posttmt",0.0395739764741787,"303 posttmt","1 posttmt"
"33467","M4","C4620081","1","304","C4620081 M4","posttmt",0.0395389883940536,"304 posttmt","1 posttmt"
"33468","M4","C4620081","1","305","C4620081 M4","posttmt",0.0392437411620668,"305 posttmt","1 posttmt"
"33469","M4","C4620081","1","306","C4620081 M4","posttmt",0.0392355964732437,"306 posttmt","1 posttmt"
"33470","M4","C4620081","1","307","C4620081 M4","posttmt",0.039104569295102,"307 posttmt","1 posttmt"
"33471","M4","C4620081","1","308","C4620081 M4","posttmt",0.0384486933824893,"308 posttmt","1 posttmt"
"33472","M4","C4620081","1","309","C4620081 M4","posttmt",0.0380500645364413,"309 posttmt","1 posttmt"
"33473","M4","C4620081","1","310","C4620081 M4","posttmt",0.037990790425903,"310 posttmt","1 posttmt"
"33474","M4","C4620081","1","311","C4620081 M4","posttmt",0.0375931464591512,"311 posttmt","1 posttmt"
"33475","M4","C4620081","1","312","C4620081 M4","posttmt",0.0372728084651956,"312 posttmt","1 posttmt"
"33476","M4","C4620081","1","313","C4620081 M4","posttmt",0.0369439262217343,"313 posttmt","1 posttmt"
"33477","M4","C4620081","1","314","C4620081 M4","posttmt",0.0369427521776518,"314 posttmt","1 posttmt"
"33478","M4","C4620081","1","315","C4620081 M4","posttmt",0.0366965233775136,"315 posttmt","1 posttmt"
"33479","M4","C4620081","1","316","C4620081 M4","posttmt",0.0366445461197133,"316 posttmt","1 posttmt"
"33480","M4","C4620081","1","317","C4620081 M4","posttmt",0.0365668933929074,"317 posttmt","1 posttmt"
"33481","M4","C4620081","1","318","C4620081 M4","posttmt",0.0362568119257818,"318 posttmt","1 posttmt"
"33482","M4","C4620081","1","319","C4620081 M4","posttmt",0.036183351344284,"319 posttmt","1 posttmt"
"33483","M4","C4620081","1","320","C4620081 M4","posttmt",0.0357830933168831,"320 posttmt","1 posttmt"
"33484","M4","C4620081","1","321","C4620081 M4","posttmt",0.0357512411751928,"321 posttmt","1 posttmt"
"33485","M4","C4620081","1","322","C4620081 M4","posttmt",0.0355318046736328,"322 posttmt","1 posttmt"
"33486","M4","C4620081","1","323","C4620081 M4","posttmt",0.03538670140858,"323 posttmt","1 posttmt"
"33487","M4","C4620081","1","324","C4620081 M4","posttmt",0.0344353138459816,"324 posttmt","1 posttmt"
"33488","M4","C4620081","1","325","C4620081 M4","posttmt",0.0344331239035368,"325 posttmt","1 posttmt"
"33489","M4","C4620081","1","326","C4620081 M4","posttmt",0.0341148909570552,"326 posttmt","1 posttmt"
"33490","M4","C4620081","1","327","C4620081 M4","posttmt",0.0340185687939497,"327 posttmt","1 posttmt"
"33491","M4","C4620081","1","328","C4620081 M4","posttmt",0.033874312415841,"328 posttmt","1 posttmt"
"33492","M4","C4620081","1","329","C4620081 M4","posttmt",0.0337504505335291,"329 posttmt","1 posttmt"
"33493","M4","C4620081","1","330","C4620081 M4","posttmt",0.0330832693203565,"330 posttmt","1 posttmt"
"33494","M4","C4620081","1","331","C4620081 M4","posttmt",0.0330716357484464,"331 posttmt","1 posttmt"
"33495","M4","C4620081","1","332","C4620081 M4","posttmt",0.0329808049284412,"332 posttmt","1 posttmt"
"33496","M4","C4620081","1","333","C4620081 M4","posttmt",0.0328458654843144,"333 posttmt","1 posttmt"
"33497","M4","C4620081","1","334","C4620081 M4","posttmt",0.0327410609676991,"334 posttmt","1 posttmt"
"33498","M4","C4620081","1","335","C4620081 M4","posttmt",0.0325749821586614,"335 posttmt","1 posttmt"
"33499","M4","C4620081","1","336","C4620081 M4","posttmt",0.0323897610253961,"336 posttmt","1 posttmt"
"33500","M4","C4620081","1","337","C4620081 M4","posttmt",0.0323385433938435,"337 posttmt","1 posttmt"
"33501","M4","C4620081","1","338","C4620081 M4","posttmt",0.0321096125126415,"338 posttmt","1 posttmt"
"33502","M4","C4620081","1","339","C4620081 M4","posttmt",0.0320700814556908,"339 posttmt","1 posttmt"
"33503","M4","C4620081","1","340","C4620081 M4","posttmt",0.0318656394076876,"340 posttmt","1 posttmt"
"33504","M4","C4620081","1","341","C4620081 M4","posttmt",0.0315417190370599,"341 posttmt","1 posttmt"
"33505","M4","C4620081","1","342","C4620081 M4","posttmt",0.0313932196021023,"342 posttmt","1 posttmt"
"33506","M4","C4620081","1","343","C4620081 M4","posttmt",0.0307064676553813,"343 posttmt","1 posttmt"
"33507","M4","C4620081","1","344","C4620081 M4","posttmt",0.0299852358320598,"344 posttmt","1 posttmt"
"33508","M4","C4620081","1","345","C4620081 M4","posttmt",0.029910809211324,"345 posttmt","1 posttmt"
"33509","M4","C4620081","1","346","C4620081 M4","posttmt",0.0291312376318036,"346 posttmt","1 posttmt"
"33510","M4","C4620081","1","347","C4620081 M4","posttmt",0.0287489495913882,"347 posttmt","1 posttmt"
"33511","M4","C4620081","1","348","C4620081 M4","posttmt",0.0283871421276671,"348 posttmt","1 posttmt"
"33512","M4","C4620081","1","349","C4620081 M4","posttmt",0.0282935737779163,"349 posttmt","1 posttmt"
"33513","M4","C4620081","1","350","C4620081 M4","posttmt",0.0282691052038813,"350 posttmt","1 posttmt"
"33514","M4","C4620081","1","351","C4620081 M4","posttmt",0.0281165881332555,"351 posttmt","1 posttmt"
"33515","M4","C4620081","1","352","C4620081 M4","posttmt",0.0278284411924721,"352 posttmt","1 posttmt"
"33516","M4","C4620081","1","353","C4620081 M4","posttmt",0.0260412501794969,"353 posttmt","1 posttmt"
"33517","M4","C4620081","1","354","C4620081 M4","posttmt",0.0260182542570129,"354 posttmt","1 posttmt"
"33518","M4","C4620081","1","355","C4620081 M4","posttmt",0.025941434046366,"355 posttmt","1 posttmt"
"33519","M4","C4620081","1","356","C4620081 M4","posttmt",0.0253630940078294,"356 posttmt","1 posttmt"
"33520","M4","C4620081","1","357","C4620081 M4","posttmt",0.025334025384925,"357 posttmt","1 posttmt"
"33521","M4","C4620081","1","358","C4620081 M4","posttmt",0.0249922066217535,"358 posttmt","1 posttmt"
"33522","M4","C4620081","1","359","C4620081 M4","posttmt",0.024622773003228,"359 posttmt","1 posttmt"
"33523","M4","C4620081","1","360","C4620081 M4","posttmt",0.0241003735576881,"360 posttmt","1 posttmt"
"33524","M4","C4620081","1","361","C4620081 M4","posttmt",0.0237258939231894,"361 posttmt","1 posttmt"
"33525","M4","C4620081","1","362","C4620081 M4","posttmt",0.0234670965006802,"362 posttmt","1 posttmt"
"33526","M4","C4620081","1","363","C4620081 M4","posttmt",0.0234560583565828,"363 posttmt","1 posttmt"
"33527","M4","C4620081","1","364","C4620081 M4","posttmt",0.0233189620038554,"364 posttmt","1 posttmt"
"33528","M4","C4620081","1","365","C4620081 M4","posttmt",0.0231432101379098,"365 posttmt","1 posttmt"
"33529","M4","C4620081","1","366","C4620081 M4","posttmt",0.0230775650628077,"366 posttmt","1 posttmt"
"33530","M4","C4620081","1","367","C4620081 M4","posttmt",0.0227847568926594,"367 posttmt","1 posttmt"
"33531","M4","C4620081","1","368","C4620081 M4","posttmt",0.0225215364663326,"368 posttmt","1 posttmt"
"33532","M4","C4620081","1","369","C4620081 M4","posttmt",0.0222727095648242,"369 posttmt","1 posttmt"
"33533","M4","C4620081","1","370","C4620081 M4","posttmt",0.022240375249934,"370 posttmt","1 posttmt"
"33534","M4","C4620081","1","371","C4620081 M4","posttmt",0.0221125510953452,"371 posttmt","1 posttmt"
"33535","M4","C4620081","1","372","C4620081 M4","posttmt",0.0215941675129574,"372 posttmt","1 posttmt"
"33536","M4","C4620081","1","373","C4620081 M4","posttmt",0.0204994076676243,"373 posttmt","1 posttmt"
"33537","M4","C4620081","1","374","C4620081 M4","posttmt",0.0202476467302196,"374 posttmt","1 posttmt"
"33538","M4","C4620081","1","375","C4620081 M4","posttmt",0.0201584831905502,"375 posttmt","1 posttmt"
"33539","M4","C4620081","1","376","C4620081 M4","posttmt",0.0193597068022691,"376 posttmt","1 posttmt"
"33540","M4","C4620081","1","377","C4620081 M4","posttmt",0.0192397350911764,"377 posttmt","1 posttmt"
"33541","M4","C4620081","1","378","C4620081 M4","posttmt",0.0186025736167276,"378 posttmt","1 posttmt"
"33542","M4","C4620081","1","379","C4620081 M4","posttmt",0.0185629404115502,"379 posttmt","1 posttmt"
"33543","M4","C4620081","1","380","C4620081 M4","posttmt",0.0183764399586619,"380 posttmt","1 posttmt"
"33544","M4","C4620081","1","381","C4620081 M4","posttmt",0.0177989124887274,"381 posttmt","1 posttmt"
"33545","M4","C4620081","1","382","C4620081 M4","posttmt",0.0177974586102536,"382 posttmt","1 posttmt"
"33546","M4","C4620081","1","383","C4620081 M4","posttmt",0.0176864775016937,"383 posttmt","1 posttmt"
"33547","M4","C4620081","1","384","C4620081 M4","posttmt",0.0167556584297816,"384 posttmt","1 posttmt"
"33548","M4","C4620081","1","385","C4620081 M4","posttmt",0.0156536439662449,"385 posttmt","1 posttmt"
"33549","M4","C4620081","1","386","C4620081 M4","posttmt",0.015559461834988,"386 posttmt","1 posttmt"
"33550","M4","C4620081","1","387","C4620081 M4","posttmt",0.0151985774054968,"387 posttmt","1 posttmt"
"33551","M4","C4620081","1","388","C4620081 M4","posttmt",0.0148307260066883,"388 posttmt","1 posttmt"
"33552","M4","C4620081","1","389","C4620081 M4","posttmt",0.0147422498273262,"389 posttmt","1 posttmt"
"33553","M4","C4620081","1","390","C4620081 M4","posttmt",0.0145770916021557,"390 posttmt","1 posttmt"
"33554","M4","C4620081","1","391","C4620081 M4","posttmt",0.0142173080861318,"391 posttmt","1 posttmt"
"33555","M4","C4620081","1","392","C4620081 M4","posttmt",0.0137189301702868,"392 posttmt","1 posttmt"
"33556","M4","C4620081","1","393","C4620081 M4","posttmt",0.0135080364227965,"393 posttmt","1 posttmt"
"33557","M4","C4620081","1","394","C4620081 M4","posttmt",0.0134804886413532,"394 posttmt","1 posttmt"
"33558","M4","C4620081","1","395","C4620081 M4","posttmt",0.0125391490148219,"395 posttmt","1 posttmt"
"33559","M4","C4620081","1","396","C4620081 M4","posttmt",0.0125137897491276,"396 posttmt","1 posttmt"
"33560","M4","C4620081","1","397","C4620081 M4","posttmt",0.0122861093724878,"397 posttmt","1 posttmt"
"33561","M4","C4620081","1","398","C4620081 M4","posttmt",0.0118570567238023,"398 posttmt","1 posttmt"
"33562","M4","C4620081","1","399","C4620081 M4","posttmt",0.0111132332127505,"399 posttmt","1 posttmt"
"33563","M4","C4620081","1","400","C4620081 M4","posttmt",0.0105528207529064,"400 posttmt","1 posttmt"
"33564","M4","C4620081","1","401","C4620081 M4","posttmt",0.00996726824124214,"401 posttmt","1 posttmt"
"33565","M4","C4620081","1","402","C4620081 M4","posttmt",0.00957150301049974,"402 posttmt","1 posttmt"
"33566","M4","C4620081","1","403","C4620081 M4","posttmt",0.00922145950294201,"403 posttmt","1 posttmt"
"33567","M4","C4620081","1","404","C4620081 M4","posttmt",0.00840957794013307,"404 posttmt","1 posttmt"
"33568","M4","C4620081","1","405","C4620081 M4","posttmt",0.00819304968836381,"405 posttmt","1 posttmt"
"33569","M4","C4620081","1","406","C4620081 M4","posttmt",0.00710934371989354,"406 posttmt","1 posttmt"
"33570","M4","C4620081","1","407","C4620081 M4","posttmt",0.00708053009079538,"407 posttmt","1 posttmt"
"33571","M4","C4620081","1","408","C4620081 M4","posttmt",0.00501796440806752,"408 posttmt","1 posttmt"
"33572","M4","C4620081","1","409","C4620081 M4","posttmt",0.00463824812913337,"409 posttmt","1 posttmt"
"33573","M4","C4620081","1","410","C4620081 M4","posttmt",0.00449780812982169,"410 posttmt","1 posttmt"
"33574","M4","C4620081","1","411","C4620081 M4","posttmt",0.00441829347308693,"411 posttmt","1 posttmt"
"33575","M4","C4620081","1","412","C4620081 M4","posttmt",0.00332994037562677,"412 posttmt","1 posttmt"
"33576","M4","C4620081","1","413","C4620081 M4","posttmt",0.00324209800355441,"413 posttmt","1 posttmt"
"33577","M4","C4620081","1","414","C4620081 M4","posttmt",0.00279672304492784,"414 posttmt","1 posttmt"
"33578","M4","C4620081","1","415","C4620081 M4","posttmt",0.00239717157174241,"415 posttmt","1 posttmt"
"33579","M4","C4620081","1","416","C4620081 M4","posttmt",0.00120103907445632,"416 posttmt","1 posttmt"
"33580","M4","C4620081","1","417","C4620081 M4","posttmt",0.000470784547509491,"417 posttmt","1 posttmt"
"33581","M4","C4620081","1","418","C4620081 M4","posttmt",0.000319765744047297,"418 posttmt","1 posttmt"
"33582","M4","C4620081","1","419","C4620081 M4","posttmt",-0.000316719595076272,"419 posttmt","1 posttmt"
"33583","M4","C4620081","1","420","C4620081 M4","posttmt",-0.000345752597654924,"420 posttmt","1 posttmt"
"33584","M4","C4620081","1","421","C4620081 M4","posttmt",-0.000531088703782286,"421 posttmt","1 posttmt"
"33585","M4","C4620081","1","422","C4620081 M4","posttmt",-0.00222609874996665,"422 posttmt","1 posttmt"
"33586","M4","C4620081","1","423","C4620081 M4","posttmt",-0.00372008599817947,"423 posttmt","1 posttmt"
"33587","M4","C4620081","1","424","C4620081 M4","posttmt",-0.00416970965089123,"424 posttmt","1 posttmt"
"33588","M4","C4620081","1","425","C4620081 M4","posttmt",-0.00425398631981304,"425 posttmt","1 posttmt"
"33589","M4","C4620081","1","426","C4620081 M4","posttmt",-0.00513274588029625,"426 posttmt","1 posttmt"
"33590","M4","C4620081","1","427","C4620081 M4","posttmt",-0.00701320326184627,"427 posttmt","1 posttmt"
"33591","M4","C4620081","1","428","C4620081 M4","posttmt",-0.00881104698209713,"428 posttmt","1 posttmt"
"33592","M4","C4620081","1","429","C4620081 M4","posttmt",-0.0101142411467527,"429 posttmt","1 posttmt"
"33593","M4","C4620081","1","430","C4620081 M4","posttmt",-0.0125632817304103,"430 posttmt","1 posttmt"
"33594","M4","C4620081","1","431","C4620081 M4","posttmt",-0.0128894214556095,"431 posttmt","1 posttmt"
"33595","M4","C4620081","1","432","C4620081 M4","posttmt",-0.0158453070809135,"432 posttmt","1 posttmt"
"33596","M4","C4620081","1","433","C4620081 M4","posttmt",-0.0158631329152139,"433 posttmt","1 posttmt"
"33597","M4","C4620081","1","434","C4620081 M4","posttmt",-0.0171851652660816,"434 posttmt","1 posttmt"
"33598","M4","C4620081","1","435","C4620081 M4","posttmt",-0.0177479335830576,"435 posttmt","1 posttmt"
"33599","M4","C4620081","1","436","C4620081 M4","posttmt",-0.018532353208629,"436 posttmt","1 posttmt"
"33600","M4","C4620081","1","437","C4620081 M4","posttmt",-0.0198070108276348,"437 posttmt","1 posttmt"
"33601","M4","C4620081","1","438","C4620081 M4","posttmt",-0.026225015380934,"438 posttmt","1 posttmt"
"33602","M4","C4620081","1","439","C4620081 M4","posttmt",-0.0274871621964992,"439 posttmt","1 posttmt"
"33603","M4","C4620081","1","440","C4620081 M4","posttmt",-0.0449856173472426,"440 posttmt","1 posttmt"
"33604","M4","C4620081","1","441","C4620081 M4","posttmt",-0.046162099102254,"441 posttmt","1 posttmt"
"33605","M4","C4620081","1","442","C4620081 M4","posttmt",-0.10874580932962,"442 posttmt","1 posttmt"
"33606","M5","C4620081","1","0","C4620081 M5","posttmt",0.327166232204616,"0 posttmt","1 posttmt"
"33607","M5","C4620081","1","1","C4620081 M5","posttmt",0.313304778358974,"1 posttmt","1 posttmt"
"33608","M5","C4620081","1","2","C4620081 M5","posttmt",0.312060971538583,"2 posttmt","1 posttmt"
"33609","M5","C4620081","1","3","C4620081 M5","posttmt",0.310456847805822,"3 posttmt","1 posttmt"
"33610","M5","C4620081","1","4","C4620081 M5","posttmt",0.301539187588852,"4 posttmt","1 posttmt"
"33611","M5","C4620081","1","5","C4620081 M5","posttmt",0.298495147294051,"5 posttmt","1 posttmt"
"33612","M5","C4620081","1","6","C4620081 M5","posttmt",0.284060874308958,"6 posttmt","1 posttmt"
"33613","M5","C4620081","1","7","C4620081 M5","posttmt",0.282793565530022,"7 posttmt","1 posttmt"
"33614","M5","C4620081","1","8","C4620081 M5","posttmt",0.278586178873656,"8 posttmt","1 posttmt"
"33615","M5","C4620081","1","9","C4620081 M5","posttmt",0.274773097909252,"9 posttmt","1 posttmt"
"33616","M5","C4620081","1","10","C4620081 M5","posttmt",0.274363626407441,"10 posttmt","1 posttmt"
"33617","M5","C4620081","1","11","C4620081 M5","posttmt",0.27222747056956,"11 posttmt","1 posttmt"
"33618","M5","C4620081","1","12","C4620081 M5","posttmt",0.270791515646608,"12 posttmt","1 posttmt"
"33619","M5","C4620081","1","13","C4620081 M5","posttmt",0.269483095400927,"13 posttmt","1 posttmt"
"33620","M5","C4620081","1","14","C4620081 M5","posttmt",0.267094915770997,"14 posttmt","1 posttmt"
"33621","M5","C4620081","1","15","C4620081 M5","posttmt",0.266136229059944,"15 posttmt","1 posttmt"
"33622","M5","C4620081","1","16","C4620081 M5","posttmt",0.257806146028209,"16 posttmt","1 posttmt"
"33623","M5","C4620081","1","17","C4620081 M5","posttmt",0.257796210837511,"17 posttmt","1 posttmt"
"33624","M5","C4620081","1","18","C4620081 M5","posttmt",0.255007157995439,"18 posttmt","1 posttmt"
"33625","M5","C4620081","1","19","C4620081 M5","posttmt",0.252335300814718,"19 posttmt","1 posttmt"
"33626","M5","C4620081","1","20","C4620081 M5","posttmt",0.251738261359688,"20 posttmt","1 posttmt"
"33627","M5","C4620081","1","21","C4620081 M5","posttmt",0.251419142536386,"21 posttmt","1 posttmt"
"33628","M5","C4620081","1","22","C4620081 M5","posttmt",0.250847190949409,"22 posttmt","1 posttmt"
"33629","M5","C4620081","1","23","C4620081 M5","posttmt",0.250049754573296,"23 posttmt","1 posttmt"
"33630","M5","C4620081","1","24","C4620081 M5","posttmt",0.249820732498632,"24 posttmt","1 posttmt"
"33631","M5","C4620081","1","25","C4620081 M5","posttmt",0.248948862224075,"25 posttmt","1 posttmt"
"33632","M5","C4620081","1","26","C4620081 M5","posttmt",0.247166377360285,"26 posttmt","1 posttmt"
"33633","M5","C4620081","1","27","C4620081 M5","posttmt",0.247113788041584,"27 posttmt","1 posttmt"
"33634","M5","C4620081","1","28","C4620081 M5","posttmt",0.24708198414455,"28 posttmt","1 posttmt"
"33635","M5","C4620081","1","29","C4620081 M5","posttmt",0.246241474033617,"29 posttmt","1 posttmt"
"33636","M5","C4620081","1","30","C4620081 M5","posttmt",0.242765363984381,"30 posttmt","1 posttmt"
"33637","M5","C4620081","1","31","C4620081 M5","posttmt",0.242439118705594,"31 posttmt","1 posttmt"
"33638","M5","C4620081","1","32","C4620081 M5","posttmt",0.241388513063272,"32 posttmt","1 posttmt"
"33639","M5","C4620081","1","33","C4620081 M5","posttmt",0.238484435447042,"33 posttmt","1 posttmt"
"33640","M5","C4620081","1","34","C4620081 M5","posttmt",0.237556819365521,"34 posttmt","1 posttmt"
"33641","M5","C4620081","1","35","C4620081 M5","posttmt",0.236506509959478,"35 posttmt","1 posttmt"
"33642","M5","C4620081","1","36","C4620081 M5","posttmt",0.236005870467893,"36 posttmt","1 posttmt"
"33643","M5","C4620081","1","37","C4620081 M5","posttmt",0.232582842569178,"37 posttmt","1 posttmt"
"33644","M5","C4620081","1","38","C4620081 M5","posttmt",0.231413948412997,"38 posttmt","1 posttmt"
"33645","M5","C4620081","1","39","C4620081 M5","posttmt",0.230039906922113,"39 posttmt","1 posttmt"
"33646","M5","C4620081","1","40","C4620081 M5","posttmt",0.227509266635056,"40 posttmt","1 posttmt"
"33647","M5","C4620081","1","41","C4620081 M5","posttmt",0.225771907965619,"41 posttmt","1 posttmt"
"33648","M5","C4620081","1","42","C4620081 M5","posttmt",0.225275170093744,"42 posttmt","1 posttmt"
"33649","M5","C4620081","1","43","C4620081 M5","posttmt",0.222738716607329,"43 posttmt","1 posttmt"
"33650","M5","C4620081","1","44","C4620081 M5","posttmt",0.222367390935503,"44 posttmt","1 posttmt"
"33651","M5","C4620081","1","45","C4620081 M5","posttmt",0.222288827588888,"45 posttmt","1 posttmt"
"33652","M5","C4620081","1","46","C4620081 M5","posttmt",0.221695148337636,"46 posttmt","1 posttmt"
"33653","M5","C4620081","1","47","C4620081 M5","posttmt",0.219661321769324,"47 posttmt","1 posttmt"
"33654","M5","C4620081","1","48","C4620081 M5","posttmt",0.216590261555254,"48 posttmt","1 posttmt"
"33655","M5","C4620081","1","49","C4620081 M5","posttmt",0.216511962325035,"49 posttmt","1 posttmt"
"33656","M5","C4620081","1","50","C4620081 M5","posttmt",0.213024658717112,"50 posttmt","1 posttmt"
"33657","M5","C4620081","1","51","C4620081 M5","posttmt",0.210177191719079,"51 posttmt","1 posttmt"
"33658","M5","C4620081","1","52","C4620081 M5","posttmt",0.209206675962853,"52 posttmt","1 posttmt"
"33659","M5","C4620081","1","53","C4620081 M5","posttmt",0.206295658858274,"53 posttmt","1 posttmt"
"33660","M5","C4620081","1","54","C4620081 M5","posttmt",0.205495432438288,"54 posttmt","1 posttmt"
"33661","M5","C4620081","1","55","C4620081 M5","posttmt",0.203387245093234,"55 posttmt","1 posttmt"
"33662","M5","C4620081","1","56","C4620081 M5","posttmt",0.201209936413595,"56 posttmt","1 posttmt"
"33663","M5","C4620081","1","57","C4620081 M5","posttmt",0.199596966275082,"57 posttmt","1 posttmt"
"33664","M5","C4620081","1","58","C4620081 M5","posttmt",0.199545089233726,"58 posttmt","1 posttmt"
"33665","M5","C4620081","1","59","C4620081 M5","posttmt",0.195090362799682,"59 posttmt","1 posttmt"
"33666","M5","C4620081","1","60","C4620081 M5","posttmt",0.194850180323209,"60 posttmt","1 posttmt"
"33667","M5","C4620081","1","61","C4620081 M5","posttmt",0.193949712270649,"61 posttmt","1 posttmt"
"33668","M5","C4620081","1","62","C4620081 M5","posttmt",0.193541914870788,"62 posttmt","1 posttmt"
"33669","M5","C4620081","1","63","C4620081 M5","posttmt",0.190988502752495,"63 posttmt","1 posttmt"
"33670","M5","C4620081","1","64","C4620081 M5","posttmt",0.187559575781196,"64 posttmt","1 posttmt"
"33671","M5","C4620081","1","65","C4620081 M5","posttmt",0.185873216927585,"65 posttmt","1 posttmt"
"33672","M5","C4620081","1","66","C4620081 M5","posttmt",0.185535044988373,"66 posttmt","1 posttmt"
"33673","M5","C4620081","1","67","C4620081 M5","posttmt",0.183777467224144,"67 posttmt","1 posttmt"
"33674","M5","C4620081","1","68","C4620081 M5","posttmt",0.183194229805421,"68 posttmt","1 posttmt"
"33675","M5","C4620081","1","69","C4620081 M5","posttmt",0.182865908385754,"69 posttmt","1 posttmt"
"33676","M5","C4620081","1","70","C4620081 M5","posttmt",0.180159845624689,"70 posttmt","1 posttmt"
"33677","M5","C4620081","1","71","C4620081 M5","posttmt",0.179640887148101,"71 posttmt","1 posttmt"
"33678","M5","C4620081","1","72","C4620081 M5","posttmt",0.175960848763569,"72 posttmt","1 posttmt"
"33679","M5","C4620081","1","73","C4620081 M5","posttmt",0.17595302759786,"73 posttmt","1 posttmt"
"33680","M5","C4620081","1","74","C4620081 M5","posttmt",0.170599492452913,"74 posttmt","1 posttmt"
"33681","M5","C4620081","1","75","C4620081 M5","posttmt",0.16707688655661,"75 posttmt","1 posttmt"
"33682","M5","C4620081","1","76","C4620081 M5","posttmt",0.16699923992,"76 posttmt","1 posttmt"
"33683","M5","C4620081","1","77","C4620081 M5","posttmt",0.164342797161957,"77 posttmt","1 posttmt"
"33684","M5","C4620081","1","78","C4620081 M5","posttmt",0.16051883841228,"78 posttmt","1 posttmt"
"33685","M5","C4620081","1","79","C4620081 M5","posttmt",0.159726272335474,"79 posttmt","1 posttmt"
"33686","M5","C4620081","1","80","C4620081 M5","posttmt",0.159105194733401,"80 posttmt","1 posttmt"
"33687","M5","C4620081","1","81","C4620081 M5","posttmt",0.158619038138169,"81 posttmt","1 posttmt"
"33688","M5","C4620081","1","82","C4620081 M5","posttmt",0.157130157800929,"82 posttmt","1 posttmt"
"33689","M5","C4620081","1","83","C4620081 M5","posttmt",0.15441592495762,"83 posttmt","1 posttmt"
"33690","M5","C4620081","1","84","C4620081 M5","posttmt",0.152475559321753,"84 posttmt","1 posttmt"
"33691","M5","C4620081","1","85","C4620081 M5","posttmt",0.14395604810733,"85 posttmt","1 posttmt"
"33692","M5","C4620081","1","86","C4620081 M5","posttmt",0.141529646737113,"86 posttmt","1 posttmt"
"33693","M5","C4620081","1","87","C4620081 M5","posttmt",0.137649214127421,"87 posttmt","1 posttmt"
"33694","M5","C4620081","1","88","C4620081 M5","posttmt",0.136300491985413,"88 posttmt","1 posttmt"
"33695","M5","C4620081","1","89","C4620081 M5","posttmt",0.13435245048402,"89 posttmt","1 posttmt"
"33696","M5","C4620081","1","90","C4620081 M5","posttmt",0.134311479057144,"90 posttmt","1 posttmt"
"33697","M5","C4620081","1","91","C4620081 M5","posttmt",0.13410669300666,"91 posttmt","1 posttmt"
"33698","M5","C4620081","1","92","C4620081 M5","posttmt",0.128614594986652,"92 posttmt","1 posttmt"
"33699","M5","C4620081","1","93","C4620081 M5","posttmt",0.128391451672672,"93 posttmt","1 posttmt"
"33700","M5","C4620081","1","94","C4620081 M5","posttmt",0.126181500891109,"94 posttmt","1 posttmt"
"33701","M5","C4620081","1","95","C4620081 M5","posttmt",0.123128317893088,"95 posttmt","1 posttmt"
"33702","M5","C4620081","1","96","C4620081 M5","posttmt",0.121742476557991,"96 posttmt","1 posttmt"
"33703","M5","C4620081","1","97","C4620081 M5","posttmt",0.121440483371113,"97 posttmt","1 posttmt"
"33704","M5","C4620081","1","98","C4620081 M5","posttmt",0.118883618630117,"98 posttmt","1 posttmt"
"33705","M5","C4620081","1","99","C4620081 M5","posttmt",0.116278285610461,"99 posttmt","1 posttmt"
"33706","M5","C4620081","1","100","C4620081 M5","posttmt",0.114229294716115,"100 posttmt","1 posttmt"
"33707","M5","C4620081","1","101","C4620081 M5","posttmt",0.112160774186616,"101 posttmt","1 posttmt"
"33708","M5","C4620081","1","102","C4620081 M5","posttmt",0.111840931623084,"102 posttmt","1 posttmt"
"33709","M5","C4620081","1","103","C4620081 M5","posttmt",0.110869902693125,"103 posttmt","1 posttmt"
"33710","M5","C4620081","1","104","C4620081 M5","posttmt",0.101642780235844,"104 posttmt","1 posttmt"
"33711","M5","C4620081","1","105","C4620081 M5","posttmt",0.101382058871766,"105 posttmt","1 posttmt"
"33712","M5","C4620081","1","106","C4620081 M5","posttmt",0.0997209942936707,"106 posttmt","1 posttmt"
"33713","M5","C4620081","1","107","C4620081 M5","posttmt",0.0941171360914922,"107 posttmt","1 posttmt"
"33714","M5","C4620081","1","108","C4620081 M5","posttmt",0.0923314432007532,"108 posttmt","1 posttmt"
"33715","M5","C4620081","1","109","C4620081 M5","posttmt",0.0898172989965262,"109 posttmt","1 posttmt"
"33716","M5","C4620081","1","110","C4620081 M5","posttmt",0.0876027161785457,"110 posttmt","1 posttmt"
"33717","M5","C4620081","1","111","C4620081 M5","posttmt",0.0875492579605904,"111 posttmt","1 posttmt"
"33718","M5","C4620081","1","112","C4620081 M5","posttmt",0.0837397991991319,"112 posttmt","1 posttmt"
"33719","M5","C4620081","1","113","C4620081 M5","posttmt",0.0831828818506964,"113 posttmt","1 posttmt"
"33720","M5","C4620081","1","114","C4620081 M5","posttmt",0.0783323685622946,"114 posttmt","1 posttmt"
"33721","M5","C4620081","1","115","C4620081 M5","posttmt",0.0779073586360065,"115 posttmt","1 posttmt"
"33722","M5","C4620081","1","116","C4620081 M5","posttmt",0.0775222627768202,"116 posttmt","1 posttmt"
"33723","M5","C4620081","1","117","C4620081 M5","posttmt",0.0747557813530717,"117 posttmt","1 posttmt"
"33724","M5","C4620081","1","118","C4620081 M5","posttmt",0.0729277999469758,"118 posttmt","1 posttmt"
"33725","M5","C4620081","1","119","C4620081 M5","posttmt",0.0697854196576408,"119 posttmt","1 posttmt"
"33726","M5","C4620081","1","120","C4620081 M5","posttmt",0.0692042547642681,"120 posttmt","1 posttmt"
"33727","M5","C4620081","1","121","C4620081 M5","posttmt",0.068135180461427,"121 posttmt","1 posttmt"
"33728","M5","C4620081","1","122","C4620081 M5","posttmt",0.0680973198084902,"122 posttmt","1 posttmt"
"33729","M5","C4620081","1","123","C4620081 M5","posttmt",0.0636274413423433,"123 posttmt","1 posttmt"
"33730","M5","C4620081","1","124","C4620081 M5","posttmt",0.0633881671640623,"124 posttmt","1 posttmt"
"33731","M5","C4620081","1","125","C4620081 M5","posttmt",0.0620577810766347,"125 posttmt","1 posttmt"
"33732","M5","C4620081","1","126","C4620081 M5","posttmt",0.0589175376678873,"126 posttmt","1 posttmt"
"33733","M5","C4620081","1","127","C4620081 M5","posttmt",0.0558446435094317,"127 posttmt","1 posttmt"
"33734","M5","C4620081","1","128","C4620081 M5","posttmt",0.0527356660305888,"128 posttmt","1 posttmt"
"33735","M5","C4620081","1","129","C4620081 M5","posttmt",0.0496500641575589,"129 posttmt","1 posttmt"
"33736","M5","C4620081","1","130","C4620081 M5","posttmt",0.0439573128966049,"130 posttmt","1 posttmt"
"33737","M5","C4620081","1","131","C4620081 M5","posttmt",0.0437179958161794,"131 posttmt","1 posttmt"
"33738","M5","C4620081","1","132","C4620081 M5","posttmt",0.0424970524870509,"132 posttmt","1 posttmt"
"33739","M5","C4620081","1","133","C4620081 M5","posttmt",0.0412738544241722,"133 posttmt","1 posttmt"
"33740","M5","C4620081","1","134","C4620081 M5","posttmt",0.0410452346301588,"134 posttmt","1 posttmt"
"33741","M5","C4620081","1","135","C4620081 M5","posttmt",0.0406375428531497,"135 posttmt","1 posttmt"
"33742","M5","C4620081","1","136","C4620081 M5","posttmt",0.0396284763362508,"136 posttmt","1 posttmt"
"33743","M5","C4620081","1","137","C4620081 M5","posttmt",0.0319981950883443,"137 posttmt","1 posttmt"
"33744","M5","C4620081","1","138","C4620081 M5","posttmt",0.0284330700914527,"138 posttmt","1 posttmt"
"33745","M5","C4620081","1","139","C4620081 M5","posttmt",0.0221248158127189,"139 posttmt","1 posttmt"
"33746","M5","C4620081","1","140","C4620081 M5","posttmt",0.0215583623990706,"140 posttmt","1 posttmt"
"33747","M5","C4620081","1","141","C4620081 M5","posttmt",0.0208366828446795,"141 posttmt","1 posttmt"
"33748","M5","C4620081","1","142","C4620081 M5","posttmt",0.020739448931576,"142 posttmt","1 posttmt"
"33749","M5","C4620081","1","143","C4620081 M5","posttmt",0.0187069047632006,"143 posttmt","1 posttmt"
"33750","M5","C4620081","1","144","C4620081 M5","posttmt",0.0180014727094905,"144 posttmt","1 posttmt"
"33751","M5","C4620081","1","145","C4620081 M5","posttmt",0.0154448291778859,"145 posttmt","1 posttmt"
"33752","M5","C4620081","1","146","C4620081 M5","posttmt",0.00993616262057448,"146 posttmt","1 posttmt"
"33753","M5","C4620081","1","147","C4620081 M5","posttmt",0.00982791973094697,"147 posttmt","1 posttmt"
"33754","M5","C4620081","1","148","C4620081 M5","posttmt",0.00828646528040989,"148 posttmt","1 posttmt"
"33755","M5","C4620081","1","149","C4620081 M5","posttmt",0.00438431426845339,"149 posttmt","1 posttmt"
"33756","M5","C4620081","1","150","C4620081 M5","posttmt",-0.00188585286016945,"150 posttmt","1 posttmt"
"33757","M5","C4620081","1","151","C4620081 M5","posttmt",-0.00483865983145987,"151 posttmt","1 posttmt"
"33758","M5","C4620081","1","152","C4620081 M5","posttmt",-0.00583378488691517,"152 posttmt","1 posttmt"
"33759","M5","C4620081","1","153","C4620081 M5","posttmt",-0.0169680752937602,"153 posttmt","1 posttmt"
"33760","M5","C4620081","1","154","C4620081 M5","posttmt",-0.0170609112249366,"154 posttmt","1 posttmt"
"33761","M5","C4620081","1","155","C4620081 M5","posttmt",-0.039973132977365,"155 posttmt","1 posttmt"
"33762","M5","C4620081","1","156","C4620081 M5","posttmt",-0.0544549936375745,"156 posttmt","1 posttmt"
"33763","M1","C4620081","14","0","C4620081 M1","posttmt",0.122789377574604,"0 posttmt","14 posttmt"
"33764","M1","C4620081","14","1","C4620081 M1","posttmt",0.10536744877856,"1 posttmt","14 posttmt"
"33765","M1","C4620081","14","2","C4620081 M1","posttmt",0.0948708764760001,"2 posttmt","14 posttmt"
"33766","M1","C4620081","14","3","C4620081 M1","posttmt",0.0927246421469453,"3 posttmt","14 posttmt"
"33767","M1","C4620081","14","4","C4620081 M1","posttmt",0.0919482527242444,"4 posttmt","14 posttmt"
"33768","M1","C4620081","14","5","C4620081 M1","posttmt",0.0897135819070389,"5 posttmt","14 posttmt"
"33769","M1","C4620081","14","6","C4620081 M1","posttmt",0.0881548573882867,"6 posttmt","14 posttmt"
"33770","M1","C4620081","14","7","C4620081 M1","posttmt",0.0873950145001033,"7 posttmt","14 posttmt"
"33771","M1","C4620081","14","8","C4620081 M1","posttmt",0.0869274087291903,"8 posttmt","14 posttmt"
"33772","M1","C4620081","14","9","C4620081 M1","posttmt",0.0852318896288765,"9 posttmt","14 posttmt"
"33773","M1","C4620081","14","10","C4620081 M1","posttmt",0.0851130205816301,"10 posttmt","14 posttmt"
"33774","M1","C4620081","14","11","C4620081 M1","posttmt",0.0850021441855332,"11 posttmt","14 posttmt"
"33775","M1","C4620081","14","12","C4620081 M1","posttmt",0.084600367178049,"12 posttmt","14 posttmt"
"33776","M1","C4620081","14","13","C4620081 M1","posttmt",0.0843781121230233,"13 posttmt","14 posttmt"
"33777","M1","C4620081","14","14","C4620081 M1","posttmt",0.0837121081444463,"14 posttmt","14 posttmt"
"33778","M1","C4620081","14","15","C4620081 M1","posttmt",0.0824939008151469,"15 posttmt","14 posttmt"
"33779","M1","C4620081","14","16","C4620081 M1","posttmt",0.0796249342367693,"16 posttmt","14 posttmt"
"33780","M1","C4620081","14","17","C4620081 M1","posttmt",0.07914580556554,"17 posttmt","14 posttmt"
"33781","M1","C4620081","14","18","C4620081 M1","posttmt",0.0780410457293393,"18 posttmt","14 posttmt"
"33782","M1","C4620081","14","19","C4620081 M1","posttmt",0.077501399600598,"19 posttmt","14 posttmt"
"33783","M1","C4620081","14","20","C4620081 M1","posttmt",0.0774110842296058,"20 posttmt","14 posttmt"
"33784","M1","C4620081","14","21","C4620081 M1","posttmt",0.0773724959409515,"21 posttmt","14 posttmt"
"33785","M1","C4620081","14","22","C4620081 M1","posttmt",0.077302643266741,"22 posttmt","14 posttmt"
"33786","M1","C4620081","14","23","C4620081 M1","posttmt",0.0771311173991596,"23 posttmt","14 posttmt"
"33787","M1","C4620081","14","24","C4620081 M1","posttmt",0.0765850159871905,"24 posttmt","14 posttmt"
"33788","M1","C4620081","14","25","C4620081 M1","posttmt",0.0765232406747582,"25 posttmt","14 posttmt"
"33789","M1","C4620081","14","26","C4620081 M1","posttmt",0.0763786359723768,"26 posttmt","14 posttmt"
"33790","M1","C4620081","14","27","C4620081 M1","posttmt",0.0744991610502206,"27 posttmt","14 posttmt"
"33791","M1","C4620081","14","28","C4620081 M1","posttmt",0.0744496511439435,"28 posttmt","14 posttmt"
"33792","M1","C4620081","14","29","C4620081 M1","posttmt",0.0738403343334925,"29 posttmt","14 posttmt"
"33793","M1","C4620081","14","30","C4620081 M1","posttmt",0.0738290041080069,"30 posttmt","14 posttmt"
"33794","M1","C4620081","14","31","C4620081 M1","posttmt",0.0737982140937644,"31 posttmt","14 posttmt"
"33795","M1","C4620081","14","32","C4620081 M1","posttmt",0.0733573102134213,"32 posttmt","14 posttmt"
"33796","M1","C4620081","14","33","C4620081 M1","posttmt",0.0732249847832862,"33 posttmt","14 posttmt"
"33797","M1","C4620081","14","34","C4620081 M1","posttmt",0.0728092468808417,"34 posttmt","14 posttmt"
"33798","M1","C4620081","14","35","C4620081 M1","posttmt",0.0724336149795183,"35 posttmt","14 posttmt"
"33799","M1","C4620081","14","36","C4620081 M1","posttmt",0.0724038912739041,"36 posttmt","14 posttmt"
"33800","M1","C4620081","14","37","C4620081 M1","posttmt",0.0719786898535858,"37 posttmt","14 posttmt"
"33801","M1","C4620081","14","38","C4620081 M1","posttmt",0.0719232403741629,"38 posttmt","14 posttmt"
"33802","M1","C4620081","14","39","C4620081 M1","posttmt",0.0712733311882371,"39 posttmt","14 posttmt"
"33803","M1","C4620081","14","40","C4620081 M1","posttmt",0.0707768814742293,"40 posttmt","14 posttmt"
"33804","M1","C4620081","14","41","C4620081 M1","posttmt",0.0704344512009292,"41 posttmt","14 posttmt"
"33805","M1","C4620081","14","42","C4620081 M1","posttmt",0.0686770946423302,"42 posttmt","14 posttmt"
"33806","M1","C4620081","14","43","C4620081 M1","posttmt",0.0685523649103756,"43 posttmt","14 posttmt"
"33807","M1","C4620081","14","44","C4620081 M1","posttmt",0.0683364696623972,"44 posttmt","14 posttmt"
"33808","M1","C4620081","14","45","C4620081 M1","posttmt",0.0673706689093341,"45 posttmt","14 posttmt"
"33809","M1","C4620081","14","46","C4620081 M1","posttmt",0.0673630129499346,"46 posttmt","14 posttmt"
"33810","M1","C4620081","14","47","C4620081 M1","posttmt",0.0672713218272882,"47 posttmt","14 posttmt"
"33811","M1","C4620081","14","48","C4620081 M1","posttmt",0.067181794455248,"48 posttmt","14 posttmt"
"33812","M1","C4620081","14","49","C4620081 M1","posttmt",0.0669927897426549,"49 posttmt","14 posttmt"
"33813","M1","C4620081","14","50","C4620081 M1","posttmt",0.0669243608625849,"50 posttmt","14 posttmt"
"33814","M1","C4620081","14","51","C4620081 M1","posttmt",0.0667514040986974,"51 posttmt","14 posttmt"
"33815","M1","C4620081","14","52","C4620081 M1","posttmt",0.0666804576583691,"52 posttmt","14 posttmt"
"33816","M1","C4620081","14","53","C4620081 M1","posttmt",0.0665761778096195,"53 posttmt","14 posttmt"
"33817","M1","C4620081","14","54","C4620081 M1","posttmt",0.0665442774592528,"54 posttmt","14 posttmt"
"33818","M1","C4620081","14","55","C4620081 M1","posttmt",0.066418718252652,"55 posttmt","14 posttmt"
"33819","M1","C4620081","14","56","C4620081 M1","posttmt",0.0662712151204851,"56 posttmt","14 posttmt"
"33820","M1","C4620081","14","57","C4620081 M1","posttmt",0.0659598803843642,"57 posttmt","14 posttmt"
"33821","M1","C4620081","14","58","C4620081 M1","posttmt",0.0655241500734712,"58 posttmt","14 posttmt"
"33822","M1","C4620081","14","59","C4620081 M1","posttmt",0.0654663586324773,"59 posttmt","14 posttmt"
"33823","M1","C4620081","14","60","C4620081 M1","posttmt",0.0653182431761567,"60 posttmt","14 posttmt"
"33824","M1","C4620081","14","61","C4620081 M1","posttmt",0.0652347922212903,"61 posttmt","14 posttmt"
"33825","M1","C4620081","14","62","C4620081 M1","posttmt",0.0640375902365061,"62 posttmt","14 posttmt"
"33826","M1","C4620081","14","63","C4620081 M1","posttmt",0.0636007970289628,"63 posttmt","14 posttmt"
"33827","M1","C4620081","14","64","C4620081 M1","posttmt",0.063524952333437,"64 posttmt","14 posttmt"
"33828","M1","C4620081","14","65","C4620081 M1","posttmt",0.0632958469229177,"65 posttmt","14 posttmt"
"33829","M1","C4620081","14","66","C4620081 M1","posttmt",0.0631549662751347,"66 posttmt","14 posttmt"
"33830","M1","C4620081","14","67","C4620081 M1","posttmt",0.063119683279544,"67 posttmt","14 posttmt"
"33831","M1","C4620081","14","68","C4620081 M1","posttmt",0.0626841181275496,"68 posttmt","14 posttmt"
"33832","M1","C4620081","14","69","C4620081 M1","posttmt",0.0626082434657096,"69 posttmt","14 posttmt"
"33833","M1","C4620081","14","70","C4620081 M1","posttmt",0.0623636712665246,"70 posttmt","14 posttmt"
"33834","M1","C4620081","14","71","C4620081 M1","posttmt",0.0622544287176991,"71 posttmt","14 posttmt"
"33835","M1","C4620081","14","72","C4620081 M1","posttmt",0.0615655572373249,"72 posttmt","14 posttmt"
"33836","M1","C4620081","14","73","C4620081 M1","posttmt",0.0608331000226058,"73 posttmt","14 posttmt"
"33837","M1","C4620081","14","74","C4620081 M1","posttmt",0.0605058769530058,"74 posttmt","14 posttmt"
"33838","M1","C4620081","14","75","C4620081 M1","posttmt",0.0599563234683214,"75 posttmt","14 posttmt"
"33839","M1","C4620081","14","76","C4620081 M1","posttmt",0.059137450050529,"76 posttmt","14 posttmt"
"33840","M1","C4620081","14","77","C4620081 M1","posttmt",0.0584595398153866,"77 posttmt","14 posttmt"
"33841","M1","C4620081","14","78","C4620081 M1","posttmt",0.0583478210029074,"78 posttmt","14 posttmt"
"33842","M1","C4620081","14","79","C4620081 M1","posttmt",0.0581855887240096,"79 posttmt","14 posttmt"
"33843","M1","C4620081","14","80","C4620081 M1","posttmt",0.058159416008972,"80 posttmt","14 posttmt"
"33844","M1","C4620081","14","81","C4620081 M1","posttmt",0.0575101590262455,"81 posttmt","14 posttmt"
"33845","M1","C4620081","14","82","C4620081 M1","posttmt",0.0567615509314354,"82 posttmt","14 posttmt"
"33846","M1","C4620081","14","83","C4620081 M1","posttmt",0.0565885684311354,"83 posttmt","14 posttmt"
"33847","M1","C4620081","14","84","C4620081 M1","posttmt",0.0565340380479242,"84 posttmt","14 posttmt"
"33848","M1","C4620081","14","85","C4620081 M1","posttmt",0.0565025136954847,"85 posttmt","14 posttmt"
"33849","M1","C4620081","14","86","C4620081 M1","posttmt",0.0554024381581642,"86 posttmt","14 posttmt"
"33850","M1","C4620081","14","87","C4620081 M1","posttmt",0.0549927765581698,"87 posttmt","14 posttmt"
"33851","M1","C4620081","14","88","C4620081 M1","posttmt",0.0549901782988731,"88 posttmt","14 posttmt"
"33852","M1","C4620081","14","89","C4620081 M1","posttmt",0.0547946266318602,"89 posttmt","14 posttmt"
"33853","M1","C4620081","14","90","C4620081 M1","posttmt",0.0540913384196051,"90 posttmt","14 posttmt"
"33854","M1","C4620081","14","91","C4620081 M1","posttmt",0.053647035607174,"91 posttmt","14 posttmt"
"33855","M1","C4620081","14","92","C4620081 M1","posttmt",0.0535582443787032,"92 posttmt","14 posttmt"
"33856","M1","C4620081","14","93","C4620081 M1","posttmt",0.0531217247270944,"93 posttmt","14 posttmt"
"33857","M1","C4620081","14","94","C4620081 M1","posttmt",0.052965919504944,"94 posttmt","14 posttmt"
"33858","M1","C4620081","14","95","C4620081 M1","posttmt",0.0529512886514448,"95 posttmt","14 posttmt"
"33859","M1","C4620081","14","96","C4620081 M1","posttmt",0.0526567871703634,"96 posttmt","14 posttmt"
"33860","M1","C4620081","14","97","C4620081 M1","posttmt",0.0526375186006668,"97 posttmt","14 posttmt"
"33861","M1","C4620081","14","98","C4620081 M1","posttmt",0.0524478468831498,"98 posttmt","14 posttmt"
"33862","M1","C4620081","14","99","C4620081 M1","posttmt",0.0524257455364525,"99 posttmt","14 posttmt"
"33863","M1","C4620081","14","100","C4620081 M1","posttmt",0.0521798329286228,"100 posttmt","14 posttmt"
"33864","M1","C4620081","14","101","C4620081 M1","posttmt",0.0521690135721518,"101 posttmt","14 posttmt"
"33865","M1","C4620081","14","102","C4620081 M1","posttmt",0.0521461336094409,"102 posttmt","14 posttmt"
"33866","M1","C4620081","14","103","C4620081 M1","posttmt",0.0519637587139574,"103 posttmt","14 posttmt"
"33867","M1","C4620081","14","104","C4620081 M1","posttmt",0.0517914297493503,"104 posttmt","14 posttmt"
"33868","M1","C4620081","14","105","C4620081 M1","posttmt",0.051550658069548,"105 posttmt","14 posttmt"
"33869","M1","C4620081","14","106","C4620081 M1","posttmt",0.0515392352760711,"106 posttmt","14 posttmt"
"33870","M1","C4620081","14","107","C4620081 M1","posttmt",0.0515372077086881,"107 posttmt","14 posttmt"
"33871","M1","C4620081","14","108","C4620081 M1","posttmt",0.0514820960620128,"108 posttmt","14 posttmt"
"33872","M1","C4620081","14","109","C4620081 M1","posttmt",0.0513023519921759,"109 posttmt","14 posttmt"
"33873","M1","C4620081","14","110","C4620081 M1","posttmt",0.0502167925068957,"110 posttmt","14 posttmt"
"33874","M1","C4620081","14","111","C4620081 M1","posttmt",0.0501999950213219,"111 posttmt","14 posttmt"
"33875","M1","C4620081","14","112","C4620081 M1","posttmt",0.0501870176545798,"112 posttmt","14 posttmt"
"33876","M1","C4620081","14","113","C4620081 M1","posttmt",0.0500274488776182,"113 posttmt","14 posttmt"
"33877","M1","C4620081","14","114","C4620081 M1","posttmt",0.0499897927993887,"114 posttmt","14 posttmt"
"33878","M1","C4620081","14","115","C4620081 M1","posttmt",0.049813438422265,"115 posttmt","14 posttmt"
"33879","M1","C4620081","14","116","C4620081 M1","posttmt",0.04953321925995,"116 posttmt","14 posttmt"
"33880","M1","C4620081","14","117","C4620081 M1","posttmt",0.049454151975858,"117 posttmt","14 posttmt"
"33881","M1","C4620081","14","118","C4620081 M1","posttmt",0.0494040104610465,"118 posttmt","14 posttmt"
"33882","M1","C4620081","14","119","C4620081 M1","posttmt",0.0493154999209969,"119 posttmt","14 posttmt"
"33883","M1","C4620081","14","120","C4620081 M1","posttmt",0.0491953421944489,"120 posttmt","14 posttmt"
"33884","M1","C4620081","14","121","C4620081 M1","posttmt",0.0491269025137678,"121 posttmt","14 posttmt"
"33885","M1","C4620081","14","122","C4620081 M1","posttmt",0.0489039549704492,"122 posttmt","14 posttmt"
"33886","M1","C4620081","14","123","C4620081 M1","posttmt",0.0486964172778353,"123 posttmt","14 posttmt"
"33887","M1","C4620081","14","124","C4620081 M1","posttmt",0.0486355949178123,"124 posttmt","14 posttmt"
"33888","M1","C4620081","14","125","C4620081 M1","posttmt",0.0481012508212464,"125 posttmt","14 posttmt"
"33889","M1","C4620081","14","126","C4620081 M1","posttmt",0.0479902664160545,"126 posttmt","14 posttmt"
"33890","M1","C4620081","14","127","C4620081 M1","posttmt",0.047907991318204,"127 posttmt","14 posttmt"
"33891","M1","C4620081","14","128","C4620081 M1","posttmt",0.0478484905265106,"128 posttmt","14 posttmt"
"33892","M1","C4620081","14","129","C4620081 M1","posttmt",0.0477405483374351,"129 posttmt","14 posttmt"
"33893","M1","C4620081","14","130","C4620081 M1","posttmt",0.0476434211632159,"130 posttmt","14 posttmt"
"33894","M1","C4620081","14","131","C4620081 M1","posttmt",0.0473148230749715,"131 posttmt","14 posttmt"
"33895","M1","C4620081","14","132","C4620081 M1","posttmt",0.0465748476451988,"132 posttmt","14 posttmt"
"33896","M1","C4620081","14","133","C4620081 M1","posttmt",0.0465185555317347,"133 posttmt","14 posttmt"
"33897","M1","C4620081","14","134","C4620081 M1","posttmt",0.046452785908561,"134 posttmt","14 posttmt"
"33898","M1","C4620081","14","135","C4620081 M1","posttmt",0.0464180016593846,"135 posttmt","14 posttmt"
"33899","M1","C4620081","14","136","C4620081 M1","posttmt",0.045966057324547,"136 posttmt","14 posttmt"
"33900","M1","C4620081","14","137","C4620081 M1","posttmt",0.0456585819370791,"137 posttmt","14 posttmt"
"33901","M1","C4620081","14","138","C4620081 M1","posttmt",0.0453779746902933,"138 posttmt","14 posttmt"
"33902","M1","C4620081","14","139","C4620081 M1","posttmt",0.0446457258003924,"139 posttmt","14 posttmt"
"33903","M1","C4620081","14","140","C4620081 M1","posttmt",0.044027067114651,"140 posttmt","14 posttmt"
"33904","M1","C4620081","14","141","C4620081 M1","posttmt",0.0439544804767037,"141 posttmt","14 posttmt"
"33905","M1","C4620081","14","142","C4620081 M1","posttmt",0.0438596095175677,"142 posttmt","14 posttmt"
"33906","M1","C4620081","14","143","C4620081 M1","posttmt",0.0435403316759956,"143 posttmt","14 posttmt"
"33907","M1","C4620081","14","144","C4620081 M1","posttmt",0.0434841953815577,"144 posttmt","14 posttmt"
"33908","M1","C4620081","14","145","C4620081 M1","posttmt",0.043410766412349,"145 posttmt","14 posttmt"
"33909","M1","C4620081","14","146","C4620081 M1","posttmt",0.0432704791003491,"146 posttmt","14 posttmt"
"33910","M1","C4620081","14","147","C4620081 M1","posttmt",0.0432523691946522,"147 posttmt","14 posttmt"
"33911","M1","C4620081","14","148","C4620081 M1","posttmt",0.0427866213686733,"148 posttmt","14 posttmt"
"33912","M1","C4620081","14","149","C4620081 M1","posttmt",0.0424202802357871,"149 posttmt","14 posttmt"
"33913","M1","C4620081","14","150","C4620081 M1","posttmt",0.0423089740269879,"150 posttmt","14 posttmt"
"33914","M1","C4620081","14","151","C4620081 M1","posttmt",0.0422283561632784,"151 posttmt","14 posttmt"
"33915","M1","C4620081","14","152","C4620081 M1","posttmt",0.0421297397226032,"152 posttmt","14 posttmt"
"33916","M1","C4620081","14","153","C4620081 M1","posttmt",0.0420343595486714,"153 posttmt","14 posttmt"
"33917","M1","C4620081","14","154","C4620081 M1","posttmt",0.0417215501169457,"154 posttmt","14 posttmt"
"33918","M1","C4620081","14","155","C4620081 M1","posttmt",0.0415919150481063,"155 posttmt","14 posttmt"
"33919","M1","C4620081","14","156","C4620081 M1","posttmt",0.0413736283392041,"156 posttmt","14 posttmt"
"33920","M1","C4620081","14","157","C4620081 M1","posttmt",0.0412144668819303,"157 posttmt","14 posttmt"
"33921","M1","C4620081","14","158","C4620081 M1","posttmt",0.0406431585185275,"158 posttmt","14 posttmt"
"33922","M1","C4620081","14","159","C4620081 M1","posttmt",0.0405225281642611,"159 posttmt","14 posttmt"
"33923","M1","C4620081","14","160","C4620081 M1","posttmt",0.0404287398803122,"160 posttmt","14 posttmt"
"33924","M1","C4620081","14","161","C4620081 M1","posttmt",0.0402756271157779,"161 posttmt","14 posttmt"
"33925","M1","C4620081","14","162","C4620081 M1","posttmt",0.0399651544724082,"162 posttmt","14 posttmt"
"33926","M1","C4620081","14","163","C4620081 M1","posttmt",0.0391776158533857,"163 posttmt","14 posttmt"
"33927","M1","C4620081","14","164","C4620081 M1","posttmt",0.0386998076303098,"164 posttmt","14 posttmt"
"33928","M1","C4620081","14","165","C4620081 M1","posttmt",0.0383409054800517,"165 posttmt","14 posttmt"
"33929","M1","C4620081","14","166","C4620081 M1","posttmt",0.0383381190884013,"166 posttmt","14 posttmt"
"33930","M1","C4620081","14","167","C4620081 M1","posttmt",0.0383344779277655,"167 posttmt","14 posttmt"
"33931","M1","C4620081","14","168","C4620081 M1","posttmt",0.0378986856248906,"168 posttmt","14 posttmt"
"33932","M1","C4620081","14","169","C4620081 M1","posttmt",0.0377589342584692,"169 posttmt","14 posttmt"
"33933","M1","C4620081","14","170","C4620081 M1","posttmt",0.0373219651700074,"170 posttmt","14 posttmt"
"33934","M1","C4620081","14","171","C4620081 M1","posttmt",0.037256514293192,"171 posttmt","14 posttmt"
"33935","M1","C4620081","14","172","C4620081 M1","posttmt",0.037175757496821,"172 posttmt","14 posttmt"
"33936","M1","C4620081","14","173","C4620081 M1","posttmt",0.0371093199688472,"173 posttmt","14 posttmt"
"33937","M1","C4620081","14","174","C4620081 M1","posttmt",0.0369833973022665,"174 posttmt","14 posttmt"
"33938","M1","C4620081","14","175","C4620081 M1","posttmt",0.036857115753267,"175 posttmt","14 posttmt"
"33939","M1","C4620081","14","176","C4620081 M1","posttmt",0.0367988076203087,"176 posttmt","14 posttmt"
"33940","M1","C4620081","14","177","C4620081 M1","posttmt",0.0363701763118578,"177 posttmt","14 posttmt"
"33941","M1","C4620081","14","178","C4620081 M1","posttmt",0.0359263985918624,"178 posttmt","14 posttmt"
"33942","M1","C4620081","14","179","C4620081 M1","posttmt",0.0359244799760539,"179 posttmt","14 posttmt"
"33943","M1","C4620081","14","180","C4620081 M1","posttmt",0.0357823830589168,"180 posttmt","14 posttmt"
"33944","M1","C4620081","14","181","C4620081 M1","posttmt",0.0355747033242511,"181 posttmt","14 posttmt"
"33945","M1","C4620081","14","182","C4620081 M1","posttmt",0.0349336264443289,"182 posttmt","14 posttmt"
"33946","M1","C4620081","14","183","C4620081 M1","posttmt",0.0345489081410989,"183 posttmt","14 posttmt"
"33947","M1","C4620081","14","184","C4620081 M1","posttmt",0.0345332456663214,"184 posttmt","14 posttmt"
"33948","M1","C4620081","14","185","C4620081 M1","posttmt",0.0342847662180908,"185 posttmt","14 posttmt"
"33949","M1","C4620081","14","186","C4620081 M1","posttmt",0.0340982675670964,"186 posttmt","14 posttmt"
"33950","M1","C4620081","14","187","C4620081 M1","posttmt",0.0337767546035441,"187 posttmt","14 posttmt"
"33951","M1","C4620081","14","188","C4620081 M1","posttmt",0.0337382767452244,"188 posttmt","14 posttmt"
"33952","M1","C4620081","14","189","C4620081 M1","posttmt",0.0333737370643918,"189 posttmt","14 posttmt"
"33953","M1","C4620081","14","190","C4620081 M1","posttmt",0.0333547566723939,"190 posttmt","14 posttmt"
"33954","M1","C4620081","14","191","C4620081 M1","posttmt",0.0332595438945091,"191 posttmt","14 posttmt"
"33955","M1","C4620081","14","192","C4620081 M1","posttmt",0.0322793336808473,"192 posttmt","14 posttmt"
"33956","M1","C4620081","14","193","C4620081 M1","posttmt",0.0322334628939098,"193 posttmt","14 posttmt"
"33957","M1","C4620081","14","194","C4620081 M1","posttmt",0.0321304524579002,"194 posttmt","14 posttmt"
"33958","M1","C4620081","14","195","C4620081 M1","posttmt",0.0317358858409738,"195 posttmt","14 posttmt"
"33959","M1","C4620081","14","196","C4620081 M1","posttmt",0.0317351436837248,"196 posttmt","14 posttmt"
"33960","M1","C4620081","14","197","C4620081 M1","posttmt",0.0317204186892133,"197 posttmt","14 posttmt"
"33961","M1","C4620081","14","198","C4620081 M1","posttmt",0.0317114503479715,"198 posttmt","14 posttmt"
"33962","M1","C4620081","14","199","C4620081 M1","posttmt",0.0316213356828814,"199 posttmt","14 posttmt"
"33963","M1","C4620081","14","200","C4620081 M1","posttmt",0.031190746727824,"200 posttmt","14 posttmt"
"33964","M1","C4620081","14","201","C4620081 M1","posttmt",0.0311648693838031,"201 posttmt","14 posttmt"
"33965","M1","C4620081","14","202","C4620081 M1","posttmt",0.0307470315367511,"202 posttmt","14 posttmt"
"33966","M1","C4620081","14","203","C4620081 M1","posttmt",0.0306791681340577,"203 posttmt","14 posttmt"
"33967","M1","C4620081","14","204","C4620081 M1","posttmt",0.0302146274706441,"204 posttmt","14 posttmt"
"33968","M1","C4620081","14","205","C4620081 M1","posttmt",0.029870681530543,"205 posttmt","14 posttmt"
"33969","M1","C4620081","14","206","C4620081 M1","posttmt",0.0298204317661356,"206 posttmt","14 posttmt"
"33970","M1","C4620081","14","207","C4620081 M1","posttmt",0.0296428099367752,"207 posttmt","14 posttmt"
"33971","M1","C4620081","14","208","C4620081 M1","posttmt",0.0296317702373401,"208 posttmt","14 posttmt"
"33972","M1","C4620081","14","209","C4620081 M1","posttmt",0.0296118882664416,"209 posttmt","14 posttmt"
"33973","M1","C4620081","14","210","C4620081 M1","posttmt",0.0293864626928235,"210 posttmt","14 posttmt"
"33974","M1","C4620081","14","211","C4620081 M1","posttmt",0.029218005800604,"211 posttmt","14 posttmt"
"33975","M1","C4620081","14","212","C4620081 M1","posttmt",0.0291414246049419,"212 posttmt","14 posttmt"
"33976","M1","C4620081","14","213","C4620081 M1","posttmt",0.029078175734333,"213 posttmt","14 posttmt"
"33977","M1","C4620081","14","214","C4620081 M1","posttmt",0.028776782668835,"214 posttmt","14 posttmt"
"33978","M1","C4620081","14","215","C4620081 M1","posttmt",0.0286567050686438,"215 posttmt","14 posttmt"
"33979","M1","C4620081","14","216","C4620081 M1","posttmt",0.0284750649588533,"216 posttmt","14 posttmt"
"33980","M1","C4620081","14","217","C4620081 M1","posttmt",0.0281622854080153,"217 posttmt","14 posttmt"
"33981","M1","C4620081","14","218","C4620081 M1","posttmt",0.0275450120598838,"218 posttmt","14 posttmt"
"33982","M1","C4620081","14","219","C4620081 M1","posttmt",0.0273821200963338,"219 posttmt","14 posttmt"
"33983","M1","C4620081","14","220","C4620081 M1","posttmt",0.026950933776543,"220 posttmt","14 posttmt"
"33984","M1","C4620081","14","221","C4620081 M1","posttmt",0.0268908270881987,"221 posttmt","14 posttmt"
"33985","M1","C4620081","14","222","C4620081 M1","posttmt",0.0260931805588458,"222 posttmt","14 posttmt"
"33986","M1","C4620081","14","223","C4620081 M1","posttmt",0.025620455158135,"223 posttmt","14 posttmt"
"33987","M1","C4620081","14","224","C4620081 M1","posttmt",0.0253647256187244,"224 posttmt","14 posttmt"
"33988","M1","C4620081","14","225","C4620081 M1","posttmt",0.0251721613016315,"225 posttmt","14 posttmt"
"33989","M1","C4620081","14","226","C4620081 M1","posttmt",0.025157419829464,"226 posttmt","14 posttmt"
"33990","M1","C4620081","14","227","C4620081 M1","posttmt",0.0251046471873226,"227 posttmt","14 posttmt"
"33991","M1","C4620081","14","228","C4620081 M1","posttmt",0.0249472960082169,"228 posttmt","14 posttmt"
"33992","M1","C4620081","14","229","C4620081 M1","posttmt",0.0248363105126259,"229 posttmt","14 posttmt"
"33993","M1","C4620081","14","230","C4620081 M1","posttmt",0.0244711336536158,"230 posttmt","14 posttmt"
"33994","M1","C4620081","14","231","C4620081 M1","posttmt",0.0244497302506948,"231 posttmt","14 posttmt"
"33995","M1","C4620081","14","232","C4620081 M1","posttmt",0.0243190054698165,"232 posttmt","14 posttmt"
"33996","M1","C4620081","14","233","C4620081 M1","posttmt",0.0242549287141191,"233 posttmt","14 posttmt"
"33997","M1","C4620081","14","234","C4620081 M1","posttmt",0.0242209788507756,"234 posttmt","14 posttmt"
"33998","M1","C4620081","14","235","C4620081 M1","posttmt",0.0240085197681882,"235 posttmt","14 posttmt"
"33999","M1","C4620081","14","236","C4620081 M1","posttmt",0.0238154410291978,"236 posttmt","14 posttmt"
"34000","M1","C4620081","14","237","C4620081 M1","posttmt",0.0237542669073299,"237 posttmt","14 posttmt"
"34001","M1","C4620081","14","238","C4620081 M1","posttmt",0.0231679226209499,"238 posttmt","14 posttmt"
"34002","M1","C4620081","14","239","C4620081 M1","posttmt",0.0230973338160985,"239 posttmt","14 posttmt"
"34003","M1","C4620081","14","240","C4620081 M1","posttmt",0.023006276980105,"240 posttmt","14 posttmt"
"34004","M1","C4620081","14","241","C4620081 M1","posttmt",0.0225224627574692,"241 posttmt","14 posttmt"
"34005","M1","C4620081","14","242","C4620081 M1","posttmt",0.0223075284701477,"242 posttmt","14 posttmt"
"34006","M1","C4620081","14","243","C4620081 M1","posttmt",0.0222812792529969,"243 posttmt","14 posttmt"
"34007","M1","C4620081","14","244","C4620081 M1","posttmt",0.0215287626523997,"244 posttmt","14 posttmt"
"34008","M1","C4620081","14","245","C4620081 M1","posttmt",0.0213579969643856,"245 posttmt","14 posttmt"
"34009","M1","C4620081","14","246","C4620081 M1","posttmt",0.0212793435657873,"246 posttmt","14 posttmt"
"34010","M1","C4620081","14","247","C4620081 M1","posttmt",0.0205290583419043,"247 posttmt","14 posttmt"
"34011","M1","C4620081","14","248","C4620081 M1","posttmt",0.0202757019522735,"248 posttmt","14 posttmt"
"34012","M1","C4620081","14","249","C4620081 M1","posttmt",0.0202596207614811,"249 posttmt","14 posttmt"
"34013","M1","C4620081","14","250","C4620081 M1","posttmt",0.0202113310193991,"250 posttmt","14 posttmt"
"34014","M1","C4620081","14","251","C4620081 M1","posttmt",0.0190923066408975,"251 posttmt","14 posttmt"
"34015","M1","C4620081","14","252","C4620081 M1","posttmt",0.0186188488581695,"252 posttmt","14 posttmt"
"34016","M1","C4620081","14","253","C4620081 M1","posttmt",0.0184375337177478,"253 posttmt","14 posttmt"
"34017","M1","C4620081","14","254","C4620081 M1","posttmt",0.0182792616651907,"254 posttmt","14 posttmt"
"34018","M1","C4620081","14","255","C4620081 M1","posttmt",0.017970000078954,"255 posttmt","14 posttmt"
"34019","M1","C4620081","14","256","C4620081 M1","posttmt",0.0177465163160365,"256 posttmt","14 posttmt"
"34020","M1","C4620081","14","257","C4620081 M1","posttmt",0.0177038002296549,"257 posttmt","14 posttmt"
"34021","M1","C4620081","14","258","C4620081 M1","posttmt",0.0176896100439581,"258 posttmt","14 posttmt"
"34022","M1","C4620081","14","259","C4620081 M1","posttmt",0.0175929488185011,"259 posttmt","14 posttmt"
"34023","M1","C4620081","14","260","C4620081 M1","posttmt",0.0175389908599696,"260 posttmt","14 posttmt"
"34024","M1","C4620081","14","261","C4620081 M1","posttmt",0.0172314904624658,"261 posttmt","14 posttmt"
"34025","M1","C4620081","14","262","C4620081 M1","posttmt",0.0172303232791454,"262 posttmt","14 posttmt"
"34026","M1","C4620081","14","263","C4620081 M1","posttmt",0.0167184146730059,"263 posttmt","14 posttmt"
"34027","M1","C4620081","14","264","C4620081 M1","posttmt",0.0166873556950332,"264 posttmt","14 posttmt"
"34028","M1","C4620081","14","265","C4620081 M1","posttmt",0.0160551701885925,"265 posttmt","14 posttmt"
"34029","M1","C4620081","14","266","C4620081 M1","posttmt",0.0159826424051449,"266 posttmt","14 posttmt"
"34030","M1","C4620081","14","267","C4620081 M1","posttmt",0.0157758503096808,"267 posttmt","14 posttmt"
"34031","M1","C4620081","14","268","C4620081 M1","posttmt",0.0152151176119876,"268 posttmt","14 posttmt"
"34032","M1","C4620081","14","269","C4620081 M1","posttmt",0.0151559719296647,"269 posttmt","14 posttmt"
"34033","M1","C4620081","14","270","C4620081 M1","posttmt",0.0149945939262237,"270 posttmt","14 posttmt"
"34034","M1","C4620081","14","271","C4620081 M1","posttmt",0.0148152237339647,"271 posttmt","14 posttmt"
"34035","M1","C4620081","14","272","C4620081 M1","posttmt",0.014747280137989,"272 posttmt","14 posttmt"
"34036","M1","C4620081","14","273","C4620081 M1","posttmt",0.0144643016107499,"273 posttmt","14 posttmt"
"34037","M1","C4620081","14","274","C4620081 M1","posttmt",0.0143900440756824,"274 posttmt","14 posttmt"
"34038","M1","C4620081","14","275","C4620081 M1","posttmt",0.0143848215214323,"275 posttmt","14 posttmt"
"34039","M1","C4620081","14","276","C4620081 M1","posttmt",0.0137799818570386,"276 posttmt","14 posttmt"
"34040","M1","C4620081","14","277","C4620081 M1","posttmt",0.0134228420244281,"277 posttmt","14 posttmt"
"34041","M1","C4620081","14","278","C4620081 M1","posttmt",0.0128681478688733,"278 posttmt","14 posttmt"
"34042","M1","C4620081","14","279","C4620081 M1","posttmt",0.0128319549622496,"279 posttmt","14 posttmt"
"34043","M1","C4620081","14","280","C4620081 M1","posttmt",0.0120521083767166,"280 posttmt","14 posttmt"
"34044","M1","C4620081","14","281","C4620081 M1","posttmt",0.0118039861957272,"281 posttmt","14 posttmt"
"34045","M1","C4620081","14","282","C4620081 M1","posttmt",0.0116851263704583,"282 posttmt","14 posttmt"
"34046","M1","C4620081","14","283","C4620081 M1","posttmt",0.0112895086966535,"283 posttmt","14 posttmt"
"34047","M1","C4620081","14","284","C4620081 M1","posttmt",0.0102754859107624,"284 posttmt","14 posttmt"
"34048","M1","C4620081","14","285","C4620081 M1","posttmt",0.010266157269711,"285 posttmt","14 posttmt"
"34049","M1","C4620081","14","286","C4620081 M1","posttmt",0.00991030570291082,"286 posttmt","14 posttmt"
"34050","M1","C4620081","14","287","C4620081 M1","posttmt",0.00988827678551125,"287 posttmt","14 posttmt"
"34051","M1","C4620081","14","288","C4620081 M1","posttmt",0.00964113785365775,"288 posttmt","14 posttmt"
"34052","M1","C4620081","14","289","C4620081 M1","posttmt",0.0084421460666753,"289 posttmt","14 posttmt"
"34053","M1","C4620081","14","290","C4620081 M1","posttmt",0.00835266913183227,"290 posttmt","14 posttmt"
"34054","M1","C4620081","14","291","C4620081 M1","posttmt",0.00736609283476201,"291 posttmt","14 posttmt"
"34055","M1","C4620081","14","292","C4620081 M1","posttmt",0.00657276440153935,"292 posttmt","14 posttmt"
"34056","M1","C4620081","14","293","C4620081 M1","posttmt",0.00650012264045285,"293 posttmt","14 posttmt"
"34057","M1","C4620081","14","294","C4620081 M1","posttmt",0.00642179797503858,"294 posttmt","14 posttmt"
"34058","M1","C4620081","14","295","C4620081 M1","posttmt",0.00425707132877364,"295 posttmt","14 posttmt"
"34059","M1","C4620081","14","296","C4620081 M1","posttmt",0.0042456486538374,"296 posttmt","14 posttmt"
"34060","M1","C4620081","14","297","C4620081 M1","posttmt",0.00405302244894462,"297 posttmt","14 posttmt"
"34061","M1","C4620081","14","298","C4620081 M1","posttmt",0.00358839776028804,"298 posttmt","14 posttmt"
"34062","M1","C4620081","14","299","C4620081 M1","posttmt",0.0034157098782018,"299 posttmt","14 posttmt"
"34063","M1","C4620081","14","300","C4620081 M1","posttmt",0.00315982295526257,"300 posttmt","14 posttmt"
"34064","M1","C4620081","14","301","C4620081 M1","posttmt",0.00304297508071535,"301 posttmt","14 posttmt"
"34065","M1","C4620081","14","302","C4620081 M1","posttmt",0.00300215364549884,"302 posttmt","14 posttmt"
"34066","M1","C4620081","14","303","C4620081 M1","posttmt",0.00280702961561208,"303 posttmt","14 posttmt"
"34067","M1","C4620081","14","304","C4620081 M1","posttmt",0.00268614768392293,"304 posttmt","14 posttmt"
"34068","M1","C4620081","14","305","C4620081 M1","posttmt",0.0024632605768055,"305 posttmt","14 posttmt"
"34069","M1","C4620081","14","306","C4620081 M1","posttmt",0.000715985430686033,"306 posttmt","14 posttmt"
"34070","M1","C4620081","14","307","C4620081 M1","posttmt",0.000660885107799974,"307 posttmt","14 posttmt"
"34071","M1","C4620081","14","308","C4620081 M1","posttmt",-0.000523952340851342,"308 posttmt","14 posttmt"
"34072","M1","C4620081","14","309","C4620081 M1","posttmt",-0.00168470602426203,"309 posttmt","14 posttmt"
"34073","M1","C4620081","14","310","C4620081 M1","posttmt",-0.00179044906855088,"310 posttmt","14 posttmt"
"34074","M1","C4620081","14","311","C4620081 M1","posttmt",-0.00184536350860894,"311 posttmt","14 posttmt"
"34075","M1","C4620081","14","312","C4620081 M1","posttmt",-0.00202328008708579,"312 posttmt","14 posttmt"
"34076","M1","C4620081","14","313","C4620081 M1","posttmt",-0.00268204725926583,"313 posttmt","14 posttmt"
"34077","M1","C4620081","14","314","C4620081 M1","posttmt",-0.00272789651693341,"314 posttmt","14 posttmt"
"34078","M1","C4620081","14","315","C4620081 M1","posttmt",-0.00454475021447928,"315 posttmt","14 posttmt"
"34079","M1","C4620081","14","316","C4620081 M1","posttmt",-0.00654660042519787,"316 posttmt","14 posttmt"
"34080","M1","C4620081","14","317","C4620081 M1","posttmt",-0.00791336592059622,"317 posttmt","14 posttmt"
"34081","M1","C4620081","14","318","C4620081 M1","posttmt",-0.00811993714157908,"318 posttmt","14 posttmt"
"34082","M1","C4620081","14","319","C4620081 M1","posttmt",-0.00851133518743524,"319 posttmt","14 posttmt"
"34083","M1","C4620081","14","320","C4620081 M1","posttmt",-0.00868685658556253,"320 posttmt","14 posttmt"
"34084","M1","C4620081","14","321","C4620081 M1","posttmt",-0.00964543875901493,"321 posttmt","14 posttmt"
"34085","M1","C4620081","14","322","C4620081 M1","posttmt",-0.0124606030934806,"322 posttmt","14 posttmt"
"34086","M1","C4620081","14","323","C4620081 M1","posttmt",-0.0145095445223688,"323 posttmt","14 posttmt"
"34087","M1","C4620081","14","324","C4620081 M1","posttmt",-0.0181268677199351,"324 posttmt","14 posttmt"
"34088","M1","C4620081","14","325","C4620081 M1","posttmt",-0.0190934548103932,"325 posttmt","14 posttmt"
"34089","M1","C4620081","14","326","C4620081 M1","posttmt",-0.0198463985142077,"326 posttmt","14 posttmt"
"34090","M1","C4620081","14","327","C4620081 M1","posttmt",-0.0228164206273996,"327 posttmt","14 posttmt"
"34091","M1","C4620081","14","328","C4620081 M1","posttmt",-0.0249880837140454,"328 posttmt","14 posttmt"
"34092","M1","C4620081","14","329","C4620081 M1","posttmt",-0.0353605522386176,"329 posttmt","14 posttmt"
"34093","M1","C4620081","14","330","C4620081 M1","posttmt",-0.0360539085066251,"330 posttmt","14 posttmt"
"34094","M2","C4620081","14","0","C4620081 M2","posttmt",0.105199617250171,"0 posttmt","14 posttmt"
"34095","M2","C4620081","14","1","C4620081 M2","posttmt",0.0973703894159803,"1 posttmt","14 posttmt"
"34096","M2","C4620081","14","2","C4620081 M2","posttmt",0.0928007634867436,"2 posttmt","14 posttmt"
"34097","M2","C4620081","14","3","C4620081 M2","posttmt",0.0917201885629495,"3 posttmt","14 posttmt"
"34098","M2","C4620081","14","4","C4620081 M2","posttmt",0.0903563877180371,"4 posttmt","14 posttmt"
"34099","M2","C4620081","14","5","C4620081 M2","posttmt",0.0817540581451332,"5 posttmt","14 posttmt"
"34100","M2","C4620081","14","6","C4620081 M2","posttmt",0.0817020869656348,"6 posttmt","14 posttmt"
"34101","M2","C4620081","14","7","C4620081 M2","posttmt",0.0805505537962018,"7 posttmt","14 posttmt"
"34102","M2","C4620081","14","8","C4620081 M2","posttmt",0.080151462060232,"8 posttmt","14 posttmt"
"34103","M2","C4620081","14","9","C4620081 M2","posttmt",0.0797694015048897,"9 posttmt","14 posttmt"
"34104","M2","C4620081","14","10","C4620081 M2","posttmt",0.0776816378396227,"10 posttmt","14 posttmt"
"34105","M2","C4620081","14","11","C4620081 M2","posttmt",0.0769247777545457,"11 posttmt","14 posttmt"
"34106","M2","C4620081","14","12","C4620081 M2","posttmt",0.0769031186309957,"12 posttmt","14 posttmt"
"34107","M2","C4620081","14","13","C4620081 M2","posttmt",0.076151852794659,"13 posttmt","14 posttmt"
"34108","M2","C4620081","14","14","C4620081 M2","posttmt",0.074585786018518,"14 posttmt","14 posttmt"
"34109","M2","C4620081","14","15","C4620081 M2","posttmt",0.074074091147315,"15 posttmt","14 posttmt"
"34110","M2","C4620081","14","16","C4620081 M2","posttmt",0.0727275481088472,"16 posttmt","14 posttmt"
"34111","M2","C4620081","14","17","C4620081 M2","posttmt",0.0724695962887588,"17 posttmt","14 posttmt"
"34112","M2","C4620081","14","18","C4620081 M2","posttmt",0.0720360218993363,"18 posttmt","14 posttmt"
"34113","M2","C4620081","14","19","C4620081 M2","posttmt",0.0716673119700737,"19 posttmt","14 posttmt"
"34114","M2","C4620081","14","20","C4620081 M2","posttmt",0.0708181236986767,"20 posttmt","14 posttmt"
"34115","M2","C4620081","14","21","C4620081 M2","posttmt",0.0705397780164641,"21 posttmt","14 posttmt"
"34116","M2","C4620081","14","22","C4620081 M2","posttmt",0.0688487641245265,"22 posttmt","14 posttmt"
"34117","M2","C4620081","14","23","C4620081 M2","posttmt",0.0677202667454663,"23 posttmt","14 posttmt"
"34118","M2","C4620081","14","24","C4620081 M2","posttmt",0.0669108224005244,"24 posttmt","14 posttmt"
"34119","M2","C4620081","14","25","C4620081 M2","posttmt",0.0655864561586924,"25 posttmt","14 posttmt"
"34120","M2","C4620081","14","26","C4620081 M2","posttmt",0.0651612672876808,"26 posttmt","14 posttmt"
"34121","M2","C4620081","14","27","C4620081 M2","posttmt",0.064468110965785,"27 posttmt","14 posttmt"
"34122","M2","C4620081","14","28","C4620081 M2","posttmt",0.0626779450195332,"28 posttmt","14 posttmt"
"34123","M2","C4620081","14","29","C4620081 M2","posttmt",0.0624817896244578,"29 posttmt","14 posttmt"
"34124","M2","C4620081","14","30","C4620081 M2","posttmt",0.0610052168257058,"30 posttmt","14 posttmt"
"34125","M2","C4620081","14","31","C4620081 M2","posttmt",0.0608483595825181,"31 posttmt","14 posttmt"
"34126","M2","C4620081","14","32","C4620081 M2","posttmt",0.0606631590011373,"32 posttmt","14 posttmt"
"34127","M2","C4620081","14","33","C4620081 M2","posttmt",0.060552476624737,"33 posttmt","14 posttmt"
"34128","M2","C4620081","14","34","C4620081 M2","posttmt",0.0599745133159597,"34 posttmt","14 posttmt"
"34129","M2","C4620081","14","35","C4620081 M2","posttmt",0.0591434352652599,"35 posttmt","14 posttmt"
"34130","M2","C4620081","14","36","C4620081 M2","posttmt",0.0590244886276095,"36 posttmt","14 posttmt"
"34131","M2","C4620081","14","37","C4620081 M2","posttmt",0.0588735633403331,"37 posttmt","14 posttmt"
"34132","M2","C4620081","14","38","C4620081 M2","posttmt",0.0580880425829231,"38 posttmt","14 posttmt"
"34133","M2","C4620081","14","39","C4620081 M2","posttmt",0.0577520282027312,"39 posttmt","14 posttmt"
"34134","M2","C4620081","14","40","C4620081 M2","posttmt",0.057525452219545,"40 posttmt","14 posttmt"
"34135","M2","C4620081","14","41","C4620081 M2","posttmt",0.0568316637725838,"41 posttmt","14 posttmt"
"34136","M2","C4620081","14","42","C4620081 M2","posttmt",0.0561403717992615,"42 posttmt","14 posttmt"
"34137","M2","C4620081","14","43","C4620081 M2","posttmt",0.0560813062000202,"43 posttmt","14 posttmt"
"34138","M2","C4620081","14","44","C4620081 M2","posttmt",0.055997023440779,"44 posttmt","14 posttmt"
"34139","M2","C4620081","14","45","C4620081 M2","posttmt",0.0559428373503184,"45 posttmt","14 posttmt"
"34140","M2","C4620081","14","46","C4620081 M2","posttmt",0.0556517751053174,"46 posttmt","14 posttmt"
"34141","M2","C4620081","14","47","C4620081 M2","posttmt",0.0548865619631108,"47 posttmt","14 posttmt"
"34142","M2","C4620081","14","48","C4620081 M2","posttmt",0.0548659276883369,"48 posttmt","14 posttmt"
"34143","M2","C4620081","14","49","C4620081 M2","posttmt",0.054838725877838,"49 posttmt","14 posttmt"
"34144","M2","C4620081","14","50","C4620081 M2","posttmt",0.0546393576442693,"50 posttmt","14 posttmt"
"34145","M2","C4620081","14","51","C4620081 M2","posttmt",0.0546012050754354,"51 posttmt","14 posttmt"
"34146","M2","C4620081","14","52","C4620081 M2","posttmt",0.0544057322256321,"52 posttmt","14 posttmt"
"34147","M2","C4620081","14","53","C4620081 M2","posttmt",0.0539437744327879,"53 posttmt","14 posttmt"
"34148","M2","C4620081","14","54","C4620081 M2","posttmt",0.0535920066806839,"54 posttmt","14 posttmt"
"34149","M2","C4620081","14","55","C4620081 M2","posttmt",0.0530010019457292,"55 posttmt","14 posttmt"
"34150","M2","C4620081","14","56","C4620081 M2","posttmt",0.0527494088647673,"56 posttmt","14 posttmt"
"34151","M2","C4620081","14","57","C4620081 M2","posttmt",0.0526850136662347,"57 posttmt","14 posttmt"
"34152","M2","C4620081","14","58","C4620081 M2","posttmt",0.0523309987609748,"58 posttmt","14 posttmt"
"34153","M2","C4620081","14","59","C4620081 M2","posttmt",0.051276920035877,"59 posttmt","14 posttmt"
"34154","M2","C4620081","14","60","C4620081 M2","posttmt",0.0510380709845853,"60 posttmt","14 posttmt"
"34155","M2","C4620081","14","61","C4620081 M2","posttmt",0.0505670043431258,"61 posttmt","14 posttmt"
"34156","M2","C4620081","14","62","C4620081 M2","posttmt",0.0500732459084159,"62 posttmt","14 posttmt"
"34157","M2","C4620081","14","63","C4620081 M2","posttmt",0.0497194447901293,"63 posttmt","14 posttmt"
"34158","M2","C4620081","14","64","C4620081 M2","posttmt",0.0492495259683764,"64 posttmt","14 posttmt"
"34159","M2","C4620081","14","65","C4620081 M2","posttmt",0.0489286278840285,"65 posttmt","14 posttmt"
"34160","M2","C4620081","14","66","C4620081 M2","posttmt",0.0489227030807611,"66 posttmt","14 posttmt"
"34161","M2","C4620081","14","67","C4620081 M2","posttmt",0.048917136108679,"67 posttmt","14 posttmt"
"34162","M2","C4620081","14","68","C4620081 M2","posttmt",0.0486977837436471,"68 posttmt","14 posttmt"
"34163","M2","C4620081","14","69","C4620081 M2","posttmt",0.0486022383499593,"69 posttmt","14 posttmt"
"34164","M2","C4620081","14","70","C4620081 M2","posttmt",0.048400940742912,"70 posttmt","14 posttmt"
"34165","M2","C4620081","14","71","C4620081 M2","posttmt",0.0482138469121287,"71 posttmt","14 posttmt"
"34166","M2","C4620081","14","72","C4620081 M2","posttmt",0.0479790409447867,"72 posttmt","14 posttmt"
"34167","M2","C4620081","14","73","C4620081 M2","posttmt",0.0479607091886192,"73 posttmt","14 posttmt"
"34168","M2","C4620081","14","74","C4620081 M2","posttmt",0.047821037588554,"74 posttmt","14 posttmt"
"34169","M2","C4620081","14","75","C4620081 M2","posttmt",0.0477085726665367,"75 posttmt","14 posttmt"
"34170","M2","C4620081","14","76","C4620081 M2","posttmt",0.0474960150944606,"76 posttmt","14 posttmt"
"34171","M2","C4620081","14","77","C4620081 M2","posttmt",0.0472572267117577,"77 posttmt","14 posttmt"
"34172","M2","C4620081","14","78","C4620081 M2","posttmt",0.0472036354235821,"78 posttmt","14 posttmt"
"34173","M2","C4620081","14","79","C4620081 M2","posttmt",0.0471182248078721,"79 posttmt","14 posttmt"
"34174","M2","C4620081","14","80","C4620081 M2","posttmt",0.0468913216648485,"80 posttmt","14 posttmt"
"34175","M2","C4620081","14","81","C4620081 M2","posttmt",0.0467461129095755,"81 posttmt","14 posttmt"
"34176","M2","C4620081","14","82","C4620081 M2","posttmt",0.0466332965135401,"82 posttmt","14 posttmt"
"34177","M2","C4620081","14","83","C4620081 M2","posttmt",0.0462258528789262,"83 posttmt","14 posttmt"
"34178","M2","C4620081","14","84","C4620081 M2","posttmt",0.0458370532558968,"84 posttmt","14 posttmt"
"34179","M2","C4620081","14","85","C4620081 M2","posttmt",0.0456446535264108,"85 posttmt","14 posttmt"
"34180","M2","C4620081","14","86","C4620081 M2","posttmt",0.0455168459827072,"86 posttmt","14 posttmt"
"34181","M2","C4620081","14","87","C4620081 M2","posttmt",0.0453651949446868,"87 posttmt","14 posttmt"
"34182","M2","C4620081","14","88","C4620081 M2","posttmt",0.0452155270470875,"88 posttmt","14 posttmt"
"34183","M2","C4620081","14","89","C4620081 M2","posttmt",0.0442010006182809,"89 posttmt","14 posttmt"
"34184","M2","C4620081","14","90","C4620081 M2","posttmt",0.0438016649202145,"90 posttmt","14 posttmt"
"34185","M2","C4620081","14","91","C4620081 M2","posttmt",0.0432261855914485,"91 posttmt","14 posttmt"
"34186","M2","C4620081","14","92","C4620081 M2","posttmt",0.0429055612854502,"92 posttmt","14 posttmt"
"34187","M2","C4620081","14","93","C4620081 M2","posttmt",0.0422025421941993,"93 posttmt","14 posttmt"
"34188","M2","C4620081","14","94","C4620081 M2","posttmt",0.0419887321381587,"94 posttmt","14 posttmt"
"34189","M2","C4620081","14","95","C4620081 M2","posttmt",0.0417621870332265,"95 posttmt","14 posttmt"
"34190","M2","C4620081","14","96","C4620081 M2","posttmt",0.0416298002018481,"96 posttmt","14 posttmt"
"34191","M2","C4620081","14","97","C4620081 M2","posttmt",0.0415736406709756,"97 posttmt","14 posttmt"
"34192","M2","C4620081","14","98","C4620081 M2","posttmt",0.0403094279074614,"98 posttmt","14 posttmt"
"34193","M2","C4620081","14","99","C4620081 M2","posttmt",0.0402788724868401,"99 posttmt","14 posttmt"
"34194","M2","C4620081","14","100","C4620081 M2","posttmt",0.0399024556756756,"100 posttmt","14 posttmt"
"34195","M2","C4620081","14","101","C4620081 M2","posttmt",0.0396448238963111,"101 posttmt","14 posttmt"
"34196","M2","C4620081","14","102","C4620081 M2","posttmt",0.0395824062734954,"102 posttmt","14 posttmt"
"34197","M2","C4620081","14","103","C4620081 M2","posttmt",0.0395140087644094,"103 posttmt","14 posttmt"
"34198","M2","C4620081","14","104","C4620081 M2","posttmt",0.0389979787074137,"104 posttmt","14 posttmt"
"34199","M2","C4620081","14","105","C4620081 M2","posttmt",0.0388686628454364,"105 posttmt","14 posttmt"
"34200","M2","C4620081","14","106","C4620081 M2","posttmt",0.0387931323433794,"106 posttmt","14 posttmt"
"34201","M2","C4620081","14","107","C4620081 M2","posttmt",0.0387554888657345,"107 posttmt","14 posttmt"
"34202","M2","C4620081","14","108","C4620081 M2","posttmt",0.038276233450336,"108 posttmt","14 posttmt"
"34203","M2","C4620081","14","109","C4620081 M2","posttmt",0.0382313777236473,"109 posttmt","14 posttmt"
"34204","M2","C4620081","14","110","C4620081 M2","posttmt",0.0381331338707889,"110 posttmt","14 posttmt"
"34205","M2","C4620081","14","111","C4620081 M2","posttmt",0.0375973471175339,"111 posttmt","14 posttmt"
"34206","M2","C4620081","14","112","C4620081 M2","posttmt",0.0375427534859578,"112 posttmt","14 posttmt"
"34207","M2","C4620081","14","113","C4620081 M2","posttmt",0.0374020660228508,"113 posttmt","14 posttmt"
"34208","M2","C4620081","14","114","C4620081 M2","posttmt",0.0371334934120586,"114 posttmt","14 posttmt"
"34209","M2","C4620081","14","115","C4620081 M2","posttmt",0.0370159148920191,"115 posttmt","14 posttmt"
"34210","M2","C4620081","14","116","C4620081 M2","posttmt",0.0369508566421055,"116 posttmt","14 posttmt"
"34211","M2","C4620081","14","117","C4620081 M2","posttmt",0.0369480495186222,"117 posttmt","14 posttmt"
"34212","M2","C4620081","14","118","C4620081 M2","posttmt",0.0368545115402106,"118 posttmt","14 posttmt"
"34213","M2","C4620081","14","119","C4620081 M2","posttmt",0.0367522880207137,"119 posttmt","14 posttmt"
"34214","M2","C4620081","14","120","C4620081 M2","posttmt",0.0366654401254834,"120 posttmt","14 posttmt"
"34215","M2","C4620081","14","121","C4620081 M2","posttmt",0.0365326089779996,"121 posttmt","14 posttmt"
"34216","M2","C4620081","14","122","C4620081 M2","posttmt",0.0361162056133068,"122 posttmt","14 posttmt"
"34217","M2","C4620081","14","123","C4620081 M2","posttmt",0.0357443830993676,"123 posttmt","14 posttmt"
"34218","M2","C4620081","14","124","C4620081 M2","posttmt",0.0357160913963575,"124 posttmt","14 posttmt"
"34219","M2","C4620081","14","125","C4620081 M2","posttmt",0.0356348145807669,"125 posttmt","14 posttmt"
"34220","M2","C4620081","14","126","C4620081 M2","posttmt",0.0351888674570718,"126 posttmt","14 posttmt"
"34221","M2","C4620081","14","127","C4620081 M2","posttmt",0.0351087955256354,"127 posttmt","14 posttmt"
"34222","M2","C4620081","14","128","C4620081 M2","posttmt",0.0347814737736573,"128 posttmt","14 posttmt"
"34223","M2","C4620081","14","129","C4620081 M2","posttmt",0.0347448848588781,"129 posttmt","14 posttmt"
"34224","M2","C4620081","14","130","C4620081 M2","posttmt",0.0347111620023633,"130 posttmt","14 posttmt"
"34225","M2","C4620081","14","131","C4620081 M2","posttmt",0.0346644141515035,"131 posttmt","14 posttmt"
"34226","M2","C4620081","14","132","C4620081 M2","posttmt",0.0345468939415056,"132 posttmt","14 posttmt"
"34227","M2","C4620081","14","133","C4620081 M2","posttmt",0.0342476365534696,"133 posttmt","14 posttmt"
"34228","M2","C4620081","14","134","C4620081 M2","posttmt",0.0341988920161112,"134 posttmt","14 posttmt"
"34229","M2","C4620081","14","135","C4620081 M2","posttmt",0.0336478237051999,"135 posttmt","14 posttmt"
"34230","M2","C4620081","14","136","C4620081 M2","posttmt",0.0336015692423041,"136 posttmt","14 posttmt"
"34231","M2","C4620081","14","137","C4620081 M2","posttmt",0.0327673736695688,"137 posttmt","14 posttmt"
"34232","M2","C4620081","14","138","C4620081 M2","posttmt",0.0326978588238467,"138 posttmt","14 posttmt"
"34233","M2","C4620081","14","139","C4620081 M2","posttmt",0.0324586170399168,"139 posttmt","14 posttmt"
"34234","M2","C4620081","14","140","C4620081 M2","posttmt",0.0323871603712401,"140 posttmt","14 posttmt"
"34235","M2","C4620081","14","141","C4620081 M2","posttmt",0.0323282593198549,"141 posttmt","14 posttmt"
"34236","M2","C4620081","14","142","C4620081 M2","posttmt",0.0323036107071014,"142 posttmt","14 posttmt"
"34237","M2","C4620081","14","143","C4620081 M2","posttmt",0.0322847048749186,"143 posttmt","14 posttmt"
"34238","M2","C4620081","14","144","C4620081 M2","posttmt",0.0321530152451315,"144 posttmt","14 posttmt"
"34239","M2","C4620081","14","145","C4620081 M2","posttmt",0.0317612551076473,"145 posttmt","14 posttmt"
"34240","M2","C4620081","14","146","C4620081 M2","posttmt",0.0316189360914688,"146 posttmt","14 posttmt"
"34241","M2","C4620081","14","147","C4620081 M2","posttmt",0.0314490559748027,"147 posttmt","14 posttmt"
"34242","M2","C4620081","14","148","C4620081 M2","posttmt",0.0313980043102786,"148 posttmt","14 posttmt"
"34243","M2","C4620081","14","149","C4620081 M2","posttmt",0.0312281891776256,"149 posttmt","14 posttmt"
"34244","M2","C4620081","14","150","C4620081 M2","posttmt",0.0311633810389831,"150 posttmt","14 posttmt"
"34245","M2","C4620081","14","151","C4620081 M2","posttmt",0.0309301256994151,"151 posttmt","14 posttmt"
"34246","M2","C4620081","14","152","C4620081 M2","posttmt",0.0307279913845517,"152 posttmt","14 posttmt"
"34247","M2","C4620081","14","153","C4620081 M2","posttmt",0.0305050432091648,"153 posttmt","14 posttmt"
"34248","M2","C4620081","14","154","C4620081 M2","posttmt",0.0301743008734272,"154 posttmt","14 posttmt"
"34249","M2","C4620081","14","155","C4620081 M2","posttmt",0.0299862223524548,"155 posttmt","14 posttmt"
"34250","M2","C4620081","14","156","C4620081 M2","posttmt",0.0298559226727764,"156 posttmt","14 posttmt"
"34251","M2","C4620081","14","157","C4620081 M2","posttmt",0.0297931199833875,"157 posttmt","14 posttmt"
"34252","M2","C4620081","14","158","C4620081 M2","posttmt",0.0296409305168161,"158 posttmt","14 posttmt"
"34253","M2","C4620081","14","159","C4620081 M2","posttmt",0.0295912279405888,"159 posttmt","14 posttmt"
"34254","M2","C4620081","14","160","C4620081 M2","posttmt",0.0294212552859481,"160 posttmt","14 posttmt"
"34255","M2","C4620081","14","161","C4620081 M2","posttmt",0.0293336571312121,"161 posttmt","14 posttmt"
"34256","M2","C4620081","14","162","C4620081 M2","posttmt",0.0292863520870766,"162 posttmt","14 posttmt"
"34257","M2","C4620081","14","163","C4620081 M2","posttmt",0.0291948271119425,"163 posttmt","14 posttmt"
"34258","M2","C4620081","14","164","C4620081 M2","posttmt",0.0287102608409617,"164 posttmt","14 posttmt"
"34259","M2","C4620081","14","165","C4620081 M2","posttmt",0.0284363726977163,"165 posttmt","14 posttmt"
"34260","M2","C4620081","14","166","C4620081 M2","posttmt",0.0282272863608643,"166 posttmt","14 posttmt"
"34261","M2","C4620081","14","167","C4620081 M2","posttmt",0.0281896744966476,"167 posttmt","14 posttmt"
"34262","M2","C4620081","14","168","C4620081 M2","posttmt",0.0281290663609011,"168 posttmt","14 posttmt"
"34263","M2","C4620081","14","169","C4620081 M2","posttmt",0.0280946192773222,"169 posttmt","14 posttmt"
"34264","M2","C4620081","14","170","C4620081 M2","posttmt",0.0271827554340474,"170 posttmt","14 posttmt"
"34265","M2","C4620081","14","171","C4620081 M2","posttmt",0.0270830984870388,"171 posttmt","14 posttmt"
"34266","M2","C4620081","14","172","C4620081 M2","posttmt",0.0270144258573899,"172 posttmt","14 posttmt"
"34267","M2","C4620081","14","173","C4620081 M2","posttmt",0.0269437728719276,"173 posttmt","14 posttmt"
"34268","M2","C4620081","14","174","C4620081 M2","posttmt",0.0268553811112491,"174 posttmt","14 posttmt"
"34269","M2","C4620081","14","175","C4620081 M2","posttmt",0.0268455824071314,"175 posttmt","14 posttmt"
"34270","M2","C4620081","14","176","C4620081 M2","posttmt",0.0267711339397309,"176 posttmt","14 posttmt"
"34271","M2","C4620081","14","177","C4620081 M2","posttmt",0.0266684986989053,"177 posttmt","14 posttmt"
"34272","M2","C4620081","14","178","C4620081 M2","posttmt",0.026115405508469,"178 posttmt","14 posttmt"
"34273","M2","C4620081","14","179","C4620081 M2","posttmt",0.0261085548661886,"179 posttmt","14 posttmt"
"34274","M2","C4620081","14","180","C4620081 M2","posttmt",0.0260633352544363,"180 posttmt","14 posttmt"
"34275","M2","C4620081","14","181","C4620081 M2","posttmt",0.0260362885539374,"181 posttmt","14 posttmt"
"34276","M2","C4620081","14","182","C4620081 M2","posttmt",0.0258225644048129,"182 posttmt","14 posttmt"
"34277","M2","C4620081","14","183","C4620081 M2","posttmt",0.0258208999364002,"183 posttmt","14 posttmt"
"34278","M2","C4620081","14","184","C4620081 M2","posttmt",0.0257236658610901,"184 posttmt","14 posttmt"
"34279","M2","C4620081","14","185","C4620081 M2","posttmt",0.0256888635549394,"185 posttmt","14 posttmt"
"34280","M2","C4620081","14","186","C4620081 M2","posttmt",0.0256517144397373,"186 posttmt","14 posttmt"
"34281","M2","C4620081","14","187","C4620081 M2","posttmt",0.0255841485673332,"187 posttmt","14 posttmt"
"34282","M2","C4620081","14","188","C4620081 M2","posttmt",0.0253491314049752,"188 posttmt","14 posttmt"
"34283","M2","C4620081","14","189","C4620081 M2","posttmt",0.0253264381707807,"189 posttmt","14 posttmt"
"34284","M2","C4620081","14","190","C4620081 M2","posttmt",0.0250559240385357,"190 posttmt","14 posttmt"
"34285","M2","C4620081","14","191","C4620081 M2","posttmt",0.0250550667908139,"191 posttmt","14 posttmt"
"34286","M2","C4620081","14","192","C4620081 M2","posttmt",0.0250393344542834,"192 posttmt","14 posttmt"
"34287","M2","C4620081","14","193","C4620081 M2","posttmt",0.0248819292965146,"193 posttmt","14 posttmt"
"34288","M2","C4620081","14","194","C4620081 M2","posttmt",0.0248303836150901,"194 posttmt","14 posttmt"
"34289","M2","C4620081","14","195","C4620081 M2","posttmt",0.0245531566164839,"195 posttmt","14 posttmt"
"34290","M2","C4620081","14","196","C4620081 M2","posttmt",0.024389929729341,"196 posttmt","14 posttmt"
"34291","M2","C4620081","14","197","C4620081 M2","posttmt",0.0243877607354244,"197 posttmt","14 posttmt"
"34292","M2","C4620081","14","198","C4620081 M2","posttmt",0.0242825563963999,"198 posttmt","14 posttmt"
"34293","M2","C4620081","14","199","C4620081 M2","posttmt",0.0240723876863143,"199 posttmt","14 posttmt"
"34294","M2","C4620081","14","200","C4620081 M2","posttmt",0.0240520568519534,"200 posttmt","14 posttmt"
"34295","M2","C4620081","14","201","C4620081 M2","posttmt",0.0240368596988308,"201 posttmt","14 posttmt"
"34296","M2","C4620081","14","202","C4620081 M2","posttmt",0.0238448120533112,"202 posttmt","14 posttmt"
"34297","M2","C4620081","14","203","C4620081 M2","posttmt",0.0236632205937255,"203 posttmt","14 posttmt"
"34298","M2","C4620081","14","204","C4620081 M2","posttmt",0.0233159443875466,"204 posttmt","14 posttmt"
"34299","M2","C4620081","14","205","C4620081 M2","posttmt",0.0230657282457835,"205 posttmt","14 posttmt"
"34300","M2","C4620081","14","206","C4620081 M2","posttmt",0.0230009901193106,"206 posttmt","14 posttmt"
"34301","M2","C4620081","14","207","C4620081 M2","posttmt",0.0228741592173261,"207 posttmt","14 posttmt"
"34302","M2","C4620081","14","208","C4620081 M2","posttmt",0.0226070098129314,"208 posttmt","14 posttmt"
"34303","M2","C4620081","14","209","C4620081 M2","posttmt",0.0224444887994384,"209 posttmt","14 posttmt"
"34304","M2","C4620081","14","210","C4620081 M2","posttmt",0.0222893501220016,"210 posttmt","14 posttmt"
"34305","M2","C4620081","14","211","C4620081 M2","posttmt",0.0220948470718567,"211 posttmt","14 posttmt"
"34306","M2","C4620081","14","212","C4620081 M2","posttmt",0.0220108781884238,"212 posttmt","14 posttmt"
"34307","M2","C4620081","14","213","C4620081 M2","posttmt",0.0219776528243327,"213 posttmt","14 posttmt"
"34308","M2","C4620081","14","214","C4620081 M2","posttmt",0.0216801135568525,"214 posttmt","14 posttmt"
"34309","M2","C4620081","14","215","C4620081 M2","posttmt",0.0216338577682164,"215 posttmt","14 posttmt"
"34310","M2","C4620081","14","216","C4620081 M2","posttmt",0.021573265690156,"216 posttmt","14 posttmt"
"34311","M2","C4620081","14","217","C4620081 M2","posttmt",0.0214638462723122,"217 posttmt","14 posttmt"
"34312","M2","C4620081","14","218","C4620081 M2","posttmt",0.021391425697267,"218 posttmt","14 posttmt"
"34313","M2","C4620081","14","219","C4620081 M2","posttmt",0.0211766385420534,"219 posttmt","14 posttmt"
"34314","M2","C4620081","14","220","C4620081 M2","posttmt",0.020997699751437,"220 posttmt","14 posttmt"
"34315","M2","C4620081","14","221","C4620081 M2","posttmt",0.020902829636405,"221 posttmt","14 posttmt"
"34316","M2","C4620081","14","222","C4620081 M2","posttmt",0.0208727625593984,"222 posttmt","14 posttmt"
"34317","M2","C4620081","14","223","C4620081 M2","posttmt",0.0208253736802048,"223 posttmt","14 posttmt"
"34318","M2","C4620081","14","224","C4620081 M2","posttmt",0.0208172265893949,"224 posttmt","14 posttmt"
"34319","M2","C4620081","14","225","C4620081 M2","posttmt",0.0207012266478461,"225 posttmt","14 posttmt"
"34320","M2","C4620081","14","226","C4620081 M2","posttmt",0.0206742461235467,"226 posttmt","14 posttmt"
"34321","M2","C4620081","14","227","C4620081 M2","posttmt",0.0206207746885338,"227 posttmt","14 posttmt"
"34322","M2","C4620081","14","228","C4620081 M2","posttmt",0.0203581008644066,"228 posttmt","14 posttmt"
"34323","M2","C4620081","14","229","C4620081 M2","posttmt",0.0202137469660345,"229 posttmt","14 posttmt"
"34324","M2","C4620081","14","230","C4620081 M2","posttmt",0.020189623394834,"230 posttmt","14 posttmt"
"34325","M2","C4620081","14","231","C4620081 M2","posttmt",0.0195665162670594,"231 posttmt","14 posttmt"
"34326","M2","C4620081","14","232","C4620081 M2","posttmt",0.0194797201981627,"232 posttmt","14 posttmt"
"34327","M2","C4620081","14","233","C4620081 M2","posttmt",0.0191800747591598,"233 posttmt","14 posttmt"
"34328","M2","C4620081","14","234","C4620081 M2","posttmt",0.0190463282737082,"234 posttmt","14 posttmt"
"34329","M2","C4620081","14","235","C4620081 M2","posttmt",0.0189935266849459,"235 posttmt","14 posttmt"
"34330","M2","C4620081","14","236","C4620081 M2","posttmt",0.0188739844267622,"236 posttmt","14 posttmt"
"34331","M2","C4620081","14","237","C4620081 M2","posttmt",0.0188259476123216,"237 posttmt","14 posttmt"
"34332","M2","C4620081","14","238","C4620081 M2","posttmt",0.0187611831662588,"238 posttmt","14 posttmt"
"34333","M2","C4620081","14","239","C4620081 M2","posttmt",0.0184728676844514,"239 posttmt","14 posttmt"
"34334","M2","C4620081","14","240","C4620081 M2","posttmt",0.0183092551352401,"240 posttmt","14 posttmt"
"34335","M2","C4620081","14","241","C4620081 M2","posttmt",0.0177479205238581,"241 posttmt","14 posttmt"
"34336","M2","C4620081","14","242","C4620081 M2","posttmt",0.0163301419198341,"242 posttmt","14 posttmt"
"34337","M2","C4620081","14","243","C4620081 M2","posttmt",0.0163042155185498,"243 posttmt","14 posttmt"
"34338","M2","C4620081","14","244","C4620081 M2","posttmt",0.0161483009635395,"244 posttmt","14 posttmt"
"34339","M2","C4620081","14","245","C4620081 M2","posttmt",0.0150611845159031,"245 posttmt","14 posttmt"
"34340","M2","C4620081","14","246","C4620081 M2","posttmt",0.0150210372033602,"246 posttmt","14 posttmt"
"34341","M2","C4620081","14","247","C4620081 M2","posttmt",0.0148862498041826,"247 posttmt","14 posttmt"
"34342","M2","C4620081","14","248","C4620081 M2","posttmt",0.0148667388849059,"248 posttmt","14 posttmt"
"34343","M2","C4620081","14","249","C4620081 M2","posttmt",0.0147381803986063,"249 posttmt","14 posttmt"
"34344","M2","C4620081","14","250","C4620081 M2","posttmt",0.0145552745589392,"250 posttmt","14 posttmt"
"34345","M2","C4620081","14","251","C4620081 M2","posttmt",0.014543018013993,"251 posttmt","14 posttmt"
"34346","M2","C4620081","14","252","C4620081 M2","posttmt",0.0144968850048678,"252 posttmt","14 posttmt"
"34347","M2","C4620081","14","253","C4620081 M2","posttmt",0.0144849051333863,"253 posttmt","14 posttmt"
"34348","M2","C4620081","14","254","C4620081 M2","posttmt",0.0137876357482762,"254 posttmt","14 posttmt"
"34349","M2","C4620081","14","255","C4620081 M2","posttmt",0.0137280767020242,"255 posttmt","14 posttmt"
"34350","M2","C4620081","14","256","C4620081 M2","posttmt",0.0137270738616543,"256 posttmt","14 posttmt"
"34351","M2","C4620081","14","257","C4620081 M2","posttmt",0.0126953494498064,"257 posttmt","14 posttmt"
"34352","M2","C4620081","14","258","C4620081 M2","posttmt",0.0126812815854417,"258 posttmt","14 posttmt"
"34353","M2","C4620081","14","259","C4620081 M2","posttmt",0.012634327163009,"259 posttmt","14 posttmt"
"34354","M2","C4620081","14","260","C4620081 M2","posttmt",0.0124818483096899,"260 posttmt","14 posttmt"
"34355","M2","C4620081","14","261","C4620081 M2","posttmt",0.0122039225255862,"261 posttmt","14 posttmt"
"34356","M2","C4620081","14","262","C4620081 M2","posttmt",0.0120080798781151,"262 posttmt","14 posttmt"
"34357","M2","C4620081","14","263","C4620081 M2","posttmt",0.0118465621322668,"263 posttmt","14 posttmt"
"34358","M2","C4620081","14","264","C4620081 M2","posttmt",0.0117947578058449,"264 posttmt","14 posttmt"
"34359","M2","C4620081","14","265","C4620081 M2","posttmt",0.0109733449560378,"265 posttmt","14 posttmt"
"34360","M2","C4620081","14","266","C4620081 M2","posttmt",0.010696263250615,"266 posttmt","14 posttmt"
"34361","M2","C4620081","14","267","C4620081 M2","posttmt",0.0106416699040184,"267 posttmt","14 posttmt"
"34362","M2","C4620081","14","268","C4620081 M2","posttmt",0.0105247073122418,"268 posttmt","14 posttmt"
"34363","M2","C4620081","14","269","C4620081 M2","posttmt",0.0103733736858884,"269 posttmt","14 posttmt"
"34364","M2","C4620081","14","270","C4620081 M2","posttmt",0.0102736417648071,"270 posttmt","14 posttmt"
"34365","M2","C4620081","14","271","C4620081 M2","posttmt",0.0101595597239987,"271 posttmt","14 posttmt"
"34366","M2","C4620081","14","272","C4620081 M2","posttmt",0.0101025834676064,"272 posttmt","14 posttmt"
"34367","M2","C4620081","14","273","C4620081 M2","posttmt",0.010013158999788,"273 posttmt","14 posttmt"
"34368","M2","C4620081","14","274","C4620081 M2","posttmt",0.00996094100822492,"274 posttmt","14 posttmt"
"34369","M2","C4620081","14","275","C4620081 M2","posttmt",0.00993789689963208,"275 posttmt","14 posttmt"
"34370","M2","C4620081","14","276","C4620081 M2","posttmt",0.00978485138473557,"276 posttmt","14 posttmt"
"34371","M2","C4620081","14","277","C4620081 M2","posttmt",0.00974429843663879,"277 posttmt","14 posttmt"
"34372","M2","C4620081","14","278","C4620081 M2","posttmt",0.00969056282531418,"278 posttmt","14 posttmt"
"34373","M2","C4620081","14","279","C4620081 M2","posttmt",0.00938843464465562,"279 posttmt","14 posttmt"
"34374","M2","C4620081","14","280","C4620081 M2","posttmt",0.00928764167631236,"280 posttmt","14 posttmt"
"34375","M2","C4620081","14","281","C4620081 M2","posttmt",0.00911268788630777,"281 posttmt","14 posttmt"
"34376","M2","C4620081","14","282","C4620081 M2","posttmt",0.00909332847404683,"282 posttmt","14 posttmt"
"34377","M2","C4620081","14","283","C4620081 M2","posttmt",0.00849759420330037,"283 posttmt","14 posttmt"
"34378","M2","C4620081","14","284","C4620081 M2","posttmt",0.00846861642335499,"284 posttmt","14 posttmt"
"34379","M2","C4620081","14","285","C4620081 M2","posttmt",0.00835095599106468,"285 posttmt","14 posttmt"
"34380","M2","C4620081","14","286","C4620081 M2","posttmt",0.00818797346112213,"286 posttmt","14 posttmt"
"34381","M2","C4620081","14","287","C4620081 M2","posttmt",0.00810650901037872,"287 posttmt","14 posttmt"
"34382","M2","C4620081","14","288","C4620081 M2","posttmt",0.00804139221062239,"288 posttmt","14 posttmt"
"34383","M2","C4620081","14","289","C4620081 M2","posttmt",0.00794295427016044,"289 posttmt","14 posttmt"
"34384","M2","C4620081","14","290","C4620081 M2","posttmt",0.00716293720591032,"290 posttmt","14 posttmt"
"34385","M2","C4620081","14","291","C4620081 M2","posttmt",0.00699475691673384,"291 posttmt","14 posttmt"
"34386","M2","C4620081","14","292","C4620081 M2","posttmt",0.00690215732753375,"292 posttmt","14 posttmt"
"34387","M2","C4620081","14","293","C4620081 M2","posttmt",0.00655119553098571,"293 posttmt","14 posttmt"
"34388","M2","C4620081","14","294","C4620081 M2","posttmt",0.00607844581854129,"294 posttmt","14 posttmt"
"34389","M2","C4620081","14","295","C4620081 M2","posttmt",0.00603565501021147,"295 posttmt","14 posttmt"
"34390","M2","C4620081","14","296","C4620081 M2","posttmt",0.0060188081688167,"296 posttmt","14 posttmt"
"34391","M2","C4620081","14","297","C4620081 M2","posttmt",0.00601247074440672,"297 posttmt","14 posttmt"
"34392","M2","C4620081","14","298","C4620081 M2","posttmt",0.0059239349857742,"298 posttmt","14 posttmt"
"34393","M2","C4620081","14","299","C4620081 M2","posttmt",0.00591056112743252,"299 posttmt","14 posttmt"
"34394","M2","C4620081","14","300","C4620081 M2","posttmt",0.00562342976960599,"300 posttmt","14 posttmt"
"34395","M2","C4620081","14","301","C4620081 M2","posttmt",0.00540487313562427,"301 posttmt","14 posttmt"
"34396","M2","C4620081","14","302","C4620081 M2","posttmt",0.00523075941209191,"302 posttmt","14 posttmt"
"34397","M2","C4620081","14","303","C4620081 M2","posttmt",0.00500100317848321,"303 posttmt","14 posttmt"
"34398","M2","C4620081","14","304","C4620081 M2","posttmt",0.00461069804226262,"304 posttmt","14 posttmt"
"34399","M2","C4620081","14","305","C4620081 M2","posttmt",0.00459121320163475,"305 posttmt","14 posttmt"
"34400","M2","C4620081","14","306","C4620081 M2","posttmt",0.00458386573157105,"306 posttmt","14 posttmt"
"34401","M2","C4620081","14","307","C4620081 M2","posttmt",0.00370277159703082,"307 posttmt","14 posttmt"
"34402","M2","C4620081","14","308","C4620081 M2","posttmt",0.0034646342405788,"308 posttmt","14 posttmt"
"34403","M2","C4620081","14","309","C4620081 M2","posttmt",0.00319174705505279,"309 posttmt","14 posttmt"
"34404","M2","C4620081","14","310","C4620081 M2","posttmt",0.00312938090644975,"310 posttmt","14 posttmt"
"34405","M2","C4620081","14","311","C4620081 M2","posttmt",0.00310844476581048,"311 posttmt","14 posttmt"
"34406","M2","C4620081","14","312","C4620081 M2","posttmt",0.00273963350932236,"312 posttmt","14 posttmt"
"34407","M2","C4620081","14","313","C4620081 M2","posttmt",0.00262486264998393,"313 posttmt","14 posttmt"
"34408","M2","C4620081","14","314","C4620081 M2","posttmt",0.00242353137924216,"314 posttmt","14 posttmt"
"34409","M2","C4620081","14","315","C4620081 M2","posttmt",0.00156701556904195,"315 posttmt","14 posttmt"
"34410","M2","C4620081","14","316","C4620081 M2","posttmt",0.00115032238818442,"316 posttmt","14 posttmt"
"34411","M2","C4620081","14","317","C4620081 M2","posttmt",0.000785205721486701,"317 posttmt","14 posttmt"
"34412","M2","C4620081","14","318","C4620081 M2","posttmt",0.000665650871068228,"318 posttmt","14 posttmt"
"34413","M2","C4620081","14","319","C4620081 M2","posttmt",0.000389045245388394,"319 posttmt","14 posttmt"
"34414","M2","C4620081","14","320","C4620081 M2","posttmt",6.28982498815973e-05,"320 posttmt","14 posttmt"
"34415","M2","C4620081","14","321","C4620081 M2","posttmt",-0.000158827386753622,"321 posttmt","14 posttmt"
"34416","M2","C4620081","14","322","C4620081 M2","posttmt",-0.000450477949558908,"322 posttmt","14 posttmt"
"34417","M2","C4620081","14","323","C4620081 M2","posttmt",-0.000750004031170045,"323 posttmt","14 posttmt"
"34418","M2","C4620081","14","324","C4620081 M2","posttmt",-0.000825893823817771,"324 posttmt","14 posttmt"
"34419","M2","C4620081","14","325","C4620081 M2","posttmt",-0.00112990141239899,"325 posttmt","14 posttmt"
"34420","M2","C4620081","14","326","C4620081 M2","posttmt",-0.00174551240264505,"326 posttmt","14 posttmt"
"34421","M2","C4620081","14","327","C4620081 M2","posttmt",-0.00192889550344611,"327 posttmt","14 posttmt"
"34422","M2","C4620081","14","328","C4620081 M2","posttmt",-0.00234665767742901,"328 posttmt","14 posttmt"
"34423","M2","C4620081","14","329","C4620081 M2","posttmt",-0.00248996946246851,"329 posttmt","14 posttmt"
"34424","M2","C4620081","14","330","C4620081 M2","posttmt",-0.00257750027497375,"330 posttmt","14 posttmt"
"34425","M2","C4620081","14","331","C4620081 M2","posttmt",-0.00277585822646501,"331 posttmt","14 posttmt"
"34426","M2","C4620081","14","332","C4620081 M2","posttmt",-0.0033619599669335,"332 posttmt","14 posttmt"
"34427","M2","C4620081","14","333","C4620081 M2","posttmt",-0.00395035483208202,"333 posttmt","14 posttmt"
"34428","M2","C4620081","14","334","C4620081 M2","posttmt",-0.00430877537973284,"334 posttmt","14 posttmt"
"34429","M2","C4620081","14","335","C4620081 M2","posttmt",-0.00472341564544686,"335 posttmt","14 posttmt"
"34430","M2","C4620081","14","336","C4620081 M2","posttmt",-0.00493919124172904,"336 posttmt","14 posttmt"
"34431","M2","C4620081","14","337","C4620081 M2","posttmt",-0.00498606932162528,"337 posttmt","14 posttmt"
"34432","M2","C4620081","14","338","C4620081 M2","posttmt",-0.00511258314146351,"338 posttmt","14 posttmt"
"34433","M2","C4620081","14","339","C4620081 M2","posttmt",-0.00630837463976601,"339 posttmt","14 posttmt"
"34434","M2","C4620081","14","340","C4620081 M2","posttmt",-0.00709360823032612,"340 posttmt","14 posttmt"
"34435","M2","C4620081","14","341","C4620081 M2","posttmt",-0.00760799877102087,"341 posttmt","14 posttmt"
"34436","M2","C4620081","14","342","C4620081 M2","posttmt",-0.00772740801362919,"342 posttmt","14 posttmt"
"34437","M2","C4620081","14","343","C4620081 M2","posttmt",-0.0082643628808254,"343 posttmt","14 posttmt"
"34438","M2","C4620081","14","344","C4620081 M2","posttmt",-0.00884521859707181,"344 posttmt","14 posttmt"
"34439","M2","C4620081","14","345","C4620081 M2","posttmt",-0.00888276599677723,"345 posttmt","14 posttmt"
"34440","M2","C4620081","14","346","C4620081 M2","posttmt",-0.00894861403638378,"346 posttmt","14 posttmt"
"34441","M2","C4620081","14","347","C4620081 M2","posttmt",-0.00895006935395871,"347 posttmt","14 posttmt"
"34442","M2","C4620081","14","348","C4620081 M2","posttmt",-0.00942361472307763,"348 posttmt","14 posttmt"
"34443","M2","C4620081","14","349","C4620081 M2","posttmt",-0.00959839348521987,"349 posttmt","14 posttmt"
"34444","M2","C4620081","14","350","C4620081 M2","posttmt",-0.00962812779888249,"350 posttmt","14 posttmt"
"34445","M2","C4620081","14","351","C4620081 M2","posttmt",-0.0105861396483159,"351 posttmt","14 posttmt"
"34446","M2","C4620081","14","352","C4620081 M2","posttmt",-0.0110921096192116,"352 posttmt","14 posttmt"
"34447","M2","C4620081","14","353","C4620081 M2","posttmt",-0.0115610420881066,"353 posttmt","14 posttmt"
"34448","M2","C4620081","14","354","C4620081 M2","posttmt",-0.011600313646822,"354 posttmt","14 posttmt"
"34449","M2","C4620081","14","355","C4620081 M2","posttmt",-0.0117702205487492,"355 posttmt","14 posttmt"
"34450","M2","C4620081","14","356","C4620081 M2","posttmt",-0.0120097648357494,"356 posttmt","14 posttmt"
"34451","M2","C4620081","14","357","C4620081 M2","posttmt",-0.0120555227453163,"357 posttmt","14 posttmt"
"34452","M2","C4620081","14","358","C4620081 M2","posttmt",-0.0131619412695027,"358 posttmt","14 posttmt"
"34453","M2","C4620081","14","359","C4620081 M2","posttmt",-0.0133708290344414,"359 posttmt","14 posttmt"
"34454","M2","C4620081","14","360","C4620081 M2","posttmt",-0.0136414864592079,"360 posttmt","14 posttmt"
"34455","M2","C4620081","14","361","C4620081 M2","posttmt",-0.0147591245122718,"361 posttmt","14 posttmt"
"34456","M2","C4620081","14","362","C4620081 M2","posttmt",-0.0154966531908174,"362 posttmt","14 posttmt"
"34457","M2","C4620081","14","363","C4620081 M2","posttmt",-0.0159406665031916,"363 posttmt","14 posttmt"
"34458","M2","C4620081","14","364","C4620081 M2","posttmt",-0.0163271867841383,"364 posttmt","14 posttmt"
"34459","M2","C4620081","14","365","C4620081 M2","posttmt",-0.0166616390812969,"365 posttmt","14 posttmt"
"34460","M2","C4620081","14","366","C4620081 M2","posttmt",-0.0170781724653548,"366 posttmt","14 posttmt"
"34461","M2","C4620081","14","367","C4620081 M2","posttmt",-0.0183735343312473,"367 posttmt","14 posttmt"
"34462","M2","C4620081","14","368","C4620081 M2","posttmt",-0.0185149581496581,"368 posttmt","14 posttmt"
"34463","M2","C4620081","14","369","C4620081 M2","posttmt",-0.0197231489469424,"369 posttmt","14 posttmt"
"34464","M2","C4620081","14","370","C4620081 M2","posttmt",-0.0204826075936114,"370 posttmt","14 posttmt"
"34465","M2","C4620081","14","371","C4620081 M2","posttmt",-0.0227939618170164,"371 posttmt","14 posttmt"
"34466","M2","C4620081","14","372","C4620081 M2","posttmt",-0.022951805715593,"372 posttmt","14 posttmt"
"34467","M2","C4620081","14","373","C4620081 M2","posttmt",-0.0229622617023712,"373 posttmt","14 posttmt"
"34468","M2","C4620081","14","374","C4620081 M2","posttmt",-0.0232165420430578,"374 posttmt","14 posttmt"
"34469","M2","C4620081","14","375","C4620081 M2","posttmt",-0.0240070639334424,"375 posttmt","14 posttmt"
"34470","M2","C4620081","14","376","C4620081 M2","posttmt",-0.0248335918649188,"376 posttmt","14 posttmt"
"34471","M2","C4620081","14","377","C4620081 M2","posttmt",-0.0272797867818759,"377 posttmt","14 posttmt"
"34472","M2","C4620081","14","378","C4620081 M2","posttmt",-0.0312543301801064,"378 posttmt","14 posttmt"
"34473","M2","C4620081","14","379","C4620081 M2","posttmt",-0.0362081268179909,"379 posttmt","14 posttmt"
"34474","M2","C4620081","14","380","C4620081 M2","posttmt",-0.037494172187035,"380 posttmt","14 posttmt"
"34475","M2","C4620081","14","381","C4620081 M2","posttmt",-0.0399276188389604,"381 posttmt","14 posttmt"
"34476","M2","C4620081","14","382","C4620081 M2","posttmt",-0.0441188929269988,"382 posttmt","14 posttmt"
"34477","M3","C4620081","14","0","C4620081 M3","posttmt",0.0939050915091625,"0 posttmt","14 posttmt"
"34478","M3","C4620081","14","1","C4620081 M3","posttmt",0.090506893148443,"1 posttmt","14 posttmt"
"34479","M3","C4620081","14","2","C4620081 M3","posttmt",0.0885234267066717,"2 posttmt","14 posttmt"
"34480","M3","C4620081","14","3","C4620081 M3","posttmt",0.0884481967783854,"3 posttmt","14 posttmt"
"34481","M3","C4620081","14","4","C4620081 M3","posttmt",0.0882771932428102,"4 posttmt","14 posttmt"
"34482","M3","C4620081","14","5","C4620081 M3","posttmt",0.0860255751955474,"5 posttmt","14 posttmt"
"34483","M3","C4620081","14","6","C4620081 M3","posttmt",0.0821856437398699,"6 posttmt","14 posttmt"
"34484","M3","C4620081","14","7","C4620081 M3","posttmt",0.0820954742181128,"7 posttmt","14 posttmt"
"34485","M3","C4620081","14","8","C4620081 M3","posttmt",0.0817639181887764,"8 posttmt","14 posttmt"
"34486","M3","C4620081","14","9","C4620081 M3","posttmt",0.0799628221419087,"9 posttmt","14 posttmt"
"34487","M3","C4620081","14","10","C4620081 M3","posttmt",0.0784695485126577,"10 posttmt","14 posttmt"
"34488","M3","C4620081","14","11","C4620081 M3","posttmt",0.0772736453551365,"11 posttmt","14 posttmt"
"34489","M3","C4620081","14","12","C4620081 M3","posttmt",0.0757148613070105,"12 posttmt","14 posttmt"
"34490","M3","C4620081","14","13","C4620081 M3","posttmt",0.0756114870737092,"13 posttmt","14 posttmt"
"34491","M3","C4620081","14","14","C4620081 M3","posttmt",0.0751922579310216,"14 posttmt","14 posttmt"
"34492","M3","C4620081","14","15","C4620081 M3","posttmt",0.0748630368364841,"15 posttmt","14 posttmt"
"34493","M3","C4620081","14","16","C4620081 M3","posttmt",0.0719575361056878,"16 posttmt","14 posttmt"
"34494","M3","C4620081","14","17","C4620081 M3","posttmt",0.0719395827513011,"17 posttmt","14 posttmt"
"34495","M3","C4620081","14","18","C4620081 M3","posttmt",0.0717602488148184,"18 posttmt","14 posttmt"
"34496","M3","C4620081","14","19","C4620081 M3","posttmt",0.0715112829749442,"19 posttmt","14 posttmt"
"34497","M3","C4620081","14","20","C4620081 M3","posttmt",0.0713440949520597,"20 posttmt","14 posttmt"
"34498","M3","C4620081","14","21","C4620081 M3","posttmt",0.0690470240389423,"21 posttmt","14 posttmt"
"34499","M3","C4620081","14","22","C4620081 M3","posttmt",0.0687232956730356,"22 posttmt","14 posttmt"
"34500","M3","C4620081","14","23","C4620081 M3","posttmt",0.06870255087775,"23 posttmt","14 posttmt"
"34501","M3","C4620081","14","24","C4620081 M3","posttmt",0.0685837477095213,"24 posttmt","14 posttmt"
"34502","M3","C4620081","14","25","C4620081 M3","posttmt",0.068204858936244,"25 posttmt","14 posttmt"
"34503","M3","C4620081","14","26","C4620081 M3","posttmt",0.068011993394529,"26 posttmt","14 posttmt"
"34504","M3","C4620081","14","27","C4620081 M3","posttmt",0.0678715049124201,"27 posttmt","14 posttmt"
"34505","M3","C4620081","14","28","C4620081 M3","posttmt",0.0678281830103642,"28 posttmt","14 posttmt"
"34506","M3","C4620081","14","29","C4620081 M3","posttmt",0.0667923365622091,"29 posttmt","14 posttmt"
"34507","M3","C4620081","14","30","C4620081 M3","posttmt",0.066424777008216,"30 posttmt","14 posttmt"
"34508","M3","C4620081","14","31","C4620081 M3","posttmt",0.0657239544980893,"31 posttmt","14 posttmt"
"34509","M3","C4620081","14","32","C4620081 M3","posttmt",0.0654502607120155,"32 posttmt","14 posttmt"
"34510","M3","C4620081","14","33","C4620081 M3","posttmt",0.0653937471906538,"33 posttmt","14 posttmt"
"34511","M3","C4620081","14","34","C4620081 M3","posttmt",0.0653091450713461,"34 posttmt","14 posttmt"
"34512","M3","C4620081","14","35","C4620081 M3","posttmt",0.0650961171361069,"35 posttmt","14 posttmt"
"34513","M3","C4620081","14","36","C4620081 M3","posttmt",0.0649538067817506,"36 posttmt","14 posttmt"
"34514","M3","C4620081","14","37","C4620081 M3","posttmt",0.0634327714918732,"37 posttmt","14 posttmt"
"34515","M3","C4620081","14","38","C4620081 M3","posttmt",0.0632290083533422,"38 posttmt","14 posttmt"
"34516","M3","C4620081","14","39","C4620081 M3","posttmt",0.0630719150013998,"39 posttmt","14 posttmt"
"34517","M3","C4620081","14","40","C4620081 M3","posttmt",0.0630561246027345,"40 posttmt","14 posttmt"
"34518","M3","C4620081","14","41","C4620081 M3","posttmt",0.0628743511500476,"41 posttmt","14 posttmt"
"34519","M3","C4620081","14","42","C4620081 M3","posttmt",0.0624408623062376,"42 posttmt","14 posttmt"
"34520","M3","C4620081","14","43","C4620081 M3","posttmt",0.0622411522546827,"43 posttmt","14 posttmt"
"34521","M3","C4620081","14","44","C4620081 M3","posttmt",0.061999458991793,"44 posttmt","14 posttmt"
"34522","M3","C4620081","14","45","C4620081 M3","posttmt",0.0617158366903665,"45 posttmt","14 posttmt"
"34523","M3","C4620081","14","46","C4620081 M3","posttmt",0.0604499857796665,"46 posttmt","14 posttmt"
"34524","M3","C4620081","14","47","C4620081 M3","posttmt",0.0599142106528357,"47 posttmt","14 posttmt"
"34525","M3","C4620081","14","48","C4620081 M3","posttmt",0.0598551779671948,"48 posttmt","14 posttmt"
"34526","M3","C4620081","14","49","C4620081 M3","posttmt",0.0596569582659703,"49 posttmt","14 posttmt"
"34527","M3","C4620081","14","50","C4620081 M3","posttmt",0.0591907286748296,"50 posttmt","14 posttmt"
"34528","M3","C4620081","14","51","C4620081 M3","posttmt",0.058758852033221,"51 posttmt","14 posttmt"
"34529","M3","C4620081","14","52","C4620081 M3","posttmt",0.0577582635382139,"52 posttmt","14 posttmt"
"34530","M3","C4620081","14","53","C4620081 M3","posttmt",0.0571743144335136,"53 posttmt","14 posttmt"
"34531","M3","C4620081","14","54","C4620081 M3","posttmt",0.0568492238499665,"54 posttmt","14 posttmt"
"34532","M3","C4620081","14","55","C4620081 M3","posttmt",0.0564099118392833,"55 posttmt","14 posttmt"
"34533","M3","C4620081","14","56","C4620081 M3","posttmt",0.0562919894961685,"56 posttmt","14 posttmt"
"34534","M3","C4620081","14","57","C4620081 M3","posttmt",0.0559608397525626,"57 posttmt","14 posttmt"
"34535","M3","C4620081","14","58","C4620081 M3","posttmt",0.0548475859575888,"58 posttmt","14 posttmt"
"34536","M3","C4620081","14","59","C4620081 M3","posttmt",0.0540858505783433,"59 posttmt","14 posttmt"
"34537","M3","C4620081","14","60","C4620081 M3","posttmt",0.0540285657358938,"60 posttmt","14 posttmt"
"34538","M3","C4620081","14","61","C4620081 M3","posttmt",0.0535989217296242,"61 posttmt","14 posttmt"
"34539","M3","C4620081","14","62","C4620081 M3","posttmt",0.0533279734252835,"62 posttmt","14 posttmt"
"34540","M3","C4620081","14","63","C4620081 M3","posttmt",0.0531452274987983,"63 posttmt","14 posttmt"
"34541","M3","C4620081","14","64","C4620081 M3","posttmt",0.0530234369893466,"64 posttmt","14 posttmt"
"34542","M3","C4620081","14","65","C4620081 M3","posttmt",0.0527767687488487,"65 posttmt","14 posttmt"
"34543","M3","C4620081","14","66","C4620081 M3","posttmt",0.0519572971890543,"66 posttmt","14 posttmt"
"34544","M3","C4620081","14","67","C4620081 M3","posttmt",0.0518372283475433,"67 posttmt","14 posttmt"
"34545","M3","C4620081","14","68","C4620081 M3","posttmt",0.0513845028037559,"68 posttmt","14 posttmt"
"34546","M3","C4620081","14","69","C4620081 M3","posttmt",0.0513148685255726,"69 posttmt","14 posttmt"
"34547","M3","C4620081","14","70","C4620081 M3","posttmt",0.0508295767309918,"70 posttmt","14 posttmt"
"34548","M3","C4620081","14","71","C4620081 M3","posttmt",0.0501475742339248,"71 posttmt","14 posttmt"
"34549","M3","C4620081","14","72","C4620081 M3","posttmt",0.049410121406254,"72 posttmt","14 posttmt"
"34550","M3","C4620081","14","73","C4620081 M3","posttmt",0.0493775574412005,"73 posttmt","14 posttmt"
"34551","M3","C4620081","14","74","C4620081 M3","posttmt",0.0493137906623395,"74 posttmt","14 posttmt"
"34552","M3","C4620081","14","75","C4620081 M3","posttmt",0.0486783383756682,"75 posttmt","14 posttmt"
"34553","M3","C4620081","14","76","C4620081 M3","posttmt",0.0473631959058059,"76 posttmt","14 posttmt"
"34554","M3","C4620081","14","77","C4620081 M3","posttmt",0.0472937907362756,"77 posttmt","14 posttmt"
"34555","M3","C4620081","14","78","C4620081 M3","posttmt",0.0471834234395496,"78 posttmt","14 posttmt"
"34556","M3","C4620081","14","79","C4620081 M3","posttmt",0.046606388614331,"79 posttmt","14 posttmt"
"34557","M3","C4620081","14","80","C4620081 M3","posttmt",0.0465695346163945,"80 posttmt","14 posttmt"
"34558","M3","C4620081","14","81","C4620081 M3","posttmt",0.0465063649700476,"81 posttmt","14 posttmt"
"34559","M3","C4620081","14","82","C4620081 M3","posttmt",0.0462494053492773,"82 posttmt","14 posttmt"
"34560","M3","C4620081","14","83","C4620081 M3","posttmt",0.0456136605134449,"83 posttmt","14 posttmt"
"34561","M3","C4620081","14","84","C4620081 M3","posttmt",0.0453528545826279,"84 posttmt","14 posttmt"
"34562","M3","C4620081","14","85","C4620081 M3","posttmt",0.0452155520727509,"85 posttmt","14 posttmt"
"34563","M3","C4620081","14","86","C4620081 M3","posttmt",0.0450125844788369,"86 posttmt","14 posttmt"
"34564","M3","C4620081","14","87","C4620081 M3","posttmt",0.0446928261692524,"87 posttmt","14 posttmt"
"34565","M3","C4620081","14","88","C4620081 M3","posttmt",0.0433695012079518,"88 posttmt","14 posttmt"
"34566","M3","C4620081","14","89","C4620081 M3","posttmt",0.0432849674258548,"89 posttmt","14 posttmt"
"34567","M3","C4620081","14","90","C4620081 M3","posttmt",0.0430865445216877,"90 posttmt","14 posttmt"
"34568","M3","C4620081","14","91","C4620081 M3","posttmt",0.0429910371959587,"91 posttmt","14 posttmt"
"34569","M3","C4620081","14","92","C4620081 M3","posttmt",0.0429654968701568,"92 posttmt","14 posttmt"
"34570","M3","C4620081","14","93","C4620081 M3","posttmt",0.0429451360830041,"93 posttmt","14 posttmt"
"34571","M3","C4620081","14","94","C4620081 M3","posttmt",0.0428749179166898,"94 posttmt","14 posttmt"
"34572","M3","C4620081","14","95","C4620081 M3","posttmt",0.0415702930383543,"95 posttmt","14 posttmt"
"34573","M3","C4620081","14","96","C4620081 M3","posttmt",0.0415661849214238,"96 posttmt","14 posttmt"
"34574","M3","C4620081","14","97","C4620081 M3","posttmt",0.0408652478545635,"97 posttmt","14 posttmt"
"34575","M3","C4620081","14","98","C4620081 M3","posttmt",0.0402029016443687,"98 posttmt","14 posttmt"
"34576","M3","C4620081","14","99","C4620081 M3","posttmt",0.039856843078555,"99 posttmt","14 posttmt"
"34577","M3","C4620081","14","100","C4620081 M3","posttmt",0.0397619687209322,"100 posttmt","14 posttmt"
"34578","M3","C4620081","14","101","C4620081 M3","posttmt",0.0397244865455704,"101 posttmt","14 posttmt"
"34579","M3","C4620081","14","102","C4620081 M3","posttmt",0.0395413187633794,"102 posttmt","14 posttmt"
"34580","M3","C4620081","14","103","C4620081 M3","posttmt",0.0394094309252946,"103 posttmt","14 posttmt"
"34581","M3","C4620081","14","104","C4620081 M3","posttmt",0.039197572656649,"104 posttmt","14 posttmt"
"34582","M3","C4620081","14","105","C4620081 M3","posttmt",0.0391425901120946,"105 posttmt","14 posttmt"
"34583","M3","C4620081","14","106","C4620081 M3","posttmt",0.0391045916796547,"106 posttmt","14 posttmt"
"34584","M3","C4620081","14","107","C4620081 M3","posttmt",0.0389847767443218,"107 posttmt","14 posttmt"
"34585","M3","C4620081","14","108","C4620081 M3","posttmt",0.0389110903200583,"108 posttmt","14 posttmt"
"34586","M3","C4620081","14","109","C4620081 M3","posttmt",0.0387609644837466,"109 posttmt","14 posttmt"
"34587","M3","C4620081","14","110","C4620081 M3","posttmt",0.0385332574278054,"110 posttmt","14 posttmt"
"34588","M3","C4620081","14","111","C4620081 M3","posttmt",0.0384245700589601,"111 posttmt","14 posttmt"
"34589","M3","C4620081","14","112","C4620081 M3","posttmt",0.038129426546386,"112 posttmt","14 posttmt"
"34590","M3","C4620081","14","113","C4620081 M3","posttmt",0.0380066201813939,"113 posttmt","14 posttmt"
"34591","M3","C4620081","14","114","C4620081 M3","posttmt",0.0379750765634916,"114 posttmt","14 posttmt"
"34592","M3","C4620081","14","115","C4620081 M3","posttmt",0.037843231288587,"115 posttmt","14 posttmt"
"34593","M3","C4620081","14","116","C4620081 M3","posttmt",0.0376260878508553,"116 posttmt","14 posttmt"
"34594","M3","C4620081","14","117","C4620081 M3","posttmt",0.03749273330404,"117 posttmt","14 posttmt"
"34595","M3","C4620081","14","118","C4620081 M3","posttmt",0.0374035904217163,"118 posttmt","14 posttmt"
"34596","M3","C4620081","14","119","C4620081 M3","posttmt",0.0369050921917066,"119 posttmt","14 posttmt"
"34597","M3","C4620081","14","120","C4620081 M3","posttmt",0.0366747631311909,"120 posttmt","14 posttmt"
"34598","M3","C4620081","14","121","C4620081 M3","posttmt",0.0364348487197102,"121 posttmt","14 posttmt"
"34599","M3","C4620081","14","122","C4620081 M3","posttmt",0.0363453192219469,"122 posttmt","14 posttmt"
"34600","M3","C4620081","14","123","C4620081 M3","posttmt",0.0361727303384197,"123 posttmt","14 posttmt"
"34601","M3","C4620081","14","124","C4620081 M3","posttmt",0.0360256704408744,"124 posttmt","14 posttmt"
"34602","M3","C4620081","14","125","C4620081 M3","posttmt",0.0353634439603044,"125 posttmt","14 posttmt"
"34603","M3","C4620081","14","126","C4620081 M3","posttmt",0.0353213750060392,"126 posttmt","14 posttmt"
"34604","M3","C4620081","14","127","C4620081 M3","posttmt",0.0352968185108096,"127 posttmt","14 posttmt"
"34605","M3","C4620081","14","128","C4620081 M3","posttmt",0.035220999475088,"128 posttmt","14 posttmt"
"34606","M3","C4620081","14","129","C4620081 M3","posttmt",0.0342300036604906,"129 posttmt","14 posttmt"
"34607","M3","C4620081","14","130","C4620081 M3","posttmt",0.0341755821322248,"130 posttmt","14 posttmt"
"34608","M3","C4620081","14","131","C4620081 M3","posttmt",0.0340255688546003,"131 posttmt","14 posttmt"
"34609","M3","C4620081","14","132","C4620081 M3","posttmt",0.0339951544927949,"132 posttmt","14 posttmt"
"34610","M3","C4620081","14","133","C4620081 M3","posttmt",0.0337784553210844,"133 posttmt","14 posttmt"
"34611","M3","C4620081","14","134","C4620081 M3","posttmt",0.0336875409920176,"134 posttmt","14 posttmt"
"34612","M3","C4620081","14","135","C4620081 M3","posttmt",0.0335465785959842,"135 posttmt","14 posttmt"
"34613","M3","C4620081","14","136","C4620081 M3","posttmt",0.0335463883351083,"136 posttmt","14 posttmt"
"34614","M3","C4620081","14","137","C4620081 M3","posttmt",0.0330251517866491,"137 posttmt","14 posttmt"
"34615","M3","C4620081","14","138","C4620081 M3","posttmt",0.0329110049683081,"138 posttmt","14 posttmt"
"34616","M3","C4620081","14","139","C4620081 M3","posttmt",0.0328040578644661,"139 posttmt","14 posttmt"
"34617","M3","C4620081","14","140","C4620081 M3","posttmt",0.0327793988025606,"140 posttmt","14 posttmt"
"34618","M3","C4620081","14","141","C4620081 M3","posttmt",0.0323782026740608,"141 posttmt","14 posttmt"
"34619","M3","C4620081","14","142","C4620081 M3","posttmt",0.0319509435598059,"142 posttmt","14 posttmt"
"34620","M3","C4620081","14","143","C4620081 M3","posttmt",0.0319038853223213,"143 posttmt","14 posttmt"
"34621","M3","C4620081","14","144","C4620081 M3","posttmt",0.0316645367433012,"144 posttmt","14 posttmt"
"34622","M3","C4620081","14","145","C4620081 M3","posttmt",0.0314124515355812,"145 posttmt","14 posttmt"
"34623","M3","C4620081","14","146","C4620081 M3","posttmt",0.0313639296284707,"146 posttmt","14 posttmt"
"34624","M3","C4620081","14","147","C4620081 M3","posttmt",0.0308663136964959,"147 posttmt","14 posttmt"
"34625","M3","C4620081","14","148","C4620081 M3","posttmt",0.030507768872478,"148 posttmt","14 posttmt"
"34626","M3","C4620081","14","149","C4620081 M3","posttmt",0.0303299766031225,"149 posttmt","14 posttmt"
"34627","M3","C4620081","14","150","C4620081 M3","posttmt",0.030264428234602,"150 posttmt","14 posttmt"
"34628","M3","C4620081","14","151","C4620081 M3","posttmt",0.0302469136035472,"151 posttmt","14 posttmt"
"34629","M3","C4620081","14","152","C4620081 M3","posttmt",0.0302170532949286,"152 posttmt","14 posttmt"
"34630","M3","C4620081","14","153","C4620081 M3","posttmt",0.0301247269839555,"153 posttmt","14 posttmt"
"34631","M3","C4620081","14","154","C4620081 M3","posttmt",0.0299342219866623,"154 posttmt","14 posttmt"
"34632","M3","C4620081","14","155","C4620081 M3","posttmt",0.0294666476014536,"155 posttmt","14 posttmt"
"34633","M3","C4620081","14","156","C4620081 M3","posttmt",0.0294482798302638,"156 posttmt","14 posttmt"
"34634","M3","C4620081","14","157","C4620081 M3","posttmt",0.0292755165763916,"157 posttmt","14 posttmt"
"34635","M3","C4620081","14","158","C4620081 M3","posttmt",0.0291757718429638,"158 posttmt","14 posttmt"
"34636","M3","C4620081","14","159","C4620081 M3","posttmt",0.0291234061464368,"159 posttmt","14 posttmt"
"34637","M3","C4620081","14","160","C4620081 M3","posttmt",0.0290275785370148,"160 posttmt","14 posttmt"
"34638","M3","C4620081","14","161","C4620081 M3","posttmt",0.0289512177600082,"161 posttmt","14 posttmt"
"34639","M3","C4620081","14","162","C4620081 M3","posttmt",0.0286221796578193,"162 posttmt","14 posttmt"
"34640","M3","C4620081","14","163","C4620081 M3","posttmt",0.0283673009557048,"163 posttmt","14 posttmt"
"34641","M3","C4620081","14","164","C4620081 M3","posttmt",0.0281527341564585,"164 posttmt","14 posttmt"
"34642","M3","C4620081","14","165","C4620081 M3","posttmt",0.0280017269627765,"165 posttmt","14 posttmt"
"34643","M3","C4620081","14","166","C4620081 M3","posttmt",0.027959370791641,"166 posttmt","14 posttmt"
"34644","M3","C4620081","14","167","C4620081 M3","posttmt",0.0277790413503404,"167 posttmt","14 posttmt"
"34645","M3","C4620081","14","168","C4620081 M3","posttmt",0.0275041573008408,"168 posttmt","14 posttmt"
"34646","M3","C4620081","14","169","C4620081 M3","posttmt",0.027032624756667,"169 posttmt","14 posttmt"
"34647","M3","C4620081","14","170","C4620081 M3","posttmt",0.0268843870247045,"170 posttmt","14 posttmt"
"34648","M3","C4620081","14","171","C4620081 M3","posttmt",0.0265729527297668,"171 posttmt","14 posttmt"
"34649","M3","C4620081","14","172","C4620081 M3","posttmt",0.0264601245935038,"172 posttmt","14 posttmt"
"34650","M3","C4620081","14","173","C4620081 M3","posttmt",0.0260345998556361,"173 posttmt","14 posttmt"
"34651","M3","C4620081","14","174","C4620081 M3","posttmt",0.025996733452777,"174 posttmt","14 posttmt"
"34652","M3","C4620081","14","175","C4620081 M3","posttmt",0.0259562724930598,"175 posttmt","14 posttmt"
"34653","M3","C4620081","14","176","C4620081 M3","posttmt",0.0257914898799867,"176 posttmt","14 posttmt"
"34654","M3","C4620081","14","177","C4620081 M3","posttmt",0.0257849204587315,"177 posttmt","14 posttmt"
"34655","M3","C4620081","14","178","C4620081 M3","posttmt",0.0256600446915198,"178 posttmt","14 posttmt"
"34656","M3","C4620081","14","179","C4620081 M3","posttmt",0.0254946056551205,"179 posttmt","14 posttmt"
"34657","M3","C4620081","14","180","C4620081 M3","posttmt",0.0252618503278355,"180 posttmt","14 posttmt"
"34658","M3","C4620081","14","181","C4620081 M3","posttmt",0.025242231789443,"181 posttmt","14 posttmt"
"34659","M3","C4620081","14","182","C4620081 M3","posttmt",0.0249374906115283,"182 posttmt","14 posttmt"
"34660","M3","C4620081","14","183","C4620081 M3","posttmt",0.0249240519506384,"183 posttmt","14 posttmt"
"34661","M3","C4620081","14","184","C4620081 M3","posttmt",0.0248299026997989,"184 posttmt","14 posttmt"
"34662","M3","C4620081","14","185","C4620081 M3","posttmt",0.024601888557967,"185 posttmt","14 posttmt"
"34663","M3","C4620081","14","186","C4620081 M3","posttmt",0.0245453015385983,"186 posttmt","14 posttmt"
"34664","M3","C4620081","14","187","C4620081 M3","posttmt",0.0243685237000766,"187 posttmt","14 posttmt"
"34665","M3","C4620081","14","188","C4620081 M3","posttmt",0.0236759535799846,"188 posttmt","14 posttmt"
"34666","M3","C4620081","14","189","C4620081 M3","posttmt",0.023315995624095,"189 posttmt","14 posttmt"
"34667","M3","C4620081","14","190","C4620081 M3","posttmt",0.021829907571214,"190 posttmt","14 posttmt"
"34668","M3","C4620081","14","191","C4620081 M3","posttmt",0.0215736961715977,"191 posttmt","14 posttmt"
"34669","M3","C4620081","14","192","C4620081 M3","posttmt",0.0214983767969027,"192 posttmt","14 posttmt"
"34670","M3","C4620081","14","193","C4620081 M3","posttmt",0.0213068716628602,"193 posttmt","14 posttmt"
"34671","M3","C4620081","14","194","C4620081 M3","posttmt",0.0212812075264589,"194 posttmt","14 posttmt"
"34672","M3","C4620081","14","195","C4620081 M3","posttmt",0.0204756820253346,"195 posttmt","14 posttmt"
"34673","M3","C4620081","14","196","C4620081 M3","posttmt",0.020442073490171,"196 posttmt","14 posttmt"
"34674","M3","C4620081","14","197","C4620081 M3","posttmt",0.0199572007697221,"197 posttmt","14 posttmt"
"34675","M3","C4620081","14","198","C4620081 M3","posttmt",0.0197802571323263,"198 posttmt","14 posttmt"
"34676","M3","C4620081","14","199","C4620081 M3","posttmt",0.0196990851601238,"199 posttmt","14 posttmt"
"34677","M3","C4620081","14","200","C4620081 M3","posttmt",0.0195842791397419,"200 posttmt","14 posttmt"
"34678","M3","C4620081","14","201","C4620081 M3","posttmt",0.0195172656809744,"201 posttmt","14 posttmt"
"34679","M3","C4620081","14","202","C4620081 M3","posttmt",0.0193775196971753,"202 posttmt","14 posttmt"
"34680","M3","C4620081","14","203","C4620081 M3","posttmt",0.0192179301208287,"203 posttmt","14 posttmt"
"34681","M3","C4620081","14","204","C4620081 M3","posttmt",0.0185308601515899,"204 posttmt","14 posttmt"
"34682","M3","C4620081","14","205","C4620081 M3","posttmt",0.0177926388526625,"205 posttmt","14 posttmt"
"34683","M3","C4620081","14","206","C4620081 M3","posttmt",0.017385531953944,"206 posttmt","14 posttmt"
"34684","M3","C4620081","14","207","C4620081 M3","posttmt",0.0172310237603887,"207 posttmt","14 posttmt"
"34685","M3","C4620081","14","208","C4620081 M3","posttmt",0.0169966964027611,"208 posttmt","14 posttmt"
"34686","M3","C4620081","14","209","C4620081 M3","posttmt",0.016765470120407,"209 posttmt","14 posttmt"
"34687","M3","C4620081","14","210","C4620081 M3","posttmt",0.016590448726142,"210 posttmt","14 posttmt"
"34688","M3","C4620081","14","211","C4620081 M3","posttmt",0.0154699202577149,"211 posttmt","14 posttmt"
"34689","M3","C4620081","14","212","C4620081 M3","posttmt",0.0151972195012914,"212 posttmt","14 posttmt"
"34690","M3","C4620081","14","213","C4620081 M3","posttmt",0.0150464251381182,"213 posttmt","14 posttmt"
"34691","M3","C4620081","14","214","C4620081 M3","posttmt",0.0148275902223824,"214 posttmt","14 posttmt"
"34692","M3","C4620081","14","215","C4620081 M3","posttmt",0.0143184949325546,"215 posttmt","14 posttmt"
"34693","M3","C4620081","14","216","C4620081 M3","posttmt",0.0142730749732365,"216 posttmt","14 posttmt"
"34694","M3","C4620081","14","217","C4620081 M3","posttmt",0.014259900695728,"217 posttmt","14 posttmt"
"34695","M3","C4620081","14","218","C4620081 M3","posttmt",0.0142501754912509,"218 posttmt","14 posttmt"
"34696","M3","C4620081","14","219","C4620081 M3","posttmt",0.0139407355154498,"219 posttmt","14 posttmt"
"34697","M3","C4620081","14","220","C4620081 M3","posttmt",0.0137478846670608,"220 posttmt","14 posttmt"
"34698","M3","C4620081","14","221","C4620081 M3","posttmt",0.0124356768039982,"221 posttmt","14 posttmt"
"34699","M3","C4620081","14","222","C4620081 M3","posttmt",0.011765974991329,"222 posttmt","14 posttmt"
"34700","M3","C4620081","14","223","C4620081 M3","posttmt",0.0115304797423983,"223 posttmt","14 posttmt"
"34701","M3","C4620081","14","224","C4620081 M3","posttmt",0.0110325179788636,"224 posttmt","14 posttmt"
"34702","M3","C4620081","14","225","C4620081 M3","posttmt",0.0108809857374032,"225 posttmt","14 posttmt"
"34703","M3","C4620081","14","226","C4620081 M3","posttmt",0.0105284302763774,"226 posttmt","14 posttmt"
"34704","M3","C4620081","14","227","C4620081 M3","posttmt",0.010250446953505,"227 posttmt","14 posttmt"
"34705","M3","C4620081","14","228","C4620081 M3","posttmt",0.0102004782040869,"228 posttmt","14 posttmt"
"34706","M3","C4620081","14","229","C4620081 M3","posttmt",0.00990995240147405,"229 posttmt","14 posttmt"
"34707","M3","C4620081","14","230","C4620081 M3","posttmt",0.00921553568987529,"230 posttmt","14 posttmt"
"34708","M3","C4620081","14","231","C4620081 M3","posttmt",0.00851471695806941,"231 posttmt","14 posttmt"
"34709","M3","C4620081","14","232","C4620081 M3","posttmt",0.00801190368593316,"232 posttmt","14 posttmt"
"34710","M3","C4620081","14","233","C4620081 M3","posttmt",0.00772371708831633,"233 posttmt","14 posttmt"
"34711","M3","C4620081","14","234","C4620081 M3","posttmt",0.00715477621992168,"234 posttmt","14 posttmt"
"34712","M3","C4620081","14","235","C4620081 M3","posttmt",0.00628279957256641,"235 posttmt","14 posttmt"
"34713","M3","C4620081","14","236","C4620081 M3","posttmt",0.00532547189335786,"236 posttmt","14 posttmt"
"34714","M3","C4620081","14","237","C4620081 M3","posttmt",0.00375617918176545,"237 posttmt","14 posttmt"
"34715","M3","C4620081","14","238","C4620081 M3","posttmt",0.00335616109127085,"238 posttmt","14 posttmt"
"34716","M3","C4620081","14","239","C4620081 M3","posttmt",0.00260905960225635,"239 posttmt","14 posttmt"
"34717","M3","C4620081","14","240","C4620081 M3","posttmt",0.00260112191628612,"240 posttmt","14 posttmt"
"34718","M3","C4620081","14","241","C4620081 M3","posttmt",0.00238694167873907,"241 posttmt","14 posttmt"
"34719","M3","C4620081","14","242","C4620081 M3","posttmt",0.00236917818319989,"242 posttmt","14 posttmt"
"34720","M3","C4620081","14","243","C4620081 M3","posttmt",0.00146926019400376,"243 posttmt","14 posttmt"
"34721","M3","C4620081","14","244","C4620081 M3","posttmt",0.00102910117895367,"244 posttmt","14 posttmt"
"34722","M3","C4620081","14","245","C4620081 M3","posttmt",0.000619908214048113,"245 posttmt","14 posttmt"
"34723","M3","C4620081","14","246","C4620081 M3","posttmt",0.000576045385559255,"246 posttmt","14 posttmt"
"34724","M3","C4620081","14","247","C4620081 M3","posttmt",0.000455868958385015,"247 posttmt","14 posttmt"
"34725","M3","C4620081","14","248","C4620081 M3","posttmt",0.000231423447542804,"248 posttmt","14 posttmt"
"34726","M3","C4620081","14","249","C4620081 M3","posttmt",0.000145551561337006,"249 posttmt","14 posttmt"
"34727","M3","C4620081","14","250","C4620081 M3","posttmt",-1.43541958264464e-05,"250 posttmt","14 posttmt"
"34728","M3","C4620081","14","251","C4620081 M3","posttmt",-0.000341205447877874,"251 posttmt","14 posttmt"
"34729","M3","C4620081","14","252","C4620081 M3","posttmt",-0.000640619696047948,"252 posttmt","14 posttmt"
"34730","M3","C4620081","14","253","C4620081 M3","posttmt",-0.000757515337676705,"253 posttmt","14 posttmt"
"34731","M3","C4620081","14","254","C4620081 M3","posttmt",-0.00109966238898431,"254 posttmt","14 posttmt"
"34732","M3","C4620081","14","255","C4620081 M3","posttmt",-0.0018137739896122,"255 posttmt","14 posttmt"
"34733","M3","C4620081","14","256","C4620081 M3","posttmt",-0.00241098664428026,"256 posttmt","14 posttmt"
"34734","M3","C4620081","14","257","C4620081 M3","posttmt",-0.00244188375643837,"257 posttmt","14 posttmt"
"34735","M3","C4620081","14","258","C4620081 M3","posttmt",-0.00346656888493596,"258 posttmt","14 posttmt"
"34736","M3","C4620081","14","259","C4620081 M3","posttmt",-0.00394544513078944,"259 posttmt","14 posttmt"
"34737","M3","C4620081","14","260","C4620081 M3","posttmt",-0.00422148868814836,"260 posttmt","14 posttmt"
"34738","M3","C4620081","14","261","C4620081 M3","posttmt",-0.00488888007577384,"261 posttmt","14 posttmt"
"34739","M3","C4620081","14","262","C4620081 M3","posttmt",-0.00526147075952652,"262 posttmt","14 posttmt"
"34740","M3","C4620081","14","263","C4620081 M3","posttmt",-0.00541487832402787,"263 posttmt","14 posttmt"
"34741","M3","C4620081","14","264","C4620081 M3","posttmt",-0.00587087844519819,"264 posttmt","14 posttmt"
"34742","M3","C4620081","14","265","C4620081 M3","posttmt",-0.00604177626985542,"265 posttmt","14 posttmt"
"34743","M3","C4620081","14","266","C4620081 M3","posttmt",-0.00631237720964206,"266 posttmt","14 posttmt"
"34744","M3","C4620081","14","267","C4620081 M3","posttmt",-0.00660142524643456,"267 posttmt","14 posttmt"
"34745","M3","C4620081","14","268","C4620081 M3","posttmt",-0.00675598172604602,"268 posttmt","14 posttmt"
"34746","M3","C4620081","14","269","C4620081 M3","posttmt",-0.00834017662611315,"269 posttmt","14 posttmt"
"34747","M3","C4620081","14","270","C4620081 M3","posttmt",-0.00978552473619268,"270 posttmt","14 posttmt"
"34748","M3","C4620081","14","271","C4620081 M3","posttmt",-0.0105355862432682,"271 posttmt","14 posttmt"
"34749","M3","C4620081","14","272","C4620081 M3","posttmt",-0.0125262739590912,"272 posttmt","14 posttmt"
"34750","M3","C4620081","14","273","C4620081 M3","posttmt",-0.0127236344396895,"273 posttmt","14 posttmt"
"34751","M3","C4620081","14","274","C4620081 M3","posttmt",-0.0128331341568803,"274 posttmt","14 posttmt"
"34752","M3","C4620081","14","275","C4620081 M3","posttmt",-0.0145401222758757,"275 posttmt","14 posttmt"
"34753","M3","C4620081","14","276","C4620081 M3","posttmt",-0.0148232443615869,"276 posttmt","14 posttmt"
"34754","M3","C4620081","14","277","C4620081 M3","posttmt",-0.0185273900469829,"277 posttmt","14 posttmt"
"34755","M3","C4620081","14","278","C4620081 M3","posttmt",-0.0203056976963557,"278 posttmt","14 posttmt"
"34756","M3","C4620081","14","279","C4620081 M3","posttmt",-0.0241326745625878,"279 posttmt","14 posttmt"
"34757","M3","C4620081","14","280","C4620081 M3","posttmt",-0.0244420266401779,"280 posttmt","14 posttmt"
"34758","M3","C4620081","14","281","C4620081 M3","posttmt",-0.0280349088275161,"281 posttmt","14 posttmt"
"34759","M3","C4620081","14","282","C4620081 M3","posttmt",-0.0286366029042996,"282 posttmt","14 posttmt"
"34760","M3","C4620081","14","283","C4620081 M3","posttmt",-0.0311381976535332,"283 posttmt","14 posttmt"
"34761","M3","C4620081","14","284","C4620081 M3","posttmt",-0.0339529604851847,"284 posttmt","14 posttmt"
"34762","M3","C4620081","14","285","C4620081 M3","posttmt",-0.0370721584793077,"285 posttmt","14 posttmt"
"34763","M3","C4620081","14","286","C4620081 M3","posttmt",-0.0465655608544759,"286 posttmt","14 posttmt"
"34764","M4","C4620081","14","0","C4620081 M4","posttmt",0.146484205791282,"0 posttmt","14 posttmt"
"34765","M4","C4620081","14","1","C4620081 M4","posttmt",0.130057187746,"1 posttmt","14 posttmt"
"34766","M4","C4620081","14","2","C4620081 M4","posttmt",0.12986286872588,"2 posttmt","14 posttmt"
"34767","M4","C4620081","14","3","C4620081 M4","posttmt",0.12848489850046,"3 posttmt","14 posttmt"
"34768","M4","C4620081","14","4","C4620081 M4","posttmt",0.127158940336759,"4 posttmt","14 posttmt"
"34769","M4","C4620081","14","5","C4620081 M4","posttmt",0.12580590752976,"5 posttmt","14 posttmt"
"34770","M4","C4620081","14","6","C4620081 M4","posttmt",0.12495833366766,"6 posttmt","14 posttmt"
"34771","M4","C4620081","14","7","C4620081 M4","posttmt",0.124075221060182,"7 posttmt","14 posttmt"
"34772","M4","C4620081","14","8","C4620081 M4","posttmt",0.122541454180469,"8 posttmt","14 posttmt"
"34773","M4","C4620081","14","9","C4620081 M4","posttmt",0.121196448599845,"9 posttmt","14 posttmt"
"34774","M4","C4620081","14","10","C4620081 M4","posttmt",0.121100340506368,"10 posttmt","14 posttmt"
"34775","M4","C4620081","14","11","C4620081 M4","posttmt",0.120984606378243,"11 posttmt","14 posttmt"
"34776","M4","C4620081","14","12","C4620081 M4","posttmt",0.120887979071275,"12 posttmt","14 posttmt"
"34777","M4","C4620081","14","13","C4620081 M4","posttmt",0.119660333550188,"13 posttmt","14 posttmt"
"34778","M4","C4620081","14","14","C4620081 M4","posttmt",0.11919141998136,"14 posttmt","14 posttmt"
"34779","M4","C4620081","14","15","C4620081 M4","posttmt",0.118566246456653,"15 posttmt","14 posttmt"
"34780","M4","C4620081","14","16","C4620081 M4","posttmt",0.116782543438335,"16 posttmt","14 posttmt"
"34781","M4","C4620081","14","17","C4620081 M4","posttmt",0.115922276544333,"17 posttmt","14 posttmt"
"34782","M4","C4620081","14","18","C4620081 M4","posttmt",0.115081444855358,"18 posttmt","14 posttmt"
"34783","M4","C4620081","14","19","C4620081 M4","posttmt",0.114707844256603,"19 posttmt","14 posttmt"
"34784","M4","C4620081","14","20","C4620081 M4","posttmt",0.11375412446895,"20 posttmt","14 posttmt"
"34785","M4","C4620081","14","21","C4620081 M4","posttmt",0.112695785998791,"21 posttmt","14 posttmt"
"34786","M4","C4620081","14","22","C4620081 M4","posttmt",0.11233154669484,"22 posttmt","14 posttmt"
"34787","M4","C4620081","14","23","C4620081 M4","posttmt",0.111369849322192,"23 posttmt","14 posttmt"
"34788","M4","C4620081","14","24","C4620081 M4","posttmt",0.111091594123264,"24 posttmt","14 posttmt"
"34789","M4","C4620081","14","25","C4620081 M4","posttmt",0.110744493152768,"25 posttmt","14 posttmt"
"34790","M4","C4620081","14","26","C4620081 M4","posttmt",0.109560072841397,"26 posttmt","14 posttmt"
"34791","M4","C4620081","14","27","C4620081 M4","posttmt",0.109327090270795,"27 posttmt","14 posttmt"
"34792","M4","C4620081","14","28","C4620081 M4","posttmt",0.10790410507743,"28 posttmt","14 posttmt"
"34793","M4","C4620081","14","29","C4620081 M4","posttmt",0.106563276694434,"29 posttmt","14 posttmt"
"34794","M4","C4620081","14","30","C4620081 M4","posttmt",0.106421857826365,"30 posttmt","14 posttmt"
"34795","M4","C4620081","14","31","C4620081 M4","posttmt",0.106411087431201,"31 posttmt","14 posttmt"
"34796","M4","C4620081","14","32","C4620081 M4","posttmt",0.10632155587743,"32 posttmt","14 posttmt"
"34797","M4","C4620081","14","33","C4620081 M4","posttmt",0.106145824922148,"33 posttmt","14 posttmt"
"34798","M4","C4620081","14","34","C4620081 M4","posttmt",0.105912776086235,"34 posttmt","14 posttmt"
"34799","M4","C4620081","14","35","C4620081 M4","posttmt",0.104110351250824,"35 posttmt","14 posttmt"
"34800","M4","C4620081","14","36","C4620081 M4","posttmt",0.103320058020655,"36 posttmt","14 posttmt"
"34801","M4","C4620081","14","37","C4620081 M4","posttmt",0.103036743255832,"37 posttmt","14 posttmt"
"34802","M4","C4620081","14","38","C4620081 M4","posttmt",0.102861992487351,"38 posttmt","14 posttmt"
"34803","M4","C4620081","14","39","C4620081 M4","posttmt",0.102013201245151,"39 posttmt","14 posttmt"
"34804","M4","C4620081","14","40","C4620081 M4","posttmt",0.100961147041922,"40 posttmt","14 posttmt"
"34805","M4","C4620081","14","41","C4620081 M4","posttmt",0.100555351355109,"41 posttmt","14 posttmt"
"34806","M4","C4620081","14","42","C4620081 M4","posttmt",0.0998259825605162,"42 posttmt","14 posttmt"
"34807","M4","C4620081","14","43","C4620081 M4","posttmt",0.099573247702761,"43 posttmt","14 posttmt"
"34808","M4","C4620081","14","44","C4620081 M4","posttmt",0.0993018300033216,"44 posttmt","14 posttmt"
"34809","M4","C4620081","14","45","C4620081 M4","posttmt",0.0987096253052728,"45 posttmt","14 posttmt"
"34810","M4","C4620081","14","46","C4620081 M4","posttmt",0.0984813395659672,"46 posttmt","14 posttmt"
"34811","M4","C4620081","14","47","C4620081 M4","posttmt",0.0981746834731498,"47 posttmt","14 posttmt"
"34812","M4","C4620081","14","48","C4620081 M4","posttmt",0.0979309747132786,"48 posttmt","14 posttmt"
"34813","M4","C4620081","14","49","C4620081 M4","posttmt",0.0975167895025442,"49 posttmt","14 posttmt"
"34814","M4","C4620081","14","50","C4620081 M4","posttmt",0.0958676110338249,"50 posttmt","14 posttmt"
"34815","M4","C4620081","14","51","C4620081 M4","posttmt",0.0951758528195396,"51 posttmt","14 posttmt"
"34816","M4","C4620081","14","52","C4620081 M4","posttmt",0.0951049152595173,"52 posttmt","14 posttmt"
"34817","M4","C4620081","14","53","C4620081 M4","posttmt",0.0950862512148175,"53 posttmt","14 posttmt"
"34818","M4","C4620081","14","54","C4620081 M4","posttmt",0.0947052489378274,"54 posttmt","14 posttmt"
"34819","M4","C4620081","14","55","C4620081 M4","posttmt",0.0940940945968283,"55 posttmt","14 posttmt"
"34820","M4","C4620081","14","56","C4620081 M4","posttmt",0.0936472124513815,"56 posttmt","14 posttmt"
"34821","M4","C4620081","14","57","C4620081 M4","posttmt",0.0927778028519217,"57 posttmt","14 posttmt"
"34822","M4","C4620081","14","58","C4620081 M4","posttmt",0.0926575204482212,"58 posttmt","14 posttmt"
"34823","M4","C4620081","14","59","C4620081 M4","posttmt",0.0919412273192009,"59 posttmt","14 posttmt"
"34824","M4","C4620081","14","60","C4620081 M4","posttmt",0.0919284005629523,"60 posttmt","14 posttmt"
"34825","M4","C4620081","14","61","C4620081 M4","posttmt",0.0912330921242407,"61 posttmt","14 posttmt"
"34826","M4","C4620081","14","62","C4620081 M4","posttmt",0.0907169431860321,"62 posttmt","14 posttmt"
"34827","M4","C4620081","14","63","C4620081 M4","posttmt",0.0901947073559595,"63 posttmt","14 posttmt"
"34828","M4","C4620081","14","64","C4620081 M4","posttmt",0.0900782265173564,"64 posttmt","14 posttmt"
"34829","M4","C4620081","14","65","C4620081 M4","posttmt",0.0899962503208976,"65 posttmt","14 posttmt"
"34830","M4","C4620081","14","66","C4620081 M4","posttmt",0.0899026560887094,"66 posttmt","14 posttmt"
"34831","M4","C4620081","14","67","C4620081 M4","posttmt",0.0889984605407936,"67 posttmt","14 posttmt"
"34832","M4","C4620081","14","68","C4620081 M4","posttmt",0.0882119781772227,"68 posttmt","14 posttmt"
"34833","M4","C4620081","14","69","C4620081 M4","posttmt",0.0881734443966373,"69 posttmt","14 posttmt"
"34834","M4","C4620081","14","70","C4620081 M4","posttmt",0.0879806786503562,"70 posttmt","14 posttmt"
"34835","M4","C4620081","14","71","C4620081 M4","posttmt",0.0877205966869615,"71 posttmt","14 posttmt"
"34836","M4","C4620081","14","72","C4620081 M4","posttmt",0.0876992072983615,"72 posttmt","14 posttmt"
"34837","M4","C4620081","14","73","C4620081 M4","posttmt",0.0876132343783883,"73 posttmt","14 posttmt"
"34838","M4","C4620081","14","74","C4620081 M4","posttmt",0.0875975417408303,"74 posttmt","14 posttmt"
"34839","M4","C4620081","14","75","C4620081 M4","posttmt",0.086061806859986,"75 posttmt","14 posttmt"
"34840","M4","C4620081","14","76","C4620081 M4","posttmt",0.0860219852753555,"76 posttmt","14 posttmt"
"34841","M4","C4620081","14","77","C4620081 M4","posttmt",0.0859009772377011,"77 posttmt","14 posttmt"
"34842","M4","C4620081","14","78","C4620081 M4","posttmt",0.0855415643836243,"78 posttmt","14 posttmt"
"34843","M4","C4620081","14","79","C4620081 M4","posttmt",0.0853068062695101,"79 posttmt","14 posttmt"
"34844","M4","C4620081","14","80","C4620081 M4","posttmt",0.0850106746391218,"80 posttmt","14 posttmt"
"34845","M4","C4620081","14","81","C4620081 M4","posttmt",0.0848194159102029,"81 posttmt","14 posttmt"
"34846","M4","C4620081","14","82","C4620081 M4","posttmt",0.0846626278462775,"82 posttmt","14 posttmt"
"34847","M4","C4620081","14","83","C4620081 M4","posttmt",0.0845786994172545,"83 posttmt","14 posttmt"
"34848","M4","C4620081","14","84","C4620081 M4","posttmt",0.0842144446968125,"84 posttmt","14 posttmt"
"34849","M4","C4620081","14","85","C4620081 M4","posttmt",0.0841865866087375,"85 posttmt","14 posttmt"
"34850","M4","C4620081","14","86","C4620081 M4","posttmt",0.084060351578626,"86 posttmt","14 posttmt"
"34851","M4","C4620081","14","87","C4620081 M4","posttmt",0.0836798579786582,"87 posttmt","14 posttmt"
"34852","M4","C4620081","14","88","C4620081 M4","posttmt",0.0835931562564376,"88 posttmt","14 posttmt"
"34853","M4","C4620081","14","89","C4620081 M4","posttmt",0.0835551387126003,"89 posttmt","14 posttmt"
"34854","M4","C4620081","14","90","C4620081 M4","posttmt",0.0834096366119365,"90 posttmt","14 posttmt"
"34855","M4","C4620081","14","91","C4620081 M4","posttmt",0.0832522013771458,"91 posttmt","14 posttmt"
"34856","M4","C4620081","14","92","C4620081 M4","posttmt",0.0828901837549384,"92 posttmt","14 posttmt"
"34857","M4","C4620081","14","93","C4620081 M4","posttmt",0.0822463674237314,"93 posttmt","14 posttmt"
"34858","M4","C4620081","14","94","C4620081 M4","posttmt",0.081710578358926,"94 posttmt","14 posttmt"
"34859","M4","C4620081","14","95","C4620081 M4","posttmt",0.0816730030779494,"95 posttmt","14 posttmt"
"34860","M4","C4620081","14","96","C4620081 M4","posttmt",0.0811791494246926,"96 posttmt","14 posttmt"
"34861","M4","C4620081","14","97","C4620081 M4","posttmt",0.0805852536637714,"97 posttmt","14 posttmt"
"34862","M4","C4620081","14","98","C4620081 M4","posttmt",0.0803919559045605,"98 posttmt","14 posttmt"
"34863","M4","C4620081","14","99","C4620081 M4","posttmt",0.0802796489587714,"99 posttmt","14 posttmt"
"34864","M4","C4620081","14","100","C4620081 M4","posttmt",0.0802746169833369,"100 posttmt","14 posttmt"
"34865","M4","C4620081","14","101","C4620081 M4","posttmt",0.0799379610869567,"101 posttmt","14 posttmt"
"34866","M4","C4620081","14","102","C4620081 M4","posttmt",0.0798970565849664,"102 posttmt","14 posttmt"
"34867","M4","C4620081","14","103","C4620081 M4","posttmt",0.0798829663737127,"103 posttmt","14 posttmt"
"34868","M4","C4620081","14","104","C4620081 M4","posttmt",0.0796956981252094,"104 posttmt","14 posttmt"
"34869","M4","C4620081","14","105","C4620081 M4","posttmt",0.0791726867537067,"105 posttmt","14 posttmt"
"34870","M4","C4620081","14","106","C4620081 M4","posttmt",0.0788978133573064,"106 posttmt","14 posttmt"
"34871","M4","C4620081","14","107","C4620081 M4","posttmt",0.0787737373411636,"107 posttmt","14 posttmt"
"34872","M4","C4620081","14","108","C4620081 M4","posttmt",0.078704422581072,"108 posttmt","14 posttmt"
"34873","M4","C4620081","14","109","C4620081 M4","posttmt",0.0783185993864115,"109 posttmt","14 posttmt"
"34874","M4","C4620081","14","110","C4620081 M4","posttmt",0.0782851777665159,"110 posttmt","14 posttmt"
"34875","M4","C4620081","14","111","C4620081 M4","posttmt",0.0782432302509252,"111 posttmt","14 posttmt"
"34876","M4","C4620081","14","112","C4620081 M4","posttmt",0.0781213270153225,"112 posttmt","14 posttmt"
"34877","M4","C4620081","14","113","C4620081 M4","posttmt",0.078064890307199,"113 posttmt","14 posttmt"
"34878","M4","C4620081","14","114","C4620081 M4","posttmt",0.0776236313106612,"114 posttmt","14 posttmt"
"34879","M4","C4620081","14","115","C4620081 M4","posttmt",0.0775631187117899,"115 posttmt","14 posttmt"
"34880","M4","C4620081","14","116","C4620081 M4","posttmt",0.0773703065704927,"116 posttmt","14 posttmt"
"34881","M4","C4620081","14","117","C4620081 M4","posttmt",0.0773443178575282,"117 posttmt","14 posttmt"
"34882","M4","C4620081","14","118","C4620081 M4","posttmt",0.0770479184094271,"118 posttmt","14 posttmt"
"34883","M4","C4620081","14","119","C4620081 M4","posttmt",0.0766881287279586,"119 posttmt","14 posttmt"
"34884","M4","C4620081","14","120","C4620081 M4","posttmt",0.0766111265026364,"120 posttmt","14 posttmt"
"34885","M4","C4620081","14","121","C4620081 M4","posttmt",0.0764751517878402,"121 posttmt","14 posttmt"
"34886","M4","C4620081","14","122","C4620081 M4","posttmt",0.0755577186342766,"122 posttmt","14 posttmt"
"34887","M4","C4620081","14","123","C4620081 M4","posttmt",0.0752791957187124,"123 posttmt","14 posttmt"
"34888","M4","C4620081","14","124","C4620081 M4","posttmt",0.0751330021877131,"124 posttmt","14 posttmt"
"34889","M4","C4620081","14","125","C4620081 M4","posttmt",0.0745643519729296,"125 posttmt","14 posttmt"
"34890","M4","C4620081","14","126","C4620081 M4","posttmt",0.0743963154494388,"126 posttmt","14 posttmt"
"34891","M4","C4620081","14","127","C4620081 M4","posttmt",0.0738642572911667,"127 posttmt","14 posttmt"
"34892","M4","C4620081","14","128","C4620081 M4","posttmt",0.0737695505189376,"128 posttmt","14 posttmt"
"34893","M4","C4620081","14","129","C4620081 M4","posttmt",0.0732175486951484,"129 posttmt","14 posttmt"
"34894","M4","C4620081","14","130","C4620081 M4","posttmt",0.0730374816214798,"130 posttmt","14 posttmt"
"34895","M4","C4620081","14","131","C4620081 M4","posttmt",0.0727662551130546,"131 posttmt","14 posttmt"
"34896","M4","C4620081","14","132","C4620081 M4","posttmt",0.0727174180314608,"132 posttmt","14 posttmt"
"34897","M4","C4620081","14","133","C4620081 M4","posttmt",0.072169721195608,"133 posttmt","14 posttmt"
"34898","M4","C4620081","14","134","C4620081 M4","posttmt",0.0719356293815255,"134 posttmt","14 posttmt"
"34899","M4","C4620081","14","135","C4620081 M4","posttmt",0.0710604078170544,"135 posttmt","14 posttmt"
"34900","M4","C4620081","14","136","C4620081 M4","posttmt",0.0710237052106005,"136 posttmt","14 posttmt"
"34901","M4","C4620081","14","137","C4620081 M4","posttmt",0.0707441097776681,"137 posttmt","14 posttmt"
"34902","M4","C4620081","14","138","C4620081 M4","posttmt",0.0706887154768667,"138 posttmt","14 posttmt"
"34903","M4","C4620081","14","139","C4620081 M4","posttmt",0.0703528989163822,"139 posttmt","14 posttmt"
"34904","M4","C4620081","14","140","C4620081 M4","posttmt",0.0702079272539988,"140 posttmt","14 posttmt"
"34905","M4","C4620081","14","141","C4620081 M4","posttmt",0.070182945994182,"141 posttmt","14 posttmt"
"34906","M4","C4620081","14","142","C4620081 M4","posttmt",0.0695323498192641,"142 posttmt","14 posttmt"
"34907","M4","C4620081","14","143","C4620081 M4","posttmt",0.069134086097095,"143 posttmt","14 posttmt"
"34908","M4","C4620081","14","144","C4620081 M4","posttmt",0.0690640147899707,"144 posttmt","14 posttmt"
"34909","M4","C4620081","14","145","C4620081 M4","posttmt",0.0688717896676653,"145 posttmt","14 posttmt"
"34910","M4","C4620081","14","146","C4620081 M4","posttmt",0.0683444521803905,"146 posttmt","14 posttmt"
"34911","M4","C4620081","14","147","C4620081 M4","posttmt",0.0680338310405636,"147 posttmt","14 posttmt"
"34912","M4","C4620081","14","148","C4620081 M4","posttmt",0.0680089054571953,"148 posttmt","14 posttmt"
"34913","M4","C4620081","14","149","C4620081 M4","posttmt",0.0678015115418863,"149 posttmt","14 posttmt"
"34914","M4","C4620081","14","150","C4620081 M4","posttmt",0.0677655340655283,"150 posttmt","14 posttmt"
"34915","M4","C4620081","14","151","C4620081 M4","posttmt",0.0675164580443224,"151 posttmt","14 posttmt"
"34916","M4","C4620081","14","152","C4620081 M4","posttmt",0.0674328037188369,"152 posttmt","14 posttmt"
"34917","M4","C4620081","14","153","C4620081 M4","posttmt",0.0674146467010297,"153 posttmt","14 posttmt"
"34918","M4","C4620081","14","154","C4620081 M4","posttmt",0.0673305665965744,"154 posttmt","14 posttmt"
"34919","M4","C4620081","14","155","C4620081 M4","posttmt",0.0672483051793714,"155 posttmt","14 posttmt"
"34920","M4","C4620081","14","156","C4620081 M4","posttmt",0.0671432988330516,"156 posttmt","14 posttmt"
"34921","M4","C4620081","14","157","C4620081 M4","posttmt",0.0670742413052335,"157 posttmt","14 posttmt"
"34922","M4","C4620081","14","158","C4620081 M4","posttmt",0.0668008827864233,"158 posttmt","14 posttmt"
"34923","M4","C4620081","14","159","C4620081 M4","posttmt",0.0659908534305609,"159 posttmt","14 posttmt"
"34924","M4","C4620081","14","160","C4620081 M4","posttmt",0.0658474793742695,"160 posttmt","14 posttmt"
"34925","M4","C4620081","14","161","C4620081 M4","posttmt",0.0649669266767297,"161 posttmt","14 posttmt"
"34926","M4","C4620081","14","162","C4620081 M4","posttmt",0.0649278873049615,"162 posttmt","14 posttmt"
"34927","M4","C4620081","14","163","C4620081 M4","posttmt",0.0649106552795743,"163 posttmt","14 posttmt"
"34928","M4","C4620081","14","164","C4620081 M4","posttmt",0.0649081479008831,"164 posttmt","14 posttmt"
"34929","M4","C4620081","14","165","C4620081 M4","posttmt",0.0646222225545624,"165 posttmt","14 posttmt"
"34930","M4","C4620081","14","166","C4620081 M4","posttmt",0.0641049464320424,"166 posttmt","14 posttmt"
"34931","M4","C4620081","14","167","C4620081 M4","posttmt",0.0640592497887701,"167 posttmt","14 posttmt"
"34932","M4","C4620081","14","168","C4620081 M4","posttmt",0.0632221420834057,"168 posttmt","14 posttmt"
"34933","M4","C4620081","14","169","C4620081 M4","posttmt",0.0629704666461245,"169 posttmt","14 posttmt"
"34934","M4","C4620081","14","170","C4620081 M4","posttmt",0.0629149212685877,"170 posttmt","14 posttmt"
"34935","M4","C4620081","14","171","C4620081 M4","posttmt",0.0627864761556963,"171 posttmt","14 posttmt"
"34936","M4","C4620081","14","172","C4620081 M4","posttmt",0.0627300544641283,"172 posttmt","14 posttmt"
"34937","M4","C4620081","14","173","C4620081 M4","posttmt",0.0624736122177399,"173 posttmt","14 posttmt"
"34938","M4","C4620081","14","174","C4620081 M4","posttmt",0.0624075485496653,"174 posttmt","14 posttmt"
"34939","M4","C4620081","14","175","C4620081 M4","posttmt",0.062370749538441,"175 posttmt","14 posttmt"
"34940","M4","C4620081","14","176","C4620081 M4","posttmt",0.0619348927926333,"176 posttmt","14 posttmt"
"34941","M4","C4620081","14","177","C4620081 M4","posttmt",0.0616308196837867,"177 posttmt","14 posttmt"
"34942","M4","C4620081","14","178","C4620081 M4","posttmt",0.0615378894802938,"178 posttmt","14 posttmt"
"34943","M4","C4620081","14","179","C4620081 M4","posttmt",0.0613345496284565,"179 posttmt","14 posttmt"
"34944","M4","C4620081","14","180","C4620081 M4","posttmt",0.0612795728619673,"180 posttmt","14 posttmt"
"34945","M4","C4620081","14","181","C4620081 M4","posttmt",0.0610649547583563,"181 posttmt","14 posttmt"
"34946","M4","C4620081","14","182","C4620081 M4","posttmt",0.0609563701661962,"182 posttmt","14 posttmt"
"34947","M4","C4620081","14","183","C4620081 M4","posttmt",0.0609330179929292,"183 posttmt","14 posttmt"
"34948","M4","C4620081","14","184","C4620081 M4","posttmt",0.060883776749719,"184 posttmt","14 posttmt"
"34949","M4","C4620081","14","185","C4620081 M4","posttmt",0.0605799228032756,"185 posttmt","14 posttmt"
"34950","M4","C4620081","14","186","C4620081 M4","posttmt",0.0605147276223933,"186 posttmt","14 posttmt"
"34951","M4","C4620081","14","187","C4620081 M4","posttmt",0.0602524381184526,"187 posttmt","14 posttmt"
"34952","M4","C4620081","14","188","C4620081 M4","posttmt",0.0602404792343923,"188 posttmt","14 posttmt"
"34953","M4","C4620081","14","189","C4620081 M4","posttmt",0.0599704591199309,"189 posttmt","14 posttmt"
"34954","M4","C4620081","14","190","C4620081 M4","posttmt",0.0599214726648525,"190 posttmt","14 posttmt"
"34955","M4","C4620081","14","191","C4620081 M4","posttmt",0.0598379079894666,"191 posttmt","14 posttmt"
"34956","M4","C4620081","14","192","C4620081 M4","posttmt",0.0597154022825952,"192 posttmt","14 posttmt"
"34957","M4","C4620081","14","193","C4620081 M4","posttmt",0.059400205803736,"193 posttmt","14 posttmt"
"34958","M4","C4620081","14","194","C4620081 M4","posttmt",0.0590148075739832,"194 posttmt","14 posttmt"
"34959","M4","C4620081","14","195","C4620081 M4","posttmt",0.0589803405761128,"195 posttmt","14 posttmt"
"34960","M4","C4620081","14","196","C4620081 M4","posttmt",0.0588008255748852,"196 posttmt","14 posttmt"
"34961","M4","C4620081","14","197","C4620081 M4","posttmt",0.0581502625999977,"197 posttmt","14 posttmt"
"34962","M4","C4620081","14","198","C4620081 M4","posttmt",0.0581143841405824,"198 posttmt","14 posttmt"
"34963","M4","C4620081","14","199","C4620081 M4","posttmt",0.0574144049025391,"199 posttmt","14 posttmt"
"34964","M4","C4620081","14","200","C4620081 M4","posttmt",0.0573086481370097,"200 posttmt","14 posttmt"
"34965","M4","C4620081","14","201","C4620081 M4","posttmt",0.0571052519941071,"201 posttmt","14 posttmt"
"34966","M4","C4620081","14","202","C4620081 M4","posttmt",0.0568599264344157,"202 posttmt","14 posttmt"
"34967","M4","C4620081","14","203","C4620081 M4","posttmt",0.0568360284464257,"203 posttmt","14 posttmt"
"34968","M4","C4620081","14","204","C4620081 M4","posttmt",0.0567365278151747,"204 posttmt","14 posttmt"
"34969","M4","C4620081","14","205","C4620081 M4","posttmt",0.0567072569882871,"205 posttmt","14 posttmt"
"34970","M4","C4620081","14","206","C4620081 M4","posttmt",0.0565123292621888,"206 posttmt","14 posttmt"
"34971","M4","C4620081","14","207","C4620081 M4","posttmt",0.0560588566417922,"207 posttmt","14 posttmt"
"34972","M4","C4620081","14","208","C4620081 M4","posttmt",0.0558783767145234,"208 posttmt","14 posttmt"
"34973","M4","C4620081","14","209","C4620081 M4","posttmt",0.0558141194426888,"209 posttmt","14 posttmt"
"34974","M4","C4620081","14","210","C4620081 M4","posttmt",0.0555200815493706,"210 posttmt","14 posttmt"
"34975","M4","C4620081","14","211","C4620081 M4","posttmt",0.0553353318313236,"211 posttmt","14 posttmt"
"34976","M4","C4620081","14","212","C4620081 M4","posttmt",0.0551641806967809,"212 posttmt","14 posttmt"
"34977","M4","C4620081","14","213","C4620081 M4","posttmt",0.0551498921442522,"213 posttmt","14 posttmt"
"34978","M4","C4620081","14","214","C4620081 M4","posttmt",0.0550425361454712,"214 posttmt","14 posttmt"
"34979","M4","C4620081","14","215","C4620081 M4","posttmt",0.054961520435136,"215 posttmt","14 posttmt"
"34980","M4","C4620081","14","216","C4620081 M4","posttmt",0.0548287376455155,"216 posttmt","14 posttmt"
"34981","M4","C4620081","14","217","C4620081 M4","posttmt",0.0539370199037184,"217 posttmt","14 posttmt"
"34982","M4","C4620081","14","218","C4620081 M4","posttmt",0.0533745994830122,"218 posttmt","14 posttmt"
"34983","M4","C4620081","14","219","C4620081 M4","posttmt",0.0532326135167866,"219 posttmt","14 posttmt"
"34984","M4","C4620081","14","220","C4620081 M4","posttmt",0.0529272545343661,"220 posttmt","14 posttmt"
"34985","M4","C4620081","14","221","C4620081 M4","posttmt",0.0529267691756538,"221 posttmt","14 posttmt"
"34986","M4","C4620081","14","222","C4620081 M4","posttmt",0.0526265035847861,"222 posttmt","14 posttmt"
"34987","M4","C4620081","14","223","C4620081 M4","posttmt",0.0525022178443204,"223 posttmt","14 posttmt"
"34988","M4","C4620081","14","224","C4620081 M4","posttmt",0.052153890047857,"224 posttmt","14 posttmt"
"34989","M4","C4620081","14","225","C4620081 M4","posttmt",0.0514463285672789,"225 posttmt","14 posttmt"
"34990","M4","C4620081","14","226","C4620081 M4","posttmt",0.0506085171036078,"226 posttmt","14 posttmt"
"34991","M4","C4620081","14","227","C4620081 M4","posttmt",0.0504977091730691,"227 posttmt","14 posttmt"
"34992","M4","C4620081","14","228","C4620081 M4","posttmt",0.0504289041074095,"228 posttmt","14 posttmt"
"34993","M4","C4620081","14","229","C4620081 M4","posttmt",0.0503741712049839,"229 posttmt","14 posttmt"
"34994","M4","C4620081","14","230","C4620081 M4","posttmt",0.0503645851463926,"230 posttmt","14 posttmt"
"34995","M4","C4620081","14","231","C4620081 M4","posttmt",0.050127978075082,"231 posttmt","14 posttmt"
"34996","M4","C4620081","14","232","C4620081 M4","posttmt",0.0501252903223466,"232 posttmt","14 posttmt"
"34997","M4","C4620081","14","233","C4620081 M4","posttmt",0.0500347599358804,"233 posttmt","14 posttmt"
"34998","M4","C4620081","14","234","C4620081 M4","posttmt",0.049929857615843,"234 posttmt","14 posttmt"
"34999","M4","C4620081","14","235","C4620081 M4","posttmt",0.0498918338642463,"235 posttmt","14 posttmt"
"35000","M4","C4620081","14","236","C4620081 M4","posttmt",0.0494105155745317,"236 posttmt","14 posttmt"
"35001","M4","C4620081","14","237","C4620081 M4","posttmt",0.0490759610819464,"237 posttmt","14 posttmt"
"35002","M4","C4620081","14","238","C4620081 M4","posttmt",0.0488016074055254,"238 posttmt","14 posttmt"
"35003","M4","C4620081","14","239","C4620081 M4","posttmt",0.0487534822307008,"239 posttmt","14 posttmt"
"35004","M4","C4620081","14","240","C4620081 M4","posttmt",0.048552287896543,"240 posttmt","14 posttmt"
"35005","M4","C4620081","14","241","C4620081 M4","posttmt",0.0484629481258528,"241 posttmt","14 posttmt"
"35006","M4","C4620081","14","242","C4620081 M4","posttmt",0.0483603243452152,"242 posttmt","14 posttmt"
"35007","M4","C4620081","14","243","C4620081 M4","posttmt",0.0477334890859933,"243 posttmt","14 posttmt"
"35008","M4","C4620081","14","244","C4620081 M4","posttmt",0.0475552943522659,"244 posttmt","14 posttmt"
"35009","M4","C4620081","14","245","C4620081 M4","posttmt",0.0472644045853797,"245 posttmt","14 posttmt"
"35010","M4","C4620081","14","246","C4620081 M4","posttmt",0.0470267482575094,"246 posttmt","14 posttmt"
"35011","M4","C4620081","14","247","C4620081 M4","posttmt",0.0468839754981658,"247 posttmt","14 posttmt"
"35012","M4","C4620081","14","248","C4620081 M4","posttmt",0.0468491669437189,"248 posttmt","14 posttmt"
"35013","M4","C4620081","14","249","C4620081 M4","posttmt",0.0468268101385882,"249 posttmt","14 posttmt"
"35014","M4","C4620081","14","250","C4620081 M4","posttmt",0.0465172435282697,"250 posttmt","14 posttmt"
"35015","M4","C4620081","14","251","C4620081 M4","posttmt",0.0464944109904346,"251 posttmt","14 posttmt"
"35016","M4","C4620081","14","252","C4620081 M4","posttmt",0.0462013218687544,"252 posttmt","14 posttmt"
"35017","M4","C4620081","14","253","C4620081 M4","posttmt",0.0460154907934758,"253 posttmt","14 posttmt"
"35018","M4","C4620081","14","254","C4620081 M4","posttmt",0.0458412942265119,"254 posttmt","14 posttmt"
"35019","M4","C4620081","14","255","C4620081 M4","posttmt",0.045571858387044,"255 posttmt","14 posttmt"
"35020","M4","C4620081","14","256","C4620081 M4","posttmt",0.0453678975000932,"256 posttmt","14 posttmt"
"35021","M4","C4620081","14","257","C4620081 M4","posttmt",0.0450522673806136,"257 posttmt","14 posttmt"
"35022","M4","C4620081","14","258","C4620081 M4","posttmt",0.044808601177946,"258 posttmt","14 posttmt"
"35023","M4","C4620081","14","259","C4620081 M4","posttmt",0.0444456687573321,"259 posttmt","14 posttmt"
"35024","M4","C4620081","14","260","C4620081 M4","posttmt",0.0444065088707625,"260 posttmt","14 posttmt"
"35025","M4","C4620081","14","261","C4620081 M4","posttmt",0.0439867762525186,"261 posttmt","14 posttmt"
"35026","M4","C4620081","14","262","C4620081 M4","posttmt",0.0439099948501148,"262 posttmt","14 posttmt"
"35027","M4","C4620081","14","263","C4620081 M4","posttmt",0.0438695579304824,"263 posttmt","14 posttmt"
"35028","M4","C4620081","14","264","C4620081 M4","posttmt",0.0438599059664735,"264 posttmt","14 posttmt"
"35029","M4","C4620081","14","265","C4620081 M4","posttmt",0.0437966223986063,"265 posttmt","14 posttmt"
"35030","M4","C4620081","14","266","C4620081 M4","posttmt",0.0436977144188815,"266 posttmt","14 posttmt"
"35031","M4","C4620081","14","267","C4620081 M4","posttmt",0.0432420687097342,"267 posttmt","14 posttmt"
"35032","M4","C4620081","14","268","C4620081 M4","posttmt",0.0432174985979246,"268 posttmt","14 posttmt"
"35033","M4","C4620081","14","269","C4620081 M4","posttmt",0.0430678550998452,"269 posttmt","14 posttmt"
"35034","M4","C4620081","14","270","C4620081 M4","posttmt",0.0428872442692926,"270 posttmt","14 posttmt"
"35035","M4","C4620081","14","271","C4620081 M4","posttmt",0.0426403904365873,"271 posttmt","14 posttmt"
"35036","M4","C4620081","14","272","C4620081 M4","posttmt",0.0422863679344585,"272 posttmt","14 posttmt"
"35037","M4","C4620081","14","273","C4620081 M4","posttmt",0.0422396164686031,"273 posttmt","14 posttmt"
"35038","M4","C4620081","14","274","C4620081 M4","posttmt",0.0421537474786131,"274 posttmt","14 posttmt"
"35039","M4","C4620081","14","275","C4620081 M4","posttmt",0.0420499416516447,"275 posttmt","14 posttmt"
"35040","M4","C4620081","14","276","C4620081 M4","posttmt",0.0414511311781673,"276 posttmt","14 posttmt"
"35041","M4","C4620081","14","277","C4620081 M4","posttmt",0.0414257974831032,"277 posttmt","14 posttmt"
"35042","M4","C4620081","14","278","C4620081 M4","posttmt",0.041178150867821,"278 posttmt","14 posttmt"
"35043","M4","C4620081","14","279","C4620081 M4","posttmt",0.0411244344318787,"279 posttmt","14 posttmt"
"35044","M4","C4620081","14","280","C4620081 M4","posttmt",0.0410856394811514,"280 posttmt","14 posttmt"
"35045","M4","C4620081","14","281","C4620081 M4","posttmt",0.0406212898364892,"281 posttmt","14 posttmt"
"35046","M4","C4620081","14","282","C4620081 M4","posttmt",0.0405821317766427,"282 posttmt","14 posttmt"
"35047","M4","C4620081","14","283","C4620081 M4","posttmt",0.0404793546883368,"283 posttmt","14 posttmt"
"35048","M4","C4620081","14","284","C4620081 M4","posttmt",0.0402027740969188,"284 posttmt","14 posttmt"
"35049","M4","C4620081","14","285","C4620081 M4","posttmt",0.04003159776277,"285 posttmt","14 posttmt"
"35050","M4","C4620081","14","286","C4620081 M4","posttmt",0.039989947279513,"286 posttmt","14 posttmt"
"35051","M4","C4620081","14","287","C4620081 M4","posttmt",0.0398398095133715,"287 posttmt","14 posttmt"
"35052","M4","C4620081","14","288","C4620081 M4","posttmt",0.039281156201261,"288 posttmt","14 posttmt"
"35053","M4","C4620081","14","289","C4620081 M4","posttmt",0.039251097238296,"289 posttmt","14 posttmt"
"35054","M4","C4620081","14","290","C4620081 M4","posttmt",0.0384410347461087,"290 posttmt","14 posttmt"
"35055","M4","C4620081","14","291","C4620081 M4","posttmt",0.0383291147731481,"291 posttmt","14 posttmt"
"35056","M4","C4620081","14","292","C4620081 M4","posttmt",0.0382771376685438,"292 posttmt","14 posttmt"
"35057","M4","C4620081","14","293","C4620081 M4","posttmt",0.0380130400825285,"293 posttmt","14 posttmt"
"35058","M4","C4620081","14","294","C4620081 M4","posttmt",0.0378635243351703,"294 posttmt","14 posttmt"
"35059","M4","C4620081","14","295","C4620081 M4","posttmt",0.0378340090702968,"295 posttmt","14 posttmt"
"35060","M4","C4620081","14","296","C4620081 M4","posttmt",0.0376977772245378,"296 posttmt","14 posttmt"
"35061","M4","C4620081","14","297","C4620081 M4","posttmt",0.0376943050633825,"297 posttmt","14 posttmt"
"35062","M4","C4620081","14","298","C4620081 M4","posttmt",0.037456477458567,"298 posttmt","14 posttmt"
"35063","M4","C4620081","14","299","C4620081 M4","posttmt",0.0373798498736623,"299 posttmt","14 posttmt"
"35064","M4","C4620081","14","300","C4620081 M4","posttmt",0.0373602145944098,"300 posttmt","14 posttmt"
"35065","M4","C4620081","14","301","C4620081 M4","posttmt",0.0370889400152656,"301 posttmt","14 posttmt"
"35066","M4","C4620081","14","302","C4620081 M4","posttmt",0.0370077801587427,"302 posttmt","14 posttmt"
"35067","M4","C4620081","14","303","C4620081 M4","posttmt",0.0370058406520306,"303 posttmt","14 posttmt"
"35068","M4","C4620081","14","304","C4620081 M4","posttmt",0.0369559909004255,"304 posttmt","14 posttmt"
"35069","M4","C4620081","14","305","C4620081 M4","posttmt",0.0368896548711624,"305 posttmt","14 posttmt"
"35070","M4","C4620081","14","306","C4620081 M4","posttmt",0.0367089770454849,"306 posttmt","14 posttmt"
"35071","M4","C4620081","14","307","C4620081 M4","posttmt",0.0367071821797195,"307 posttmt","14 posttmt"
"35072","M4","C4620081","14","308","C4620081 M4","posttmt",0.036683903610879,"308 posttmt","14 posttmt"
"35073","M4","C4620081","14","309","C4620081 M4","posttmt",0.0361627360973808,"309 posttmt","14 posttmt"
"35074","M4","C4620081","14","310","C4620081 M4","posttmt",0.035860738689873,"310 posttmt","14 posttmt"
"35075","M4","C4620081","14","311","C4620081 M4","posttmt",0.0358217714857221,"311 posttmt","14 posttmt"
"35076","M4","C4620081","14","312","C4620081 M4","posttmt",0.035258811782841,"312 posttmt","14 posttmt"
"35077","M4","C4620081","14","313","C4620081 M4","posttmt",0.0351229106380257,"313 posttmt","14 posttmt"
"35078","M4","C4620081","14","314","C4620081 M4","posttmt",0.0350326786204995,"314 posttmt","14 posttmt"
"35079","M4","C4620081","14","315","C4620081 M4","posttmt",0.0349513359573542,"315 posttmt","14 posttmt"
"35080","M4","C4620081","14","316","C4620081 M4","posttmt",0.0344201681779501,"316 posttmt","14 posttmt"
"35081","M4","C4620081","14","317","C4620081 M4","posttmt",0.0339849632918174,"317 posttmt","14 posttmt"
"35082","M4","C4620081","14","318","C4620081 M4","posttmt",0.0339570958361329,"318 posttmt","14 posttmt"
"35083","M4","C4620081","14","319","C4620081 M4","posttmt",0.0339341379251914,"319 posttmt","14 posttmt"
"35084","M4","C4620081","14","320","C4620081 M4","posttmt",0.0338782412592706,"320 posttmt","14 posttmt"
"35085","M4","C4620081","14","321","C4620081 M4","posttmt",0.0328596195313185,"321 posttmt","14 posttmt"
"35086","M4","C4620081","14","322","C4620081 M4","posttmt",0.0324255317582951,"322 posttmt","14 posttmt"
"35087","M4","C4620081","14","323","C4620081 M4","posttmt",0.0323208665987727,"323 posttmt","14 posttmt"
"35088","M4","C4620081","14","324","C4620081 M4","posttmt",0.032252584295533,"324 posttmt","14 posttmt"
"35089","M4","C4620081","14","325","C4620081 M4","posttmt",0.0320965039068065,"325 posttmt","14 posttmt"
"35090","M4","C4620081","14","326","C4620081 M4","posttmt",0.0316053372153587,"326 posttmt","14 posttmt"
"35091","M4","C4620081","14","327","C4620081 M4","posttmt",0.0315849776578851,"327 posttmt","14 posttmt"
"35092","M4","C4620081","14","328","C4620081 M4","posttmt",0.0309540761846808,"328 posttmt","14 posttmt"
"35093","M4","C4620081","14","329","C4620081 M4","posttmt",0.030822578395355,"329 posttmt","14 posttmt"
"35094","M4","C4620081","14","330","C4620081 M4","posttmt",0.0305135483071815,"330 posttmt","14 posttmt"
"35095","M4","C4620081","14","331","C4620081 M4","posttmt",0.0303528280413427,"331 posttmt","14 posttmt"
"35096","M4","C4620081","14","332","C4620081 M4","posttmt",0.0296017755148452,"332 posttmt","14 posttmt"
"35097","M4","C4620081","14","333","C4620081 M4","posttmt",0.0295442708586777,"333 posttmt","14 posttmt"
"35098","M4","C4620081","14","334","C4620081 M4","posttmt",0.0293437276067796,"334 posttmt","14 posttmt"
"35099","M4","C4620081","14","335","C4620081 M4","posttmt",0.0292889726532322,"335 posttmt","14 posttmt"
"35100","M4","C4620081","14","336","C4620081 M4","posttmt",0.0290218009199521,"336 posttmt","14 posttmt"
"35101","M4","C4620081","14","337","C4620081 M4","posttmt",0.0288745764647539,"337 posttmt","14 posttmt"
"35102","M4","C4620081","14","338","C4620081 M4","posttmt",0.0282049557596876,"338 posttmt","14 posttmt"
"35103","M4","C4620081","14","339","C4620081 M4","posttmt",0.0280229681441022,"339 posttmt","14 posttmt"
"35104","M4","C4620081","14","340","C4620081 M4","posttmt",0.0279820570047747,"340 posttmt","14 posttmt"
"35105","M4","C4620081","14","341","C4620081 M4","posttmt",0.0275830797250821,"341 posttmt","14 posttmt"
"35106","M4","C4620081","14","342","C4620081 M4","posttmt",0.0274564147179826,"342 posttmt","14 posttmt"
"35107","M4","C4620081","14","343","C4620081 M4","posttmt",0.0274205778908278,"343 posttmt","14 posttmt"
"35108","M4","C4620081","14","344","C4620081 M4","posttmt",0.0273913121576548,"344 posttmt","14 posttmt"
"35109","M4","C4620081","14","345","C4620081 M4","posttmt",0.0272349050728734,"345 posttmt","14 posttmt"
"35110","M4","C4620081","14","346","C4620081 M4","posttmt",0.0268750423956767,"346 posttmt","14 posttmt"
"35111","M4","C4620081","14","347","C4620081 M4","posttmt",0.0268230676049216,"347 posttmt","14 posttmt"
"35112","M4","C4620081","14","348","C4620081 M4","posttmt",0.0267846534624772,"348 posttmt","14 posttmt"
"35113","M4","C4620081","14","349","C4620081 M4","posttmt",0.0266484944592426,"349 posttmt","14 posttmt"
"35114","M4","C4620081","14","350","C4620081 M4","posttmt",0.0265566716309957,"350 posttmt","14 posttmt"
"35115","M4","C4620081","14","351","C4620081 M4","posttmt",0.026228707963106,"351 posttmt","14 posttmt"
"35116","M4","C4620081","14","352","C4620081 M4","posttmt",0.026186990494073,"352 posttmt","14 posttmt"
"35117","M4","C4620081","14","353","C4620081 M4","posttmt",0.0257978387944619,"353 posttmt","14 posttmt"
"35118","M4","C4620081","14","354","C4620081 M4","posttmt",0.0257479449715426,"354 posttmt","14 posttmt"
"35119","M4","C4620081","14","355","C4620081 M4","posttmt",0.0256734971135482,"355 posttmt","14 posttmt"
"35120","M4","C4620081","14","356","C4620081 M4","posttmt",0.0254175724455128,"356 posttmt","14 posttmt"
"35121","M4","C4620081","14","357","C4620081 M4","posttmt",0.0253938546645747,"357 posttmt","14 posttmt"
"35122","M4","C4620081","14","358","C4620081 M4","posttmt",0.0247061540508971,"358 posttmt","14 posttmt"
"35123","M4","C4620081","14","359","C4620081 M4","posttmt",0.024593442605704,"359 posttmt","14 posttmt"
"35124","M4","C4620081","14","360","C4620081 M4","posttmt",0.024103717715035,"360 posttmt","14 posttmt"
"35125","M4","C4620081","14","361","C4620081 M4","posttmt",0.0238971294974059,"361 posttmt","14 posttmt"
"35126","M4","C4620081","14","362","C4620081 M4","posttmt",0.0238721522692079,"362 posttmt","14 posttmt"
"35127","M4","C4620081","14","363","C4620081 M4","posttmt",0.0238650340062595,"363 posttmt","14 posttmt"
"35128","M4","C4620081","14","364","C4620081 M4","posttmt",0.0235873688022058,"364 posttmt","14 posttmt"
"35129","M4","C4620081","14","365","C4620081 M4","posttmt",0.0232663374297356,"365 posttmt","14 posttmt"
"35130","M4","C4620081","14","366","C4620081 M4","posttmt",0.0232214997773621,"366 posttmt","14 posttmt"
"35131","M4","C4620081","14","367","C4620081 M4","posttmt",0.0231155150726152,"367 posttmt","14 posttmt"
"35132","M4","C4620081","14","368","C4620081 M4","posttmt",0.0229015293285087,"368 posttmt","14 posttmt"
"35133","M4","C4620081","14","369","C4620081 M4","posttmt",0.0228724880753525,"369 posttmt","14 posttmt"
"35134","M4","C4620081","14","370","C4620081 M4","posttmt",0.0227221527396447,"370 posttmt","14 posttmt"
"35135","M4","C4620081","14","371","C4620081 M4","posttmt",0.0225706631756045,"371 posttmt","14 posttmt"
"35136","M4","C4620081","14","372","C4620081 M4","posttmt",0.022510586292494,"372 posttmt","14 posttmt"
"35137","M4","C4620081","14","373","C4620081 M4","posttmt",0.0221228128899182,"373 posttmt","14 posttmt"
"35138","M4","C4620081","14","374","C4620081 M4","posttmt",0.0209947166766878,"374 posttmt","14 posttmt"
"35139","M4","C4620081","14","375","C4620081 M4","posttmt",0.0206960862540033,"375 posttmt","14 posttmt"
"35140","M4","C4620081","14","376","C4620081 M4","posttmt",0.0203208713627733,"376 posttmt","14 posttmt"
"35141","M4","C4620081","14","377","C4620081 M4","posttmt",0.0202874458041686,"377 posttmt","14 posttmt"
"35142","M4","C4620081","14","378","C4620081 M4","posttmt",0.0200207180102612,"378 posttmt","14 posttmt"
"35143","M4","C4620081","14","379","C4620081 M4","posttmt",0.0195874793640251,"379 posttmt","14 posttmt"
"35144","M4","C4620081","14","380","C4620081 M4","posttmt",0.0195585820707024,"380 posttmt","14 posttmt"
"35145","M4","C4620081","14","381","C4620081 M4","posttmt",0.0193670166837014,"381 posttmt","14 posttmt"
"35146","M4","C4620081","14","382","C4620081 M4","posttmt",0.0187276275216852,"382 posttmt","14 posttmt"
"35147","M4","C4620081","14","383","C4620081 M4","posttmt",0.0187076549159776,"383 posttmt","14 posttmt"
"35148","M4","C4620081","14","384","C4620081 M4","posttmt",0.018593770045403,"384 posttmt","14 posttmt"
"35149","M4","C4620081","14","385","C4620081 M4","posttmt",0.0183504933509405,"385 posttmt","14 posttmt"
"35150","M4","C4620081","14","386","C4620081 M4","posttmt",0.0182501838658334,"386 posttmt","14 posttmt"
"35151","M4","C4620081","14","387","C4620081 M4","posttmt",0.0182140945255905,"387 posttmt","14 posttmt"
"35152","M4","C4620081","14","388","C4620081 M4","posttmt",0.0177308847708017,"388 posttmt","14 posttmt"
"35153","M4","C4620081","14","389","C4620081 M4","posttmt",0.0176947668944696,"389 posttmt","14 posttmt"
"35154","M4","C4620081","14","390","C4620081 M4","posttmt",0.0175832719123278,"390 posttmt","14 posttmt"
"35155","M4","C4620081","14","391","C4620081 M4","posttmt",0.017425931026897,"391 posttmt","14 posttmt"
"35156","M4","C4620081","14","392","C4620081 M4","posttmt",0.0173645072368103,"392 posttmt","14 posttmt"
"35157","M4","C4620081","14","393","C4620081 M4","posttmt",0.0169486687616076,"393 posttmt","14 posttmt"
"35158","M4","C4620081","14","394","C4620081 M4","posttmt",0.0168494408602597,"394 posttmt","14 posttmt"
"35159","M4","C4620081","14","395","C4620081 M4","posttmt",0.0165493008725428,"395 posttmt","14 posttmt"
"35160","M4","C4620081","14","396","C4620081 M4","posttmt",0.0164827187691618,"396 posttmt","14 posttmt"
"35161","M4","C4620081","14","397","C4620081 M4","posttmt",0.016291327849791,"397 posttmt","14 posttmt"
"35162","M4","C4620081","14","398","C4620081 M4","posttmt",0.0160539605621762,"398 posttmt","14 posttmt"
"35163","M4","C4620081","14","399","C4620081 M4","posttmt",0.0158484362019159,"399 posttmt","14 posttmt"
"35164","M4","C4620081","14","400","C4620081 M4","posttmt",0.015555736027128,"400 posttmt","14 posttmt"
"35165","M4","C4620081","14","401","C4620081 M4","posttmt",0.0155197021542339,"401 posttmt","14 posttmt"
"35166","M4","C4620081","14","402","C4620081 M4","posttmt",0.0155001557863821,"402 posttmt","14 posttmt"
"35167","M4","C4620081","14","403","C4620081 M4","posttmt",0.0154816303850771,"403 posttmt","14 posttmt"
"35168","M4","C4620081","14","404","C4620081 M4","posttmt",0.0153840761819556,"404 posttmt","14 posttmt"
"35169","M4","C4620081","14","405","C4620081 M4","posttmt",0.0151479745585899,"405 posttmt","14 posttmt"
"35170","M4","C4620081","14","406","C4620081 M4","posttmt",0.0147034318115352,"406 posttmt","14 posttmt"
"35171","M4","C4620081","14","407","C4620081 M4","posttmt",0.0142468869102226,"407 posttmt","14 posttmt"
"35172","M4","C4620081","14","408","C4620081 M4","posttmt",0.0140421820751263,"408 posttmt","14 posttmt"
"35173","M4","C4620081","14","409","C4620081 M4","posttmt",0.0140247652321459,"409 posttmt","14 posttmt"
"35174","M4","C4620081","14","410","C4620081 M4","posttmt",0.0136933841999008,"410 posttmt","14 posttmt"
"35175","M4","C4620081","14","411","C4620081 M4","posttmt",0.0134941966362927,"411 posttmt","14 posttmt"
"35176","M4","C4620081","14","412","C4620081 M4","posttmt",0.0132407663477442,"412 posttmt","14 posttmt"
"35177","M4","C4620081","14","413","C4620081 M4","posttmt",0.0125222853850986,"413 posttmt","14 posttmt"
"35178","M4","C4620081","14","414","C4620081 M4","posttmt",0.0121465241703658,"414 posttmt","14 posttmt"
"35179","M4","C4620081","14","415","C4620081 M4","posttmt",0.0117586784229877,"415 posttmt","14 posttmt"
"35180","M4","C4620081","14","416","C4620081 M4","posttmt",0.0116133079670065,"416 posttmt","14 posttmt"
"35181","M4","C4620081","14","417","C4620081 M4","posttmt",0.0116078062438864,"417 posttmt","14 posttmt"
"35182","M4","C4620081","14","418","C4620081 M4","posttmt",0.0111432055329616,"418 posttmt","14 posttmt"
"35183","M4","C4620081","14","419","C4620081 M4","posttmt",0.0111262721579239,"419 posttmt","14 posttmt"
"35184","M4","C4620081","14","420","C4620081 M4","posttmt",0.0110697254489889,"420 posttmt","14 posttmt"
"35185","M4","C4620081","14","421","C4620081 M4","posttmt",0.0107666295616469,"421 posttmt","14 posttmt"
"35186","M4","C4620081","14","422","C4620081 M4","posttmt",0.0105371831045815,"422 posttmt","14 posttmt"
"35187","M4","C4620081","14","423","C4620081 M4","posttmt",0.0104841501476263,"423 posttmt","14 posttmt"
"35188","M4","C4620081","14","424","C4620081 M4","posttmt",0.0102713742280623,"424 posttmt","14 posttmt"
"35189","M4","C4620081","14","425","C4620081 M4","posttmt",0.0102070017647019,"425 posttmt","14 posttmt"
"35190","M4","C4620081","14","426","C4620081 M4","posttmt",0.0101320080815016,"426 posttmt","14 posttmt"
"35191","M4","C4620081","14","427","C4620081 M4","posttmt",0.00997131793473059,"427 posttmt","14 posttmt"
"35192","M4","C4620081","14","428","C4620081 M4","posttmt",0.00992982263402693,"428 posttmt","14 posttmt"
"35193","M4","C4620081","14","429","C4620081 M4","posttmt",0.00991337907048372,"429 posttmt","14 posttmt"
"35194","M4","C4620081","14","430","C4620081 M4","posttmt",0.00968369555636898,"430 posttmt","14 posttmt"
"35195","M4","C4620081","14","431","C4620081 M4","posttmt",0.00946946705620425,"431 posttmt","14 posttmt"
"35196","M4","C4620081","14","432","C4620081 M4","posttmt",0.00902344749973825,"432 posttmt","14 posttmt"
"35197","M4","C4620081","14","433","C4620081 M4","posttmt",0.00893803277407316,"433 posttmt","14 posttmt"
"35198","M4","C4620081","14","434","C4620081 M4","posttmt",0.00871944592089836,"434 posttmt","14 posttmt"
"35199","M4","C4620081","14","435","C4620081 M4","posttmt",0.008378281295033,"435 posttmt","14 posttmt"
"35200","M4","C4620081","14","436","C4620081 M4","posttmt",0.00797643947706836,"436 posttmt","14 posttmt"
"35201","M4","C4620081","14","437","C4620081 M4","posttmt",0.00791928466630411,"437 posttmt","14 posttmt"
"35202","M4","C4620081","14","438","C4620081 M4","posttmt",0.00782189311933831,"438 posttmt","14 posttmt"
"35203","M4","C4620081","14","439","C4620081 M4","posttmt",0.00757847382698486,"439 posttmt","14 posttmt"
"35204","M4","C4620081","14","440","C4620081 M4","posttmt",0.00732370140466517,"440 posttmt","14 posttmt"
"35205","M4","C4620081","14","441","C4620081 M4","posttmt",0.00726990064613692,"441 posttmt","14 posttmt"
"35206","M4","C4620081","14","442","C4620081 M4","posttmt",0.00719507691462493,"442 posttmt","14 posttmt"
"35207","M4","C4620081","14","443","C4620081 M4","posttmt",0.00683090513542112,"443 posttmt","14 posttmt"
"35208","M4","C4620081","14","444","C4620081 M4","posttmt",0.00638601487778618,"444 posttmt","14 posttmt"
"35209","M4","C4620081","14","445","C4620081 M4","posttmt",0.00633386478096603,"445 posttmt","14 posttmt"
"35210","M4","C4620081","14","446","C4620081 M4","posttmt",0.00603327729547781,"446 posttmt","14 posttmt"
"35211","M4","C4620081","14","447","C4620081 M4","posttmt",0.00544148011533672,"447 posttmt","14 posttmt"
"35212","M4","C4620081","14","448","C4620081 M4","posttmt",0.00525092605056637,"448 posttmt","14 posttmt"
"35213","M4","C4620081","14","449","C4620081 M4","posttmt",0.0051875041856626,"449 posttmt","14 posttmt"
"35214","M4","C4620081","14","450","C4620081 M4","posttmt",0.00509310511018338,"450 posttmt","14 posttmt"
"35215","M4","C4620081","14","451","C4620081 M4","posttmt",0.00495234822646412,"451 posttmt","14 posttmt"
"35216","M4","C4620081","14","452","C4620081 M4","posttmt",0.00494111965864592,"452 posttmt","14 posttmt"
"35217","M4","C4620081","14","453","C4620081 M4","posttmt",0.0045795244187687,"453 posttmt","14 posttmt"
"35218","M4","C4620081","14","454","C4620081 M4","posttmt",0.00456065136270172,"454 posttmt","14 posttmt"
"35219","M4","C4620081","14","455","C4620081 M4","posttmt",0.00433188213766571,"455 posttmt","14 posttmt"
"35220","M4","C4620081","14","456","C4620081 M4","posttmt",0.00393038747852362,"456 posttmt","14 posttmt"
"35221","M4","C4620081","14","457","C4620081 M4","posttmt",0.0036842372479177,"457 posttmt","14 posttmt"
"35222","M4","C4620081","14","458","C4620081 M4","posttmt",0.00360329202510427,"458 posttmt","14 posttmt"
"35223","M4","C4620081","14","459","C4620081 M4","posttmt",0.00350188141926518,"459 posttmt","14 posttmt"
"35224","M4","C4620081","14","460","C4620081 M4","posttmt",0.00339522466631231,"460 posttmt","14 posttmt"
"35225","M4","C4620081","14","461","C4620081 M4","posttmt",0.00311108015824236,"461 posttmt","14 posttmt"
"35226","M4","C4620081","14","462","C4620081 M4","posttmt",0.00298832179970731,"462 posttmt","14 posttmt"
"35227","M4","C4620081","14","463","C4620081 M4","posttmt",0.00284684670851206,"463 posttmt","14 posttmt"
"35228","M4","C4620081","14","464","C4620081 M4","posttmt",0.00283999466223548,"464 posttmt","14 posttmt"
"35229","M4","C4620081","14","465","C4620081 M4","posttmt",0.00267060222713689,"465 posttmt","14 posttmt"
"35230","M4","C4620081","14","466","C4620081 M4","posttmt",0.00259771301186032,"466 posttmt","14 posttmt"
"35231","M4","C4620081","14","467","C4620081 M4","posttmt",0.00213865815022868,"467 posttmt","14 posttmt"
"35232","M4","C4620081","14","468","C4620081 M4","posttmt",0.00187503734183922,"468 posttmt","14 posttmt"
"35233","M4","C4620081","14","469","C4620081 M4","posttmt",0.00123785217358818,"469 posttmt","14 posttmt"
"35234","M4","C4620081","14","470","C4620081 M4","posttmt",0.00117216714968359,"470 posttmt","14 posttmt"
"35235","M4","C4620081","14","471","C4620081 M4","posttmt",0.000960106963329392,"471 posttmt","14 posttmt"
"35236","M4","C4620081","14","472","C4620081 M4","posttmt",0.000927899637655372,"472 posttmt","14 posttmt"
"35237","M4","C4620081","14","473","C4620081 M4","posttmt",0.000682244469564795,"473 posttmt","14 posttmt"
"35238","M4","C4620081","14","474","C4620081 M4","posttmt",0.000271842452338321,"474 posttmt","14 posttmt"
"35239","M4","C4620081","14","475","C4620081 M4","posttmt",6.22313625611318e-05,"475 posttmt","14 posttmt"
"35240","M4","C4620081","14","476","C4620081 M4","posttmt",-0.000142341458629104,"476 posttmt","14 posttmt"
"35241","M4","C4620081","14","477","C4620081 M4","posttmt",-0.00027113327909657,"477 posttmt","14 posttmt"
"35242","M4","C4620081","14","478","C4620081 M4","posttmt",-0.00144472332472159,"478 posttmt","14 posttmt"
"35243","M4","C4620081","14","479","C4620081 M4","posttmt",-0.00177320000221906,"479 posttmt","14 posttmt"
"35244","M4","C4620081","14","480","C4620081 M4","posttmt",-0.00189586870663812,"480 posttmt","14 posttmt"
"35245","M4","C4620081","14","481","C4620081 M4","posttmt",-0.0019051042656493,"481 posttmt","14 posttmt"
"35246","M4","C4620081","14","482","C4620081 M4","posttmt",-0.00285405292942865,"482 posttmt","14 posttmt"
"35247","M4","C4620081","14","483","C4620081 M4","posttmt",-0.00298980255970266,"483 posttmt","14 posttmt"
"35248","M4","C4620081","14","484","C4620081 M4","posttmt",-0.00318244610401221,"484 posttmt","14 posttmt"
"35249","M4","C4620081","14","485","C4620081 M4","posttmt",-0.00402483289699094,"485 posttmt","14 posttmt"
"35250","M4","C4620081","14","486","C4620081 M4","posttmt",-0.00447724232277261,"486 posttmt","14 posttmt"
"35251","M4","C4620081","14","487","C4620081 M4","posttmt",-0.00471185592552169,"487 posttmt","14 posttmt"
"35252","M4","C4620081","14","488","C4620081 M4","posttmt",-0.00484802042688798,"488 posttmt","14 posttmt"
"35253","M4","C4620081","14","489","C4620081 M4","posttmt",-0.00533582907769896,"489 posttmt","14 posttmt"
"35254","M4","C4620081","14","490","C4620081 M4","posttmt",-0.0055510333103001,"490 posttmt","14 posttmt"
"35255","M4","C4620081","14","491","C4620081 M4","posttmt",-0.0064814974161796,"491 posttmt","14 posttmt"
"35256","M4","C4620081","14","492","C4620081 M4","posttmt",-0.00651121796891959,"492 posttmt","14 posttmt"
"35257","M4","C4620081","14","493","C4620081 M4","posttmt",-0.00655908785168967,"493 posttmt","14 posttmt"
"35258","M4","C4620081","14","494","C4620081 M4","posttmt",-0.00720468192768893,"494 posttmt","14 posttmt"
"35259","M4","C4620081","14","495","C4620081 M4","posttmt",-0.00723000877778462,"495 posttmt","14 posttmt"
"35260","M4","C4620081","14","496","C4620081 M4","posttmt",-0.00731894619023915,"496 posttmt","14 posttmt"
"35261","M4","C4620081","14","497","C4620081 M4","posttmt",-0.00756516982605282,"497 posttmt","14 posttmt"
"35262","M4","C4620081","14","498","C4620081 M4","posttmt",-0.00798301534280692,"498 posttmt","14 posttmt"
"35263","M4","C4620081","14","499","C4620081 M4","posttmt",-0.00977102870303508,"499 posttmt","14 posttmt"
"35264","M4","C4620081","14","500","C4620081 M4","posttmt",-0.0103988106758498,"500 posttmt","14 posttmt"
"35265","M4","C4620081","14","501","C4620081 M4","posttmt",-0.0105385402048119,"501 posttmt","14 posttmt"
"35266","M4","C4620081","14","502","C4620081 M4","posttmt",-0.0108849830811871,"502 posttmt","14 posttmt"
"35267","M4","C4620081","14","503","C4620081 M4","posttmt",-0.0112690026193944,"503 posttmt","14 posttmt"
"35268","M4","C4620081","14","504","C4620081 M4","posttmt",-0.0113994837024154,"504 posttmt","14 posttmt"
"35269","M4","C4620081","14","505","C4620081 M4","posttmt",-0.0117933115167478,"505 posttmt","14 posttmt"
"35270","M4","C4620081","14","506","C4620081 M4","posttmt",-0.0121815534165955,"506 posttmt","14 posttmt"
"35271","M4","C4620081","14","507","C4620081 M4","posttmt",-0.0123362961682193,"507 posttmt","14 posttmt"
"35272","M4","C4620081","14","508","C4620081 M4","posttmt",-0.0129235565157096,"508 posttmt","14 posttmt"
"35273","M4","C4620081","14","509","C4620081 M4","posttmt",-0.0136903249343416,"509 posttmt","14 posttmt"
"35274","M4","C4620081","14","510","C4620081 M4","posttmt",-0.0140497466165569,"510 posttmt","14 posttmt"
"35275","M4","C4620081","14","511","C4620081 M4","posttmt",-0.0146676337147489,"511 posttmt","14 posttmt"
"35276","M4","C4620081","14","512","C4620081 M4","posttmt",-0.0148513419378841,"512 posttmt","14 posttmt"
"35277","M4","C4620081","14","513","C4620081 M4","posttmt",-0.0149743720026747,"513 posttmt","14 posttmt"
"35278","M4","C4620081","14","514","C4620081 M4","posttmt",-0.0155070927277877,"514 posttmt","14 posttmt"
"35279","M4","C4620081","14","515","C4620081 M4","posttmt",-0.0161180309763384,"515 posttmt","14 posttmt"
"35280","M4","C4620081","14","516","C4620081 M4","posttmt",-0.016561095115392,"516 posttmt","14 posttmt"
"35281","M4","C4620081","14","517","C4620081 M4","posttmt",-0.0165842089491947,"517 posttmt","14 posttmt"
"35282","M4","C4620081","14","518","C4620081 M4","posttmt",-0.0172180885167796,"518 posttmt","14 posttmt"
"35283","M4","C4620081","14","519","C4620081 M4","posttmt",-0.0175534314089898,"519 posttmt","14 posttmt"
"35284","M4","C4620081","14","520","C4620081 M4","posttmt",-0.0177877477896228,"520 posttmt","14 posttmt"
"35285","M4","C4620081","14","521","C4620081 M4","posttmt",-0.0199094749247882,"521 posttmt","14 posttmt"
"35286","M4","C4620081","14","522","C4620081 M4","posttmt",-0.0209248268813656,"522 posttmt","14 posttmt"
"35287","M4","C4620081","14","523","C4620081 M4","posttmt",-0.0218793164122691,"523 posttmt","14 posttmt"
"35288","M4","C4620081","14","524","C4620081 M4","posttmt",-0.0230109518334973,"524 posttmt","14 posttmt"
"35289","M4","C4620081","14","525","C4620081 M4","posttmt",-0.0249800367860267,"525 posttmt","14 posttmt"
"35290","M4","C4620081","14","526","C4620081 M4","posttmt",-0.0263845463549969,"526 posttmt","14 posttmt"
"35291","M4","C4620081","14","527","C4620081 M4","posttmt",-0.0278255522818868,"527 posttmt","14 posttmt"
"35292","M4","C4620081","14","528","C4620081 M4","posttmt",-0.0291771847340216,"528 posttmt","14 posttmt"
"35293","M4","C4620081","14","529","C4620081 M4","posttmt",-0.0310654832032838,"529 posttmt","14 posttmt"
"35294","M4","C4620081","14","530","C4620081 M4","posttmt",-0.032897883589386,"530 posttmt","14 posttmt"
"35295","M4","C4620081","14","531","C4620081 M4","posttmt",-0.0339342231540921,"531 posttmt","14 posttmt"
"35296","M4","C4620081","14","532","C4620081 M4","posttmt",-0.0347494515550534,"532 posttmt","14 posttmt"
"35297","M4","C4620081","14","533","C4620081 M4","posttmt",-0.0351144985524026,"533 posttmt","14 posttmt"
"35298","M4","C4620081","14","534","C4620081 M4","posttmt",-0.0372319015095694,"534 posttmt","14 posttmt"
"35299","M4","C4620081","14","535","C4620081 M4","posttmt",-0.0377112924345918,"535 posttmt","14 posttmt"
"35300","M4","C4620081","14","536","C4620081 M4","posttmt",-0.0422874031943006,"536 posttmt","14 posttmt"
"35301","M4","C4620081","14","537","C4620081 M4","posttmt",-0.0484053586011422,"537 posttmt","14 posttmt"
"35302","M4","C4620081","14","538","C4620081 M4","posttmt",-0.0522785598830481,"538 posttmt","14 posttmt"
"35303","M4","C4620081","14","539","C4620081 M4","posttmt",-0.0616893301329449,"539 posttmt","14 posttmt"
"35304","M5","C4620081","14","0","C4620081 M5","posttmt",0.0691454093493943,"0 posttmt","14 posttmt"
"35305","M5","C4620081","14","1","C4620081 M5","posttmt",0.064939763506723,"1 posttmt","14 posttmt"
"35306","M5","C4620081","14","2","C4620081 M5","posttmt",0.0627782124399359,"2 posttmt","14 posttmt"
"35307","M5","C4620081","14","3","C4620081 M5","posttmt",0.0572321550426202,"3 posttmt","14 posttmt"
"35308","M5","C4620081","14","4","C4620081 M5","posttmt",0.0525262368484566,"4 posttmt","14 posttmt"
"35309","M5","C4620081","14","5","C4620081 M5","posttmt",0.0519910388368476,"5 posttmt","14 posttmt"
"35310","M5","C4620081","14","6","C4620081 M5","posttmt",0.0516117336126958,"6 posttmt","14 posttmt"
"35311","M5","C4620081","14","7","C4620081 M5","posttmt",0.0500072604180243,"7 posttmt","14 posttmt"
"35312","M5","C4620081","14","8","C4620081 M5","posttmt",0.0495051460013994,"8 posttmt","14 posttmt"
"35313","M5","C4620081","14","9","C4620081 M5","posttmt",0.0486346489171234,"9 posttmt","14 posttmt"
"35314","M5","C4620081","14","10","C4620081 M5","posttmt",0.0481567451507588,"10 posttmt","14 posttmt"
"35315","M5","C4620081","14","11","C4620081 M5","posttmt",0.0479335574964245,"11 posttmt","14 posttmt"
"35316","M5","C4620081","14","12","C4620081 M5","posttmt",0.0477152953329118,"12 posttmt","14 posttmt"
"35317","M5","C4620081","14","13","C4620081 M5","posttmt",0.0474095344366335,"13 posttmt","14 posttmt"
"35318","M5","C4620081","14","14","C4620081 M5","posttmt",0.043289907567024,"14 posttmt","14 posttmt"
"35319","M5","C4620081","14","15","C4620081 M5","posttmt",0.0431113774942428,"15 posttmt","14 posttmt"
"35320","M5","C4620081","14","16","C4620081 M5","posttmt",0.043092885339803,"16 posttmt","14 posttmt"
"35321","M5","C4620081","14","17","C4620081 M5","posttmt",0.041587419561371,"17 posttmt","14 posttmt"
"35322","M5","C4620081","14","18","C4620081 M5","posttmt",0.0412792213946921,"18 posttmt","14 posttmt"
"35323","M5","C4620081","14","19","C4620081 M5","posttmt",0.0411384321281055,"19 posttmt","14 posttmt"
"35324","M5","C4620081","14","20","C4620081 M5","posttmt",0.0405637232486998,"20 posttmt","14 posttmt"
"35325","M5","C4620081","14","21","C4620081 M5","posttmt",0.0405127210511747,"21 posttmt","14 posttmt"
"35326","M5","C4620081","14","22","C4620081 M5","posttmt",0.0392888802618716,"22 posttmt","14 posttmt"
"35327","M5","C4620081","14","23","C4620081 M5","posttmt",0.0392807623448837,"23 posttmt","14 posttmt"
"35328","M5","C4620081","14","24","C4620081 M5","posttmt",0.0391942272554462,"24 posttmt","14 posttmt"
"35329","M5","C4620081","14","25","C4620081 M5","posttmt",0.0387771520119768,"25 posttmt","14 posttmt"
"35330","M5","C4620081","14","26","C4620081 M5","posttmt",0.0387452771509418,"26 posttmt","14 posttmt"
"35331","M5","C4620081","14","27","C4620081 M5","posttmt",0.0383899835057491,"27 posttmt","14 posttmt"
"35332","M5","C4620081","14","28","C4620081 M5","posttmt",0.0382019631441776,"28 posttmt","14 posttmt"
"35333","M5","C4620081","14","29","C4620081 M5","posttmt",0.0379562336356118,"29 posttmt","14 posttmt"
"35334","M5","C4620081","14","30","C4620081 M5","posttmt",0.0376454619676162,"30 posttmt","14 posttmt"
"35335","M5","C4620081","14","31","C4620081 M5","posttmt",0.0375831840362334,"31 posttmt","14 posttmt"
"35336","M5","C4620081","14","32","C4620081 M5","posttmt",0.0372973805198143,"32 posttmt","14 posttmt"
"35337","M5","C4620081","14","33","C4620081 M5","posttmt",0.0366394422968231,"33 posttmt","14 posttmt"
"35338","M5","C4620081","14","34","C4620081 M5","posttmt",0.0365951277250216,"34 posttmt","14 posttmt"
"35339","M5","C4620081","14","35","C4620081 M5","posttmt",0.0361809742453223,"35 posttmt","14 posttmt"
"35340","M5","C4620081","14","36","C4620081 M5","posttmt",0.036153254523818,"36 posttmt","14 posttmt"
"35341","M5","C4620081","14","37","C4620081 M5","posttmt",0.0360947046643003,"37 posttmt","14 posttmt"
"35342","M5","C4620081","14","38","C4620081 M5","posttmt",0.0347614324800337,"38 posttmt","14 posttmt"
"35343","M5","C4620081","14","39","C4620081 M5","posttmt",0.0347300948678606,"39 posttmt","14 posttmt"
"35344","M5","C4620081","14","40","C4620081 M5","posttmt",0.0342874670745411,"40 posttmt","14 posttmt"
"35345","M5","C4620081","14","41","C4620081 M5","posttmt",0.0341018702108798,"41 posttmt","14 posttmt"
"35346","M5","C4620081","14","42","C4620081 M5","posttmt",0.0337318307988897,"42 posttmt","14 posttmt"
"35347","M5","C4620081","14","43","C4620081 M5","posttmt",0.0333932924106973,"43 posttmt","14 posttmt"
"35348","M5","C4620081","14","44","C4620081 M5","posttmt",0.0329732515030802,"44 posttmt","14 posttmt"
"35349","M5","C4620081","14","45","C4620081 M5","posttmt",0.0327972439058807,"45 posttmt","14 posttmt"
"35350","M5","C4620081","14","46","C4620081 M5","posttmt",0.0327711173762781,"46 posttmt","14 posttmt"
"35351","M5","C4620081","14","47","C4620081 M5","posttmt",0.0323477360865991,"47 posttmt","14 posttmt"
"35352","M5","C4620081","14","48","C4620081 M5","posttmt",0.0322291224076566,"48 posttmt","14 posttmt"
"35353","M5","C4620081","14","49","C4620081 M5","posttmt",0.0321721670932243,"49 posttmt","14 posttmt"
"35354","M5","C4620081","14","50","C4620081 M5","posttmt",0.0320678476350444,"50 posttmt","14 posttmt"
"35355","M5","C4620081","14","51","C4620081 M5","posttmt",0.0311427894837763,"51 posttmt","14 posttmt"
"35356","M5","C4620081","14","52","C4620081 M5","posttmt",0.0311225029166011,"52 posttmt","14 posttmt"
"35357","M5","C4620081","14","53","C4620081 M5","posttmt",0.0306968246752392,"53 posttmt","14 posttmt"
"35358","M5","C4620081","14","54","C4620081 M5","posttmt",0.0306759312785945,"54 posttmt","14 posttmt"
"35359","M5","C4620081","14","55","C4620081 M5","posttmt",0.0304795101435392,"55 posttmt","14 posttmt"
"35360","M5","C4620081","14","56","C4620081 M5","posttmt",0.0304090632521013,"56 posttmt","14 posttmt"
"35361","M5","C4620081","14","57","C4620081 M5","posttmt",0.02954908140342,"57 posttmt","14 posttmt"
"35362","M5","C4620081","14","58","C4620081 M5","posttmt",0.0291851554893289,"58 posttmt","14 posttmt"
"35363","M5","C4620081","14","59","C4620081 M5","posttmt",0.0290346504043423,"59 posttmt","14 posttmt"
"35364","M5","C4620081","14","60","C4620081 M5","posttmt",0.0289369740760397,"60 posttmt","14 posttmt"
"35365","M5","C4620081","14","61","C4620081 M5","posttmt",0.028645412069474,"61 posttmt","14 posttmt"
"35366","M5","C4620081","14","62","C4620081 M5","posttmt",0.0285691689846826,"62 posttmt","14 posttmt"
"35367","M5","C4620081","14","63","C4620081 M5","posttmt",0.0285398943463721,"63 posttmt","14 posttmt"
"35368","M5","C4620081","14","64","C4620081 M5","posttmt",0.0283909079216146,"64 posttmt","14 posttmt"
"35369","M5","C4620081","14","65","C4620081 M5","posttmt",0.0282362782792255,"65 posttmt","14 posttmt"
"35370","M5","C4620081","14","66","C4620081 M5","posttmt",0.0281094002972008,"66 posttmt","14 posttmt"
"35371","M5","C4620081","14","67","C4620081 M5","posttmt",0.0277573973759454,"67 posttmt","14 posttmt"
"35372","M5","C4620081","14","68","C4620081 M5","posttmt",0.0276432241895578,"68 posttmt","14 posttmt"
"35373","M5","C4620081","14","69","C4620081 M5","posttmt",0.0274117200518516,"69 posttmt","14 posttmt"
"35374","M5","C4620081","14","70","C4620081 M5","posttmt",0.0274031973408672,"70 posttmt","14 posttmt"
"35375","M5","C4620081","14","71","C4620081 M5","posttmt",0.0271961395357151,"71 posttmt","14 posttmt"
"35376","M5","C4620081","14","72","C4620081 M5","posttmt",0.0270709570714872,"72 posttmt","14 posttmt"
"35377","M5","C4620081","14","73","C4620081 M5","posttmt",0.0260634906033955,"73 posttmt","14 posttmt"
"35378","M5","C4620081","14","74","C4620081 M5","posttmt",0.0254573975016413,"74 posttmt","14 posttmt"
"35379","M5","C4620081","14","75","C4620081 M5","posttmt",0.0253808247143748,"75 posttmt","14 posttmt"
"35380","M5","C4620081","14","76","C4620081 M5","posttmt",0.0252250705073936,"76 posttmt","14 posttmt"
"35381","M5","C4620081","14","77","C4620081 M5","posttmt",0.0246821173040321,"77 posttmt","14 posttmt"
"35382","M5","C4620081","14","78","C4620081 M5","posttmt",0.0246565789972883,"78 posttmt","14 posttmt"
"35383","M5","C4620081","14","79","C4620081 M5","posttmt",0.0246087540477826,"79 posttmt","14 posttmt"
"35384","M5","C4620081","14","80","C4620081 M5","posttmt",0.0242685614212298,"80 posttmt","14 posttmt"
"35385","M5","C4620081","14","81","C4620081 M5","posttmt",0.0242531401076679,"81 posttmt","14 posttmt"
"35386","M5","C4620081","14","82","C4620081 M5","posttmt",0.0240350558857436,"82 posttmt","14 posttmt"
"35387","M5","C4620081","14","83","C4620081 M5","posttmt",0.0238592467519672,"83 posttmt","14 posttmt"
"35388","M5","C4620081","14","84","C4620081 M5","posttmt",0.0238414466697971,"84 posttmt","14 posttmt"
"35389","M5","C4620081","14","85","C4620081 M5","posttmt",0.0234253677067065,"85 posttmt","14 posttmt"
"35390","M5","C4620081","14","86","C4620081 M5","posttmt",0.0233115918646208,"86 posttmt","14 posttmt"
"35391","M5","C4620081","14","87","C4620081 M5","posttmt",0.0230073916966256,"87 posttmt","14 posttmt"
"35392","M5","C4620081","14","88","C4620081 M5","posttmt",0.0229894233885833,"88 posttmt","14 posttmt"
"35393","M5","C4620081","14","89","C4620081 M5","posttmt",0.0226144103946844,"89 posttmt","14 posttmt"
"35394","M5","C4620081","14","90","C4620081 M5","posttmt",0.0225876833671037,"90 posttmt","14 posttmt"
"35395","M5","C4620081","14","91","C4620081 M5","posttmt",0.0223541821865907,"91 posttmt","14 posttmt"
"35396","M5","C4620081","14","92","C4620081 M5","posttmt",0.0217527556231209,"92 posttmt","14 posttmt"
"35397","M5","C4620081","14","93","C4620081 M5","posttmt",0.021679509231129,"93 posttmt","14 posttmt"
"35398","M5","C4620081","14","94","C4620081 M5","posttmt",0.0212331655483923,"94 posttmt","14 posttmt"
"35399","M5","C4620081","14","95","C4620081 M5","posttmt",0.0208751305408755,"95 posttmt","14 posttmt"
"35400","M5","C4620081","14","96","C4620081 M5","posttmt",0.0199992900954206,"96 posttmt","14 posttmt"
"35401","M5","C4620081","14","97","C4620081 M5","posttmt",0.0198889176529032,"97 posttmt","14 posttmt"
"35402","M5","C4620081","14","98","C4620081 M5","posttmt",0.0198880053755006,"98 posttmt","14 posttmt"
"35403","M5","C4620081","14","99","C4620081 M5","posttmt",0.0198798307176805,"99 posttmt","14 posttmt"
"35404","M5","C4620081","14","100","C4620081 M5","posttmt",0.0197230545828121,"100 posttmt","14 posttmt"
"35405","M5","C4620081","14","101","C4620081 M5","posttmt",0.0196689684189112,"101 posttmt","14 posttmt"
"35406","M5","C4620081","14","102","C4620081 M5","posttmt",0.0195631090475475,"102 posttmt","14 posttmt"
"35407","M5","C4620081","14","103","C4620081 M5","posttmt",0.019463337283028,"103 posttmt","14 posttmt"
"35408","M5","C4620081","14","104","C4620081 M5","posttmt",0.019330807305616,"104 posttmt","14 posttmt"
"35409","M5","C4620081","14","105","C4620081 M5","posttmt",0.0189303098161777,"105 posttmt","14 posttmt"
"35410","M5","C4620081","14","106","C4620081 M5","posttmt",0.0178809105975155,"106 posttmt","14 posttmt"
"35411","M5","C4620081","14","107","C4620081 M5","posttmt",0.017863527873226,"107 posttmt","14 posttmt"
"35412","M5","C4620081","14","108","C4620081 M5","posttmt",0.0177082821767626,"108 posttmt","14 posttmt"
"35413","M5","C4620081","14","109","C4620081 M5","posttmt",0.0175360685243709,"109 posttmt","14 posttmt"
"35414","M5","C4620081","14","110","C4620081 M5","posttmt",0.0175015739096849,"110 posttmt","14 posttmt"
"35415","M5","C4620081","14","111","C4620081 M5","posttmt",0.0174609469574232,"111 posttmt","14 posttmt"
"35416","M5","C4620081","14","112","C4620081 M5","posttmt",0.0173340916628057,"112 posttmt","14 posttmt"
"35417","M5","C4620081","14","113","C4620081 M5","posttmt",0.017226030114157,"113 posttmt","14 posttmt"
"35418","M5","C4620081","14","114","C4620081 M5","posttmt",0.0168955793743375,"114 posttmt","14 posttmt"
"35419","M5","C4620081","14","115","C4620081 M5","posttmt",0.0168542815972319,"115 posttmt","14 posttmt"
"35420","M5","C4620081","14","116","C4620081 M5","posttmt",0.0167701427948374,"116 posttmt","14 posttmt"
"35421","M5","C4620081","14","117","C4620081 M5","posttmt",0.0167304404740996,"117 posttmt","14 posttmt"
"35422","M5","C4620081","14","118","C4620081 M5","posttmt",0.0166507911881196,"118 posttmt","14 posttmt"
"35423","M5","C4620081","14","119","C4620081 M5","posttmt",0.0166307133294086,"119 posttmt","14 posttmt"
"35424","M5","C4620081","14","120","C4620081 M5","posttmt",0.0164607674804362,"120 posttmt","14 posttmt"
"35425","M5","C4620081","14","121","C4620081 M5","posttmt",0.016184496388953,"121 posttmt","14 posttmt"
"35426","M5","C4620081","14","122","C4620081 M5","posttmt",0.0161124141286033,"122 posttmt","14 posttmt"
"35427","M5","C4620081","14","123","C4620081 M5","posttmt",0.0157093348036237,"123 posttmt","14 posttmt"
"35428","M5","C4620081","14","124","C4620081 M5","posttmt",0.0156060957161647,"124 posttmt","14 posttmt"
"35429","M5","C4620081","14","125","C4620081 M5","posttmt",0.0150452586695189,"125 posttmt","14 posttmt"
"35430","M5","C4620081","14","126","C4620081 M5","posttmt",0.0150275861548536,"126 posttmt","14 posttmt"
"35431","M5","C4620081","14","127","C4620081 M5","posttmt",0.0147518949072082,"127 posttmt","14 posttmt"
"35432","M5","C4620081","14","128","C4620081 M5","posttmt",0.0146161696952172,"128 posttmt","14 posttmt"
"35433","M5","C4620081","14","129","C4620081 M5","posttmt",0.0140453477303468,"129 posttmt","14 posttmt"
"35434","M5","C4620081","14","130","C4620081 M5","posttmt",0.0135717552487044,"130 posttmt","14 posttmt"
"35435","M5","C4620081","14","131","C4620081 M5","posttmt",0.0133507442090251,"131 posttmt","14 posttmt"
"35436","M5","C4620081","14","132","C4620081 M5","posttmt",0.0133131426300403,"132 posttmt","14 posttmt"
"35437","M5","C4620081","14","133","C4620081 M5","posttmt",0.0132452473457916,"133 posttmt","14 posttmt"
"35438","M5","C4620081","14","134","C4620081 M5","posttmt",0.012727754382292,"134 posttmt","14 posttmt"
"35439","M5","C4620081","14","135","C4620081 M5","posttmt",0.0126895383101342,"135 posttmt","14 posttmt"
"35440","M5","C4620081","14","136","C4620081 M5","posttmt",0.0125728176468271,"136 posttmt","14 posttmt"
"35441","M5","C4620081","14","137","C4620081 M5","posttmt",0.0119974161871831,"137 posttmt","14 posttmt"
"35442","M5","C4620081","14","138","C4620081 M5","posttmt",0.0119954093660555,"138 posttmt","14 posttmt"
"35443","M5","C4620081","14","139","C4620081 M5","posttmt",0.011656728337789,"139 posttmt","14 posttmt"
"35444","M5","C4620081","14","140","C4620081 M5","posttmt",0.0116184354815049,"140 posttmt","14 posttmt"
"35445","M5","C4620081","14","141","C4620081 M5","posttmt",0.0115136873875266,"141 posttmt","14 posttmt"
"35446","M5","C4620081","14","142","C4620081 M5","posttmt",0.0114644801622758,"142 posttmt","14 posttmt"
"35447","M5","C4620081","14","143","C4620081 M5","posttmt",0.0113618609417164,"143 posttmt","14 posttmt"
"35448","M5","C4620081","14","144","C4620081 M5","posttmt",0.0111788669578352,"144 posttmt","14 posttmt"
"35449","M5","C4620081","14","145","C4620081 M5","posttmt",0.0110694979552451,"145 posttmt","14 posttmt"
"35450","M5","C4620081","14","146","C4620081 M5","posttmt",0.0107989954835829,"146 posttmt","14 posttmt"
"35451","M5","C4620081","14","147","C4620081 M5","posttmt",0.0107648997527385,"147 posttmt","14 posttmt"
"35452","M5","C4620081","14","148","C4620081 M5","posttmt",0.0106405477966975,"148 posttmt","14 posttmt"
"35453","M5","C4620081","14","149","C4620081 M5","posttmt",0.0104895126488251,"149 posttmt","14 posttmt"
"35454","M5","C4620081","14","150","C4620081 M5","posttmt",0.0102930401797082,"150 posttmt","14 posttmt"
"35455","M5","C4620081","14","151","C4620081 M5","posttmt",0.0101922160351458,"151 posttmt","14 posttmt"
"35456","M5","C4620081","14","152","C4620081 M5","posttmt",0.00973381086042214,"152 posttmt","14 posttmt"
"35457","M5","C4620081","14","153","C4620081 M5","posttmt",0.00971902487752658,"153 posttmt","14 posttmt"
"35458","M5","C4620081","14","154","C4620081 M5","posttmt",0.00959197765697814,"154 posttmt","14 posttmt"
"35459","M5","C4620081","14","155","C4620081 M5","posttmt",0.009470971694675,"155 posttmt","14 posttmt"
"35460","M5","C4620081","14","156","C4620081 M5","posttmt",0.00941703669745352,"156 posttmt","14 posttmt"
"35461","M5","C4620081","14","157","C4620081 M5","posttmt",0.00919913613642683,"157 posttmt","14 posttmt"
"35462","M5","C4620081","14","158","C4620081 M5","posttmt",0.00919730587665169,"158 posttmt","14 posttmt"
"35463","M5","C4620081","14","159","C4620081 M5","posttmt",0.0090389657252802,"159 posttmt","14 posttmt"
"35464","M5","C4620081","14","160","C4620081 M5","posttmt",0.00879045501472242,"160 posttmt","14 posttmt"
"35465","M5","C4620081","14","161","C4620081 M5","posttmt",0.00840931549927299,"161 posttmt","14 posttmt"
"35466","M5","C4620081","14","162","C4620081 M5","posttmt",0.00829139559079427,"162 posttmt","14 posttmt"
"35467","M5","C4620081","14","163","C4620081 M5","posttmt",0.00820499846496429,"163 posttmt","14 posttmt"
"35468","M5","C4620081","14","164","C4620081 M5","posttmt",0.00745223809626761,"164 posttmt","14 posttmt"
"35469","M5","C4620081","14","165","C4620081 M5","posttmt",0.00727047156040354,"165 posttmt","14 posttmt"
"35470","M5","C4620081","14","166","C4620081 M5","posttmt",0.00687324157828509,"166 posttmt","14 posttmt"
"35471","M5","C4620081","14","167","C4620081 M5","posttmt",0.00658670696858665,"167 posttmt","14 posttmt"
"35472","M5","C4620081","14","168","C4620081 M5","posttmt",0.00657700954624224,"168 posttmt","14 posttmt"
"35473","M5","C4620081","14","169","C4620081 M5","posttmt",0.00602419963571429,"169 posttmt","14 posttmt"
"35474","M5","C4620081","14","170","C4620081 M5","posttmt",0.00589272035431291,"170 posttmt","14 posttmt"
"35475","M5","C4620081","14","171","C4620081 M5","posttmt",0.00464459706137883,"171 posttmt","14 posttmt"
"35476","M5","C4620081","14","172","C4620081 M5","posttmt",0.00391685016598485,"172 posttmt","14 posttmt"
"35477","M5","C4620081","14","173","C4620081 M5","posttmt",0.00372018942563487,"173 posttmt","14 posttmt"
"35478","M5","C4620081","14","174","C4620081 M5","posttmt",0.00328183145038352,"174 posttmt","14 posttmt"
"35479","M5","C4620081","14","175","C4620081 M5","posttmt",0.00301289364369049,"175 posttmt","14 posttmt"
"35480","M5","C4620081","14","176","C4620081 M5","posttmt",0.00293318672606323,"176 posttmt","14 posttmt"
"35481","M5","C4620081","14","177","C4620081 M5","posttmt",0.00276435769876605,"177 posttmt","14 posttmt"
"35482","M5","C4620081","14","178","C4620081 M5","posttmt",0.00233040267781567,"178 posttmt","14 posttmt"
"35483","M5","C4620081","14","179","C4620081 M5","posttmt",0.0017831312624054,"179 posttmt","14 posttmt"
"35484","M5","C4620081","14","180","C4620081 M5","posttmt",0.00160803145136949,"180 posttmt","14 posttmt"
"35485","M5","C4620081","14","181","C4620081 M5","posttmt",0.00135513798568898,"181 posttmt","14 posttmt"
"35486","M5","C4620081","14","182","C4620081 M5","posttmt",0.000739247680294744,"182 posttmt","14 posttmt"
"35487","M5","C4620081","14","183","C4620081 M5","posttmt",-8.99187826548627e-05,"183 posttmt","14 posttmt"
"35488","M5","C4620081","14","184","C4620081 M5","posttmt",-0.000496303718426195,"184 posttmt","14 posttmt"
"35489","M5","C4620081","14","185","C4620081 M5","posttmt",-0.000578696165758064,"185 posttmt","14 posttmt"
"35490","M5","C4620081","14","186","C4620081 M5","posttmt",-0.000902562991765078,"186 posttmt","14 posttmt"
"35491","M5","C4620081","14","187","C4620081 M5","posttmt",-0.000912136638246113,"187 posttmt","14 posttmt"
"35492","M5","C4620081","14","188","C4620081 M5","posttmt",-0.00110814081856619,"188 posttmt","14 posttmt"
"35493","M5","C4620081","14","189","C4620081 M5","posttmt",-0.00237527842637083,"189 posttmt","14 posttmt"
"35494","M5","C4620081","14","190","C4620081 M5","posttmt",-0.00249836079735669,"190 posttmt","14 posttmt"
"35495","M5","C4620081","14","191","C4620081 M5","posttmt",-0.00297855655693382,"191 posttmt","14 posttmt"
"35496","M5","C4620081","14","192","C4620081 M5","posttmt",-0.00325884959818489,"192 posttmt","14 posttmt"
"35497","M5","C4620081","14","193","C4620081 M5","posttmt",-0.0033159746867258,"193 posttmt","14 posttmt"
"35498","M5","C4620081","14","194","C4620081 M5","posttmt",-0.00338825985162017,"194 posttmt","14 posttmt"
"35499","M5","C4620081","14","195","C4620081 M5","posttmt",-0.00447128666128814,"195 posttmt","14 posttmt"
"35500","M5","C4620081","14","196","C4620081 M5","posttmt",-0.00453274025825703,"196 posttmt","14 posttmt"
"35501","M5","C4620081","14","197","C4620081 M5","posttmt",-0.00513512840006264,"197 posttmt","14 posttmt"
"35502","M5","C4620081","14","198","C4620081 M5","posttmt",-0.00811952701598066,"198 posttmt","14 posttmt"
"35503","M5","C4620081","14","199","C4620081 M5","posttmt",-0.00946284107889509,"199 posttmt","14 posttmt"
"35504","M5","C4620081","14","200","C4620081 M5","posttmt",-0.0103890956626313,"200 posttmt","14 posttmt"
"35505","M5","C4620081","14","201","C4620081 M5","posttmt",-0.0120351094373982,"201 posttmt","14 posttmt"
"35506","M5","C4620081","14","202","C4620081 M5","posttmt",-0.0124232393880272,"202 posttmt","14 posttmt"
"35507","M5","C4620081","14","203","C4620081 M5","posttmt",-0.0147790576276664,"203 posttmt","14 posttmt"
"35508","M5","C4620081","14","204","C4620081 M5","posttmt",-0.0207134746540416,"204 posttmt","14 posttmt"
"35509","M5","C4620081","14","205","C4620081 M5","posttmt",-0.0218852894616984,"205 posttmt","14 posttmt"
"35510","M1","C4620083","14","0","C4620083 M1","posttmt",0.422003048937841,"0 posttmt","14 posttmt"
"35511","M1","C4620083","14","1","C4620083 M1","posttmt",0.398439764399925,"1 posttmt","14 posttmt"
"35512","M1","C4620083","14","2","C4620083 M1","posttmt",0.398379483075942,"2 posttmt","14 posttmt"
"35513","M1","C4620083","14","3","C4620083 M1","posttmt",0.397589859652727,"3 posttmt","14 posttmt"
"35514","M1","C4620083","14","4","C4620083 M1","posttmt",0.397239171775422,"4 posttmt","14 posttmt"
"35515","M1","C4620083","14","5","C4620083 M1","posttmt",0.39429044855747,"5 posttmt","14 posttmt"
"35516","M1","C4620083","14","6","C4620083 M1","posttmt",0.38906552664587,"6 posttmt","14 posttmt"
"35517","M1","C4620083","14","7","C4620083 M1","posttmt",0.388275152426412,"7 posttmt","14 posttmt"
"35518","M1","C4620083","14","8","C4620083 M1","posttmt",0.384270244108794,"8 posttmt","14 posttmt"
"35519","M1","C4620083","14","9","C4620083 M1","posttmt",0.382663191678555,"9 posttmt","14 posttmt"
"35520","M1","C4620083","14","10","C4620083 M1","posttmt",0.381893159320405,"10 posttmt","14 posttmt"
"35521","M1","C4620083","14","11","C4620083 M1","posttmt",0.381732768920446,"11 posttmt","14 posttmt"
"35522","M1","C4620083","14","12","C4620083 M1","posttmt",0.381576737211737,"12 posttmt","14 posttmt"
"35523","M1","C4620083","14","13","C4620083 M1","posttmt",0.378983502008536,"13 posttmt","14 posttmt"
"35524","M1","C4620083","14","14","C4620083 M1","posttmt",0.378189155769765,"14 posttmt","14 posttmt"
"35525","M1","C4620083","14","15","C4620083 M1","posttmt",0.378075317471834,"15 posttmt","14 posttmt"
"35526","M1","C4620083","14","16","C4620083 M1","posttmt",0.376483498255324,"16 posttmt","14 posttmt"
"35527","M1","C4620083","14","17","C4620083 M1","posttmt",0.376375477304781,"17 posttmt","14 posttmt"
"35528","M1","C4620083","14","18","C4620083 M1","posttmt",0.376262056887063,"18 posttmt","14 posttmt"
"35529","M1","C4620083","14","19","C4620083 M1","posttmt",0.375853874601386,"19 posttmt","14 posttmt"
"35530","M1","C4620083","14","20","C4620083 M1","posttmt",0.37581619760804,"20 posttmt","14 posttmt"
"35531","M1","C4620083","14","21","C4620083 M1","posttmt",0.375444962020041,"21 posttmt","14 posttmt"
"35532","M1","C4620083","14","22","C4620083 M1","posttmt",0.374815042747116,"22 posttmt","14 posttmt"
"35533","M1","C4620083","14","23","C4620083 M1","posttmt",0.374374138791573,"23 posttmt","14 posttmt"
"35534","M1","C4620083","14","24","C4620083 M1","posttmt",0.373122037925754,"24 posttmt","14 posttmt"
"35535","M1","C4620083","14","25","C4620083 M1","posttmt",0.371855927852532,"25 posttmt","14 posttmt"
"35536","M1","C4620083","14","26","C4620083 M1","posttmt",0.371107091700844,"26 posttmt","14 posttmt"
"35537","M1","C4620083","14","27","C4620083 M1","posttmt",0.370791290201692,"27 posttmt","14 posttmt"
"35538","M1","C4620083","14","28","C4620083 M1","posttmt",0.370405145113052,"28 posttmt","14 posttmt"
"35539","M1","C4620083","14","29","C4620083 M1","posttmt",0.370072552764456,"29 posttmt","14 posttmt"
"35540","M1","C4620083","14","30","C4620083 M1","posttmt",0.3696818940385,"30 posttmt","14 posttmt"
"35541","M1","C4620083","14","31","C4620083 M1","posttmt",0.369531886275608,"31 posttmt","14 posttmt"
"35542","M1","C4620083","14","32","C4620083 M1","posttmt",0.369112387424388,"32 posttmt","14 posttmt"
"35543","M1","C4620083","14","33","C4620083 M1","posttmt",0.368595118399806,"33 posttmt","14 posttmt"
"35544","M1","C4620083","14","34","C4620083 M1","posttmt",0.367588004144736,"34 posttmt","14 posttmt"
"35545","M1","C4620083","14","35","C4620083 M1","posttmt",0.367433387592876,"35 posttmt","14 posttmt"
"35546","M1","C4620083","14","36","C4620083 M1","posttmt",0.367091450690737,"36 posttmt","14 posttmt"
"35547","M1","C4620083","14","37","C4620083 M1","posttmt",0.366959850103195,"37 posttmt","14 posttmt"
"35548","M1","C4620083","14","38","C4620083 M1","posttmt",0.365604993821145,"38 posttmt","14 posttmt"
"35549","M1","C4620083","14","39","C4620083 M1","posttmt",0.365428375360377,"39 posttmt","14 posttmt"
"35550","M1","C4620083","14","40","C4620083 M1","posttmt",0.365422018906691,"40 posttmt","14 posttmt"
"35551","M1","C4620083","14","41","C4620083 M1","posttmt",0.365348652289426,"41 posttmt","14 posttmt"
"35552","M1","C4620083","14","42","C4620083 M1","posttmt",0.365222798253111,"42 posttmt","14 posttmt"
"35553","M1","C4620083","14","43","C4620083 M1","posttmt",0.364555029211667,"43 posttmt","14 posttmt"
"35554","M1","C4620083","14","44","C4620083 M1","posttmt",0.364150005442515,"44 posttmt","14 posttmt"
"35555","M1","C4620083","14","45","C4620083 M1","posttmt",0.363744070735636,"45 posttmt","14 posttmt"
"35556","M1","C4620083","14","46","C4620083 M1","posttmt",0.363219758836841,"46 posttmt","14 posttmt"
"35557","M1","C4620083","14","47","C4620083 M1","posttmt",0.36264155727261,"47 posttmt","14 posttmt"
"35558","M1","C4620083","14","48","C4620083 M1","posttmt",0.360954125956829,"48 posttmt","14 posttmt"
"35559","M1","C4620083","14","49","C4620083 M1","posttmt",0.36058119290462,"49 posttmt","14 posttmt"
"35560","M1","C4620083","14","50","C4620083 M1","posttmt",0.360563071672431,"50 posttmt","14 posttmt"
"35561","M1","C4620083","14","51","C4620083 M1","posttmt",0.360148792802369,"51 posttmt","14 posttmt"
"35562","M1","C4620083","14","52","C4620083 M1","posttmt",0.359897888537556,"52 posttmt","14 posttmt"
"35563","M1","C4620083","14","53","C4620083 M1","posttmt",0.359342008890839,"53 posttmt","14 posttmt"
"35564","M1","C4620083","14","54","C4620083 M1","posttmt",0.35748137270284,"54 posttmt","14 posttmt"
"35565","M1","C4620083","14","55","C4620083 M1","posttmt",0.357192517829401,"55 posttmt","14 posttmt"
"35566","M1","C4620083","14","56","C4620083 M1","posttmt",0.356820549095471,"56 posttmt","14 posttmt"
"35567","M1","C4620083","14","57","C4620083 M1","posttmt",0.356616279979545,"57 posttmt","14 posttmt"
"35568","M1","C4620083","14","58","C4620083 M1","posttmt",0.356585538870703,"58 posttmt","14 posttmt"
"35569","M1","C4620083","14","59","C4620083 M1","posttmt",0.356252642938748,"59 posttmt","14 posttmt"
"35570","M1","C4620083","14","60","C4620083 M1","posttmt",0.356229086418301,"60 posttmt","14 posttmt"
"35571","M1","C4620083","14","61","C4620083 M1","posttmt",0.355891746199923,"61 posttmt","14 posttmt"
"35572","M1","C4620083","14","62","C4620083 M1","posttmt",0.355854880800201,"62 posttmt","14 posttmt"
"35573","M1","C4620083","14","63","C4620083 M1","posttmt",0.355281947375862,"63 posttmt","14 posttmt"
"35574","M1","C4620083","14","64","C4620083 M1","posttmt",0.354060378375313,"64 posttmt","14 posttmt"
"35575","M1","C4620083","14","65","C4620083 M1","posttmt",0.353764847927418,"65 posttmt","14 posttmt"
"35576","M1","C4620083","14","66","C4620083 M1","posttmt",0.353671801701423,"66 posttmt","14 posttmt"
"35577","M1","C4620083","14","67","C4620083 M1","posttmt",0.353504141786056,"67 posttmt","14 posttmt"
"35578","M1","C4620083","14","68","C4620083 M1","posttmt",0.352354702573586,"68 posttmt","14 posttmt"
"35579","M1","C4620083","14","69","C4620083 M1","posttmt",0.352229333280081,"69 posttmt","14 posttmt"
"35580","M1","C4620083","14","70","C4620083 M1","posttmt",0.352162426331486,"70 posttmt","14 posttmt"
"35581","M1","C4620083","14","71","C4620083 M1","posttmt",0.351647535590318,"71 posttmt","14 posttmt"
"35582","M1","C4620083","14","72","C4620083 M1","posttmt",0.351235776468072,"72 posttmt","14 posttmt"
"35583","M1","C4620083","14","73","C4620083 M1","posttmt",0.350541520392685,"73 posttmt","14 posttmt"
"35584","M1","C4620083","14","74","C4620083 M1","posttmt",0.349928065920741,"74 posttmt","14 posttmt"
"35585","M1","C4620083","14","75","C4620083 M1","posttmt",0.34967071489349,"75 posttmt","14 posttmt"
"35586","M1","C4620083","14","76","C4620083 M1","posttmt",0.349645986896647,"76 posttmt","14 posttmt"
"35587","M1","C4620083","14","77","C4620083 M1","posttmt",0.34958646245298,"77 posttmt","14 posttmt"
"35588","M1","C4620083","14","78","C4620083 M1","posttmt",0.349584939720435,"78 posttmt","14 posttmt"
"35589","M1","C4620083","14","79","C4620083 M1","posttmt",0.349240959181268,"79 posttmt","14 posttmt"
"35590","M1","C4620083","14","80","C4620083 M1","posttmt",0.348677807541602,"80 posttmt","14 posttmt"
"35591","M1","C4620083","14","81","C4620083 M1","posttmt",0.348641700263587,"81 posttmt","14 posttmt"
"35592","M1","C4620083","14","82","C4620083 M1","posttmt",0.347696354702128,"82 posttmt","14 posttmt"
"35593","M1","C4620083","14","83","C4620083 M1","posttmt",0.346545639882477,"83 posttmt","14 posttmt"
"35594","M1","C4620083","14","84","C4620083 M1","posttmt",0.346200662816727,"84 posttmt","14 posttmt"
"35595","M1","C4620083","14","85","C4620083 M1","posttmt",0.345865148696167,"85 posttmt","14 posttmt"
"35596","M1","C4620083","14","86","C4620083 M1","posttmt",0.3455782069032,"86 posttmt","14 posttmt"
"35597","M1","C4620083","14","87","C4620083 M1","posttmt",0.34510853204721,"87 posttmt","14 posttmt"
"35598","M1","C4620083","14","88","C4620083 M1","posttmt",0.345096779110082,"88 posttmt","14 posttmt"
"35599","M1","C4620083","14","89","C4620083 M1","posttmt",0.344874362983173,"89 posttmt","14 posttmt"
"35600","M1","C4620083","14","90","C4620083 M1","posttmt",0.344622395929922,"90 posttmt","14 posttmt"
"35601","M1","C4620083","14","91","C4620083 M1","posttmt",0.344282037078837,"91 posttmt","14 posttmt"
"35602","M1","C4620083","14","92","C4620083 M1","posttmt",0.344227874206463,"92 posttmt","14 posttmt"
"35603","M1","C4620083","14","93","C4620083 M1","posttmt",0.344082070618547,"93 posttmt","14 posttmt"
"35604","M1","C4620083","14","94","C4620083 M1","posttmt",0.343872773174266,"94 posttmt","14 posttmt"
"35605","M1","C4620083","14","95","C4620083 M1","posttmt",0.343503524383466,"95 posttmt","14 posttmt"
"35606","M1","C4620083","14","96","C4620083 M1","posttmt",0.34350208348191,"96 posttmt","14 posttmt"
"35607","M1","C4620083","14","97","C4620083 M1","posttmt",0.343363603508936,"97 posttmt","14 posttmt"
"35608","M1","C4620083","14","98","C4620083 M1","posttmt",0.343271609396556,"98 posttmt","14 posttmt"
"35609","M1","C4620083","14","99","C4620083 M1","posttmt",0.342750056607101,"99 posttmt","14 posttmt"
"35610","M1","C4620083","14","100","C4620083 M1","posttmt",0.342706270247172,"100 posttmt","14 posttmt"
"35611","M1","C4620083","14","101","C4620083 M1","posttmt",0.342557571664795,"101 posttmt","14 posttmt"
"35612","M1","C4620083","14","102","C4620083 M1","posttmt",0.342529856212058,"102 posttmt","14 posttmt"
"35613","M1","C4620083","14","103","C4620083 M1","posttmt",0.342206311144371,"103 posttmt","14 posttmt"
"35614","M1","C4620083","14","104","C4620083 M1","posttmt",0.342055796271271,"104 posttmt","14 posttmt"
"35615","M1","C4620083","14","105","C4620083 M1","posttmt",0.340742178091608,"105 posttmt","14 posttmt"
"35616","M1","C4620083","14","106","C4620083 M1","posttmt",0.340727037186389,"106 posttmt","14 posttmt"
"35617","M1","C4620083","14","107","C4620083 M1","posttmt",0.339953917684116,"107 posttmt","14 posttmt"
"35618","M1","C4620083","14","108","C4620083 M1","posttmt",0.339926623841973,"108 posttmt","14 posttmt"
"35619","M1","C4620083","14","109","C4620083 M1","posttmt",0.339852172972223,"109 posttmt","14 posttmt"
"35620","M1","C4620083","14","110","C4620083 M1","posttmt",0.339818578562736,"110 posttmt","14 posttmt"
"35621","M1","C4620083","14","111","C4620083 M1","posttmt",0.339807311445175,"111 posttmt","14 posttmt"
"35622","M1","C4620083","14","112","C4620083 M1","posttmt",0.339374172499895,"112 posttmt","14 posttmt"
"35623","M1","C4620083","14","113","C4620083 M1","posttmt",0.338729182317145,"113 posttmt","14 posttmt"
"35624","M1","C4620083","14","114","C4620083 M1","posttmt",0.338071924534738,"114 posttmt","14 posttmt"
"35625","M1","C4620083","14","115","C4620083 M1","posttmt",0.33757722737294,"115 posttmt","14 posttmt"
"35626","M1","C4620083","14","116","C4620083 M1","posttmt",0.336916618463986,"116 posttmt","14 posttmt"
"35627","M1","C4620083","14","117","C4620083 M1","posttmt",0.336848088272244,"117 posttmt","14 posttmt"
"35628","M1","C4620083","14","118","C4620083 M1","posttmt",0.335305929581927,"118 posttmt","14 posttmt"
"35629","M1","C4620083","14","119","C4620083 M1","posttmt",0.335134399134665,"119 posttmt","14 posttmt"
"35630","M1","C4620083","14","120","C4620083 M1","posttmt",0.335040593304581,"120 posttmt","14 posttmt"
"35631","M1","C4620083","14","121","C4620083 M1","posttmt",0.334772771681417,"121 posttmt","14 posttmt"
"35632","M1","C4620083","14","122","C4620083 M1","posttmt",0.334604395876869,"122 posttmt","14 posttmt"
"35633","M1","C4620083","14","123","C4620083 M1","posttmt",0.334315291178474,"123 posttmt","14 posttmt"
"35634","M1","C4620083","14","124","C4620083 M1","posttmt",0.334305050983051,"124 posttmt","14 posttmt"
"35635","M1","C4620083","14","125","C4620083 M1","posttmt",0.334275114608161,"125 posttmt","14 posttmt"
"35636","M1","C4620083","14","126","C4620083 M1","posttmt",0.333727050083514,"126 posttmt","14 posttmt"
"35637","M1","C4620083","14","127","C4620083 M1","posttmt",0.333569026219676,"127 posttmt","14 posttmt"
"35638","M1","C4620083","14","128","C4620083 M1","posttmt",0.333047137867431,"128 posttmt","14 posttmt"
"35639","M1","C4620083","14","129","C4620083 M1","posttmt",0.332791776336269,"129 posttmt","14 posttmt"
"35640","M1","C4620083","14","130","C4620083 M1","posttmt",0.332747225843959,"130 posttmt","14 posttmt"
"35641","M1","C4620083","14","131","C4620083 M1","posttmt",0.332030406084397,"131 posttmt","14 posttmt"
"35642","M1","C4620083","14","132","C4620083 M1","posttmt",0.332023858713482,"132 posttmt","14 posttmt"
"35643","M1","C4620083","14","133","C4620083 M1","posttmt",0.331673528171375,"133 posttmt","14 posttmt"
"35644","M1","C4620083","14","134","C4620083 M1","posttmt",0.331595252975594,"134 posttmt","14 posttmt"
"35645","M1","C4620083","14","135","C4620083 M1","posttmt",0.33034911464361,"135 posttmt","14 posttmt"
"35646","M1","C4620083","14","136","C4620083 M1","posttmt",0.329773312047948,"136 posttmt","14 posttmt"
"35647","M1","C4620083","14","137","C4620083 M1","posttmt",0.329536899989882,"137 posttmt","14 posttmt"
"35648","M1","C4620083","14","138","C4620083 M1","posttmt",0.328884704420729,"138 posttmt","14 posttmt"
"35649","M1","C4620083","14","139","C4620083 M1","posttmt",0.328882844632856,"139 posttmt","14 posttmt"
"35650","M1","C4620083","14","140","C4620083 M1","posttmt",0.328616605438775,"140 posttmt","14 posttmt"
"35651","M1","C4620083","14","141","C4620083 M1","posttmt",0.328566033685157,"141 posttmt","14 posttmt"
"35652","M1","C4620083","14","142","C4620083 M1","posttmt",0.327926454486918,"142 posttmt","14 posttmt"
"35653","M1","C4620083","14","143","C4620083 M1","posttmt",0.327865682349236,"143 posttmt","14 posttmt"
"35654","M1","C4620083","14","144","C4620083 M1","posttmt",0.327546023897833,"144 posttmt","14 posttmt"
"35655","M1","C4620083","14","145","C4620083 M1","posttmt",0.326911066340351,"145 posttmt","14 posttmt"
"35656","M1","C4620083","14","146","C4620083 M1","posttmt",0.326198165743527,"146 posttmt","14 posttmt"
"35657","M1","C4620083","14","147","C4620083 M1","posttmt",0.32571154162351,"147 posttmt","14 posttmt"
"35658","M1","C4620083","14","148","C4620083 M1","posttmt",0.325631081677249,"148 posttmt","14 posttmt"
"35659","M1","C4620083","14","149","C4620083 M1","posttmt",0.325465627626054,"149 posttmt","14 posttmt"
"35660","M1","C4620083","14","150","C4620083 M1","posttmt",0.32538881422067,"150 posttmt","14 posttmt"
"35661","M1","C4620083","14","151","C4620083 M1","posttmt",0.324960277264498,"151 posttmt","14 posttmt"
"35662","M1","C4620083","14","152","C4620083 M1","posttmt",0.324695535405785,"152 posttmt","14 posttmt"
"35663","M1","C4620083","14","153","C4620083 M1","posttmt",0.32454721767738,"153 posttmt","14 posttmt"
"35664","M1","C4620083","14","154","C4620083 M1","posttmt",0.324466900708062,"154 posttmt","14 posttmt"
"35665","M1","C4620083","14","155","C4620083 M1","posttmt",0.324054328227958,"155 posttmt","14 posttmt"
"35666","M1","C4620083","14","156","C4620083 M1","posttmt",0.32396626335612,"156 posttmt","14 posttmt"
"35667","M1","C4620083","14","157","C4620083 M1","posttmt",0.323818571556266,"157 posttmt","14 posttmt"
"35668","M1","C4620083","14","158","C4620083 M1","posttmt",0.323376368535751,"158 posttmt","14 posttmt"
"35669","M1","C4620083","14","159","C4620083 M1","posttmt",0.323066254098912,"159 posttmt","14 posttmt"
"35670","M1","C4620083","14","160","C4620083 M1","posttmt",0.323019836325325,"160 posttmt","14 posttmt"
"35671","M1","C4620083","14","161","C4620083 M1","posttmt",0.322950941070621,"161 posttmt","14 posttmt"
"35672","M1","C4620083","14","162","C4620083 M1","posttmt",0.322591760836721,"162 posttmt","14 posttmt"
"35673","M1","C4620083","14","163","C4620083 M1","posttmt",0.322457705946762,"163 posttmt","14 posttmt"
"35674","M1","C4620083","14","164","C4620083 M1","posttmt",0.322285081526012,"164 posttmt","14 posttmt"
"35675","M1","C4620083","14","165","C4620083 M1","posttmt",0.322110860269827,"165 posttmt","14 posttmt"
"35676","M1","C4620083","14","166","C4620083 M1","posttmt",0.321841625289659,"166 posttmt","14 posttmt"
"35677","M1","C4620083","14","167","C4620083 M1","posttmt",0.32181084907175,"167 posttmt","14 posttmt"
"35678","M1","C4620083","14","168","C4620083 M1","posttmt",0.321787568801975,"168 posttmt","14 posttmt"
"35679","M1","C4620083","14","169","C4620083 M1","posttmt",0.32171704626195,"169 posttmt","14 posttmt"
"35680","M1","C4620083","14","170","C4620083 M1","posttmt",0.321700497476771,"170 posttmt","14 posttmt"
"35681","M1","C4620083","14","171","C4620083 M1","posttmt",0.321668848812612,"171 posttmt","14 posttmt"
"35682","M1","C4620083","14","172","C4620083 M1","posttmt",0.32143906596456,"172 posttmt","14 posttmt"
"35683","M1","C4620083","14","173","C4620083 M1","posttmt",0.321416722252649,"173 posttmt","14 posttmt"
"35684","M1","C4620083","14","174","C4620083 M1","posttmt",0.32111092920793,"174 posttmt","14 posttmt"
"35685","M1","C4620083","14","175","C4620083 M1","posttmt",0.321078537233606,"175 posttmt","14 posttmt"
"35686","M1","C4620083","14","176","C4620083 M1","posttmt",0.320903388526216,"176 posttmt","14 posttmt"
"35687","M1","C4620083","14","177","C4620083 M1","posttmt",0.32085414701721,"177 posttmt","14 posttmt"
"35688","M1","C4620083","14","178","C4620083 M1","posttmt",0.320534743903097,"178 posttmt","14 posttmt"
"35689","M1","C4620083","14","179","C4620083 M1","posttmt",0.320369672440547,"179 posttmt","14 posttmt"
"35690","M1","C4620083","14","180","C4620083 M1","posttmt",0.320111968729145,"180 posttmt","14 posttmt"
"35691","M1","C4620083","14","181","C4620083 M1","posttmt",0.320058744202583,"181 posttmt","14 posttmt"
"35692","M1","C4620083","14","182","C4620083 M1","posttmt",0.319909438684781,"182 posttmt","14 posttmt"
"35693","M1","C4620083","14","183","C4620083 M1","posttmt",0.319249303214818,"183 posttmt","14 posttmt"
"35694","M1","C4620083","14","184","C4620083 M1","posttmt",0.318870875992657,"184 posttmt","14 posttmt"
"35695","M1","C4620083","14","185","C4620083 M1","posttmt",0.318785504494206,"185 posttmt","14 posttmt"
"35696","M1","C4620083","14","186","C4620083 M1","posttmt",0.31857727934088,"186 posttmt","14 posttmt"
"35697","M1","C4620083","14","187","C4620083 M1","posttmt",0.318555155417403,"187 posttmt","14 posttmt"
"35698","M1","C4620083","14","188","C4620083 M1","posttmt",0.318207820918351,"188 posttmt","14 posttmt"
"35699","M1","C4620083","14","189","C4620083 M1","posttmt",0.318088772003774,"189 posttmt","14 posttmt"
"35700","M1","C4620083","14","190","C4620083 M1","posttmt",0.317793804171795,"190 posttmt","14 posttmt"
"35701","M1","C4620083","14","191","C4620083 M1","posttmt",0.317572262061658,"191 posttmt","14 posttmt"
"35702","M1","C4620083","14","192","C4620083 M1","posttmt",0.317384025789451,"192 posttmt","14 posttmt"
"35703","M1","C4620083","14","193","C4620083 M1","posttmt",0.317361138077666,"193 posttmt","14 posttmt"
"35704","M1","C4620083","14","194","C4620083 M1","posttmt",0.317283749574631,"194 posttmt","14 posttmt"
"35705","M1","C4620083","14","195","C4620083 M1","posttmt",0.317246991734576,"195 posttmt","14 posttmt"
"35706","M1","C4620083","14","196","C4620083 M1","posttmt",0.317190690910191,"196 posttmt","14 posttmt"
"35707","M1","C4620083","14","197","C4620083 M1","posttmt",0.317152381648244,"197 posttmt","14 posttmt"
"35708","M1","C4620083","14","198","C4620083 M1","posttmt",0.317085642596423,"198 posttmt","14 posttmt"
"35709","M1","C4620083","14","199","C4620083 M1","posttmt",0.316754769964004,"199 posttmt","14 posttmt"
"35710","M1","C4620083","14","200","C4620083 M1","posttmt",0.316539739720393,"200 posttmt","14 posttmt"
"35711","M1","C4620083","14","201","C4620083 M1","posttmt",0.316469716109943,"201 posttmt","14 posttmt"
"35712","M1","C4620083","14","202","C4620083 M1","posttmt",0.316401495928118,"202 posttmt","14 posttmt"
"35713","M1","C4620083","14","203","C4620083 M1","posttmt",0.316219611154422,"203 posttmt","14 posttmt"
"35714","M1","C4620083","14","204","C4620083 M1","posttmt",0.316130835026329,"204 posttmt","14 posttmt"
"35715","M1","C4620083","14","205","C4620083 M1","posttmt",0.315726406950818,"205 posttmt","14 posttmt"
"35716","M1","C4620083","14","206","C4620083 M1","posttmt",0.315292437705933,"206 posttmt","14 posttmt"
"35717","M1","C4620083","14","207","C4620083 M1","posttmt",0.315230378569695,"207 posttmt","14 posttmt"
"35718","M1","C4620083","14","208","C4620083 M1","posttmt",0.314587936963754,"208 posttmt","14 posttmt"
"35719","M1","C4620083","14","209","C4620083 M1","posttmt",0.314466469025217,"209 posttmt","14 posttmt"
"35720","M1","C4620083","14","210","C4620083 M1","posttmt",0.313760022815064,"210 posttmt","14 posttmt"
"35721","M1","C4620083","14","211","C4620083 M1","posttmt",0.313740715109652,"211 posttmt","14 posttmt"
"35722","M1","C4620083","14","212","C4620083 M1","posttmt",0.312996546242512,"212 posttmt","14 posttmt"
"35723","M1","C4620083","14","213","C4620083 M1","posttmt",0.31273887529076,"213 posttmt","14 posttmt"
"35724","M1","C4620083","14","214","C4620083 M1","posttmt",0.31267197680008,"214 posttmt","14 posttmt"
"35725","M1","C4620083","14","215","C4620083 M1","posttmt",0.312280178263498,"215 posttmt","14 posttmt"
"35726","M1","C4620083","14","216","C4620083 M1","posttmt",0.311920780615984,"216 posttmt","14 posttmt"
"35727","M1","C4620083","14","217","C4620083 M1","posttmt",0.311684410668365,"217 posttmt","14 posttmt"
"35728","M1","C4620083","14","218","C4620083 M1","posttmt",0.311472143916165,"218 posttmt","14 posttmt"
"35729","M1","C4620083","14","219","C4620083 M1","posttmt",0.311248936211571,"219 posttmt","14 posttmt"
"35730","M1","C4620083","14","220","C4620083 M1","posttmt",0.311236626375532,"220 posttmt","14 posttmt"
"35731","M1","C4620083","14","221","C4620083 M1","posttmt",0.31109648263288,"221 posttmt","14 posttmt"
"35732","M1","C4620083","14","222","C4620083 M1","posttmt",0.31108010344802,"222 posttmt","14 posttmt"
"35733","M1","C4620083","14","223","C4620083 M1","posttmt",0.310377768169028,"223 posttmt","14 posttmt"
"35734","M1","C4620083","14","224","C4620083 M1","posttmt",0.309916594522064,"224 posttmt","14 posttmt"
"35735","M1","C4620083","14","225","C4620083 M1","posttmt",0.309713161537861,"225 posttmt","14 posttmt"
"35736","M1","C4620083","14","226","C4620083 M1","posttmt",0.309707452678944,"226 posttmt","14 posttmt"
"35737","M1","C4620083","14","227","C4620083 M1","posttmt",0.309452037343234,"227 posttmt","14 posttmt"
"35738","M1","C4620083","14","228","C4620083 M1","posttmt",0.309448109176981,"228 posttmt","14 posttmt"
"35739","M1","C4620083","14","229","C4620083 M1","posttmt",0.309358033223269,"229 posttmt","14 posttmt"
"35740","M1","C4620083","14","230","C4620083 M1","posttmt",0.308915646401832,"230 posttmt","14 posttmt"
"35741","M1","C4620083","14","231","C4620083 M1","posttmt",0.308873002639457,"231 posttmt","14 posttmt"
"35742","M1","C4620083","14","232","C4620083 M1","posttmt",0.308673886233398,"232 posttmt","14 posttmt"
"35743","M1","C4620083","14","233","C4620083 M1","posttmt",0.308658558619999,"233 posttmt","14 posttmt"
"35744","M1","C4620083","14","234","C4620083 M1","posttmt",0.308650921625572,"234 posttmt","14 posttmt"
"35745","M1","C4620083","14","235","C4620083 M1","posttmt",0.30839294515322,"235 posttmt","14 posttmt"
"35746","M1","C4620083","14","236","C4620083 M1","posttmt",0.308168048031357,"236 posttmt","14 posttmt"
"35747","M1","C4620083","14","237","C4620083 M1","posttmt",0.307859781122039,"237 posttmt","14 posttmt"
"35748","M1","C4620083","14","238","C4620083 M1","posttmt",0.307521639097156,"238 posttmt","14 posttmt"
"35749","M1","C4620083","14","239","C4620083 M1","posttmt",0.307483570249368,"239 posttmt","14 posttmt"
"35750","M1","C4620083","14","240","C4620083 M1","posttmt",0.307380105190324,"240 posttmt","14 posttmt"
"35751","M1","C4620083","14","241","C4620083 M1","posttmt",0.307307494600726,"241 posttmt","14 posttmt"
"35752","M1","C4620083","14","242","C4620083 M1","posttmt",0.30718567545132,"242 posttmt","14 posttmt"
"35753","M1","C4620083","14","243","C4620083 M1","posttmt",0.307143223111438,"243 posttmt","14 posttmt"
"35754","M1","C4620083","14","244","C4620083 M1","posttmt",0.3070063031092,"244 posttmt","14 posttmt"
"35755","M1","C4620083","14","245","C4620083 M1","posttmt",0.30680376859361,"245 posttmt","14 posttmt"
"35756","M1","C4620083","14","246","C4620083 M1","posttmt",0.3067538255881,"246 posttmt","14 posttmt"
"35757","M1","C4620083","14","247","C4620083 M1","posttmt",0.306629916336798,"247 posttmt","14 posttmt"
"35758","M1","C4620083","14","248","C4620083 M1","posttmt",0.306512571356559,"248 posttmt","14 posttmt"
"35759","M1","C4620083","14","249","C4620083 M1","posttmt",0.30630333201686,"249 posttmt","14 posttmt"
"35760","M1","C4620083","14","250","C4620083 M1","posttmt",0.305707190728677,"250 posttmt","14 posttmt"
"35761","M1","C4620083","14","251","C4620083 M1","posttmt",0.305699875313239,"251 posttmt","14 posttmt"
"35762","M1","C4620083","14","252","C4620083 M1","posttmt",0.305556814636409,"252 posttmt","14 posttmt"
"35763","M1","C4620083","14","253","C4620083 M1","posttmt",0.304958007761575,"253 posttmt","14 posttmt"
"35764","M1","C4620083","14","254","C4620083 M1","posttmt",0.304949771135556,"254 posttmt","14 posttmt"
"35765","M1","C4620083","14","255","C4620083 M1","posttmt",0.304488112858736,"255 posttmt","14 posttmt"
"35766","M1","C4620083","14","256","C4620083 M1","posttmt",0.30433993445079,"256 posttmt","14 posttmt"
"35767","M1","C4620083","14","257","C4620083 M1","posttmt",0.304171959796379,"257 posttmt","14 posttmt"
"35768","M1","C4620083","14","258","C4620083 M1","posttmt",0.303945696781732,"258 posttmt","14 posttmt"
"35769","M1","C4620083","14","259","C4620083 M1","posttmt",0.30386627845152,"259 posttmt","14 posttmt"
"35770","M1","C4620083","14","260","C4620083 M1","posttmt",0.303648766971023,"260 posttmt","14 posttmt"
"35771","M1","C4620083","14","261","C4620083 M1","posttmt",0.303512509940974,"261 posttmt","14 posttmt"
"35772","M1","C4620083","14","262","C4620083 M1","posttmt",0.303324747707634,"262 posttmt","14 posttmt"
"35773","M1","C4620083","14","263","C4620083 M1","posttmt",0.30271222248688,"263 posttmt","14 posttmt"
"35774","M1","C4620083","14","264","C4620083 M1","posttmt",0.302406517538928,"264 posttmt","14 posttmt"
"35775","M1","C4620083","14","265","C4620083 M1","posttmt",0.302387246032525,"265 posttmt","14 posttmt"
"35776","M1","C4620083","14","266","C4620083 M1","posttmt",0.302013440961951,"266 posttmt","14 posttmt"
"35777","M1","C4620083","14","267","C4620083 M1","posttmt",0.301947165692111,"267 posttmt","14 posttmt"
"35778","M1","C4620083","14","268","C4620083 M1","posttmt",0.301894124443624,"268 posttmt","14 posttmt"
"35779","M1","C4620083","14","269","C4620083 M1","posttmt",0.301814120889577,"269 posttmt","14 posttmt"
"35780","M1","C4620083","14","270","C4620083 M1","posttmt",0.301762709382399,"270 posttmt","14 posttmt"
"35781","M1","C4620083","14","271","C4620083 M1","posttmt",0.301562147030394,"271 posttmt","14 posttmt"
"35782","M1","C4620083","14","272","C4620083 M1","posttmt",0.301330438794385,"272 posttmt","14 posttmt"
"35783","M1","C4620083","14","273","C4620083 M1","posttmt",0.301238196328969,"273 posttmt","14 posttmt"
"35784","M1","C4620083","14","274","C4620083 M1","posttmt",0.301067885032984,"274 posttmt","14 posttmt"
"35785","M1","C4620083","14","275","C4620083 M1","posttmt",0.301065722963381,"275 posttmt","14 posttmt"
"35786","M1","C4620083","14","276","C4620083 M1","posttmt",0.300925341358765,"276 posttmt","14 posttmt"
"35787","M1","C4620083","14","277","C4620083 M1","posttmt",0.300851737747211,"277 posttmt","14 posttmt"
"35788","M1","C4620083","14","278","C4620083 M1","posttmt",0.300779580367624,"278 posttmt","14 posttmt"
"35789","M1","C4620083","14","279","C4620083 M1","posttmt",0.300715358371912,"279 posttmt","14 posttmt"
"35790","M1","C4620083","14","280","C4620083 M1","posttmt",0.30064348577115,"280 posttmt","14 posttmt"
"35791","M1","C4620083","14","281","C4620083 M1","posttmt",0.300634489787129,"281 posttmt","14 posttmt"
"35792","M1","C4620083","14","282","C4620083 M1","posttmt",0.300599697077946,"282 posttmt","14 posttmt"
"35793","M1","C4620083","14","283","C4620083 M1","posttmt",0.300440757815086,"283 posttmt","14 posttmt"
"35794","M1","C4620083","14","284","C4620083 M1","posttmt",0.300244834587556,"284 posttmt","14 posttmt"
"35795","M1","C4620083","14","285","C4620083 M1","posttmt",0.299985340990664,"285 posttmt","14 posttmt"
"35796","M1","C4620083","14","286","C4620083 M1","posttmt",0.299590579552531,"286 posttmt","14 posttmt"
"35797","M1","C4620083","14","287","C4620083 M1","posttmt",0.299410488155275,"287 posttmt","14 posttmt"
"35798","M1","C4620083","14","288","C4620083 M1","posttmt",0.298859583472822,"288 posttmt","14 posttmt"
"35799","M1","C4620083","14","289","C4620083 M1","posttmt",0.298535370525904,"289 posttmt","14 posttmt"
"35800","M1","C4620083","14","290","C4620083 M1","posttmt",0.298301816349578,"290 posttmt","14 posttmt"
"35801","M1","C4620083","14","291","C4620083 M1","posttmt",0.298058061229842,"291 posttmt","14 posttmt"
"35802","M1","C4620083","14","292","C4620083 M1","posttmt",0.297852097365123,"292 posttmt","14 posttmt"
"35803","M1","C4620083","14","293","C4620083 M1","posttmt",0.297801171891146,"293 posttmt","14 posttmt"
"35804","M1","C4620083","14","294","C4620083 M1","posttmt",0.297608674484353,"294 posttmt","14 posttmt"
"35805","M1","C4620083","14","295","C4620083 M1","posttmt",0.297495049863224,"295 posttmt","14 posttmt"
"35806","M1","C4620083","14","296","C4620083 M1","posttmt",0.296512999461494,"296 posttmt","14 posttmt"
"35807","M1","C4620083","14","297","C4620083 M1","posttmt",0.296484785325643,"297 posttmt","14 posttmt"
"35808","M1","C4620083","14","298","C4620083 M1","posttmt",0.296398103576193,"298 posttmt","14 posttmt"
"35809","M1","C4620083","14","299","C4620083 M1","posttmt",0.296378735422135,"299 posttmt","14 posttmt"
"35810","M1","C4620083","14","300","C4620083 M1","posttmt",0.296294167490128,"300 posttmt","14 posttmt"
"35811","M1","C4620083","14","301","C4620083 M1","posttmt",0.296212283172613,"301 posttmt","14 posttmt"
"35812","M1","C4620083","14","302","C4620083 M1","posttmt",0.295778312304159,"302 posttmt","14 posttmt"
"35813","M1","C4620083","14","303","C4620083 M1","posttmt",0.295490197052765,"303 posttmt","14 posttmt"
"35814","M1","C4620083","14","304","C4620083 M1","posttmt",0.295467861212092,"304 posttmt","14 posttmt"
"35815","M1","C4620083","14","305","C4620083 M1","posttmt",0.295384285471617,"305 posttmt","14 posttmt"
"35816","M1","C4620083","14","306","C4620083 M1","posttmt",0.295174236902967,"306 posttmt","14 posttmt"
"35817","M1","C4620083","14","307","C4620083 M1","posttmt",0.295099618999,"307 posttmt","14 posttmt"
"35818","M1","C4620083","14","308","C4620083 M1","posttmt",0.294842470027569,"308 posttmt","14 posttmt"
"35819","M1","C4620083","14","309","C4620083 M1","posttmt",0.294518208385303,"309 posttmt","14 posttmt"
"35820","M1","C4620083","14","310","C4620083 M1","posttmt",0.294505401824718,"310 posttmt","14 posttmt"
"35821","M1","C4620083","14","311","C4620083 M1","posttmt",0.294492609818252,"311 posttmt","14 posttmt"
"35822","M1","C4620083","14","312","C4620083 M1","posttmt",0.294357050656044,"312 posttmt","14 posttmt"
"35823","M1","C4620083","14","313","C4620083 M1","posttmt",0.294098495063754,"313 posttmt","14 posttmt"
"35824","M1","C4620083","14","314","C4620083 M1","posttmt",0.293953644716655,"314 posttmt","14 posttmt"
"35825","M1","C4620083","14","315","C4620083 M1","posttmt",0.293643799364227,"315 posttmt","14 posttmt"
"35826","M1","C4620083","14","316","C4620083 M1","posttmt",0.293433746786232,"316 posttmt","14 posttmt"
"35827","M1","C4620083","14","317","C4620083 M1","posttmt",0.29321802964644,"317 posttmt","14 posttmt"
"35828","M1","C4620083","14","318","C4620083 M1","posttmt",0.293199534462301,"318 posttmt","14 posttmt"
"35829","M1","C4620083","14","319","C4620083 M1","posttmt",0.293171221307002,"319 posttmt","14 posttmt"
"35830","M1","C4620083","14","320","C4620083 M1","posttmt",0.293081549955273,"320 posttmt","14 posttmt"
"35831","M1","C4620083","14","321","C4620083 M1","posttmt",0.293061728535169,"321 posttmt","14 posttmt"
"35832","M1","C4620083","14","322","C4620083 M1","posttmt",0.292668661414065,"322 posttmt","14 posttmt"
"35833","M1","C4620083","14","323","C4620083 M1","posttmt",0.292472935347954,"323 posttmt","14 posttmt"
"35834","M1","C4620083","14","324","C4620083 M1","posttmt",0.292186154813992,"324 posttmt","14 posttmt"
"35835","M1","C4620083","14","325","C4620083 M1","posttmt",0.292140011190267,"325 posttmt","14 posttmt"
"35836","M1","C4620083","14","326","C4620083 M1","posttmt",0.291958673452824,"326 posttmt","14 posttmt"
"35837","M1","C4620083","14","327","C4620083 M1","posttmt",0.291839521594209,"327 posttmt","14 posttmt"
"35838","M1","C4620083","14","328","C4620083 M1","posttmt",0.29179822532739,"328 posttmt","14 posttmt"
"35839","M1","C4620083","14","329","C4620083 M1","posttmt",0.291544789104099,"329 posttmt","14 posttmt"
"35840","M1","C4620083","14","330","C4620083 M1","posttmt",0.290952008668238,"330 posttmt","14 posttmt"
"35841","M1","C4620083","14","331","C4620083 M1","posttmt",0.290928248381192,"331 posttmt","14 posttmt"
"35842","M1","C4620083","14","332","C4620083 M1","posttmt",0.290883212491515,"332 posttmt","14 posttmt"
"35843","M1","C4620083","14","333","C4620083 M1","posttmt",0.290583123423369,"333 posttmt","14 posttmt"
"35844","M1","C4620083","14","334","C4620083 M1","posttmt",0.290458907954309,"334 posttmt","14 posttmt"
"35845","M1","C4620083","14","335","C4620083 M1","posttmt",0.290291824304608,"335 posttmt","14 posttmt"
"35846","M1","C4620083","14","336","C4620083 M1","posttmt",0.289801435950655,"336 posttmt","14 posttmt"
"35847","M1","C4620083","14","337","C4620083 M1","posttmt",0.289771314782872,"337 posttmt","14 posttmt"
"35848","M1","C4620083","14","338","C4620083 M1","posttmt",0.289717953596113,"338 posttmt","14 posttmt"
"35849","M1","C4620083","14","339","C4620083 M1","posttmt",0.28957867451386,"339 posttmt","14 posttmt"
"35850","M1","C4620083","14","340","C4620083 M1","posttmt",0.289549601369831,"340 posttmt","14 posttmt"
"35851","M1","C4620083","14","341","C4620083 M1","posttmt",0.2893463452966,"341 posttmt","14 posttmt"
"35852","M1","C4620083","14","342","C4620083 M1","posttmt",0.288910014640908,"342 posttmt","14 posttmt"
"35853","M1","C4620083","14","343","C4620083 M1","posttmt",0.288904770336789,"343 posttmt","14 posttmt"
"35854","M1","C4620083","14","344","C4620083 M1","posttmt",0.288541424283269,"344 posttmt","14 posttmt"
"35855","M1","C4620083","14","345","C4620083 M1","posttmt",0.288430444193626,"345 posttmt","14 posttmt"
"35856","M1","C4620083","14","346","C4620083 M1","posttmt",0.288022526832657,"346 posttmt","14 posttmt"
"35857","M1","C4620083","14","347","C4620083 M1","posttmt",0.287652246790534,"347 posttmt","14 posttmt"
"35858","M1","C4620083","14","348","C4620083 M1","posttmt",0.287600380191986,"348 posttmt","14 posttmt"
"35859","M1","C4620083","14","349","C4620083 M1","posttmt",0.287584706061987,"349 posttmt","14 posttmt"
"35860","M1","C4620083","14","350","C4620083 M1","posttmt",0.287579274591126,"350 posttmt","14 posttmt"
"35861","M1","C4620083","14","351","C4620083 M1","posttmt",0.287536863134865,"351 posttmt","14 posttmt"
"35862","M1","C4620083","14","352","C4620083 M1","posttmt",0.287292548953813,"352 posttmt","14 posttmt"
"35863","M1","C4620083","14","353","C4620083 M1","posttmt",0.287272394358214,"353 posttmt","14 posttmt"
"35864","M1","C4620083","14","354","C4620083 M1","posttmt",0.287245817095063,"354 posttmt","14 posttmt"
"35865","M1","C4620083","14","355","C4620083 M1","posttmt",0.286974909653971,"355 posttmt","14 posttmt"
"35866","M1","C4620083","14","356","C4620083 M1","posttmt",0.286796819250575,"356 posttmt","14 posttmt"
"35867","M1","C4620083","14","357","C4620083 M1","posttmt",0.285622551989522,"357 posttmt","14 posttmt"
"35868","M1","C4620083","14","358","C4620083 M1","posttmt",0.285376474145234,"358 posttmt","14 posttmt"
"35869","M1","C4620083","14","359","C4620083 M1","posttmt",0.285289551112036,"359 posttmt","14 posttmt"
"35870","M1","C4620083","14","360","C4620083 M1","posttmt",0.285011456317747,"360 posttmt","14 posttmt"
"35871","M1","C4620083","14","361","C4620083 M1","posttmt",0.284945243835755,"361 posttmt","14 posttmt"
"35872","M1","C4620083","14","362","C4620083 M1","posttmt",0.284848371999647,"362 posttmt","14 posttmt"
"35873","M1","C4620083","14","363","C4620083 M1","posttmt",0.28471017657143,"363 posttmt","14 posttmt"
"35874","M1","C4620083","14","364","C4620083 M1","posttmt",0.284426674733939,"364 posttmt","14 posttmt"
"35875","M1","C4620083","14","365","C4620083 M1","posttmt",0.28407427540065,"365 posttmt","14 posttmt"
"35876","M1","C4620083","14","366","C4620083 M1","posttmt",0.283729260719844,"366 posttmt","14 posttmt"
"35877","M1","C4620083","14","367","C4620083 M1","posttmt",0.283598947450537,"367 posttmt","14 posttmt"
"35878","M1","C4620083","14","368","C4620083 M1","posttmt",0.283237676245017,"368 posttmt","14 posttmt"
"35879","M1","C4620083","14","369","C4620083 M1","posttmt",0.282702079435271,"369 posttmt","14 posttmt"
"35880","M1","C4620083","14","370","C4620083 M1","posttmt",0.28268687543469,"370 posttmt","14 posttmt"
"35881","M1","C4620083","14","371","C4620083 M1","posttmt",0.282278432858235,"371 posttmt","14 posttmt"
"35882","M1","C4620083","14","372","C4620083 M1","posttmt",0.282272702159065,"372 posttmt","14 posttmt"
"35883","M1","C4620083","14","373","C4620083 M1","posttmt",0.282153327301111,"373 posttmt","14 posttmt"
"35884","M1","C4620083","14","374","C4620083 M1","posttmt",0.282098457115696,"374 posttmt","14 posttmt"
"35885","M1","C4620083","14","375","C4620083 M1","posttmt",0.281452795199651,"375 posttmt","14 posttmt"
"35886","M1","C4620083","14","376","C4620083 M1","posttmt",0.281155598002104,"376 posttmt","14 posttmt"
"35887","M1","C4620083","14","377","C4620083 M1","posttmt",0.280888013723206,"377 posttmt","14 posttmt"
"35888","M1","C4620083","14","378","C4620083 M1","posttmt",0.280365121097704,"378 posttmt","14 posttmt"
"35889","M1","C4620083","14","379","C4620083 M1","posttmt",0.280262278426297,"379 posttmt","14 posttmt"
"35890","M1","C4620083","14","380","C4620083 M1","posttmt",0.280203100567921,"380 posttmt","14 posttmt"
"35891","M1","C4620083","14","381","C4620083 M1","posttmt",0.280187527958235,"381 posttmt","14 posttmt"
"35892","M1","C4620083","14","382","C4620083 M1","posttmt",0.280024643981864,"382 posttmt","14 posttmt"
"35893","M1","C4620083","14","383","C4620083 M1","posttmt",0.28001175070924,"383 posttmt","14 posttmt"
"35894","M1","C4620083","14","384","C4620083 M1","posttmt",0.280011199002591,"384 posttmt","14 posttmt"
"35895","M1","C4620083","14","385","C4620083 M1","posttmt",0.279912701836836,"385 posttmt","14 posttmt"
"35896","M1","C4620083","14","386","C4620083 M1","posttmt",0.279815800724167,"386 posttmt","14 posttmt"
"35897","M1","C4620083","14","387","C4620083 M1","posttmt",0.279806091539051,"387 posttmt","14 posttmt"
"35898","M1","C4620083","14","388","C4620083 M1","posttmt",0.279745210830607,"388 posttmt","14 posttmt"
"35899","M1","C4620083","14","389","C4620083 M1","posttmt",0.279715714994402,"389 posttmt","14 posttmt"
"35900","M1","C4620083","14","390","C4620083 M1","posttmt",0.279659821170004,"390 posttmt","14 posttmt"
"35901","M1","C4620083","14","391","C4620083 M1","posttmt",0.279374655864482,"391 posttmt","14 posttmt"
"35902","M1","C4620083","14","392","C4620083 M1","posttmt",0.278851849191622,"392 posttmt","14 posttmt"
"35903","M1","C4620083","14","393","C4620083 M1","posttmt",0.278561410077537,"393 posttmt","14 posttmt"
"35904","M1","C4620083","14","394","C4620083 M1","posttmt",0.278205222158703,"394 posttmt","14 posttmt"
"35905","M1","C4620083","14","395","C4620083 M1","posttmt",0.278190408984002,"395 posttmt","14 posttmt"
"35906","M1","C4620083","14","396","C4620083 M1","posttmt",0.278088622496814,"396 posttmt","14 posttmt"
"35907","M1","C4620083","14","397","C4620083 M1","posttmt",0.277895868013019,"397 posttmt","14 posttmt"
"35908","M1","C4620083","14","398","C4620083 M1","posttmt",0.277537054604679,"398 posttmt","14 posttmt"
"35909","M1","C4620083","14","399","C4620083 M1","posttmt",0.277507665435756,"399 posttmt","14 posttmt"
"35910","M1","C4620083","14","400","C4620083 M1","posttmt",0.276975470321085,"400 posttmt","14 posttmt"
"35911","M1","C4620083","14","401","C4620083 M1","posttmt",0.276693759268612,"401 posttmt","14 posttmt"
"35912","M1","C4620083","14","402","C4620083 M1","posttmt",0.276507930828084,"402 posttmt","14 posttmt"
"35913","M1","C4620083","14","403","C4620083 M1","posttmt",0.276472558636897,"403 posttmt","14 posttmt"
"35914","M1","C4620083","14","404","C4620083 M1","posttmt",0.276464112261539,"404 posttmt","14 posttmt"
"35915","M1","C4620083","14","405","C4620083 M1","posttmt",0.276396199374851,"405 posttmt","14 posttmt"
"35916","M1","C4620083","14","406","C4620083 M1","posttmt",0.276126981198579,"406 posttmt","14 posttmt"
"35917","M1","C4620083","14","407","C4620083 M1","posttmt",0.275959174951758,"407 posttmt","14 posttmt"
"35918","M1","C4620083","14","408","C4620083 M1","posttmt",0.275956473679371,"408 posttmt","14 posttmt"
"35919","M1","C4620083","14","409","C4620083 M1","posttmt",0.275628820701736,"409 posttmt","14 posttmt"
"35920","M1","C4620083","14","410","C4620083 M1","posttmt",0.275613672203174,"410 posttmt","14 posttmt"
"35921","M1","C4620083","14","411","C4620083 M1","posttmt",0.275149863797639,"411 posttmt","14 posttmt"
"35922","M1","C4620083","14","412","C4620083 M1","posttmt",0.275133341457914,"412 posttmt","14 posttmt"
"35923","M1","C4620083","14","413","C4620083 M1","posttmt",0.275108666447998,"413 posttmt","14 posttmt"
"35924","M1","C4620083","14","414","C4620083 M1","posttmt",0.275072946825708,"414 posttmt","14 posttmt"
"35925","M1","C4620083","14","415","C4620083 M1","posttmt",0.274979191202475,"415 posttmt","14 posttmt"
"35926","M1","C4620083","14","416","C4620083 M1","posttmt",0.274876662910582,"416 posttmt","14 posttmt"
"35927","M1","C4620083","14","417","C4620083 M1","posttmt",0.274370484875147,"417 posttmt","14 posttmt"
"35928","M1","C4620083","14","418","C4620083 M1","posttmt",0.274285693579533,"418 posttmt","14 posttmt"
"35929","M1","C4620083","14","419","C4620083 M1","posttmt",0.274245806081043,"419 posttmt","14 posttmt"
"35930","M1","C4620083","14","420","C4620083 M1","posttmt",0.273955097032793,"420 posttmt","14 posttmt"
"35931","M1","C4620083","14","421","C4620083 M1","posttmt",0.273687890673735,"421 posttmt","14 posttmt"
"35932","M1","C4620083","14","422","C4620083 M1","posttmt",0.273616078467109,"422 posttmt","14 posttmt"
"35933","M1","C4620083","14","423","C4620083 M1","posttmt",0.273256752817103,"423 posttmt","14 posttmt"
"35934","M1","C4620083","14","424","C4620083 M1","posttmt",0.273021061627165,"424 posttmt","14 posttmt"
"35935","M1","C4620083","14","425","C4620083 M1","posttmt",0.272969871548593,"425 posttmt","14 posttmt"
"35936","M1","C4620083","14","426","C4620083 M1","posttmt",0.272753681972225,"426 posttmt","14 posttmt"
"35937","M1","C4620083","14","427","C4620083 M1","posttmt",0.272678277107594,"427 posttmt","14 posttmt"
"35938","M1","C4620083","14","428","C4620083 M1","posttmt",0.272211620306852,"428 posttmt","14 posttmt"
"35939","M1","C4620083","14","429","C4620083 M1","posttmt",0.271811047728114,"429 posttmt","14 posttmt"
"35940","M1","C4620083","14","430","C4620083 M1","posttmt",0.271708989841962,"430 posttmt","14 posttmt"
"35941","M1","C4620083","14","431","C4620083 M1","posttmt",0.271637487926974,"431 posttmt","14 posttmt"
"35942","M1","C4620083","14","432","C4620083 M1","posttmt",0.271422741319598,"432 posttmt","14 posttmt"
"35943","M1","C4620083","14","433","C4620083 M1","posttmt",0.27129322829864,"433 posttmt","14 posttmt"
"35944","M1","C4620083","14","434","C4620083 M1","posttmt",0.271284041886641,"434 posttmt","14 posttmt"
"35945","M1","C4620083","14","435","C4620083 M1","posttmt",0.271018936059138,"435 posttmt","14 posttmt"
"35946","M1","C4620083","14","436","C4620083 M1","posttmt",0.270559069595689,"436 posttmt","14 posttmt"
"35947","M1","C4620083","14","437","C4620083 M1","posttmt",0.270547432509276,"437 posttmt","14 posttmt"
"35948","M1","C4620083","14","438","C4620083 M1","posttmt",0.270348345012757,"438 posttmt","14 posttmt"
"35949","M1","C4620083","14","439","C4620083 M1","posttmt",0.269996319108053,"439 posttmt","14 posttmt"
"35950","M1","C4620083","14","440","C4620083 M1","posttmt",0.269994206420546,"440 posttmt","14 posttmt"
"35951","M1","C4620083","14","441","C4620083 M1","posttmt",0.269763413058941,"441 posttmt","14 posttmt"
"35952","M1","C4620083","14","442","C4620083 M1","posttmt",0.269552574629015,"442 posttmt","14 posttmt"
"35953","M1","C4620083","14","443","C4620083 M1","posttmt",0.269406797272961,"443 posttmt","14 posttmt"
"35954","M1","C4620083","14","444","C4620083 M1","posttmt",0.269179205762354,"444 posttmt","14 posttmt"
"35955","M1","C4620083","14","445","C4620083 M1","posttmt",0.26907639821567,"445 posttmt","14 posttmt"
"35956","M1","C4620083","14","446","C4620083 M1","posttmt",0.268907112520085,"446 posttmt","14 posttmt"
"35957","M1","C4620083","14","447","C4620083 M1","posttmt",0.268670507083809,"447 posttmt","14 posttmt"
"35958","M1","C4620083","14","448","C4620083 M1","posttmt",0.268564035871723,"448 posttmt","14 posttmt"
"35959","M1","C4620083","14","449","C4620083 M1","posttmt",0.268481741570933,"449 posttmt","14 posttmt"
"35960","M1","C4620083","14","450","C4620083 M1","posttmt",0.268305362776576,"450 posttmt","14 posttmt"
"35961","M1","C4620083","14","451","C4620083 M1","posttmt",0.268032617308844,"451 posttmt","14 posttmt"
"35962","M1","C4620083","14","452","C4620083 M1","posttmt",0.26790939643564,"452 posttmt","14 posttmt"
"35963","M1","C4620083","14","453","C4620083 M1","posttmt",0.267741455942638,"453 posttmt","14 posttmt"
"35964","M1","C4620083","14","454","C4620083 M1","posttmt",0.267636250413352,"454 posttmt","14 posttmt"
"35965","M1","C4620083","14","455","C4620083 M1","posttmt",0.267158589341959,"455 posttmt","14 posttmt"
"35966","M1","C4620083","14","456","C4620083 M1","posttmt",0.267142854470569,"456 posttmt","14 posttmt"
"35967","M1","C4620083","14","457","C4620083 M1","posttmt",0.267008205480572,"457 posttmt","14 posttmt"
"35968","M1","C4620083","14","458","C4620083 M1","posttmt",0.266793766375104,"458 posttmt","14 posttmt"
"35969","M1","C4620083","14","459","C4620083 M1","posttmt",0.266278189983665,"459 posttmt","14 posttmt"
"35970","M1","C4620083","14","460","C4620083 M1","posttmt",0.266143925817922,"460 posttmt","14 posttmt"
"35971","M1","C4620083","14","461","C4620083 M1","posttmt",0.265899261799319,"461 posttmt","14 posttmt"
"35972","M1","C4620083","14","462","C4620083 M1","posttmt",0.26554545153693,"462 posttmt","14 posttmt"
"35973","M1","C4620083","14","463","C4620083 M1","posttmt",0.265191888217706,"463 posttmt","14 posttmt"
"35974","M1","C4620083","14","464","C4620083 M1","posttmt",0.265177096050433,"464 posttmt","14 posttmt"
"35975","M1","C4620083","14","465","C4620083 M1","posttmt",0.265040367007599,"465 posttmt","14 posttmt"
"35976","M1","C4620083","14","466","C4620083 M1","posttmt",0.264345121132037,"466 posttmt","14 posttmt"
"35977","M1","C4620083","14","467","C4620083 M1","posttmt",0.264191934831508,"467 posttmt","14 posttmt"
"35978","M1","C4620083","14","468","C4620083 M1","posttmt",0.26405009381878,"468 posttmt","14 posttmt"
"35979","M1","C4620083","14","469","C4620083 M1","posttmt",0.264020621652573,"469 posttmt","14 posttmt"
"35980","M1","C4620083","14","470","C4620083 M1","posttmt",0.263631778707196,"470 posttmt","14 posttmt"
"35981","M1","C4620083","14","471","C4620083 M1","posttmt",0.263454177472,"471 posttmt","14 posttmt"
"35982","M1","C4620083","14","472","C4620083 M1","posttmt",0.263311898669964,"472 posttmt","14 posttmt"
"35983","M1","C4620083","14","473","C4620083 M1","posttmt",0.26324533336459,"473 posttmt","14 posttmt"
"35984","M1","C4620083","14","474","C4620083 M1","posttmt",0.263126034789516,"474 posttmt","14 posttmt"
"35985","M1","C4620083","14","475","C4620083 M1","posttmt",0.262884342532965,"475 posttmt","14 posttmt"
"35986","M1","C4620083","14","476","C4620083 M1","posttmt",0.262884177606702,"476 posttmt","14 posttmt"
"35987","M1","C4620083","14","477","C4620083 M1","posttmt",0.262707336794997,"477 posttmt","14 posttmt"
"35988","M1","C4620083","14","478","C4620083 M1","posttmt",0.262540163501375,"478 posttmt","14 posttmt"
"35989","M1","C4620083","14","479","C4620083 M1","posttmt",0.262235610817234,"479 posttmt","14 posttmt"
"35990","M1","C4620083","14","480","C4620083 M1","posttmt",0.262206511930222,"480 posttmt","14 posttmt"
"35991","M1","C4620083","14","481","C4620083 M1","posttmt",0.26205705818107,"481 posttmt","14 posttmt"
"35992","M1","C4620083","14","482","C4620083 M1","posttmt",0.261982180804189,"482 posttmt","14 posttmt"
"35993","M1","C4620083","14","483","C4620083 M1","posttmt",0.261848003835409,"483 posttmt","14 posttmt"
"35994","M1","C4620083","14","484","C4620083 M1","posttmt",0.261715003970683,"484 posttmt","14 posttmt"
"35995","M1","C4620083","14","485","C4620083 M1","posttmt",0.261069420895528,"485 posttmt","14 posttmt"
"35996","M1","C4620083","14","486","C4620083 M1","posttmt",0.260806965114943,"486 posttmt","14 posttmt"
"35997","M1","C4620083","14","487","C4620083 M1","posttmt",0.260756821444306,"487 posttmt","14 posttmt"
"35998","M1","C4620083","14","488","C4620083 M1","posttmt",0.260714767859711,"488 posttmt","14 posttmt"
"35999","M1","C4620083","14","489","C4620083 M1","posttmt",0.260688385262841,"489 posttmt","14 posttmt"
"36000","M1","C4620083","14","490","C4620083 M1","posttmt",0.260584237111031,"490 posttmt","14 posttmt"
"36001","M1","C4620083","14","491","C4620083 M1","posttmt",0.260495851893121,"491 posttmt","14 posttmt"
"36002","M1","C4620083","14","492","C4620083 M1","posttmt",0.260148660148512,"492 posttmt","14 posttmt"
"36003","M1","C4620083","14","493","C4620083 M1","posttmt",0.260083332884566,"493 posttmt","14 posttmt"
"36004","M1","C4620083","14","494","C4620083 M1","posttmt",0.259765453735485,"494 posttmt","14 posttmt"
"36005","M1","C4620083","14","495","C4620083 M1","posttmt",0.259615712085048,"495 posttmt","14 posttmt"
"36006","M1","C4620083","14","496","C4620083 M1","posttmt",0.259545614353715,"496 posttmt","14 posttmt"
"36007","M1","C4620083","14","497","C4620083 M1","posttmt",0.25896673249894,"497 posttmt","14 posttmt"
"36008","M1","C4620083","14","498","C4620083 M1","posttmt",0.258791168833493,"498 posttmt","14 posttmt"
"36009","M1","C4620083","14","499","C4620083 M1","posttmt",0.258687551778127,"499 posttmt","14 posttmt"
"36010","M1","C4620083","14","500","C4620083 M1","posttmt",0.258262786661211,"500 posttmt","14 posttmt"
"36011","M1","C4620083","14","501","C4620083 M1","posttmt",0.258194420889861,"501 posttmt","14 posttmt"
"36012","M1","C4620083","14","502","C4620083 M1","posttmt",0.25795772836735,"502 posttmt","14 posttmt"
"36013","M1","C4620083","14","503","C4620083 M1","posttmt",0.25784991170916,"503 posttmt","14 posttmt"
"36014","M1","C4620083","14","504","C4620083 M1","posttmt",0.257549173706361,"504 posttmt","14 posttmt"
"36015","M1","C4620083","14","505","C4620083 M1","posttmt",0.256940987587498,"505 posttmt","14 posttmt"
"36016","M1","C4620083","14","506","C4620083 M1","posttmt",0.256859324042126,"506 posttmt","14 posttmt"
"36017","M1","C4620083","14","507","C4620083 M1","posttmt",0.256623581560693,"507 posttmt","14 posttmt"
"36018","M1","C4620083","14","508","C4620083 M1","posttmt",0.254829721061103,"508 posttmt","14 posttmt"
"36019","M1","C4620083","14","509","C4620083 M1","posttmt",0.254720054819392,"509 posttmt","14 posttmt"
"36020","M1","C4620083","14","510","C4620083 M1","posttmt",0.254641309018843,"510 posttmt","14 posttmt"
"36021","M1","C4620083","14","511","C4620083 M1","posttmt",0.254193035575021,"511 posttmt","14 posttmt"
"36022","M1","C4620083","14","512","C4620083 M1","posttmt",0.254164342915267,"512 posttmt","14 posttmt"
"36023","M1","C4620083","14","513","C4620083 M1","posttmt",0.253929454735444,"513 posttmt","14 posttmt"
"36024","M1","C4620083","14","514","C4620083 M1","posttmt",0.253894372829723,"514 posttmt","14 posttmt"
"36025","M1","C4620083","14","515","C4620083 M1","posttmt",0.253446680326451,"515 posttmt","14 posttmt"
"36026","M1","C4620083","14","516","C4620083 M1","posttmt",0.253227115834423,"516 posttmt","14 posttmt"
"36027","M1","C4620083","14","517","C4620083 M1","posttmt",0.253160142526234,"517 posttmt","14 posttmt"
"36028","M1","C4620083","14","518","C4620083 M1","posttmt",0.253120957161506,"518 posttmt","14 posttmt"
"36029","M1","C4620083","14","519","C4620083 M1","posttmt",0.252880471663676,"519 posttmt","14 posttmt"
"36030","M1","C4620083","14","520","C4620083 M1","posttmt",0.252740071406363,"520 posttmt","14 posttmt"
"36031","M1","C4620083","14","521","C4620083 M1","posttmt",0.252669939484038,"521 posttmt","14 posttmt"
"36032","M1","C4620083","14","522","C4620083 M1","posttmt",0.252551095388146,"522 posttmt","14 posttmt"
"36033","M1","C4620083","14","523","C4620083 M1","posttmt",0.25234666750147,"523 posttmt","14 posttmt"
"36034","M1","C4620083","14","524","C4620083 M1","posttmt",0.251806293096401,"524 posttmt","14 posttmt"
"36035","M1","C4620083","14","525","C4620083 M1","posttmt",0.251781629076418,"525 posttmt","14 posttmt"
"36036","M1","C4620083","14","526","C4620083 M1","posttmt",0.251710676726177,"526 posttmt","14 posttmt"
"36037","M1","C4620083","14","527","C4620083 M1","posttmt",0.251529489685694,"527 posttmt","14 posttmt"
"36038","M1","C4620083","14","528","C4620083 M1","posttmt",0.251242251544528,"528 posttmt","14 posttmt"
"36039","M1","C4620083","14","529","C4620083 M1","posttmt",0.251227789715211,"529 posttmt","14 posttmt"
"36040","M1","C4620083","14","530","C4620083 M1","posttmt",0.250925447469163,"530 posttmt","14 posttmt"
"36041","M1","C4620083","14","531","C4620083 M1","posttmt",0.250672002423949,"531 posttmt","14 posttmt"
"36042","M1","C4620083","14","532","C4620083 M1","posttmt",0.25058742830312,"532 posttmt","14 posttmt"
"36043","M1","C4620083","14","533","C4620083 M1","posttmt",0.250554136056129,"533 posttmt","14 posttmt"
"36044","M1","C4620083","14","534","C4620083 M1","posttmt",0.250492705701598,"534 posttmt","14 posttmt"
"36045","M1","C4620083","14","535","C4620083 M1","posttmt",0.250304869939051,"535 posttmt","14 posttmt"
"36046","M1","C4620083","14","536","C4620083 M1","posttmt",0.250256194295498,"536 posttmt","14 posttmt"
"36047","M1","C4620083","14","537","C4620083 M1","posttmt",0.249992337615245,"537 posttmt","14 posttmt"
"36048","M1","C4620083","14","538","C4620083 M1","posttmt",0.249971884195581,"538 posttmt","14 posttmt"
"36049","M1","C4620083","14","539","C4620083 M1","posttmt",0.249836015915565,"539 posttmt","14 posttmt"
"36050","M1","C4620083","14","540","C4620083 M1","posttmt",0.249691666862751,"540 posttmt","14 posttmt"
"36051","M1","C4620083","14","541","C4620083 M1","posttmt",0.249690378953501,"541 posttmt","14 posttmt"
"36052","M1","C4620083","14","542","C4620083 M1","posttmt",0.249445376814532,"542 posttmt","14 posttmt"
"36053","M1","C4620083","14","543","C4620083 M1","posttmt",0.248655363934494,"543 posttmt","14 posttmt"
"36054","M1","C4620083","14","544","C4620083 M1","posttmt",0.248620081549223,"544 posttmt","14 posttmt"
"36055","M1","C4620083","14","545","C4620083 M1","posttmt",0.248603320494426,"545 posttmt","14 posttmt"
"36056","M1","C4620083","14","546","C4620083 M1","posttmt",0.248288170006831,"546 posttmt","14 posttmt"
"36057","M1","C4620083","14","547","C4620083 M1","posttmt",0.246822427799846,"547 posttmt","14 posttmt"
"36058","M1","C4620083","14","548","C4620083 M1","posttmt",0.246704324304378,"548 posttmt","14 posttmt"
"36059","M1","C4620083","14","549","C4620083 M1","posttmt",0.246643344276514,"549 posttmt","14 posttmt"
"36060","M1","C4620083","14","550","C4620083 M1","posttmt",0.246526583903565,"550 posttmt","14 posttmt"
"36061","M1","C4620083","14","551","C4620083 M1","posttmt",0.24647628939528,"551 posttmt","14 posttmt"
"36062","M1","C4620083","14","552","C4620083 M1","posttmt",0.246370717860265,"552 posttmt","14 posttmt"
"36063","M1","C4620083","14","553","C4620083 M1","posttmt",0.246121679872932,"553 posttmt","14 posttmt"
"36064","M1","C4620083","14","554","C4620083 M1","posttmt",0.246038521230702,"554 posttmt","14 posttmt"
"36065","M1","C4620083","14","555","C4620083 M1","posttmt",0.245942851433411,"555 posttmt","14 posttmt"
"36066","M1","C4620083","14","556","C4620083 M1","posttmt",0.245876849367842,"556 posttmt","14 posttmt"
"36067","M1","C4620083","14","557","C4620083 M1","posttmt",0.245504380507119,"557 posttmt","14 posttmt"
"36068","M1","C4620083","14","558","C4620083 M1","posttmt",0.245300011619077,"558 posttmt","14 posttmt"
"36069","M1","C4620083","14","559","C4620083 M1","posttmt",0.244944390702804,"559 posttmt","14 posttmt"
"36070","M1","C4620083","14","560","C4620083 M1","posttmt",0.244249235976058,"560 posttmt","14 posttmt"
"36071","M1","C4620083","14","561","C4620083 M1","posttmt",0.244161032540272,"561 posttmt","14 posttmt"
"36072","M1","C4620083","14","562","C4620083 M1","posttmt",0.243836101773539,"562 posttmt","14 posttmt"
"36073","M1","C4620083","14","563","C4620083 M1","posttmt",0.24336262749923,"563 posttmt","14 posttmt"
"36074","M1","C4620083","14","564","C4620083 M1","posttmt",0.24323314535285,"564 posttmt","14 posttmt"
"36075","M1","C4620083","14","565","C4620083 M1","posttmt",0.243110478670891,"565 posttmt","14 posttmt"
"36076","M1","C4620083","14","566","C4620083 M1","posttmt",0.242652911838291,"566 posttmt","14 posttmt"
"36077","M1","C4620083","14","567","C4620083 M1","posttmt",0.242505150583473,"567 posttmt","14 posttmt"
"36078","M1","C4620083","14","568","C4620083 M1","posttmt",0.242370777233278,"568 posttmt","14 posttmt"
"36079","M1","C4620083","14","569","C4620083 M1","posttmt",0.241903164460579,"569 posttmt","14 posttmt"
"36080","M1","C4620083","14","570","C4620083 M1","posttmt",0.241754521481018,"570 posttmt","14 posttmt"
"36081","M1","C4620083","14","571","C4620083 M1","posttmt",0.241289678580547,"571 posttmt","14 posttmt"
"36082","M1","C4620083","14","572","C4620083 M1","posttmt",0.241284390194967,"572 posttmt","14 posttmt"
"36083","M1","C4620083","14","573","C4620083 M1","posttmt",0.241185609920921,"573 posttmt","14 posttmt"
"36084","M1","C4620083","14","574","C4620083 M1","posttmt",0.241149799558116,"574 posttmt","14 posttmt"
"36085","M1","C4620083","14","575","C4620083 M1","posttmt",0.241079985292169,"575 posttmt","14 posttmt"
"36086","M1","C4620083","14","576","C4620083 M1","posttmt",0.240155037039477,"576 posttmt","14 posttmt"
"36087","M1","C4620083","14","577","C4620083 M1","posttmt",0.240102161111622,"577 posttmt","14 posttmt"
"36088","M1","C4620083","14","578","C4620083 M1","posttmt",0.239955118225975,"578 posttmt","14 posttmt"
"36089","M1","C4620083","14","579","C4620083 M1","posttmt",0.239840330965065,"579 posttmt","14 posttmt"
"36090","M1","C4620083","14","580","C4620083 M1","posttmt",0.239796408953028,"580 posttmt","14 posttmt"
"36091","M1","C4620083","14","581","C4620083 M1","posttmt",0.239553825221335,"581 posttmt","14 posttmt"
"36092","M1","C4620083","14","582","C4620083 M1","posttmt",0.239494687477001,"582 posttmt","14 posttmt"
"36093","M1","C4620083","14","583","C4620083 M1","posttmt",0.239413548708356,"583 posttmt","14 posttmt"
"36094","M1","C4620083","14","584","C4620083 M1","posttmt",0.239272026421158,"584 posttmt","14 posttmt"
"36095","M1","C4620083","14","585","C4620083 M1","posttmt",0.239249818609832,"585 posttmt","14 posttmt"
"36096","M1","C4620083","14","586","C4620083 M1","posttmt",0.238866159578112,"586 posttmt","14 posttmt"
"36097","M1","C4620083","14","587","C4620083 M1","posttmt",0.238624989955914,"587 posttmt","14 posttmt"
"36098","M1","C4620083","14","588","C4620083 M1","posttmt",0.238172345606477,"588 posttmt","14 posttmt"
"36099","M1","C4620083","14","589","C4620083 M1","posttmt",0.237069871059293,"589 posttmt","14 posttmt"
"36100","M1","C4620083","14","590","C4620083 M1","posttmt",0.237054049331306,"590 posttmt","14 posttmt"
"36101","M1","C4620083","14","591","C4620083 M1","posttmt",0.236578670245657,"591 posttmt","14 posttmt"
"36102","M1","C4620083","14","592","C4620083 M1","posttmt",0.236428018802279,"592 posttmt","14 posttmt"
"36103","M1","C4620083","14","593","C4620083 M1","posttmt",0.236336051910736,"593 posttmt","14 posttmt"
"36104","M1","C4620083","14","594","C4620083 M1","posttmt",0.236319686112635,"594 posttmt","14 posttmt"
"36105","M1","C4620083","14","595","C4620083 M1","posttmt",0.235923030713446,"595 posttmt","14 posttmt"
"36106","M1","C4620083","14","596","C4620083 M1","posttmt",0.235472418096923,"596 posttmt","14 posttmt"
"36107","M1","C4620083","14","597","C4620083 M1","posttmt",0.235447640616247,"597 posttmt","14 posttmt"
"36108","M1","C4620083","14","598","C4620083 M1","posttmt",0.23528135286442,"598 posttmt","14 posttmt"
"36109","M1","C4620083","14","599","C4620083 M1","posttmt",0.234962806898448,"599 posttmt","14 posttmt"
"36110","M1","C4620083","14","600","C4620083 M1","posttmt",0.234707592664678,"600 posttmt","14 posttmt"
"36111","M1","C4620083","14","601","C4620083 M1","posttmt",0.234648093504662,"601 posttmt","14 posttmt"
"36112","M1","C4620083","14","602","C4620083 M1","posttmt",0.233727572729589,"602 posttmt","14 posttmt"
"36113","M1","C4620083","14","603","C4620083 M1","posttmt",0.233689607860607,"603 posttmt","14 posttmt"
"36114","M1","C4620083","14","604","C4620083 M1","posttmt",0.233526879327058,"604 posttmt","14 posttmt"
"36115","M1","C4620083","14","605","C4620083 M1","posttmt",0.233448898854666,"605 posttmt","14 posttmt"
"36116","M1","C4620083","14","606","C4620083 M1","posttmt",0.233247033226213,"606 posttmt","14 posttmt"
"36117","M1","C4620083","14","607","C4620083 M1","posttmt",0.232907959880899,"607 posttmt","14 posttmt"
"36118","M1","C4620083","14","608","C4620083 M1","posttmt",0.232331824478327,"608 posttmt","14 posttmt"
"36119","M1","C4620083","14","609","C4620083 M1","posttmt",0.231998354677925,"609 posttmt","14 posttmt"
"36120","M1","C4620083","14","610","C4620083 M1","posttmt",0.231515778798107,"610 posttmt","14 posttmt"
"36121","M1","C4620083","14","611","C4620083 M1","posttmt",0.231427082751287,"611 posttmt","14 posttmt"
"36122","M1","C4620083","14","612","C4620083 M1","posttmt",0.231421584784641,"612 posttmt","14 posttmt"
"36123","M1","C4620083","14","613","C4620083 M1","posttmt",0.230842756275441,"613 posttmt","14 posttmt"
"36124","M1","C4620083","14","614","C4620083 M1","posttmt",0.230472216307315,"614 posttmt","14 posttmt"
"36125","M1","C4620083","14","615","C4620083 M1","posttmt",0.230348235474843,"615 posttmt","14 posttmt"
"36126","M1","C4620083","14","616","C4620083 M1","posttmt",0.229092189699445,"616 posttmt","14 posttmt"
"36127","M1","C4620083","14","617","C4620083 M1","posttmt",0.228816294521567,"617 posttmt","14 posttmt"
"36128","M1","C4620083","14","618","C4620083 M1","posttmt",0.228724232160226,"618 posttmt","14 posttmt"
"36129","M1","C4620083","14","619","C4620083 M1","posttmt",0.22860689420231,"619 posttmt","14 posttmt"
"36130","M1","C4620083","14","620","C4620083 M1","posttmt",0.228218960186846,"620 posttmt","14 posttmt"
"36131","M1","C4620083","14","621","C4620083 M1","posttmt",0.228211420272251,"621 posttmt","14 posttmt"
"36132","M1","C4620083","14","622","C4620083 M1","posttmt",0.228173481106198,"622 posttmt","14 posttmt"
"36133","M1","C4620083","14","623","C4620083 M1","posttmt",0.228171077245419,"623 posttmt","14 posttmt"
"36134","M1","C4620083","14","624","C4620083 M1","posttmt",0.228130131379301,"624 posttmt","14 posttmt"
"36135","M1","C4620083","14","625","C4620083 M1","posttmt",0.228084071432516,"625 posttmt","14 posttmt"
"36136","M1","C4620083","14","626","C4620083 M1","posttmt",0.227535787624856,"626 posttmt","14 posttmt"
"36137","M1","C4620083","14","627","C4620083 M1","posttmt",0.227127721577113,"627 posttmt","14 posttmt"
"36138","M1","C4620083","14","628","C4620083 M1","posttmt",0.226896836969126,"628 posttmt","14 posttmt"
"36139","M1","C4620083","14","629","C4620083 M1","posttmt",0.226789680360075,"629 posttmt","14 posttmt"
"36140","M1","C4620083","14","630","C4620083 M1","posttmt",0.226598283511009,"630 posttmt","14 posttmt"
"36141","M1","C4620083","14","631","C4620083 M1","posttmt",0.226226920307069,"631 posttmt","14 posttmt"
"36142","M1","C4620083","14","632","C4620083 M1","posttmt",0.226135151161389,"632 posttmt","14 posttmt"
"36143","M1","C4620083","14","633","C4620083 M1","posttmt",0.225666313504524,"633 posttmt","14 posttmt"
"36144","M1","C4620083","14","634","C4620083 M1","posttmt",0.225530813095295,"634 posttmt","14 posttmt"
"36145","M1","C4620083","14","635","C4620083 M1","posttmt",0.225193764486125,"635 posttmt","14 posttmt"
"36146","M1","C4620083","14","636","C4620083 M1","posttmt",0.224840472008799,"636 posttmt","14 posttmt"
"36147","M1","C4620083","14","637","C4620083 M1","posttmt",0.224823116789706,"637 posttmt","14 posttmt"
"36148","M1","C4620083","14","638","C4620083 M1","posttmt",0.224747244085964,"638 posttmt","14 posttmt"
"36149","M1","C4620083","14","639","C4620083 M1","posttmt",0.224700757539678,"639 posttmt","14 posttmt"
"36150","M1","C4620083","14","640","C4620083 M1","posttmt",0.224602938615017,"640 posttmt","14 posttmt"
"36151","M1","C4620083","14","641","C4620083 M1","posttmt",0.224419143354938,"641 posttmt","14 posttmt"
"36152","M1","C4620083","14","642","C4620083 M1","posttmt",0.224366107606672,"642 posttmt","14 posttmt"
"36153","M1","C4620083","14","643","C4620083 M1","posttmt",0.224238033192901,"643 posttmt","14 posttmt"
"36154","M1","C4620083","14","644","C4620083 M1","posttmt",0.22402034655367,"644 posttmt","14 posttmt"
"36155","M1","C4620083","14","645","C4620083 M1","posttmt",0.223669362306401,"645 posttmt","14 posttmt"
"36156","M1","C4620083","14","646","C4620083 M1","posttmt",0.223565585962312,"646 posttmt","14 posttmt"
"36157","M1","C4620083","14","647","C4620083 M1","posttmt",0.223489548094809,"647 posttmt","14 posttmt"
"36158","M1","C4620083","14","648","C4620083 M1","posttmt",0.223363783975273,"648 posttmt","14 posttmt"
"36159","M1","C4620083","14","649","C4620083 M1","posttmt",0.223302656039589,"649 posttmt","14 posttmt"
"36160","M1","C4620083","14","650","C4620083 M1","posttmt",0.223283737551311,"650 posttmt","14 posttmt"
"36161","M1","C4620083","14","651","C4620083 M1","posttmt",0.223265041095149,"651 posttmt","14 posttmt"
"36162","M1","C4620083","14","652","C4620083 M1","posttmt",0.223171075699408,"652 posttmt","14 posttmt"
"36163","M1","C4620083","14","653","C4620083 M1","posttmt",0.223087544477292,"653 posttmt","14 posttmt"
"36164","M1","C4620083","14","654","C4620083 M1","posttmt",0.222922580627108,"654 posttmt","14 posttmt"
"36165","M1","C4620083","14","655","C4620083 M1","posttmt",0.222495328195504,"655 posttmt","14 posttmt"
"36166","M1","C4620083","14","656","C4620083 M1","posttmt",0.222409661927144,"656 posttmt","14 posttmt"
"36167","M1","C4620083","14","657","C4620083 M1","posttmt",0.222291800149078,"657 posttmt","14 posttmt"
"36168","M1","C4620083","14","658","C4620083 M1","posttmt",0.221780945267301,"658 posttmt","14 posttmt"
"36169","M1","C4620083","14","659","C4620083 M1","posttmt",0.221554500767472,"659 posttmt","14 posttmt"
"36170","M1","C4620083","14","660","C4620083 M1","posttmt",0.221490685642024,"660 posttmt","14 posttmt"
"36171","M1","C4620083","14","661","C4620083 M1","posttmt",0.221460150657395,"661 posttmt","14 posttmt"
"36172","M1","C4620083","14","662","C4620083 M1","posttmt",0.22132151722617,"662 posttmt","14 posttmt"
"36173","M1","C4620083","14","663","C4620083 M1","posttmt",0.22109393416886,"663 posttmt","14 posttmt"
"36174","M1","C4620083","14","664","C4620083 M1","posttmt",0.219985017315072,"664 posttmt","14 posttmt"
"36175","M1","C4620083","14","665","C4620083 M1","posttmt",0.219899360208855,"665 posttmt","14 posttmt"
"36176","M1","C4620083","14","666","C4620083 M1","posttmt",0.219497562460374,"666 posttmt","14 posttmt"
"36177","M1","C4620083","14","667","C4620083 M1","posttmt",0.219372360889678,"667 posttmt","14 posttmt"
"36178","M1","C4620083","14","668","C4620083 M1","posttmt",0.219354436196878,"668 posttmt","14 posttmt"
"36179","M1","C4620083","14","669","C4620083 M1","posttmt",0.219241380820381,"669 posttmt","14 posttmt"
"36180","M1","C4620083","14","670","C4620083 M1","posttmt",0.219076563989089,"670 posttmt","14 posttmt"
"36181","M1","C4620083","14","671","C4620083 M1","posttmt",0.218890385479089,"671 posttmt","14 posttmt"
"36182","M1","C4620083","14","672","C4620083 M1","posttmt",0.218622780363051,"672 posttmt","14 posttmt"
"36183","M1","C4620083","14","673","C4620083 M1","posttmt",0.218561179428781,"673 posttmt","14 posttmt"
"36184","M1","C4620083","14","674","C4620083 M1","posttmt",0.218531331632965,"674 posttmt","14 posttmt"
"36185","M1","C4620083","14","675","C4620083 M1","posttmt",0.218514030355553,"675 posttmt","14 posttmt"
"36186","M1","C4620083","14","676","C4620083 M1","posttmt",0.218336385502765,"676 posttmt","14 posttmt"
"36187","M1","C4620083","14","677","C4620083 M1","posttmt",0.218330175441216,"677 posttmt","14 posttmt"
"36188","M1","C4620083","14","678","C4620083 M1","posttmt",0.218021949021633,"678 posttmt","14 posttmt"
"36189","M1","C4620083","14","679","C4620083 M1","posttmt",0.217980165790238,"679 posttmt","14 posttmt"
"36190","M1","C4620083","14","680","C4620083 M1","posttmt",0.217614348243182,"680 posttmt","14 posttmt"
"36191","M1","C4620083","14","681","C4620083 M1","posttmt",0.217582519420995,"681 posttmt","14 posttmt"
"36192","M1","C4620083","14","682","C4620083 M1","posttmt",0.21745265152692,"682 posttmt","14 posttmt"
"36193","M1","C4620083","14","683","C4620083 M1","posttmt",0.217442431322421,"683 posttmt","14 posttmt"
"36194","M1","C4620083","14","684","C4620083 M1","posttmt",0.216597996892036,"684 posttmt","14 posttmt"
"36195","M1","C4620083","14","685","C4620083 M1","posttmt",0.216323737195146,"685 posttmt","14 posttmt"
"36196","M1","C4620083","14","686","C4620083 M1","posttmt",0.216301607421052,"686 posttmt","14 posttmt"
"36197","M1","C4620083","14","687","C4620083 M1","posttmt",0.216282720868053,"687 posttmt","14 posttmt"
"36198","M1","C4620083","14","688","C4620083 M1","posttmt",0.216208944338588,"688 posttmt","14 posttmt"
"36199","M1","C4620083","14","689","C4620083 M1","posttmt",0.215925592114348,"689 posttmt","14 posttmt"
"36200","M1","C4620083","14","690","C4620083 M1","posttmt",0.215910234472856,"690 posttmt","14 posttmt"
"36201","M1","C4620083","14","691","C4620083 M1","posttmt",0.2158804751409,"691 posttmt","14 posttmt"
"36202","M1","C4620083","14","692","C4620083 M1","posttmt",0.215367474641935,"692 posttmt","14 posttmt"
"36203","M1","C4620083","14","693","C4620083 M1","posttmt",0.214906621086903,"693 posttmt","14 posttmt"
"36204","M1","C4620083","14","694","C4620083 M1","posttmt",0.214612654347337,"694 posttmt","14 posttmt"
"36205","M1","C4620083","14","695","C4620083 M1","posttmt",0.21451041174207,"695 posttmt","14 posttmt"
"36206","M1","C4620083","14","696","C4620083 M1","posttmt",0.214464174068897,"696 posttmt","14 posttmt"
"36207","M1","C4620083","14","697","C4620083 M1","posttmt",0.214365064748365,"697 posttmt","14 posttmt"
"36208","M1","C4620083","14","698","C4620083 M1","posttmt",0.214307830029239,"698 posttmt","14 posttmt"
"36209","M1","C4620083","14","699","C4620083 M1","posttmt",0.214273674973098,"699 posttmt","14 posttmt"
"36210","M1","C4620083","14","700","C4620083 M1","posttmt",0.213944797231294,"700 posttmt","14 posttmt"
"36211","M1","C4620083","14","701","C4620083 M1","posttmt",0.213877821716604,"701 posttmt","14 posttmt"
"36212","M1","C4620083","14","702","C4620083 M1","posttmt",0.213616999201636,"702 posttmt","14 posttmt"
"36213","M1","C4620083","14","703","C4620083 M1","posttmt",0.213472649824684,"703 posttmt","14 posttmt"
"36214","M1","C4620083","14","704","C4620083 M1","posttmt",0.213130062359078,"704 posttmt","14 posttmt"
"36215","M1","C4620083","14","705","C4620083 M1","posttmt",0.213005618620528,"705 posttmt","14 posttmt"
"36216","M1","C4620083","14","706","C4620083 M1","posttmt",0.212325852041687,"706 posttmt","14 posttmt"
"36217","M1","C4620083","14","707","C4620083 M1","posttmt",0.212114716798243,"707 posttmt","14 posttmt"
"36218","M1","C4620083","14","708","C4620083 M1","posttmt",0.211291495512973,"708 posttmt","14 posttmt"
"36219","M1","C4620083","14","709","C4620083 M1","posttmt",0.211261955882684,"709 posttmt","14 posttmt"
"36220","M1","C4620083","14","710","C4620083 M1","posttmt",0.211045272017257,"710 posttmt","14 posttmt"
"36221","M1","C4620083","14","711","C4620083 M1","posttmt",0.210948682379553,"711 posttmt","14 posttmt"
"36222","M1","C4620083","14","712","C4620083 M1","posttmt",0.210809066419657,"712 posttmt","14 posttmt"
"36223","M1","C4620083","14","713","C4620083 M1","posttmt",0.210679950109992,"713 posttmt","14 posttmt"
"36224","M1","C4620083","14","714","C4620083 M1","posttmt",0.210588375224058,"714 posttmt","14 posttmt"
"36225","M1","C4620083","14","715","C4620083 M1","posttmt",0.210413427627264,"715 posttmt","14 posttmt"
"36226","M1","C4620083","14","716","C4620083 M1","posttmt",0.210300424190374,"716 posttmt","14 posttmt"
"36227","M1","C4620083","14","717","C4620083 M1","posttmt",0.20992403140504,"717 posttmt","14 posttmt"
"36228","M1","C4620083","14","718","C4620083 M1","posttmt",0.209237158472592,"718 posttmt","14 posttmt"
"36229","M1","C4620083","14","719","C4620083 M1","posttmt",0.209179485412615,"719 posttmt","14 posttmt"
"36230","M1","C4620083","14","720","C4620083 M1","posttmt",0.209083813358429,"720 posttmt","14 posttmt"
"36231","M1","C4620083","14","721","C4620083 M1","posttmt",0.209023105758436,"721 posttmt","14 posttmt"
"36232","M1","C4620083","14","722","C4620083 M1","posttmt",0.208525689206796,"722 posttmt","14 posttmt"
"36233","M1","C4620083","14","723","C4620083 M1","posttmt",0.207969015304391,"723 posttmt","14 posttmt"
"36234","M1","C4620083","14","724","C4620083 M1","posttmt",0.20789693932809,"724 posttmt","14 posttmt"
"36235","M1","C4620083","14","725","C4620083 M1","posttmt",0.207573442516682,"725 posttmt","14 posttmt"
"36236","M1","C4620083","14","726","C4620083 M1","posttmt",0.207435098508032,"726 posttmt","14 posttmt"
"36237","M1","C4620083","14","727","C4620083 M1","posttmt",0.207118486129311,"727 posttmt","14 posttmt"
"36238","M1","C4620083","14","728","C4620083 M1","posttmt",0.207111036263615,"728 posttmt","14 posttmt"
"36239","M1","C4620083","14","729","C4620083 M1","posttmt",0.206876160885861,"729 posttmt","14 posttmt"
"36240","M1","C4620083","14","730","C4620083 M1","posttmt",0.206799352187801,"730 posttmt","14 posttmt"
"36241","M1","C4620083","14","731","C4620083 M1","posttmt",0.206626686665832,"731 posttmt","14 posttmt"
"36242","M1","C4620083","14","732","C4620083 M1","posttmt",0.20598784835792,"732 posttmt","14 posttmt"
"36243","M1","C4620083","14","733","C4620083 M1","posttmt",0.20525781284714,"733 posttmt","14 posttmt"
"36244","M1","C4620083","14","734","C4620083 M1","posttmt",0.205232692457566,"734 posttmt","14 posttmt"
"36245","M1","C4620083","14","735","C4620083 M1","posttmt",0.205228743030798,"735 posttmt","14 posttmt"
"36246","M1","C4620083","14","736","C4620083 M1","posttmt",0.205089405387669,"736 posttmt","14 posttmt"
"36247","M1","C4620083","14","737","C4620083 M1","posttmt",0.205082360982729,"737 posttmt","14 posttmt"
"36248","M1","C4620083","14","738","C4620083 M1","posttmt",0.20494527141507,"738 posttmt","14 posttmt"
"36249","M1","C4620083","14","739","C4620083 M1","posttmt",0.204391883360156,"739 posttmt","14 posttmt"
"36250","M1","C4620083","14","740","C4620083 M1","posttmt",0.20432534817122,"740 posttmt","14 posttmt"
"36251","M1","C4620083","14","741","C4620083 M1","posttmt",0.204081055088947,"741 posttmt","14 posttmt"
"36252","M1","C4620083","14","742","C4620083 M1","posttmt",0.204044430112594,"742 posttmt","14 posttmt"
"36253","M1","C4620083","14","743","C4620083 M1","posttmt",0.203805908775447,"743 posttmt","14 posttmt"
"36254","M1","C4620083","14","744","C4620083 M1","posttmt",0.203304731554407,"744 posttmt","14 posttmt"
"36255","M1","C4620083","14","745","C4620083 M1","posttmt",0.203258322323838,"745 posttmt","14 posttmt"
"36256","M1","C4620083","14","746","C4620083 M1","posttmt",0.202957906795457,"746 posttmt","14 posttmt"
"36257","M1","C4620083","14","747","C4620083 M1","posttmt",0.202730189815478,"747 posttmt","14 posttmt"
"36258","M1","C4620083","14","748","C4620083 M1","posttmt",0.202639256409517,"748 posttmt","14 posttmt"
"36259","M1","C4620083","14","749","C4620083 M1","posttmt",0.202333228527141,"749 posttmt","14 posttmt"
"36260","M1","C4620083","14","750","C4620083 M1","posttmt",0.201871346036226,"750 posttmt","14 posttmt"
"36261","M1","C4620083","14","751","C4620083 M1","posttmt",0.201463193736249,"751 posttmt","14 posttmt"
"36262","M1","C4620083","14","752","C4620083 M1","posttmt",0.201285021344067,"752 posttmt","14 posttmt"
"36263","M1","C4620083","14","753","C4620083 M1","posttmt",0.200371912478312,"753 posttmt","14 posttmt"
"36264","M1","C4620083","14","754","C4620083 M1","posttmt",0.200149543986264,"754 posttmt","14 posttmt"
"36265","M1","C4620083","14","755","C4620083 M1","posttmt",0.200096100213768,"755 posttmt","14 posttmt"
"36266","M1","C4620083","14","756","C4620083 M1","posttmt",0.19994153839882,"756 posttmt","14 posttmt"
"36267","M1","C4620083","14","757","C4620083 M1","posttmt",0.199667482527152,"757 posttmt","14 posttmt"
"36268","M1","C4620083","14","758","C4620083 M1","posttmt",0.199325848869885,"758 posttmt","14 posttmt"
"36269","M1","C4620083","14","759","C4620083 M1","posttmt",0.199003148268526,"759 posttmt","14 posttmt"
"36270","M1","C4620083","14","760","C4620083 M1","posttmt",0.198799031354278,"760 posttmt","14 posttmt"
"36271","M1","C4620083","14","761","C4620083 M1","posttmt",0.197961291172947,"761 posttmt","14 posttmt"
"36272","M1","C4620083","14","762","C4620083 M1","posttmt",0.196552181977354,"762 posttmt","14 posttmt"
"36273","M1","C4620083","14","763","C4620083 M1","posttmt",0.196400954066606,"763 posttmt","14 posttmt"
"36274","M1","C4620083","14","764","C4620083 M1","posttmt",0.196324155197005,"764 posttmt","14 posttmt"
"36275","M1","C4620083","14","765","C4620083 M1","posttmt",0.196106123099043,"765 posttmt","14 posttmt"
"36276","M1","C4620083","14","766","C4620083 M1","posttmt",0.196003703863244,"766 posttmt","14 posttmt"
"36277","M1","C4620083","14","767","C4620083 M1","posttmt",0.195627227726583,"767 posttmt","14 posttmt"
"36278","M1","C4620083","14","768","C4620083 M1","posttmt",0.195557898702494,"768 posttmt","14 posttmt"
"36279","M1","C4620083","14","769","C4620083 M1","posttmt",0.195386289060036,"769 posttmt","14 posttmt"
"36280","M1","C4620083","14","770","C4620083 M1","posttmt",0.195341493271903,"770 posttmt","14 posttmt"
"36281","M1","C4620083","14","771","C4620083 M1","posttmt",0.195107899803594,"771 posttmt","14 posttmt"
"36282","M1","C4620083","14","772","C4620083 M1","posttmt",0.195044370028947,"772 posttmt","14 posttmt"
"36283","M1","C4620083","14","773","C4620083 M1","posttmt",0.195027779173875,"773 posttmt","14 posttmt"
"36284","M1","C4620083","14","774","C4620083 M1","posttmt",0.194879193030889,"774 posttmt","14 posttmt"
"36285","M1","C4620083","14","775","C4620083 M1","posttmt",0.194808651599879,"775 posttmt","14 posttmt"
"36286","M1","C4620083","14","776","C4620083 M1","posttmt",0.194730678886369,"776 posttmt","14 posttmt"
"36287","M1","C4620083","14","777","C4620083 M1","posttmt",0.194429886100819,"777 posttmt","14 posttmt"
"36288","M1","C4620083","14","778","C4620083 M1","posttmt",0.194179733925111,"778 posttmt","14 posttmt"
"36289","M1","C4620083","14","779","C4620083 M1","posttmt",0.194135908411304,"779 posttmt","14 posttmt"
"36290","M1","C4620083","14","780","C4620083 M1","posttmt",0.19373866566047,"780 posttmt","14 posttmt"
"36291","M1","C4620083","14","781","C4620083 M1","posttmt",0.193693189933541,"781 posttmt","14 posttmt"
"36292","M1","C4620083","14","782","C4620083 M1","posttmt",0.193597063660183,"782 posttmt","14 posttmt"
"36293","M1","C4620083","14","783","C4620083 M1","posttmt",0.193067419657297,"783 posttmt","14 posttmt"
"36294","M1","C4620083","14","784","C4620083 M1","posttmt",0.192959288705892,"784 posttmt","14 posttmt"
"36295","M1","C4620083","14","785","C4620083 M1","posttmt",0.192747437308661,"785 posttmt","14 posttmt"
"36296","M1","C4620083","14","786","C4620083 M1","posttmt",0.192225350064838,"786 posttmt","14 posttmt"
"36297","M1","C4620083","14","787","C4620083 M1","posttmt",0.191939380506098,"787 posttmt","14 posttmt"
"36298","M1","C4620083","14","788","C4620083 M1","posttmt",0.191310245500026,"788 posttmt","14 posttmt"
"36299","M1","C4620083","14","789","C4620083 M1","posttmt",0.191088439626985,"789 posttmt","14 posttmt"
"36300","M1","C4620083","14","790","C4620083 M1","posttmt",0.190936940308914,"790 posttmt","14 posttmt"
"36301","M1","C4620083","14","791","C4620083 M1","posttmt",0.190910229841695,"791 posttmt","14 posttmt"
"36302","M1","C4620083","14","792","C4620083 M1","posttmt",0.190805152594228,"792 posttmt","14 posttmt"
"36303","M1","C4620083","14","793","C4620083 M1","posttmt",0.189302661027843,"793 posttmt","14 posttmt"
"36304","M1","C4620083","14","794","C4620083 M1","posttmt",0.189174953569748,"794 posttmt","14 posttmt"
"36305","M1","C4620083","14","795","C4620083 M1","posttmt",0.188818346982922,"795 posttmt","14 posttmt"
"36306","M1","C4620083","14","796","C4620083 M1","posttmt",0.188673357838056,"796 posttmt","14 posttmt"
"36307","M1","C4620083","14","797","C4620083 M1","posttmt",0.188490826004576,"797 posttmt","14 posttmt"
"36308","M1","C4620083","14","798","C4620083 M1","posttmt",0.188429739805322,"798 posttmt","14 posttmt"
"36309","M1","C4620083","14","799","C4620083 M1","posttmt",0.188068582114976,"799 posttmt","14 posttmt"
"36310","M1","C4620083","14","800","C4620083 M1","posttmt",0.188012930494527,"800 posttmt","14 posttmt"
"36311","M1","C4620083","14","801","C4620083 M1","posttmt",0.187376467076879,"801 posttmt","14 posttmt"
"36312","M1","C4620083","14","802","C4620083 M1","posttmt",0.186624073780401,"802 posttmt","14 posttmt"
"36313","M1","C4620083","14","803","C4620083 M1","posttmt",0.186599198837708,"803 posttmt","14 posttmt"
"36314","M1","C4620083","14","804","C4620083 M1","posttmt",0.186382746782601,"804 posttmt","14 posttmt"
"36315","M1","C4620083","14","805","C4620083 M1","posttmt",0.185555801446459,"805 posttmt","14 posttmt"
"36316","M1","C4620083","14","806","C4620083 M1","posttmt",0.185499163857708,"806 posttmt","14 posttmt"
"36317","M1","C4620083","14","807","C4620083 M1","posttmt",0.18540710250738,"807 posttmt","14 posttmt"
"36318","M1","C4620083","14","808","C4620083 M1","posttmt",0.185295722511546,"808 posttmt","14 posttmt"
"36319","M1","C4620083","14","809","C4620083 M1","posttmt",0.184782046522716,"809 posttmt","14 posttmt"
"36320","M1","C4620083","14","810","C4620083 M1","posttmt",0.184704241867114,"810 posttmt","14 posttmt"
"36321","M1","C4620083","14","811","C4620083 M1","posttmt",0.184416729924279,"811 posttmt","14 posttmt"
"36322","M1","C4620083","14","812","C4620083 M1","posttmt",0.184402128389246,"812 posttmt","14 posttmt"
"36323","M1","C4620083","14","813","C4620083 M1","posttmt",0.18424681545083,"813 posttmt","14 posttmt"
"36324","M1","C4620083","14","814","C4620083 M1","posttmt",0.183668902454203,"814 posttmt","14 posttmt"
"36325","M1","C4620083","14","815","C4620083 M1","posttmt",0.183595948318354,"815 posttmt","14 posttmt"
"36326","M1","C4620083","14","816","C4620083 M1","posttmt",0.183569124930571,"816 posttmt","14 posttmt"
"36327","M1","C4620083","14","817","C4620083 M1","posttmt",0.183566076737508,"817 posttmt","14 posttmt"
"36328","M1","C4620083","14","818","C4620083 M1","posttmt",0.183446403709682,"818 posttmt","14 posttmt"
"36329","M1","C4620083","14","819","C4620083 M1","posttmt",0.182903647071507,"819 posttmt","14 posttmt"
"36330","M1","C4620083","14","820","C4620083 M1","posttmt",0.182556106819965,"820 posttmt","14 posttmt"
"36331","M1","C4620083","14","821","C4620083 M1","posttmt",0.182160090318112,"821 posttmt","14 posttmt"
"36332","M1","C4620083","14","822","C4620083 M1","posttmt",0.181650726165711,"822 posttmt","14 posttmt"
"36333","M1","C4620083","14","823","C4620083 M1","posttmt",0.181479016038218,"823 posttmt","14 posttmt"
"36334","M1","C4620083","14","824","C4620083 M1","posttmt",0.181228417730316,"824 posttmt","14 posttmt"
"36335","M1","C4620083","14","825","C4620083 M1","posttmt",0.181117995646029,"825 posttmt","14 posttmt"
"36336","M1","C4620083","14","826","C4620083 M1","posttmt",0.180690108862793,"826 posttmt","14 posttmt"
"36337","M1","C4620083","14","827","C4620083 M1","posttmt",0.179980100379368,"827 posttmt","14 posttmt"
"36338","M1","C4620083","14","828","C4620083 M1","posttmt",0.179452987545466,"828 posttmt","14 posttmt"
"36339","M1","C4620083","14","829","C4620083 M1","posttmt",0.179295825395177,"829 posttmt","14 posttmt"
"36340","M1","C4620083","14","830","C4620083 M1","posttmt",0.179109376097945,"830 posttmt","14 posttmt"
"36341","M1","C4620083","14","831","C4620083 M1","posttmt",0.178193937832612,"831 posttmt","14 posttmt"
"36342","M1","C4620083","14","832","C4620083 M1","posttmt",0.17815443237343,"832 posttmt","14 posttmt"
"36343","M1","C4620083","14","833","C4620083 M1","posttmt",0.176836033053054,"833 posttmt","14 posttmt"
"36344","M1","C4620083","14","834","C4620083 M1","posttmt",0.176631735348081,"834 posttmt","14 posttmt"
"36345","M1","C4620083","14","835","C4620083 M1","posttmt",0.175802326563877,"835 posttmt","14 posttmt"
"36346","M1","C4620083","14","836","C4620083 M1","posttmt",0.175438990555998,"836 posttmt","14 posttmt"
"36347","M1","C4620083","14","837","C4620083 M1","posttmt",0.174905077448284,"837 posttmt","14 posttmt"
"36348","M1","C4620083","14","838","C4620083 M1","posttmt",0.174445584496499,"838 posttmt","14 posttmt"
"36349","M1","C4620083","14","839","C4620083 M1","posttmt",0.174440384614174,"839 posttmt","14 posttmt"
"36350","M1","C4620083","14","840","C4620083 M1","posttmt",0.174305683881127,"840 posttmt","14 posttmt"
"36351","M1","C4620083","14","841","C4620083 M1","posttmt",0.174171125106899,"841 posttmt","14 posttmt"
"36352","M1","C4620083","14","842","C4620083 M1","posttmt",0.173562137236602,"842 posttmt","14 posttmt"
"36353","M1","C4620083","14","843","C4620083 M1","posttmt",0.173549195748817,"843 posttmt","14 posttmt"
"36354","M1","C4620083","14","844","C4620083 M1","posttmt",0.173236582997621,"844 posttmt","14 posttmt"
"36355","M1","C4620083","14","845","C4620083 M1","posttmt",0.17303967655564,"845 posttmt","14 posttmt"
"36356","M1","C4620083","14","846","C4620083 M1","posttmt",0.172908427274145,"846 posttmt","14 posttmt"
"36357","M1","C4620083","14","847","C4620083 M1","posttmt",0.172518875734402,"847 posttmt","14 posttmt"
"36358","M1","C4620083","14","848","C4620083 M1","posttmt",0.172464404188521,"848 posttmt","14 posttmt"
"36359","M1","C4620083","14","849","C4620083 M1","posttmt",0.172281136501332,"849 posttmt","14 posttmt"
"36360","M1","C4620083","14","850","C4620083 M1","posttmt",0.172115009263729,"850 posttmt","14 posttmt"
"36361","M1","C4620083","14","851","C4620083 M1","posttmt",0.172106335704791,"851 posttmt","14 posttmt"
"36362","M1","C4620083","14","852","C4620083 M1","posttmt",0.171809340800761,"852 posttmt","14 posttmt"
"36363","M1","C4620083","14","853","C4620083 M1","posttmt",0.171677862012379,"853 posttmt","14 posttmt"
"36364","M1","C4620083","14","854","C4620083 M1","posttmt",0.171474253814863,"854 posttmt","14 posttmt"
"36365","M1","C4620083","14","855","C4620083 M1","posttmt",0.171313428406623,"855 posttmt","14 posttmt"
"36366","M1","C4620083","14","856","C4620083 M1","posttmt",0.171185260762061,"856 posttmt","14 posttmt"
"36367","M1","C4620083","14","857","C4620083 M1","posttmt",0.169969130491782,"857 posttmt","14 posttmt"
"36368","M1","C4620083","14","858","C4620083 M1","posttmt",0.16948265821466,"858 posttmt","14 posttmt"
"36369","M1","C4620083","14","859","C4620083 M1","posttmt",0.169107821676409,"859 posttmt","14 posttmt"
"36370","M1","C4620083","14","860","C4620083 M1","posttmt",0.169088771992316,"860 posttmt","14 posttmt"
"36371","M1","C4620083","14","861","C4620083 M1","posttmt",0.168833943158273,"861 posttmt","14 posttmt"
"36372","M1","C4620083","14","862","C4620083 M1","posttmt",0.168129767492115,"862 posttmt","14 posttmt"
"36373","M1","C4620083","14","863","C4620083 M1","posttmt",0.167860056463431,"863 posttmt","14 posttmt"
"36374","M1","C4620083","14","864","C4620083 M1","posttmt",0.167694088543004,"864 posttmt","14 posttmt"
"36375","M1","C4620083","14","865","C4620083 M1","posttmt",0.16731579269797,"865 posttmt","14 posttmt"
"36376","M1","C4620083","14","866","C4620083 M1","posttmt",0.167204507088248,"866 posttmt","14 posttmt"
"36377","M1","C4620083","14","867","C4620083 M1","posttmt",0.166663643705172,"867 posttmt","14 posttmt"
"36378","M1","C4620083","14","868","C4620083 M1","posttmt",0.166512565869158,"868 posttmt","14 posttmt"
"36379","M1","C4620083","14","869","C4620083 M1","posttmt",0.16643145808865,"869 posttmt","14 posttmt"
"36380","M1","C4620083","14","870","C4620083 M1","posttmt",0.166133900786788,"870 posttmt","14 posttmt"
"36381","M1","C4620083","14","871","C4620083 M1","posttmt",0.16585536643489,"871 posttmt","14 posttmt"
"36382","M1","C4620083","14","872","C4620083 M1","posttmt",0.165526036047227,"872 posttmt","14 posttmt"
"36383","M1","C4620083","14","873","C4620083 M1","posttmt",0.165496754447839,"873 posttmt","14 posttmt"
"36384","M1","C4620083","14","874","C4620083 M1","posttmt",0.165365720806067,"874 posttmt","14 posttmt"
"36385","M1","C4620083","14","875","C4620083 M1","posttmt",0.164282031072389,"875 posttmt","14 posttmt"
"36386","M1","C4620083","14","876","C4620083 M1","posttmt",0.164229111873171,"876 posttmt","14 posttmt"
"36387","M1","C4620083","14","877","C4620083 M1","posttmt",0.164124078937473,"877 posttmt","14 posttmt"
"36388","M1","C4620083","14","878","C4620083 M1","posttmt",0.163353472630717,"878 posttmt","14 posttmt"
"36389","M1","C4620083","14","879","C4620083 M1","posttmt",0.163340935126458,"879 posttmt","14 posttmt"
"36390","M1","C4620083","14","880","C4620083 M1","posttmt",0.162885481665327,"880 posttmt","14 posttmt"
"36391","M1","C4620083","14","881","C4620083 M1","posttmt",0.162603644025198,"881 posttmt","14 posttmt"
"36392","M1","C4620083","14","882","C4620083 M1","posttmt",0.16252605585477,"882 posttmt","14 posttmt"
"36393","M1","C4620083","14","883","C4620083 M1","posttmt",0.162219397729589,"883 posttmt","14 posttmt"
"36394","M1","C4620083","14","884","C4620083 M1","posttmt",0.162129054305221,"884 posttmt","14 posttmt"
"36395","M1","C4620083","14","885","C4620083 M1","posttmt",0.161765524843813,"885 posttmt","14 posttmt"
"36396","M1","C4620083","14","886","C4620083 M1","posttmt",0.161294535371477,"886 posttmt","14 posttmt"
"36397","M1","C4620083","14","887","C4620083 M1","posttmt",0.161096592498836,"887 posttmt","14 posttmt"
"36398","M1","C4620083","14","888","C4620083 M1","posttmt",0.160892211249415,"888 posttmt","14 posttmt"
"36399","M1","C4620083","14","889","C4620083 M1","posttmt",0.160692091288026,"889 posttmt","14 posttmt"
"36400","M1","C4620083","14","890","C4620083 M1","posttmt",0.160538861032291,"890 posttmt","14 posttmt"
"36401","M1","C4620083","14","891","C4620083 M1","posttmt",0.160097747173133,"891 posttmt","14 posttmt"
"36402","M1","C4620083","14","892","C4620083 M1","posttmt",0.15971441618135,"892 posttmt","14 posttmt"
"36403","M1","C4620083","14","893","C4620083 M1","posttmt",0.159514486177486,"893 posttmt","14 posttmt"
"36404","M1","C4620083","14","894","C4620083 M1","posttmt",0.1591060777508,"894 posttmt","14 posttmt"
"36405","M1","C4620083","14","895","C4620083 M1","posttmt",0.157852104662817,"895 posttmt","14 posttmt"
"36406","M1","C4620083","14","896","C4620083 M1","posttmt",0.157774748873904,"896 posttmt","14 posttmt"
"36407","M1","C4620083","14","897","C4620083 M1","posttmt",0.157404990190636,"897 posttmt","14 posttmt"
"36408","M1","C4620083","14","898","C4620083 M1","posttmt",0.157323931829452,"898 posttmt","14 posttmt"
"36409","M1","C4620083","14","899","C4620083 M1","posttmt",0.156745836073045,"899 posttmt","14 posttmt"
"36410","M1","C4620083","14","900","C4620083 M1","posttmt",0.156623175979784,"900 posttmt","14 posttmt"
"36411","M1","C4620083","14","901","C4620083 M1","posttmt",0.155976269929488,"901 posttmt","14 posttmt"
"36412","M1","C4620083","14","902","C4620083 M1","posttmt",0.155901481678407,"902 posttmt","14 posttmt"
"36413","M1","C4620083","14","903","C4620083 M1","posttmt",0.155837184588751,"903 posttmt","14 posttmt"
"36414","M1","C4620083","14","904","C4620083 M1","posttmt",0.155562659309689,"904 posttmt","14 posttmt"
"36415","M1","C4620083","14","905","C4620083 M1","posttmt",0.155546402437651,"905 posttmt","14 posttmt"
"36416","M1","C4620083","14","906","C4620083 M1","posttmt",0.154985084230204,"906 posttmt","14 posttmt"
"36417","M1","C4620083","14","907","C4620083 M1","posttmt",0.154916253623732,"907 posttmt","14 posttmt"
"36418","M1","C4620083","14","908","C4620083 M1","posttmt",0.15485598463884,"908 posttmt","14 posttmt"
"36419","M1","C4620083","14","909","C4620083 M1","posttmt",0.154759897692029,"909 posttmt","14 posttmt"
"36420","M1","C4620083","14","910","C4620083 M1","posttmt",0.154695074269743,"910 posttmt","14 posttmt"
"36421","M1","C4620083","14","911","C4620083 M1","posttmt",0.154183061279946,"911 posttmt","14 posttmt"
"36422","M1","C4620083","14","912","C4620083 M1","posttmt",0.153596159677198,"912 posttmt","14 posttmt"
"36423","M1","C4620083","14","913","C4620083 M1","posttmt",0.153163486434693,"913 posttmt","14 posttmt"
"36424","M1","C4620083","14","914","C4620083 M1","posttmt",0.152844577749343,"914 posttmt","14 posttmt"
"36425","M1","C4620083","14","915","C4620083 M1","posttmt",0.152374940272588,"915 posttmt","14 posttmt"
"36426","M1","C4620083","14","916","C4620083 M1","posttmt",0.151986864396844,"916 posttmt","14 posttmt"
"36427","M1","C4620083","14","917","C4620083 M1","posttmt",0.151455172070218,"917 posttmt","14 posttmt"
"36428","M1","C4620083","14","918","C4620083 M1","posttmt",0.151386276527042,"918 posttmt","14 posttmt"
"36429","M1","C4620083","14","919","C4620083 M1","posttmt",0.151009164910535,"919 posttmt","14 posttmt"
"36430","M1","C4620083","14","920","C4620083 M1","posttmt",0.150869904127455,"920 posttmt","14 posttmt"
"36431","M1","C4620083","14","921","C4620083 M1","posttmt",0.150501493728423,"921 posttmt","14 posttmt"
"36432","M1","C4620083","14","922","C4620083 M1","posttmt",0.150051331099461,"922 posttmt","14 posttmt"
"36433","M1","C4620083","14","923","C4620083 M1","posttmt",0.149334997452241,"923 posttmt","14 posttmt"
"36434","M1","C4620083","14","924","C4620083 M1","posttmt",0.149292883975473,"924 posttmt","14 posttmt"
"36435","M1","C4620083","14","925","C4620083 M1","posttmt",0.14910884788907,"925 posttmt","14 posttmt"
"36436","M1","C4620083","14","926","C4620083 M1","posttmt",0.148898112566175,"926 posttmt","14 posttmt"
"36437","M1","C4620083","14","927","C4620083 M1","posttmt",0.147910479397147,"927 posttmt","14 posttmt"
"36438","M1","C4620083","14","928","C4620083 M1","posttmt",0.147805731289182,"928 posttmt","14 posttmt"
"36439","M1","C4620083","14","929","C4620083 M1","posttmt",0.147593924686203,"929 posttmt","14 posttmt"
"36440","M1","C4620083","14","930","C4620083 M1","posttmt",0.147355676569223,"930 posttmt","14 posttmt"
"36441","M1","C4620083","14","931","C4620083 M1","posttmt",0.146740408191903,"931 posttmt","14 posttmt"
"36442","M1","C4620083","14","932","C4620083 M1","posttmt",0.145948199077844,"932 posttmt","14 posttmt"
"36443","M1","C4620083","14","933","C4620083 M1","posttmt",0.145595542741065,"933 posttmt","14 posttmt"
"36444","M1","C4620083","14","934","C4620083 M1","posttmt",0.144585217010656,"934 posttmt","14 posttmt"
"36445","M1","C4620083","14","935","C4620083 M1","posttmt",0.144463527393344,"935 posttmt","14 posttmt"
"36446","M1","C4620083","14","936","C4620083 M1","posttmt",0.144400808445699,"936 posttmt","14 posttmt"
"36447","M1","C4620083","14","937","C4620083 M1","posttmt",0.144175549121843,"937 posttmt","14 posttmt"
"36448","M1","C4620083","14","938","C4620083 M1","posttmt",0.144065951846582,"938 posttmt","14 posttmt"
"36449","M1","C4620083","14","939","C4620083 M1","posttmt",0.143776185084126,"939 posttmt","14 posttmt"
"36450","M1","C4620083","14","940","C4620083 M1","posttmt",0.143411954409045,"940 posttmt","14 posttmt"
"36451","M1","C4620083","14","941","C4620083 M1","posttmt",0.14339690335797,"941 posttmt","14 posttmt"
"36452","M1","C4620083","14","942","C4620083 M1","posttmt",0.143089058030051,"942 posttmt","14 posttmt"
"36453","M1","C4620083","14","943","C4620083 M1","posttmt",0.143001169867343,"943 posttmt","14 posttmt"
"36454","M1","C4620083","14","944","C4620083 M1","posttmt",0.142972444934467,"944 posttmt","14 posttmt"
"36455","M1","C4620083","14","945","C4620083 M1","posttmt",0.142813016343575,"945 posttmt","14 posttmt"
"36456","M1","C4620083","14","946","C4620083 M1","posttmt",0.142649370504784,"946 posttmt","14 posttmt"
"36457","M1","C4620083","14","947","C4620083 M1","posttmt",0.142525075044136,"947 posttmt","14 posttmt"
"36458","M1","C4620083","14","948","C4620083 M1","posttmt",0.141750416245234,"948 posttmt","14 posttmt"
"36459","M1","C4620083","14","949","C4620083 M1","posttmt",0.141746671370333,"949 posttmt","14 posttmt"
"36460","M1","C4620083","14","950","C4620083 M1","posttmt",0.140692532599379,"950 posttmt","14 posttmt"
"36461","M1","C4620083","14","951","C4620083 M1","posttmt",0.139941026795877,"951 posttmt","14 posttmt"
"36462","M1","C4620083","14","952","C4620083 M1","posttmt",0.139681066898775,"952 posttmt","14 posttmt"
"36463","M1","C4620083","14","953","C4620083 M1","posttmt",0.13957668982583,"953 posttmt","14 posttmt"
"36464","M1","C4620083","14","954","C4620083 M1","posttmt",0.138969815172399,"954 posttmt","14 posttmt"
"36465","M1","C4620083","14","955","C4620083 M1","posttmt",0.137995077024498,"955 posttmt","14 posttmt"
"36466","M1","C4620083","14","956","C4620083 M1","posttmt",0.137863822908428,"956 posttmt","14 posttmt"
"36467","M1","C4620083","14","957","C4620083 M1","posttmt",0.136609824377393,"957 posttmt","14 posttmt"
"36468","M1","C4620083","14","958","C4620083 M1","posttmt",0.136472539078909,"958 posttmt","14 posttmt"
"36469","M1","C4620083","14","959","C4620083 M1","posttmt",0.136357312668673,"959 posttmt","14 posttmt"
"36470","M1","C4620083","14","960","C4620083 M1","posttmt",0.136078052933219,"960 posttmt","14 posttmt"
"36471","M1","C4620083","14","961","C4620083 M1","posttmt",0.135909502898814,"961 posttmt","14 posttmt"
"36472","M1","C4620083","14","962","C4620083 M1","posttmt",0.135255798855585,"962 posttmt","14 posttmt"
"36473","M1","C4620083","14","963","C4620083 M1","posttmt",0.135141068073933,"963 posttmt","14 posttmt"
"36474","M1","C4620083","14","964","C4620083 M1","posttmt",0.135086816995608,"964 posttmt","14 posttmt"
"36475","M1","C4620083","14","965","C4620083 M1","posttmt",0.134135028017331,"965 posttmt","14 posttmt"
"36476","M1","C4620083","14","966","C4620083 M1","posttmt",0.133976994430718,"966 posttmt","14 posttmt"
"36477","M1","C4620083","14","967","C4620083 M1","posttmt",0.133938291741007,"967 posttmt","14 posttmt"
"36478","M1","C4620083","14","968","C4620083 M1","posttmt",0.133764660654738,"968 posttmt","14 posttmt"
"36479","M1","C4620083","14","969","C4620083 M1","posttmt",0.133405023984752,"969 posttmt","14 posttmt"
"36480","M1","C4620083","14","970","C4620083 M1","posttmt",0.133016215751072,"970 posttmt","14 posttmt"
"36481","M1","C4620083","14","971","C4620083 M1","posttmt",0.13176221953822,"971 posttmt","14 posttmt"
"36482","M1","C4620083","14","972","C4620083 M1","posttmt",0.131709749058098,"972 posttmt","14 posttmt"
"36483","M1","C4620083","14","973","C4620083 M1","posttmt",0.131448913874685,"973 posttmt","14 posttmt"
"36484","M1","C4620083","14","974","C4620083 M1","posttmt",0.130999408840696,"974 posttmt","14 posttmt"
"36485","M1","C4620083","14","975","C4620083 M1","posttmt",0.130358381783238,"975 posttmt","14 posttmt"
"36486","M1","C4620083","14","976","C4620083 M1","posttmt",0.130171642538512,"976 posttmt","14 posttmt"
"36487","M1","C4620083","14","977","C4620083 M1","posttmt",0.130015839508505,"977 posttmt","14 posttmt"
"36488","M1","C4620083","14","978","C4620083 M1","posttmt",0.129587362913507,"978 posttmt","14 posttmt"
"36489","M1","C4620083","14","979","C4620083 M1","posttmt",0.129514966152905,"979 posttmt","14 posttmt"
"36490","M1","C4620083","14","980","C4620083 M1","posttmt",0.129317522323089,"980 posttmt","14 posttmt"
"36491","M1","C4620083","14","981","C4620083 M1","posttmt",0.1291819159578,"981 posttmt","14 posttmt"
"36492","M1","C4620083","14","982","C4620083 M1","posttmt",0.129042991479939,"982 posttmt","14 posttmt"
"36493","M1","C4620083","14","983","C4620083 M1","posttmt",0.128443772115792,"983 posttmt","14 posttmt"
"36494","M1","C4620083","14","984","C4620083 M1","posttmt",0.128015636464747,"984 posttmt","14 posttmt"
"36495","M1","C4620083","14","985","C4620083 M1","posttmt",0.127949513353689,"985 posttmt","14 posttmt"
"36496","M1","C4620083","14","986","C4620083 M1","posttmt",0.12784235283047,"986 posttmt","14 posttmt"
"36497","M1","C4620083","14","987","C4620083 M1","posttmt",0.127733717321406,"987 posttmt","14 posttmt"
"36498","M1","C4620083","14","988","C4620083 M1","posttmt",0.127506809195451,"988 posttmt","14 posttmt"
"36499","M1","C4620083","14","989","C4620083 M1","posttmt",0.127483199231172,"989 posttmt","14 posttmt"
"36500","M1","C4620083","14","990","C4620083 M1","posttmt",0.126997601151303,"990 posttmt","14 posttmt"
"36501","M1","C4620083","14","991","C4620083 M1","posttmt",0.126977294112815,"991 posttmt","14 posttmt"
"36502","M1","C4620083","14","992","C4620083 M1","posttmt",0.126257392079651,"992 posttmt","14 posttmt"
"36503","M1","C4620083","14","993","C4620083 M1","posttmt",0.126198333038833,"993 posttmt","14 posttmt"
"36504","M1","C4620083","14","994","C4620083 M1","posttmt",0.126003805527541,"994 posttmt","14 posttmt"
"36505","M1","C4620083","14","995","C4620083 M1","posttmt",0.125982772111751,"995 posttmt","14 posttmt"
"36506","M1","C4620083","14","996","C4620083 M1","posttmt",0.125735330139835,"996 posttmt","14 posttmt"
"36507","M1","C4620083","14","997","C4620083 M1","posttmt",0.125237313319004,"997 posttmt","14 posttmt"
"36508","M1","C4620083","14","998","C4620083 M1","posttmt",0.124456643950684,"998 posttmt","14 posttmt"
"36509","M1","C4620083","14","999","C4620083 M1","posttmt",0.124017235891171,"999 posttmt","14 posttmt"
"36510","M1","C4620083","14","1000","C4620083 M1","posttmt",0.123577665022566,"1000 posttmt","14 posttmt"
"36511","M1","C4620083","14","1001","C4620083 M1","posttmt",0.123472759291003,"1001 posttmt","14 posttmt"
"36512","M1","C4620083","14","1002","C4620083 M1","posttmt",0.123311341358377,"1002 posttmt","14 posttmt"
"36513","M1","C4620083","14","1003","C4620083 M1","posttmt",0.121948987279257,"1003 posttmt","14 posttmt"
"36514","M1","C4620083","14","1004","C4620083 M1","posttmt",0.121692619904301,"1004 posttmt","14 posttmt"
"36515","M1","C4620083","14","1005","C4620083 M1","posttmt",0.121588624197325,"1005 posttmt","14 posttmt"
"36516","M1","C4620083","14","1006","C4620083 M1","posttmt",0.121438351238164,"1006 posttmt","14 posttmt"
"36517","M1","C4620083","14","1007","C4620083 M1","posttmt",0.121236774651413,"1007 posttmt","14 posttmt"
"36518","M1","C4620083","14","1008","C4620083 M1","posttmt",0.12101827341806,"1008 posttmt","14 posttmt"
"36519","M1","C4620083","14","1009","C4620083 M1","posttmt",0.120850064995588,"1009 posttmt","14 posttmt"
"36520","M1","C4620083","14","1010","C4620083 M1","posttmt",0.120584894868612,"1010 posttmt","14 posttmt"
"36521","M1","C4620083","14","1011","C4620083 M1","posttmt",0.120458527838034,"1011 posttmt","14 posttmt"
"36522","M1","C4620083","14","1012","C4620083 M1","posttmt",0.120393327707742,"1012 posttmt","14 posttmt"
"36523","M1","C4620083","14","1013","C4620083 M1","posttmt",0.120349064081206,"1013 posttmt","14 posttmt"
"36524","M1","C4620083","14","1014","C4620083 M1","posttmt",0.120268835162804,"1014 posttmt","14 posttmt"
"36525","M1","C4620083","14","1015","C4620083 M1","posttmt",0.120178480340375,"1015 posttmt","14 posttmt"
"36526","M1","C4620083","14","1016","C4620083 M1","posttmt",0.119193571397467,"1016 posttmt","14 posttmt"
"36527","M1","C4620083","14","1017","C4620083 M1","posttmt",0.118860034976445,"1017 posttmt","14 posttmt"
"36528","M1","C4620083","14","1018","C4620083 M1","posttmt",0.118423855659699,"1018 posttmt","14 posttmt"
"36529","M1","C4620083","14","1019","C4620083 M1","posttmt",0.118188426818473,"1019 posttmt","14 posttmt"
"36530","M1","C4620083","14","1020","C4620083 M1","posttmt",0.117560762656075,"1020 posttmt","14 posttmt"
"36531","M1","C4620083","14","1021","C4620083 M1","posttmt",0.11752287745924,"1021 posttmt","14 posttmt"
"36532","M1","C4620083","14","1022","C4620083 M1","posttmt",0.116751192789983,"1022 posttmt","14 posttmt"
"36533","M1","C4620083","14","1023","C4620083 M1","posttmt",0.116207307311679,"1023 posttmt","14 posttmt"
"36534","M1","C4620083","14","1024","C4620083 M1","posttmt",0.115815215848072,"1024 posttmt","14 posttmt"
"36535","M1","C4620083","14","1025","C4620083 M1","posttmt",0.115699252680914,"1025 posttmt","14 posttmt"
"36536","M1","C4620083","14","1026","C4620083 M1","posttmt",0.11555395721528,"1026 posttmt","14 posttmt"
"36537","M1","C4620083","14","1027","C4620083 M1","posttmt",0.115542843710717,"1027 posttmt","14 posttmt"
"36538","M1","C4620083","14","1028","C4620083 M1","posttmt",0.115173583206139,"1028 posttmt","14 posttmt"
"36539","M1","C4620083","14","1029","C4620083 M1","posttmt",0.112965856122296,"1029 posttmt","14 posttmt"
"36540","M1","C4620083","14","1030","C4620083 M1","posttmt",0.112762975267674,"1030 posttmt","14 posttmt"
"36541","M1","C4620083","14","1031","C4620083 M1","posttmt",0.112735588871004,"1031 posttmt","14 posttmt"
"36542","M1","C4620083","14","1032","C4620083 M1","posttmt",0.112691104410856,"1032 posttmt","14 posttmt"
"36543","M1","C4620083","14","1033","C4620083 M1","posttmt",0.112011775245786,"1033 posttmt","14 posttmt"
"36544","M1","C4620083","14","1034","C4620083 M1","posttmt",0.111704469901182,"1034 posttmt","14 posttmt"
"36545","M1","C4620083","14","1035","C4620083 M1","posttmt",0.111674472880878,"1035 posttmt","14 posttmt"
"36546","M1","C4620083","14","1036","C4620083 M1","posttmt",0.111335949176315,"1036 posttmt","14 posttmt"
"36547","M1","C4620083","14","1037","C4620083 M1","posttmt",0.110861194680246,"1037 posttmt","14 posttmt"
"36548","M1","C4620083","14","1038","C4620083 M1","posttmt",0.110609034653749,"1038 posttmt","14 posttmt"
"36549","M1","C4620083","14","1039","C4620083 M1","posttmt",0.110337705931408,"1039 posttmt","14 posttmt"
"36550","M1","C4620083","14","1040","C4620083 M1","posttmt",0.107254826636498,"1040 posttmt","14 posttmt"
"36551","M1","C4620083","14","1041","C4620083 M1","posttmt",0.107003405406465,"1041 posttmt","14 posttmt"
"36552","M1","C4620083","14","1042","C4620083 M1","posttmt",0.106979460048496,"1042 posttmt","14 posttmt"
"36553","M1","C4620083","14","1043","C4620083 M1","posttmt",0.10652296534347,"1043 posttmt","14 posttmt"
"36554","M1","C4620083","14","1044","C4620083 M1","posttmt",0.106270777397599,"1044 posttmt","14 posttmt"
"36555","M1","C4620083","14","1045","C4620083 M1","posttmt",0.105427305164766,"1045 posttmt","14 posttmt"
"36556","M1","C4620083","14","1046","C4620083 M1","posttmt",0.104626290371098,"1046 posttmt","14 posttmt"
"36557","M1","C4620083","14","1047","C4620083 M1","posttmt",0.104570685016293,"1047 posttmt","14 posttmt"
"36558","M1","C4620083","14","1048","C4620083 M1","posttmt",0.104551729595845,"1048 posttmt","14 posttmt"
"36559","M1","C4620083","14","1049","C4620083 M1","posttmt",0.103757182279053,"1049 posttmt","14 posttmt"
"36560","M1","C4620083","14","1050","C4620083 M1","posttmt",0.103043964074274,"1050 posttmt","14 posttmt"
"36561","M1","C4620083","14","1051","C4620083 M1","posttmt",0.101213729381402,"1051 posttmt","14 posttmt"
"36562","M1","C4620083","14","1052","C4620083 M1","posttmt",0.0998898383033295,"1052 posttmt","14 posttmt"
"36563","M1","C4620083","14","1053","C4620083 M1","posttmt",0.0997081681032945,"1053 posttmt","14 posttmt"
"36564","M1","C4620083","14","1054","C4620083 M1","posttmt",0.0983452537521591,"1054 posttmt","14 posttmt"
"36565","M1","C4620083","14","1055","C4620083 M1","posttmt",0.0983089436189667,"1055 posttmt","14 posttmt"
"36566","M1","C4620083","14","1056","C4620083 M1","posttmt",0.0974991915423419,"1056 posttmt","14 posttmt"
"36567","M1","C4620083","14","1057","C4620083 M1","posttmt",0.0974719684232133,"1057 posttmt","14 posttmt"
"36568","M1","C4620083","14","1058","C4620083 M1","posttmt",0.0967492314887416,"1058 posttmt","14 posttmt"
"36569","M1","C4620083","14","1059","C4620083 M1","posttmt",0.0962146693497691,"1059 posttmt","14 posttmt"
"36570","M1","C4620083","14","1060","C4620083 M1","posttmt",0.0956839959429235,"1060 posttmt","14 posttmt"
"36571","M1","C4620083","14","1061","C4620083 M1","posttmt",0.0956160868318466,"1061 posttmt","14 posttmt"
"36572","M1","C4620083","14","1062","C4620083 M1","posttmt",0.095585503895482,"1062 posttmt","14 posttmt"
"36573","M1","C4620083","14","1063","C4620083 M1","posttmt",0.0950126967582299,"1063 posttmt","14 posttmt"
"36574","M1","C4620083","14","1064","C4620083 M1","posttmt",0.0950119284304061,"1064 posttmt","14 posttmt"
"36575","M1","C4620083","14","1065","C4620083 M1","posttmt",0.0949403736339532,"1065 posttmt","14 posttmt"
"36576","M1","C4620083","14","1066","C4620083 M1","posttmt",0.0949154881294518,"1066 posttmt","14 posttmt"
"36577","M1","C4620083","14","1067","C4620083 M1","posttmt",0.0949085144773192,"1067 posttmt","14 posttmt"
"36578","M1","C4620083","14","1068","C4620083 M1","posttmt",0.0944908671492758,"1068 posttmt","14 posttmt"
"36579","M1","C4620083","14","1069","C4620083 M1","posttmt",0.0942155306565351,"1069 posttmt","14 posttmt"
"36580","M1","C4620083","14","1070","C4620083 M1","posttmt",0.0935944878320927,"1070 posttmt","14 posttmt"
"36581","M1","C4620083","14","1071","C4620083 M1","posttmt",0.0933617083404353,"1071 posttmt","14 posttmt"
"36582","M1","C4620083","14","1072","C4620083 M1","posttmt",0.0927349463551763,"1072 posttmt","14 posttmt"
"36583","M1","C4620083","14","1073","C4620083 M1","posttmt",0.0926607429630124,"1073 posttmt","14 posttmt"
"36584","M1","C4620083","14","1074","C4620083 M1","posttmt",0.0917349161926483,"1074 posttmt","14 posttmt"
"36585","M1","C4620083","14","1075","C4620083 M1","posttmt",0.0915048414509382,"1075 posttmt","14 posttmt"
"36586","M1","C4620083","14","1076","C4620083 M1","posttmt",0.0898661489088435,"1076 posttmt","14 posttmt"
"36587","M1","C4620083","14","1077","C4620083 M1","posttmt",0.0893875710900398,"1077 posttmt","14 posttmt"
"36588","M1","C4620083","14","1078","C4620083 M1","posttmt",0.0876590298359699,"1078 posttmt","14 posttmt"
"36589","M1","C4620083","14","1079","C4620083 M1","posttmt",0.0863234417649168,"1079 posttmt","14 posttmt"
"36590","M1","C4620083","14","1080","C4620083 M1","posttmt",0.0860892242423005,"1080 posttmt","14 posttmt"
"36591","M1","C4620083","14","1081","C4620083 M1","posttmt",0.0859841878881562,"1081 posttmt","14 posttmt"
"36592","M1","C4620083","14","1082","C4620083 M1","posttmt",0.084435638932511,"1082 posttmt","14 posttmt"
"36593","M1","C4620083","14","1083","C4620083 M1","posttmt",0.0829029917996011,"1083 posttmt","14 posttmt"
"36594","M1","C4620083","14","1084","C4620083 M1","posttmt",0.0827469098702625,"1084 posttmt","14 posttmt"
"36595","M1","C4620083","14","1085","C4620083 M1","posttmt",0.0820430138180072,"1085 posttmt","14 posttmt"
"36596","M1","C4620083","14","1086","C4620083 M1","posttmt",0.0817572483676639,"1086 posttmt","14 posttmt"
"36597","M1","C4620083","14","1087","C4620083 M1","posttmt",0.0816156390237883,"1087 posttmt","14 posttmt"
"36598","M1","C4620083","14","1088","C4620083 M1","posttmt",0.080494305335488,"1088 posttmt","14 posttmt"
"36599","M1","C4620083","14","1089","C4620083 M1","posttmt",0.0796302655800242,"1089 posttmt","14 posttmt"
"36600","M1","C4620083","14","1090","C4620083 M1","posttmt",0.0796202616496591,"1090 posttmt","14 posttmt"
"36601","M1","C4620083","14","1091","C4620083 M1","posttmt",0.0789179842135006,"1091 posttmt","14 posttmt"
"36602","M1","C4620083","14","1092","C4620083 M1","posttmt",0.0783557883155752,"1092 posttmt","14 posttmt"
"36603","M1","C4620083","14","1093","C4620083 M1","posttmt",0.0780453758956152,"1093 posttmt","14 posttmt"
"36604","M1","C4620083","14","1094","C4620083 M1","posttmt",0.0771706572234649,"1094 posttmt","14 posttmt"
"36605","M1","C4620083","14","1095","C4620083 M1","posttmt",0.0769625964971561,"1095 posttmt","14 posttmt"
"36606","M1","C4620083","14","1096","C4620083 M1","posttmt",0.0767158390168222,"1096 posttmt","14 posttmt"
"36607","M1","C4620083","14","1097","C4620083 M1","posttmt",0.0762802615563244,"1097 posttmt","14 posttmt"
"36608","M1","C4620083","14","1098","C4620083 M1","posttmt",0.0748351712567794,"1098 posttmt","14 posttmt"
"36609","M1","C4620083","14","1099","C4620083 M1","posttmt",0.0747991649311928,"1099 posttmt","14 posttmt"
"36610","M1","C4620083","14","1100","C4620083 M1","posttmt",0.0746712171529227,"1100 posttmt","14 posttmt"
"36611","M1","C4620083","14","1101","C4620083 M1","posttmt",0.0745515321278898,"1101 posttmt","14 posttmt"
"36612","M1","C4620083","14","1102","C4620083 M1","posttmt",0.0741765779432322,"1102 posttmt","14 posttmt"
"36613","M1","C4620083","14","1103","C4620083 M1","posttmt",0.0737177464742528,"1103 posttmt","14 posttmt"
"36614","M1","C4620083","14","1104","C4620083 M1","posttmt",0.0735545048702636,"1104 posttmt","14 posttmt"
"36615","M1","C4620083","14","1105","C4620083 M1","posttmt",0.0728136336692437,"1105 posttmt","14 posttmt"
"36616","M1","C4620083","14","1106","C4620083 M1","posttmt",0.0725188029556774,"1106 posttmt","14 posttmt"
"36617","M1","C4620083","14","1107","C4620083 M1","posttmt",0.0719901647293676,"1107 posttmt","14 posttmt"
"36618","M1","C4620083","14","1108","C4620083 M1","posttmt",0.0714445370903645,"1108 posttmt","14 posttmt"
"36619","M1","C4620083","14","1109","C4620083 M1","posttmt",0.0691926744924065,"1109 posttmt","14 posttmt"
"36620","M1","C4620083","14","1110","C4620083 M1","posttmt",0.0691224282847759,"1110 posttmt","14 posttmt"
"36621","M1","C4620083","14","1111","C4620083 M1","posttmt",0.0687136578990685,"1111 posttmt","14 posttmt"
"36622","M1","C4620083","14","1112","C4620083 M1","posttmt",0.0672777004299924,"1112 posttmt","14 posttmt"
"36623","M1","C4620083","14","1113","C4620083 M1","posttmt",0.0669887042897651,"1113 posttmt","14 posttmt"
"36624","M1","C4620083","14","1114","C4620083 M1","posttmt",0.0663913769426696,"1114 posttmt","14 posttmt"
"36625","M1","C4620083","14","1115","C4620083 M1","posttmt",0.064612478030234,"1115 posttmt","14 posttmt"
"36626","M1","C4620083","14","1116","C4620083 M1","posttmt",0.0642678959084529,"1116 posttmt","14 posttmt"
"36627","M1","C4620083","14","1117","C4620083 M1","posttmt",0.0620895508551882,"1117 posttmt","14 posttmt"
"36628","M1","C4620083","14","1118","C4620083 M1","posttmt",0.0617839001999411,"1118 posttmt","14 posttmt"
"36629","M1","C4620083","14","1119","C4620083 M1","posttmt",0.061731820571697,"1119 posttmt","14 posttmt"
"36630","M1","C4620083","14","1120","C4620083 M1","posttmt",0.0608065947819414,"1120 posttmt","14 posttmt"
"36631","M1","C4620083","14","1121","C4620083 M1","posttmt",0.0601750118967832,"1121 posttmt","14 posttmt"
"36632","M1","C4620083","14","1122","C4620083 M1","posttmt",0.0600107967368668,"1122 posttmt","14 posttmt"
"36633","M1","C4620083","14","1123","C4620083 M1","posttmt",0.0598919014464618,"1123 posttmt","14 posttmt"
"36634","M1","C4620083","14","1124","C4620083 M1","posttmt",0.0589044441344705,"1124 posttmt","14 posttmt"
"36635","M1","C4620083","14","1125","C4620083 M1","posttmt",0.0582282966168338,"1125 posttmt","14 posttmt"
"36636","M1","C4620083","14","1126","C4620083 M1","posttmt",0.0579659203990294,"1126 posttmt","14 posttmt"
"36637","M1","C4620083","14","1127","C4620083 M1","posttmt",0.0575796373278736,"1127 posttmt","14 posttmt"
"36638","M1","C4620083","14","1128","C4620083 M1","posttmt",0.0571484320005044,"1128 posttmt","14 posttmt"
"36639","M1","C4620083","14","1129","C4620083 M1","posttmt",0.0570033578116924,"1129 posttmt","14 posttmt"
"36640","M1","C4620083","14","1130","C4620083 M1","posttmt",0.0569834941674337,"1130 posttmt","14 posttmt"
"36641","M1","C4620083","14","1131","C4620083 M1","posttmt",0.0569450970198254,"1131 posttmt","14 posttmt"
"36642","M1","C4620083","14","1132","C4620083 M1","posttmt",0.0565664781048418,"1132 posttmt","14 posttmt"
"36643","M1","C4620083","14","1133","C4620083 M1","posttmt",0.0556185511364577,"1133 posttmt","14 posttmt"
"36644","M1","C4620083","14","1134","C4620083 M1","posttmt",0.0550677990513095,"1134 posttmt","14 posttmt"
"36645","M1","C4620083","14","1135","C4620083 M1","posttmt",0.0546585935331972,"1135 posttmt","14 posttmt"
"36646","M1","C4620083","14","1136","C4620083 M1","posttmt",0.0545745107175974,"1136 posttmt","14 posttmt"
"36647","M1","C4620083","14","1137","C4620083 M1","posttmt",0.0544687893753757,"1137 posttmt","14 posttmt"
"36648","M1","C4620083","14","1138","C4620083 M1","posttmt",0.0539380495816587,"1138 posttmt","14 posttmt"
"36649","M1","C4620083","14","1139","C4620083 M1","posttmt",0.0512053209070528,"1139 posttmt","14 posttmt"
"36650","M1","C4620083","14","1140","C4620083 M1","posttmt",0.0503657377313819,"1140 posttmt","14 posttmt"
"36651","M1","C4620083","14","1141","C4620083 M1","posttmt",0.0501739118977932,"1141 posttmt","14 posttmt"
"36652","M1","C4620083","14","1142","C4620083 M1","posttmt",0.0495318808092464,"1142 posttmt","14 posttmt"
"36653","M1","C4620083","14","1143","C4620083 M1","posttmt",0.0493594570704103,"1143 posttmt","14 posttmt"
"36654","M1","C4620083","14","1144","C4620083 M1","posttmt",0.047331876128708,"1144 posttmt","14 posttmt"
"36655","M1","C4620083","14","1145","C4620083 M1","posttmt",0.0461703318068641,"1145 posttmt","14 posttmt"
"36656","M1","C4620083","14","1146","C4620083 M1","posttmt",0.0461698798757097,"1146 posttmt","14 posttmt"
"36657","M1","C4620083","14","1147","C4620083 M1","posttmt",0.0457516875714611,"1147 posttmt","14 posttmt"
"36658","M1","C4620083","14","1148","C4620083 M1","posttmt",0.0455787732671083,"1148 posttmt","14 posttmt"
"36659","M1","C4620083","14","1149","C4620083 M1","posttmt",0.0447577447027608,"1149 posttmt","14 posttmt"
"36660","M1","C4620083","14","1150","C4620083 M1","posttmt",0.0433138056300852,"1150 posttmt","14 posttmt"
"36661","M1","C4620083","14","1151","C4620083 M1","posttmt",0.0397141877717469,"1151 posttmt","14 posttmt"
"36662","M1","C4620083","14","1152","C4620083 M1","posttmt",0.0389606017290559,"1152 posttmt","14 posttmt"
"36663","M1","C4620083","14","1153","C4620083 M1","posttmt",0.0362378493462645,"1153 posttmt","14 posttmt"
"36664","M1","C4620083","14","1154","C4620083 M1","posttmt",0.036072083268703,"1154 posttmt","14 posttmt"
"36665","M1","C4620083","14","1155","C4620083 M1","posttmt",0.0357307258557194,"1155 posttmt","14 posttmt"
"36666","M1","C4620083","14","1156","C4620083 M1","posttmt",0.0346798434767058,"1156 posttmt","14 posttmt"
"36667","M1","C4620083","14","1157","C4620083 M1","posttmt",0.032787022126318,"1157 posttmt","14 posttmt"
"36668","M1","C4620083","14","1158","C4620083 M1","posttmt",0.032391881395285,"1158 posttmt","14 posttmt"
"36669","M1","C4620083","14","1159","C4620083 M1","posttmt",0.0310349280057153,"1159 posttmt","14 posttmt"
"36670","M1","C4620083","14","1160","C4620083 M1","posttmt",0.0288506694077117,"1160 posttmt","14 posttmt"
"36671","M1","C4620083","14","1161","C4620083 M1","posttmt",0.0261943080269034,"1161 posttmt","14 posttmt"
"36672","M1","C4620083","14","1162","C4620083 M1","posttmt",0.0256349559780623,"1162 posttmt","14 posttmt"
"36673","M1","C4620083","14","1163","C4620083 M1","posttmt",0.0252921204603895,"1163 posttmt","14 posttmt"
"36674","M1","C4620083","14","1164","C4620083 M1","posttmt",0.0246234591331968,"1164 posttmt","14 posttmt"
"36675","M1","C4620083","14","1165","C4620083 M1","posttmt",0.0238970468881309,"1165 posttmt","14 posttmt"
"36676","M1","C4620083","14","1166","C4620083 M1","posttmt",0.0223782080013094,"1166 posttmt","14 posttmt"
"36677","M1","C4620083","14","1167","C4620083 M1","posttmt",0.0212318670313492,"1167 posttmt","14 posttmt"
"36678","M1","C4620083","14","1168","C4620083 M1","posttmt",0.0212103257449311,"1168 posttmt","14 posttmt"
"36679","M1","C4620083","14","1169","C4620083 M1","posttmt",0.0188523078829038,"1169 posttmt","14 posttmt"
"36680","M1","C4620083","14","1170","C4620083 M1","posttmt",0.018555598246051,"1170 posttmt","14 posttmt"
"36681","M1","C4620083","14","1171","C4620083 M1","posttmt",0.0184621047028937,"1171 posttmt","14 posttmt"
"36682","M1","C4620083","14","1172","C4620083 M1","posttmt",0.0172077516829467,"1172 posttmt","14 posttmt"
"36683","M1","C4620083","14","1173","C4620083 M1","posttmt",0.0168176920505393,"1173 posttmt","14 posttmt"
"36684","M1","C4620083","14","1174","C4620083 M1","posttmt",0.0155570861622996,"1174 posttmt","14 posttmt"
"36685","M1","C4620083","14","1175","C4620083 M1","posttmt",0.0120776399419721,"1175 posttmt","14 posttmt"
"36686","M1","C4620083","14","1176","C4620083 M1","posttmt",0.0115971904677383,"1176 posttmt","14 posttmt"
"36687","M1","C4620083","14","1177","C4620083 M1","posttmt",0.0105065782814148,"1177 posttmt","14 posttmt"
"36688","M1","C4620083","14","1178","C4620083 M1","posttmt",0.0104314514423074,"1178 posttmt","14 posttmt"
"36689","M1","C4620083","14","1179","C4620083 M1","posttmt",0.00977193938992715,"1179 posttmt","14 posttmt"
"36690","M1","C4620083","14","1180","C4620083 M1","posttmt",0.00538970538464572,"1180 posttmt","14 posttmt"
"36691","M1","C4620083","14","1181","C4620083 M1","posttmt",0.00462859853282676,"1181 posttmt","14 posttmt"
"36692","M1","C4620083","14","1182","C4620083 M1","posttmt",0.00418998820240013,"1182 posttmt","14 posttmt"
"36693","M1","C4620083","14","1183","C4620083 M1","posttmt",0.00398595719716962,"1183 posttmt","14 posttmt"
"36694","M1","C4620083","14","1184","C4620083 M1","posttmt",0.00284643072836107,"1184 posttmt","14 posttmt"
"36695","M1","C4620083","14","1185","C4620083 M1","posttmt",0.00269647700028536,"1185 posttmt","14 posttmt"
"36696","M1","C4620083","14","1186","C4620083 M1","posttmt",-0.00729405964625034,"1186 posttmt","14 posttmt"
"36697","M1","C4620083","14","1187","C4620083 M1","posttmt",-0.0112232320695704,"1187 posttmt","14 posttmt"
"36698","M1","C4620083","14","1188","C4620083 M1","posttmt",-0.0121754700740875,"1188 posttmt","14 posttmt"
"36699","M1","C4620083","14","1189","C4620083 M1","posttmt",-0.0132949858422255,"1189 posttmt","14 posttmt"
"36700","M1","C4620083","14","1190","C4620083 M1","posttmt",-0.0259011276788931,"1190 posttmt","14 posttmt"
"36701","M1","C4620083","14","1191","C4620083 M1","posttmt",-0.0339136186492825,"1191 posttmt","14 posttmt"
"36702","M1","C4620083","14","1192","C4620083 M1","posttmt",-0.0376954802286279,"1192 posttmt","14 posttmt"
"36703","M1","C4620083","14","1193","C4620083 M1","posttmt",-0.0485948406879283,"1193 posttmt","14 posttmt"
"36704","M1","C4620083","14","1194","C4620083 M1","posttmt",-0.0546929902336101,"1194 posttmt","14 posttmt"
"36705","M1","C4620083","14","1195","C4620083 M1","posttmt",-0.0865399678800808,"1195 posttmt","14 posttmt"
"36706","M2","C4620083","14","0","C4620083 M2","posttmt",0.07575959353844,"0 posttmt","14 posttmt"
"36707","M2","C4620083","14","1","C4620083 M2","posttmt",0.0672526091444709,"1 posttmt","14 posttmt"
"36708","M2","C4620083","14","2","C4620083 M2","posttmt",0.0665289665112361,"2 posttmt","14 posttmt"
"36709","M2","C4620083","14","3","C4620083 M2","posttmt",0.0656466165373659,"3 posttmt","14 posttmt"
"36710","M2","C4620083","14","4","C4620083 M2","posttmt",0.0645996680407237,"4 posttmt","14 posttmt"
"36711","M2","C4620083","14","5","C4620083 M2","posttmt",0.0630198130517069,"5 posttmt","14 posttmt"
"36712","M2","C4620083","14","6","C4620083 M2","posttmt",0.0606401821912257,"6 posttmt","14 posttmt"
"36713","M2","C4620083","14","7","C4620083 M2","posttmt",0.0599526817584279,"7 posttmt","14 posttmt"
"36714","M2","C4620083","14","8","C4620083 M2","posttmt",0.0599438168823871,"8 posttmt","14 posttmt"
"36715","M2","C4620083","14","9","C4620083 M2","posttmt",0.0596128612241484,"9 posttmt","14 posttmt"
"36716","M2","C4620083","14","10","C4620083 M2","posttmt",0.0588188189578191,"10 posttmt","14 posttmt"
"36717","M2","C4620083","14","11","C4620083 M2","posttmt",0.0573106993822732,"11 posttmt","14 posttmt"
"36718","M2","C4620083","14","12","C4620083 M2","posttmt",0.057151278076079,"12 posttmt","14 posttmt"
"36719","M2","C4620083","14","13","C4620083 M2","posttmt",0.0566370411375646,"13 posttmt","14 posttmt"
"36720","M2","C4620083","14","14","C4620083 M2","posttmt",0.056188291559479,"14 posttmt","14 posttmt"
"36721","M2","C4620083","14","15","C4620083 M2","posttmt",0.0552011763700964,"15 posttmt","14 posttmt"
"36722","M2","C4620083","14","16","C4620083 M2","posttmt",0.0550482329195447,"16 posttmt","14 posttmt"
"36723","M2","C4620083","14","17","C4620083 M2","posttmt",0.0545556225670128,"17 posttmt","14 posttmt"
"36724","M2","C4620083","14","18","C4620083 M2","posttmt",0.0537098316926373,"18 posttmt","14 posttmt"
"36725","M2","C4620083","14","19","C4620083 M2","posttmt",0.0524495665618859,"19 posttmt","14 posttmt"
"36726","M2","C4620083","14","20","C4620083 M2","posttmt",0.0521758107417935,"20 posttmt","14 posttmt"
"36727","M2","C4620083","14","21","C4620083 M2","posttmt",0.0512082487035572,"21 posttmt","14 posttmt"
"36728","M2","C4620083","14","22","C4620083 M2","posttmt",0.050499666853529,"22 posttmt","14 posttmt"
"36729","M2","C4620083","14","23","C4620083 M2","posttmt",0.0504874164334891,"23 posttmt","14 posttmt"
"36730","M2","C4620083","14","24","C4620083 M2","posttmt",0.0504699761013271,"24 posttmt","14 posttmt"
"36731","M2","C4620083","14","25","C4620083 M2","posttmt",0.0502293416847394,"25 posttmt","14 posttmt"
"36732","M2","C4620083","14","26","C4620083 M2","posttmt",0.0500378752839581,"26 posttmt","14 posttmt"
"36733","M2","C4620083","14","27","C4620083 M2","posttmt",0.0500371145359874,"27 posttmt","14 posttmt"
"36734","M2","C4620083","14","28","C4620083 M2","posttmt",0.0494291690777837,"28 posttmt","14 posttmt"
"36735","M2","C4620083","14","29","C4620083 M2","posttmt",0.0490678885479932,"29 posttmt","14 posttmt"
"36736","M2","C4620083","14","30","C4620083 M2","posttmt",0.0487458450134411,"30 posttmt","14 posttmt"
"36737","M2","C4620083","14","31","C4620083 M2","posttmt",0.0483765511811471,"31 posttmt","14 posttmt"
"36738","M2","C4620083","14","32","C4620083 M2","posttmt",0.0481747107849473,"32 posttmt","14 posttmt"
"36739","M2","C4620083","14","33","C4620083 M2","posttmt",0.0479582595014678,"33 posttmt","14 posttmt"
"36740","M2","C4620083","14","34","C4620083 M2","posttmt",0.0466018720255304,"34 posttmt","14 posttmt"
"36741","M2","C4620083","14","35","C4620083 M2","posttmt",0.0465572521841792,"35 posttmt","14 posttmt"
"36742","M2","C4620083","14","36","C4620083 M2","posttmt",0.04648315293836,"36 posttmt","14 posttmt"
"36743","M2","C4620083","14","37","C4620083 M2","posttmt",0.045839392355397,"37 posttmt","14 posttmt"
"36744","M2","C4620083","14","38","C4620083 M2","posttmt",0.0458000320688345,"38 posttmt","14 posttmt"
"36745","M2","C4620083","14","39","C4620083 M2","posttmt",0.0457765261907867,"39 posttmt","14 posttmt"
"36746","M2","C4620083","14","40","C4620083 M2","posttmt",0.0456403773607543,"40 posttmt","14 posttmt"
"36747","M2","C4620083","14","41","C4620083 M2","posttmt",0.0455120601568184,"41 posttmt","14 posttmt"
"36748","M2","C4620083","14","42","C4620083 M2","posttmt",0.0450388273089935,"42 posttmt","14 posttmt"
"36749","M2","C4620083","14","43","C4620083 M2","posttmt",0.0449823017330409,"43 posttmt","14 posttmt"
"36750","M2","C4620083","14","44","C4620083 M2","posttmt",0.0447515857116968,"44 posttmt","14 posttmt"
"36751","M2","C4620083","14","45","C4620083 M2","posttmt",0.0445051010057627,"45 posttmt","14 posttmt"
"36752","M2","C4620083","14","46","C4620083 M2","posttmt",0.0442925476215096,"46 posttmt","14 posttmt"
"36753","M2","C4620083","14","47","C4620083 M2","posttmt",0.0438957119744486,"47 posttmt","14 posttmt"
"36754","M2","C4620083","14","48","C4620083 M2","posttmt",0.0433790071792851,"48 posttmt","14 posttmt"
"36755","M2","C4620083","14","49","C4620083 M2","posttmt",0.0432127513561222,"49 posttmt","14 posttmt"
"36756","M2","C4620083","14","50","C4620083 M2","posttmt",0.0431647093257811,"50 posttmt","14 posttmt"
"36757","M2","C4620083","14","51","C4620083 M2","posttmt",0.0430435833504908,"51 posttmt","14 posttmt"
"36758","M2","C4620083","14","52","C4620083 M2","posttmt",0.0429778095041894,"52 posttmt","14 posttmt"
"36759","M2","C4620083","14","53","C4620083 M2","posttmt",0.0427635581638395,"53 posttmt","14 posttmt"
"36760","M2","C4620083","14","54","C4620083 M2","posttmt",0.042106992447735,"54 posttmt","14 posttmt"
"36761","M2","C4620083","14","55","C4620083 M2","posttmt",0.0419749105377281,"55 posttmt","14 posttmt"
"36762","M2","C4620083","14","56","C4620083 M2","posttmt",0.0418724746552819,"56 posttmt","14 posttmt"
"36763","M2","C4620083","14","57","C4620083 M2","posttmt",0.041827734414964,"57 posttmt","14 posttmt"
"36764","M2","C4620083","14","58","C4620083 M2","posttmt",0.0413319019620104,"58 posttmt","14 posttmt"
"36765","M2","C4620083","14","59","C4620083 M2","posttmt",0.0412830999854397,"59 posttmt","14 posttmt"
"36766","M2","C4620083","14","60","C4620083 M2","posttmt",0.0412040821478402,"60 posttmt","14 posttmt"
"36767","M2","C4620083","14","61","C4620083 M2","posttmt",0.0411547614780869,"61 posttmt","14 posttmt"
"36768","M2","C4620083","14","62","C4620083 M2","posttmt",0.0407523505932582,"62 posttmt","14 posttmt"
"36769","M2","C4620083","14","63","C4620083 M2","posttmt",0.0406798760556623,"63 posttmt","14 posttmt"
"36770","M2","C4620083","14","64","C4620083 M2","posttmt",0.0406592486405049,"64 posttmt","14 posttmt"
"36771","M2","C4620083","14","65","C4620083 M2","posttmt",0.0403855292211518,"65 posttmt","14 posttmt"
"36772","M2","C4620083","14","66","C4620083 M2","posttmt",0.0400767475165846,"66 posttmt","14 posttmt"
"36773","M2","C4620083","14","67","C4620083 M2","posttmt",0.0398572727855897,"67 posttmt","14 posttmt"
"36774","M2","C4620083","14","68","C4620083 M2","posttmt",0.0394290848982999,"68 posttmt","14 posttmt"
"36775","M2","C4620083","14","69","C4620083 M2","posttmt",0.0393755456031953,"69 posttmt","14 posttmt"
"36776","M2","C4620083","14","70","C4620083 M2","posttmt",0.0393114857730096,"70 posttmt","14 posttmt"
"36777","M2","C4620083","14","71","C4620083 M2","posttmt",0.0391049944568268,"71 posttmt","14 posttmt"
"36778","M2","C4620083","14","72","C4620083 M2","posttmt",0.0383016044993055,"72 posttmt","14 posttmt"
"36779","M2","C4620083","14","73","C4620083 M2","posttmt",0.0378733750360803,"73 posttmt","14 posttmt"
"36780","M2","C4620083","14","74","C4620083 M2","posttmt",0.0378634380087573,"74 posttmt","14 posttmt"
"36781","M2","C4620083","14","75","C4620083 M2","posttmt",0.037833771518231,"75 posttmt","14 posttmt"
"36782","M2","C4620083","14","76","C4620083 M2","posttmt",0.0376706638145552,"76 posttmt","14 posttmt"
"36783","M2","C4620083","14","77","C4620083 M2","posttmt",0.03767027791871,"77 posttmt","14 posttmt"
"36784","M2","C4620083","14","78","C4620083 M2","posttmt",0.0376201560461751,"78 posttmt","14 posttmt"
"36785","M2","C4620083","14","79","C4620083 M2","posttmt",0.0375751891410655,"79 posttmt","14 posttmt"
"36786","M2","C4620083","14","80","C4620083 M2","posttmt",0.037354231367175,"80 posttmt","14 posttmt"
"36787","M2","C4620083","14","81","C4620083 M2","posttmt",0.0372780298539324,"81 posttmt","14 posttmt"
"36788","M2","C4620083","14","82","C4620083 M2","posttmt",0.0368710281939073,"82 posttmt","14 posttmt"
"36789","M2","C4620083","14","83","C4620083 M2","posttmt",0.0366820830457182,"83 posttmt","14 posttmt"
"36790","M2","C4620083","14","84","C4620083 M2","posttmt",0.0362222152244173,"84 posttmt","14 posttmt"
"36791","M2","C4620083","14","85","C4620083 M2","posttmt",0.0360576563086235,"85 posttmt","14 posttmt"
"36792","M2","C4620083","14","86","C4620083 M2","posttmt",0.035996405823326,"86 posttmt","14 posttmt"
"36793","M2","C4620083","14","87","C4620083 M2","posttmt",0.0359306404697337,"87 posttmt","14 posttmt"
"36794","M2","C4620083","14","88","C4620083 M2","posttmt",0.0356407960659022,"88 posttmt","14 posttmt"
"36795","M2","C4620083","14","89","C4620083 M2","posttmt",0.0354717282561803,"89 posttmt","14 posttmt"
"36796","M2","C4620083","14","90","C4620083 M2","posttmt",0.035300763060707,"90 posttmt","14 posttmt"
"36797","M2","C4620083","14","91","C4620083 M2","posttmt",0.0352883188740531,"91 posttmt","14 posttmt"
"36798","M2","C4620083","14","92","C4620083 M2","posttmt",0.0347975247832868,"92 posttmt","14 posttmt"
"36799","M2","C4620083","14","93","C4620083 M2","posttmt",0.0343568141675235,"93 posttmt","14 posttmt"
"36800","M2","C4620083","14","94","C4620083 M2","posttmt",0.03423837356971,"94 posttmt","14 posttmt"
"36801","M2","C4620083","14","95","C4620083 M2","posttmt",0.0341357532378536,"95 posttmt","14 posttmt"
"36802","M2","C4620083","14","96","C4620083 M2","posttmt",0.0341187816568911,"96 posttmt","14 posttmt"
"36803","M2","C4620083","14","97","C4620083 M2","posttmt",0.0339490951987948,"97 posttmt","14 posttmt"
"36804","M2","C4620083","14","98","C4620083 M2","posttmt",0.0338573746960981,"98 posttmt","14 posttmt"
"36805","M2","C4620083","14","99","C4620083 M2","posttmt",0.0338011206458954,"99 posttmt","14 posttmt"
"36806","M2","C4620083","14","100","C4620083 M2","posttmt",0.0337936492996822,"100 posttmt","14 posttmt"
"36807","M2","C4620083","14","101","C4620083 M2","posttmt",0.0333985142557158,"101 posttmt","14 posttmt"
"36808","M2","C4620083","14","102","C4620083 M2","posttmt",0.0333670445866554,"102 posttmt","14 posttmt"
"36809","M2","C4620083","14","103","C4620083 M2","posttmt",0.0332466309168544,"103 posttmt","14 posttmt"
"36810","M2","C4620083","14","104","C4620083 M2","posttmt",0.0332049946902054,"104 posttmt","14 posttmt"
"36811","M2","C4620083","14","105","C4620083 M2","posttmt",0.0331634973186379,"105 posttmt","14 posttmt"
"36812","M2","C4620083","14","106","C4620083 M2","posttmt",0.0325533275131938,"106 posttmt","14 posttmt"
"36813","M2","C4620083","14","107","C4620083 M2","posttmt",0.032543331915024,"107 posttmt","14 posttmt"
"36814","M2","C4620083","14","108","C4620083 M2","posttmt",0.0323042551347027,"108 posttmt","14 posttmt"
"36815","M2","C4620083","14","109","C4620083 M2","posttmt",0.0322695278035927,"109 posttmt","14 posttmt"
"36816","M2","C4620083","14","110","C4620083 M2","posttmt",0.032252006911555,"110 posttmt","14 posttmt"
"36817","M2","C4620083","14","111","C4620083 M2","posttmt",0.031492768106837,"111 posttmt","14 posttmt"
"36818","M2","C4620083","14","112","C4620083 M2","posttmt",0.031069849117151,"112 posttmt","14 posttmt"
"36819","M2","C4620083","14","113","C4620083 M2","posttmt",0.0308056447488894,"113 posttmt","14 posttmt"
"36820","M2","C4620083","14","114","C4620083 M2","posttmt",0.0306819231813525,"114 posttmt","14 posttmt"
"36821","M2","C4620083","14","115","C4620083 M2","posttmt",0.0301824551015602,"115 posttmt","14 posttmt"
"36822","M2","C4620083","14","116","C4620083 M2","posttmt",0.0300494370064634,"116 posttmt","14 posttmt"
"36823","M2","C4620083","14","117","C4620083 M2","posttmt",0.0300484153120483,"117 posttmt","14 posttmt"
"36824","M2","C4620083","14","118","C4620083 M2","posttmt",0.0297201615403826,"118 posttmt","14 posttmt"
"36825","M2","C4620083","14","119","C4620083 M2","posttmt",0.0297010316679957,"119 posttmt","14 posttmt"
"36826","M2","C4620083","14","120","C4620083 M2","posttmt",0.0295178929943114,"120 posttmt","14 posttmt"
"36827","M2","C4620083","14","121","C4620083 M2","posttmt",0.0294594163845865,"121 posttmt","14 posttmt"
"36828","M2","C4620083","14","122","C4620083 M2","posttmt",0.0294083677216399,"122 posttmt","14 posttmt"
"36829","M2","C4620083","14","123","C4620083 M2","posttmt",0.0292367140186517,"123 posttmt","14 posttmt"
"36830","M2","C4620083","14","124","C4620083 M2","posttmt",0.0290721788991945,"124 posttmt","14 posttmt"
"36831","M2","C4620083","14","125","C4620083 M2","posttmt",0.0289653245747972,"125 posttmt","14 posttmt"
"36832","M2","C4620083","14","126","C4620083 M2","posttmt",0.0289497759009143,"126 posttmt","14 posttmt"
"36833","M2","C4620083","14","127","C4620083 M2","posttmt",0.0288564140506363,"127 posttmt","14 posttmt"
"36834","M2","C4620083","14","128","C4620083 M2","posttmt",0.0287425161575049,"128 posttmt","14 posttmt"
"36835","M2","C4620083","14","129","C4620083 M2","posttmt",0.0286009278975004,"129 posttmt","14 posttmt"
"36836","M2","C4620083","14","130","C4620083 M2","posttmt",0.0283424941817939,"130 posttmt","14 posttmt"
"36837","M2","C4620083","14","131","C4620083 M2","posttmt",0.0281374228043268,"131 posttmt","14 posttmt"
"36838","M2","C4620083","14","132","C4620083 M2","posttmt",0.0280275161970518,"132 posttmt","14 posttmt"
"36839","M2","C4620083","14","133","C4620083 M2","posttmt",0.0279898161971797,"133 posttmt","14 posttmt"
"36840","M2","C4620083","14","134","C4620083 M2","posttmt",0.0279121689917252,"134 posttmt","14 posttmt"
"36841","M2","C4620083","14","135","C4620083 M2","posttmt",0.0278730035089952,"135 posttmt","14 posttmt"
"36842","M2","C4620083","14","136","C4620083 M2","posttmt",0.0276058372868864,"136 posttmt","14 posttmt"
"36843","M2","C4620083","14","137","C4620083 M2","posttmt",0.0273408247216329,"137 posttmt","14 posttmt"
"36844","M2","C4620083","14","138","C4620083 M2","posttmt",0.027334286865723,"138 posttmt","14 posttmt"
"36845","M2","C4620083","14","139","C4620083 M2","posttmt",0.0272024957743021,"139 posttmt","14 posttmt"
"36846","M2","C4620083","14","140","C4620083 M2","posttmt",0.0271852416927432,"140 posttmt","14 posttmt"
"36847","M2","C4620083","14","141","C4620083 M2","posttmt",0.0269898124912633,"141 posttmt","14 posttmt"
"36848","M2","C4620083","14","142","C4620083 M2","posttmt",0.0269880018806997,"142 posttmt","14 posttmt"
"36849","M2","C4620083","14","143","C4620083 M2","posttmt",0.0268658247906601,"143 posttmt","14 posttmt"
"36850","M2","C4620083","14","144","C4620083 M2","posttmt",0.0266237108756191,"144 posttmt","14 posttmt"
"36851","M2","C4620083","14","145","C4620083 M2","posttmt",0.0263290685591168,"145 posttmt","14 posttmt"
"36852","M2","C4620083","14","146","C4620083 M2","posttmt",0.0263198877628834,"146 posttmt","14 posttmt"
"36853","M2","C4620083","14","147","C4620083 M2","posttmt",0.0262825080034446,"147 posttmt","14 posttmt"
"36854","M2","C4620083","14","148","C4620083 M2","posttmt",0.026194094460017,"148 posttmt","14 posttmt"
"36855","M2","C4620083","14","149","C4620083 M2","posttmt",0.0257757342846166,"149 posttmt","14 posttmt"
"36856","M2","C4620083","14","150","C4620083 M2","posttmt",0.0256609273296548,"150 posttmt","14 posttmt"
"36857","M2","C4620083","14","151","C4620083 M2","posttmt",0.0256148364443708,"151 posttmt","14 posttmt"
"36858","M2","C4620083","14","152","C4620083 M2","posttmt",0.0251386267480293,"152 posttmt","14 posttmt"
"36859","M2","C4620083","14","153","C4620083 M2","posttmt",0.0251014860369508,"153 posttmt","14 posttmt"
"36860","M2","C4620083","14","154","C4620083 M2","posttmt",0.02505065590112,"154 posttmt","14 posttmt"
"36861","M2","C4620083","14","155","C4620083 M2","posttmt",0.0250289403642082,"155 posttmt","14 posttmt"
"36862","M2","C4620083","14","156","C4620083 M2","posttmt",0.0249998739650719,"156 posttmt","14 posttmt"
"36863","M2","C4620083","14","157","C4620083 M2","posttmt",0.0248654592561979,"157 posttmt","14 posttmt"
"36864","M2","C4620083","14","158","C4620083 M2","posttmt",0.0248586039522654,"158 posttmt","14 posttmt"
"36865","M2","C4620083","14","159","C4620083 M2","posttmt",0.0247577197297494,"159 posttmt","14 posttmt"
"36866","M2","C4620083","14","160","C4620083 M2","posttmt",0.0247236688673019,"160 posttmt","14 posttmt"
"36867","M2","C4620083","14","161","C4620083 M2","posttmt",0.0245449417649451,"161 posttmt","14 posttmt"
"36868","M2","C4620083","14","162","C4620083 M2","posttmt",0.0244864393658692,"162 posttmt","14 posttmt"
"36869","M2","C4620083","14","163","C4620083 M2","posttmt",0.024477745409438,"163 posttmt","14 posttmt"
"36870","M2","C4620083","14","164","C4620083 M2","posttmt",0.0244083363858164,"164 posttmt","14 posttmt"
"36871","M2","C4620083","14","165","C4620083 M2","posttmt",0.0242939640988948,"165 posttmt","14 posttmt"
"36872","M2","C4620083","14","166","C4620083 M2","posttmt",0.0241847663413908,"166 posttmt","14 posttmt"
"36873","M2","C4620083","14","167","C4620083 M2","posttmt",0.024153992400519,"167 posttmt","14 posttmt"
"36874","M2","C4620083","14","168","C4620083 M2","posttmt",0.0240097961143827,"168 posttmt","14 posttmt"
"36875","M2","C4620083","14","169","C4620083 M2","posttmt",0.0239071466764745,"169 posttmt","14 posttmt"
"36876","M2","C4620083","14","170","C4620083 M2","posttmt",0.0238184011142692,"170 posttmt","14 posttmt"
"36877","M2","C4620083","14","171","C4620083 M2","posttmt",0.0237930595029132,"171 posttmt","14 posttmt"
"36878","M2","C4620083","14","172","C4620083 M2","posttmt",0.0235242880878577,"172 posttmt","14 posttmt"
"36879","M2","C4620083","14","173","C4620083 M2","posttmt",0.0234688675704054,"173 posttmt","14 posttmt"
"36880","M2","C4620083","14","174","C4620083 M2","posttmt",0.0234447817339528,"174 posttmt","14 posttmt"
"36881","M2","C4620083","14","175","C4620083 M2","posttmt",0.0233078560485903,"175 posttmt","14 posttmt"
"36882","M2","C4620083","14","176","C4620083 M2","posttmt",0.0233049011911524,"176 posttmt","14 posttmt"
"36883","M2","C4620083","14","177","C4620083 M2","posttmt",0.0232467328965171,"177 posttmt","14 posttmt"
"36884","M2","C4620083","14","178","C4620083 M2","posttmt",0.0231083132947507,"178 posttmt","14 posttmt"
"36885","M2","C4620083","14","179","C4620083 M2","posttmt",0.0230971678606581,"179 posttmt","14 posttmt"
"36886","M2","C4620083","14","180","C4620083 M2","posttmt",0.0230254304371189,"180 posttmt","14 posttmt"
"36887","M2","C4620083","14","181","C4620083 M2","posttmt",0.0229684944951482,"181 posttmt","14 posttmt"
"36888","M2","C4620083","14","182","C4620083 M2","posttmt",0.022900965449079,"182 posttmt","14 posttmt"
"36889","M2","C4620083","14","183","C4620083 M2","posttmt",0.0227765022713756,"183 posttmt","14 posttmt"
"36890","M2","C4620083","14","184","C4620083 M2","posttmt",0.0227514363190156,"184 posttmt","14 posttmt"
"36891","M2","C4620083","14","185","C4620083 M2","posttmt",0.0226513469329877,"185 posttmt","14 posttmt"
"36892","M2","C4620083","14","186","C4620083 M2","posttmt",0.0223469800026385,"186 posttmt","14 posttmt"
"36893","M2","C4620083","14","187","C4620083 M2","posttmt",0.0223402830294351,"187 posttmt","14 posttmt"
"36894","M2","C4620083","14","188","C4620083 M2","posttmt",0.0222081382376413,"188 posttmt","14 posttmt"
"36895","M2","C4620083","14","189","C4620083 M2","posttmt",0.0220069196683205,"189 posttmt","14 posttmt"
"36896","M2","C4620083","14","190","C4620083 M2","posttmt",0.0219791669094249,"190 posttmt","14 posttmt"
"36897","M2","C4620083","14","191","C4620083 M2","posttmt",0.0219305737234459,"191 posttmt","14 posttmt"
"36898","M2","C4620083","14","192","C4620083 M2","posttmt",0.0219079849977748,"192 posttmt","14 posttmt"
"36899","M2","C4620083","14","193","C4620083 M2","posttmt",0.0218841576663626,"193 posttmt","14 posttmt"
"36900","M2","C4620083","14","194","C4620083 M2","posttmt",0.0217487080227291,"194 posttmt","14 posttmt"
"36901","M2","C4620083","14","195","C4620083 M2","posttmt",0.0217258026706626,"195 posttmt","14 posttmt"
"36902","M2","C4620083","14","196","C4620083 M2","posttmt",0.0216501116790208,"196 posttmt","14 posttmt"
"36903","M2","C4620083","14","197","C4620083 M2","posttmt",0.0214632447072446,"197 posttmt","14 posttmt"
"36904","M2","C4620083","14","198","C4620083 M2","posttmt",0.0214258047620935,"198 posttmt","14 posttmt"
"36905","M2","C4620083","14","199","C4620083 M2","posttmt",0.0214040075837073,"199 posttmt","14 posttmt"
"36906","M2","C4620083","14","200","C4620083 M2","posttmt",0.021307281266202,"200 posttmt","14 posttmt"
"36907","M2","C4620083","14","201","C4620083 M2","posttmt",0.0213058498462012,"201 posttmt","14 posttmt"
"36908","M2","C4620083","14","202","C4620083 M2","posttmt",0.0212978449871719,"202 posttmt","14 posttmt"
"36909","M2","C4620083","14","203","C4620083 M2","posttmt",0.0211082677798964,"203 posttmt","14 posttmt"
"36910","M2","C4620083","14","204","C4620083 M2","posttmt",0.0209866366687887,"204 posttmt","14 posttmt"
"36911","M2","C4620083","14","205","C4620083 M2","posttmt",0.0208122084487391,"205 posttmt","14 posttmt"
"36912","M2","C4620083","14","206","C4620083 M2","posttmt",0.0208068549090083,"206 posttmt","14 posttmt"
"36913","M2","C4620083","14","207","C4620083 M2","posttmt",0.0208050210285998,"207 posttmt","14 posttmt"
"36914","M2","C4620083","14","208","C4620083 M2","posttmt",0.0207995040655236,"208 posttmt","14 posttmt"
"36915","M2","C4620083","14","209","C4620083 M2","posttmt",0.0206731660985063,"209 posttmt","14 posttmt"
"36916","M2","C4620083","14","210","C4620083 M2","posttmt",0.0206354228159719,"210 posttmt","14 posttmt"
"36917","M2","C4620083","14","211","C4620083 M2","posttmt",0.0204512416161882,"211 posttmt","14 posttmt"
"36918","M2","C4620083","14","212","C4620083 M2","posttmt",0.0204450278332607,"212 posttmt","14 posttmt"
"36919","M2","C4620083","14","213","C4620083 M2","posttmt",0.0202591535613696,"213 posttmt","14 posttmt"
"36920","M2","C4620083","14","214","C4620083 M2","posttmt",0.0202524186461496,"214 posttmt","14 posttmt"
"36921","M2","C4620083","14","215","C4620083 M2","posttmt",0.0201498361566404,"215 posttmt","14 posttmt"
"36922","M2","C4620083","14","216","C4620083 M2","posttmt",0.0201396334373071,"216 posttmt","14 posttmt"
"36923","M2","C4620083","14","217","C4620083 M2","posttmt",0.0201385441287168,"217 posttmt","14 posttmt"
"36924","M2","C4620083","14","218","C4620083 M2","posttmt",0.0200087554764638,"218 posttmt","14 posttmt"
"36925","M2","C4620083","14","219","C4620083 M2","posttmt",0.0200065958285207,"219 posttmt","14 posttmt"
"36926","M2","C4620083","14","220","C4620083 M2","posttmt",0.0195023912221956,"220 posttmt","14 posttmt"
"36927","M2","C4620083","14","221","C4620083 M2","posttmt",0.0194367395905588,"221 posttmt","14 posttmt"
"36928","M2","C4620083","14","222","C4620083 M2","posttmt",0.0193370468861868,"222 posttmt","14 posttmt"
"36929","M2","C4620083","14","223","C4620083 M2","posttmt",0.0192992273416795,"223 posttmt","14 posttmt"
"36930","M2","C4620083","14","224","C4620083 M2","posttmt",0.0190843670812347,"224 posttmt","14 posttmt"
"36931","M2","C4620083","14","225","C4620083 M2","posttmt",0.0188862545215797,"225 posttmt","14 posttmt"
"36932","M2","C4620083","14","226","C4620083 M2","posttmt",0.0188215165764337,"226 posttmt","14 posttmt"
"36933","M2","C4620083","14","227","C4620083 M2","posttmt",0.0187743680481001,"227 posttmt","14 posttmt"
"36934","M2","C4620083","14","228","C4620083 M2","posttmt",0.0187267115429204,"228 posttmt","14 posttmt"
"36935","M2","C4620083","14","229","C4620083 M2","posttmt",0.0185968292947065,"229 posttmt","14 posttmt"
"36936","M2","C4620083","14","230","C4620083 M2","posttmt",0.018523822311417,"230 posttmt","14 posttmt"
"36937","M2","C4620083","14","231","C4620083 M2","posttmt",0.018275567631114,"231 posttmt","14 posttmt"
"36938","M2","C4620083","14","232","C4620083 M2","posttmt",0.0181152471380202,"232 posttmt","14 posttmt"
"36939","M2","C4620083","14","233","C4620083 M2","posttmt",0.018100350919096,"233 posttmt","14 posttmt"
"36940","M2","C4620083","14","234","C4620083 M2","posttmt",0.0180934469815237,"234 posttmt","14 posttmt"
"36941","M2","C4620083","14","235","C4620083 M2","posttmt",0.0180643543651947,"235 posttmt","14 posttmt"
"36942","M2","C4620083","14","236","C4620083 M2","posttmt",0.0179858603678335,"236 posttmt","14 posttmt"
"36943","M2","C4620083","14","237","C4620083 M2","posttmt",0.0179622782540156,"237 posttmt","14 posttmt"
"36944","M2","C4620083","14","238","C4620083 M2","posttmt",0.0178027437898478,"238 posttmt","14 posttmt"
"36945","M2","C4620083","14","239","C4620083 M2","posttmt",0.0175853318090113,"239 posttmt","14 posttmt"
"36946","M2","C4620083","14","240","C4620083 M2","posttmt",0.017514924257524,"240 posttmt","14 posttmt"
"36947","M2","C4620083","14","241","C4620083 M2","posttmt",0.0174254964063803,"241 posttmt","14 posttmt"
"36948","M2","C4620083","14","242","C4620083 M2","posttmt",0.017419228867263,"242 posttmt","14 posttmt"
"36949","M2","C4620083","14","243","C4620083 M2","posttmt",0.0174006410862036,"243 posttmt","14 posttmt"
"36950","M2","C4620083","14","244","C4620083 M2","posttmt",0.0173859921887804,"244 posttmt","14 posttmt"
"36951","M2","C4620083","14","245","C4620083 M2","posttmt",0.0173221736140248,"245 posttmt","14 posttmt"
"36952","M2","C4620083","14","246","C4620083 M2","posttmt",0.0172743713194486,"246 posttmt","14 posttmt"
"36953","M2","C4620083","14","247","C4620083 M2","posttmt",0.0172574508908168,"247 posttmt","14 posttmt"
"36954","M2","C4620083","14","248","C4620083 M2","posttmt",0.0169792320169556,"248 posttmt","14 posttmt"
"36955","M2","C4620083","14","249","C4620083 M2","posttmt",0.0169532214395027,"249 posttmt","14 posttmt"
"36956","M2","C4620083","14","250","C4620083 M2","posttmt",0.0169355192813801,"250 posttmt","14 posttmt"
"36957","M2","C4620083","14","251","C4620083 M2","posttmt",0.0168737825489487,"251 posttmt","14 posttmt"
"36958","M2","C4620083","14","252","C4620083 M2","posttmt",0.0168519641208181,"252 posttmt","14 posttmt"
"36959","M2","C4620083","14","253","C4620083 M2","posttmt",0.0167968596723827,"253 posttmt","14 posttmt"
"36960","M2","C4620083","14","254","C4620083 M2","posttmt",0.0167266496229518,"254 posttmt","14 posttmt"
"36961","M2","C4620083","14","255","C4620083 M2","posttmt",0.0161391820480246,"255 posttmt","14 posttmt"
"36962","M2","C4620083","14","256","C4620083 M2","posttmt",0.0161144786608521,"256 posttmt","14 posttmt"
"36963","M2","C4620083","14","257","C4620083 M2","posttmt",0.0160021648401794,"257 posttmt","14 posttmt"
"36964","M2","C4620083","14","258","C4620083 M2","posttmt",0.015969881351356,"258 posttmt","14 posttmt"
"36965","M2","C4620083","14","259","C4620083 M2","posttmt",0.0159350818145936,"259 posttmt","14 posttmt"
"36966","M2","C4620083","14","260","C4620083 M2","posttmt",0.0157222179533286,"260 posttmt","14 posttmt"
"36967","M2","C4620083","14","261","C4620083 M2","posttmt",0.0155687591211985,"261 posttmt","14 posttmt"
"36968","M2","C4620083","14","262","C4620083 M2","posttmt",0.0154236911727623,"262 posttmt","14 posttmt"
"36969","M2","C4620083","14","263","C4620083 M2","posttmt",0.0151880495870591,"263 posttmt","14 posttmt"
"36970","M2","C4620083","14","264","C4620083 M2","posttmt",0.0151707985823568,"264 posttmt","14 posttmt"
"36971","M2","C4620083","14","265","C4620083 M2","posttmt",0.0147756708763558,"265 posttmt","14 posttmt"
"36972","M2","C4620083","14","266","C4620083 M2","posttmt",0.0147516664402332,"266 posttmt","14 posttmt"
"36973","M2","C4620083","14","267","C4620083 M2","posttmt",0.0145601082826434,"267 posttmt","14 posttmt"
"36974","M2","C4620083","14","268","C4620083 M2","posttmt",0.0143412571060096,"268 posttmt","14 posttmt"
"36975","M2","C4620083","14","269","C4620083 M2","posttmt",0.0142727504414349,"269 posttmt","14 posttmt"
"36976","M2","C4620083","14","270","C4620083 M2","posttmt",0.0142673488277304,"270 posttmt","14 posttmt"
"36977","M2","C4620083","14","271","C4620083 M2","posttmt",0.0134200058639434,"271 posttmt","14 posttmt"
"36978","M2","C4620083","14","272","C4620083 M2","posttmt",0.0132813922931656,"272 posttmt","14 posttmt"
"36979","M2","C4620083","14","273","C4620083 M2","posttmt",0.0131261370433157,"273 posttmt","14 posttmt"
"36980","M2","C4620083","14","274","C4620083 M2","posttmt",0.0130906283056706,"274 posttmt","14 posttmt"
"36981","M2","C4620083","14","275","C4620083 M2","posttmt",0.0130571411782003,"275 posttmt","14 posttmt"
"36982","M2","C4620083","14","276","C4620083 M2","posttmt",0.0130298140680742,"276 posttmt","14 posttmt"
"36983","M2","C4620083","14","277","C4620083 M2","posttmt",0.0129338188453507,"277 posttmt","14 posttmt"
"36984","M2","C4620083","14","278","C4620083 M2","posttmt",0.0128824882267159,"278 posttmt","14 posttmt"
"36985","M2","C4620083","14","279","C4620083 M2","posttmt",0.0126024377095453,"279 posttmt","14 posttmt"
"36986","M2","C4620083","14","280","C4620083 M2","posttmt",0.0124473024836117,"280 posttmt","14 posttmt"
"36987","M2","C4620083","14","281","C4620083 M2","posttmt",0.0124043747738628,"281 posttmt","14 posttmt"
"36988","M2","C4620083","14","282","C4620083 M2","posttmt",0.0122710004065646,"282 posttmt","14 posttmt"
"36989","M2","C4620083","14","283","C4620083 M2","posttmt",0.0122038699358611,"283 posttmt","14 posttmt"
"36990","M2","C4620083","14","284","C4620083 M2","posttmt",0.0121439362622625,"284 posttmt","14 posttmt"
"36991","M2","C4620083","14","285","C4620083 M2","posttmt",0.0121275682876799,"285 posttmt","14 posttmt"
"36992","M2","C4620083","14","286","C4620083 M2","posttmt",0.0120949616246171,"286 posttmt","14 posttmt"
"36993","M2","C4620083","14","287","C4620083 M2","posttmt",0.0120578248097328,"287 posttmt","14 posttmt"
"36994","M2","C4620083","14","288","C4620083 M2","posttmt",0.0119957666849985,"288 posttmt","14 posttmt"
"36995","M2","C4620083","14","289","C4620083 M2","posttmt",0.0118522200816336,"289 posttmt","14 posttmt"
"36996","M2","C4620083","14","290","C4620083 M2","posttmt",0.0115810704427821,"290 posttmt","14 posttmt"
"36997","M2","C4620083","14","291","C4620083 M2","posttmt",0.0113566647295811,"291 posttmt","14 posttmt"
"36998","M2","C4620083","14","292","C4620083 M2","posttmt",0.0110712777440466,"292 posttmt","14 posttmt"
"36999","M2","C4620083","14","293","C4620083 M2","posttmt",0.0110382917948091,"293 posttmt","14 posttmt"
"37000","M2","C4620083","14","294","C4620083 M2","posttmt",0.0107028994700647,"294 posttmt","14 posttmt"
"37001","M2","C4620083","14","295","C4620083 M2","posttmt",0.0105763431096243,"295 posttmt","14 posttmt"
"37002","M2","C4620083","14","296","C4620083 M2","posttmt",0.0105410644231119,"296 posttmt","14 posttmt"
"37003","M2","C4620083","14","297","C4620083 M2","posttmt",0.0105175205336182,"297 posttmt","14 posttmt"
"37004","M2","C4620083","14","298","C4620083 M2","posttmt",0.0105096688525523,"298 posttmt","14 posttmt"
"37005","M2","C4620083","14","299","C4620083 M2","posttmt",0.0103863245179789,"299 posttmt","14 posttmt"
"37006","M2","C4620083","14","300","C4620083 M2","posttmt",0.0102890233294196,"300 posttmt","14 posttmt"
"37007","M2","C4620083","14","301","C4620083 M2","posttmt",0.0102580814862552,"301 posttmt","14 posttmt"
"37008","M2","C4620083","14","302","C4620083 M2","posttmt",0.0101111671832619,"302 posttmt","14 posttmt"
"37009","M2","C4620083","14","303","C4620083 M2","posttmt",0.0100622925343808,"303 posttmt","14 posttmt"
"37010","M2","C4620083","14","304","C4620083 M2","posttmt",0.00981280829891963,"304 posttmt","14 posttmt"
"37011","M2","C4620083","14","305","C4620083 M2","posttmt",0.00974905440896092,"305 posttmt","14 posttmt"
"37012","M2","C4620083","14","306","C4620083 M2","posttmt",0.0095548607072562,"306 posttmt","14 posttmt"
"37013","M2","C4620083","14","307","C4620083 M2","posttmt",0.00946131921144471,"307 posttmt","14 posttmt"
"37014","M2","C4620083","14","308","C4620083 M2","posttmt",0.00934680376688108,"308 posttmt","14 posttmt"
"37015","M2","C4620083","14","309","C4620083 M2","posttmt",0.00928222443635442,"309 posttmt","14 posttmt"
"37016","M2","C4620083","14","310","C4620083 M2","posttmt",0.00924916995893341,"310 posttmt","14 posttmt"
"37017","M2","C4620083","14","311","C4620083 M2","posttmt",0.00900220971509031,"311 posttmt","14 posttmt"
"37018","M2","C4620083","14","312","C4620083 M2","posttmt",0.00899626361636575,"312 posttmt","14 posttmt"
"37019","M2","C4620083","14","313","C4620083 M2","posttmt",0.00898563256959044,"313 posttmt","14 posttmt"
"37020","M2","C4620083","14","314","C4620083 M2","posttmt",0.0089465753618348,"314 posttmt","14 posttmt"
"37021","M2","C4620083","14","315","C4620083 M2","posttmt",0.0089277925728772,"315 posttmt","14 posttmt"
"37022","M2","C4620083","14","316","C4620083 M2","posttmt",0.00890013196187436,"316 posttmt","14 posttmt"
"37023","M2","C4620083","14","317","C4620083 M2","posttmt",0.00870287815898255,"317 posttmt","14 posttmt"
"37024","M2","C4620083","14","318","C4620083 M2","posttmt",0.00861470904893808,"318 posttmt","14 posttmt"
"37025","M2","C4620083","14","319","C4620083 M2","posttmt",0.00859158120084637,"319 posttmt","14 posttmt"
"37026","M2","C4620083","14","320","C4620083 M2","posttmt",0.00858556390802856,"320 posttmt","14 posttmt"
"37027","M2","C4620083","14","321","C4620083 M2","posttmt",0.00841653544007379,"321 posttmt","14 posttmt"
"37028","M2","C4620083","14","322","C4620083 M2","posttmt",0.00838562340694821,"322 posttmt","14 posttmt"
"37029","M2","C4620083","14","323","C4620083 M2","posttmt",0.00816261067128811,"323 posttmt","14 posttmt"
"37030","M2","C4620083","14","324","C4620083 M2","posttmt",0.00798365002230197,"324 posttmt","14 posttmt"
"37031","M2","C4620083","14","325","C4620083 M2","posttmt",0.00784652405288398,"325 posttmt","14 posttmt"
"37032","M2","C4620083","14","326","C4620083 M2","posttmt",0.00765688368089787,"326 posttmt","14 posttmt"
"37033","M2","C4620083","14","327","C4620083 M2","posttmt",0.00762723382028837,"327 posttmt","14 posttmt"
"37034","M2","C4620083","14","328","C4620083 M2","posttmt",0.00762048447300441,"328 posttmt","14 posttmt"
"37035","M2","C4620083","14","329","C4620083 M2","posttmt",0.00739063690527505,"329 posttmt","14 posttmt"
"37036","M2","C4620083","14","330","C4620083 M2","posttmt",0.00738323647057493,"330 posttmt","14 posttmt"
"37037","M2","C4620083","14","331","C4620083 M2","posttmt",0.00735707893479049,"331 posttmt","14 posttmt"
"37038","M2","C4620083","14","332","C4620083 M2","posttmt",0.00733324234382361,"332 posttmt","14 posttmt"
"37039","M2","C4620083","14","333","C4620083 M2","posttmt",0.00716791597333864,"333 posttmt","14 posttmt"
"37040","M2","C4620083","14","334","C4620083 M2","posttmt",0.00713303513556551,"334 posttmt","14 posttmt"
"37041","M2","C4620083","14","335","C4620083 M2","posttmt",0.00708161006903347,"335 posttmt","14 posttmt"
"37042","M2","C4620083","14","336","C4620083 M2","posttmt",0.006853329736029,"336 posttmt","14 posttmt"
"37043","M2","C4620083","14","337","C4620083 M2","posttmt",0.00655180270479429,"337 posttmt","14 posttmt"
"37044","M2","C4620083","14","338","C4620083 M2","posttmt",0.0063449492182837,"338 posttmt","14 posttmt"
"37045","M2","C4620083","14","339","C4620083 M2","posttmt",0.00632715488863676,"339 posttmt","14 posttmt"
"37046","M2","C4620083","14","340","C4620083 M2","posttmt",0.00620677417830403,"340 posttmt","14 posttmt"
"37047","M2","C4620083","14","341","C4620083 M2","posttmt",0.00614040405467764,"341 posttmt","14 posttmt"
"37048","M2","C4620083","14","342","C4620083 M2","posttmt",0.00604445183314575,"342 posttmt","14 posttmt"
"37049","M2","C4620083","14","343","C4620083 M2","posttmt",0.0058890400694674,"343 posttmt","14 posttmt"
"37050","M2","C4620083","14","344","C4620083 M2","posttmt",0.00574319547193208,"344 posttmt","14 posttmt"
"37051","M2","C4620083","14","345","C4620083 M2","posttmt",0.00543888937839167,"345 posttmt","14 posttmt"
"37052","M2","C4620083","14","346","C4620083 M2","posttmt",0.00534275693142781,"346 posttmt","14 posttmt"
"37053","M2","C4620083","14","347","C4620083 M2","posttmt",0.00530065951100171,"347 posttmt","14 posttmt"
"37054","M2","C4620083","14","348","C4620083 M2","posttmt",0.00526383011368176,"348 posttmt","14 posttmt"
"37055","M2","C4620083","14","349","C4620083 M2","posttmt",0.00518918376885313,"349 posttmt","14 posttmt"
"37056","M2","C4620083","14","350","C4620083 M2","posttmt",0.00505641828442121,"350 posttmt","14 posttmt"
"37057","M2","C4620083","14","351","C4620083 M2","posttmt",0.00499867869000344,"351 posttmt","14 posttmt"
"37058","M2","C4620083","14","352","C4620083 M2","posttmt",0.00495797173912615,"352 posttmt","14 posttmt"
"37059","M2","C4620083","14","353","C4620083 M2","posttmt",0.00488536310161986,"353 posttmt","14 posttmt"
"37060","M2","C4620083","14","354","C4620083 M2","posttmt",0.0045693147356518,"354 posttmt","14 posttmt"
"37061","M2","C4620083","14","355","C4620083 M2","posttmt",0.00454961366050819,"355 posttmt","14 posttmt"
"37062","M2","C4620083","14","356","C4620083 M2","posttmt",0.00450614472871943,"356 posttmt","14 posttmt"
"37063","M2","C4620083","14","357","C4620083 M2","posttmt",0.00449177166532174,"357 posttmt","14 posttmt"
"37064","M2","C4620083","14","358","C4620083 M2","posttmt",0.00431364041133693,"358 posttmt","14 posttmt"
"37065","M2","C4620083","14","359","C4620083 M2","posttmt",0.00421865340397943,"359 posttmt","14 posttmt"
"37066","M2","C4620083","14","360","C4620083 M2","posttmt",0.0040783272633063,"360 posttmt","14 posttmt"
"37067","M2","C4620083","14","361","C4620083 M2","posttmt",0.00390840019471684,"361 posttmt","14 posttmt"
"37068","M2","C4620083","14","362","C4620083 M2","posttmt",0.00390652993194202,"362 posttmt","14 posttmt"
"37069","M2","C4620083","14","363","C4620083 M2","posttmt",0.00389699098071871,"363 posttmt","14 posttmt"
"37070","M2","C4620083","14","364","C4620083 M2","posttmt",0.00387809970851894,"364 posttmt","14 posttmt"
"37071","M2","C4620083","14","365","C4620083 M2","posttmt",0.00375330178243674,"365 posttmt","14 posttmt"
"37072","M2","C4620083","14","366","C4620083 M2","posttmt",0.00368403805255412,"366 posttmt","14 posttmt"
"37073","M2","C4620083","14","367","C4620083 M2","posttmt",0.00357365709562392,"367 posttmt","14 posttmt"
"37074","M2","C4620083","14","368","C4620083 M2","posttmt",0.00348519192028733,"368 posttmt","14 posttmt"
"37075","M2","C4620083","14","369","C4620083 M2","posttmt",0.00342703590887604,"369 posttmt","14 posttmt"
"37076","M2","C4620083","14","370","C4620083 M2","posttmt",0.00318498665376638,"370 posttmt","14 posttmt"
"37077","M2","C4620083","14","371","C4620083 M2","posttmt",0.0030335249888435,"371 posttmt","14 posttmt"
"37078","M2","C4620083","14","372","C4620083 M2","posttmt",0.00295540316209734,"372 posttmt","14 posttmt"
"37079","M2","C4620083","14","373","C4620083 M2","posttmt",0.00273809239372272,"373 posttmt","14 posttmt"
"37080","M2","C4620083","14","374","C4620083 M2","posttmt",0.00262787407602077,"374 posttmt","14 posttmt"
"37081","M2","C4620083","14","375","C4620083 M2","posttmt",0.0025254606877741,"375 posttmt","14 posttmt"
"37082","M2","C4620083","14","376","C4620083 M2","posttmt",0.00234177052495492,"376 posttmt","14 posttmt"
"37083","M2","C4620083","14","377","C4620083 M2","posttmt",0.00167246254463722,"377 posttmt","14 posttmt"
"37084","M2","C4620083","14","378","C4620083 M2","posttmt",0.00139587599089678,"378 posttmt","14 posttmt"
"37085","M2","C4620083","14","379","C4620083 M2","posttmt",0.00137992069441067,"379 posttmt","14 posttmt"
"37086","M2","C4620083","14","380","C4620083 M2","posttmt",0.00132034912252144,"380 posttmt","14 posttmt"
"37087","M2","C4620083","14","381","C4620083 M2","posttmt",0.00106809029346049,"381 posttmt","14 posttmt"
"37088","M2","C4620083","14","382","C4620083 M2","posttmt",0.0007887248681904,"382 posttmt","14 posttmt"
"37089","M2","C4620083","14","383","C4620083 M2","posttmt",0.000604318061451742,"383 posttmt","14 posttmt"
"37090","M2","C4620083","14","384","C4620083 M2","posttmt",0.000383669361972641,"384 posttmt","14 posttmt"
"37091","M2","C4620083","14","385","C4620083 M2","posttmt",0.000357922479946085,"385 posttmt","14 posttmt"
"37092","M2","C4620083","14","386","C4620083 M2","posttmt",-0.000104263661645702,"386 posttmt","14 posttmt"
"37093","M2","C4620083","14","387","C4620083 M2","posttmt",-0.00056743407715639,"387 posttmt","14 posttmt"
"37094","M2","C4620083","14","388","C4620083 M2","posttmt",-0.000703836846025003,"388 posttmt","14 posttmt"
"37095","M2","C4620083","14","389","C4620083 M2","posttmt",-0.000940679999707308,"389 posttmt","14 posttmt"
"37096","M2","C4620083","14","390","C4620083 M2","posttmt",-0.000958783952731165,"390 posttmt","14 posttmt"
"37097","M2","C4620083","14","391","C4620083 M2","posttmt",-0.00103595126270799,"391 posttmt","14 posttmt"
"37098","M2","C4620083","14","392","C4620083 M2","posttmt",-0.00117945860948686,"392 posttmt","14 posttmt"
"37099","M2","C4620083","14","393","C4620083 M2","posttmt",-0.00126732703248636,"393 posttmt","14 posttmt"
"37100","M2","C4620083","14","394","C4620083 M2","posttmt",-0.00185012124596705,"394 posttmt","14 posttmt"
"37101","M2","C4620083","14","395","C4620083 M2","posttmt",-0.00186895283173435,"395 posttmt","14 posttmt"
"37102","M2","C4620083","14","396","C4620083 M2","posttmt",-0.0019065158001802,"396 posttmt","14 posttmt"
"37103","M2","C4620083","14","397","C4620083 M2","posttmt",-0.00213487061536653,"397 posttmt","14 posttmt"
"37104","M2","C4620083","14","398","C4620083 M2","posttmt",-0.00230365335785283,"398 posttmt","14 posttmt"
"37105","M2","C4620083","14","399","C4620083 M2","posttmt",-0.00231604579782763,"399 posttmt","14 posttmt"
"37106","M2","C4620083","14","400","C4620083 M2","posttmt",-0.00243153719287577,"400 posttmt","14 posttmt"
"37107","M2","C4620083","14","401","C4620083 M2","posttmt",-0.0029738419187064,"401 posttmt","14 posttmt"
"37108","M2","C4620083","14","402","C4620083 M2","posttmt",-0.00308806302624326,"402 posttmt","14 posttmt"
"37109","M2","C4620083","14","403","C4620083 M2","posttmt",-0.00328613289935184,"403 posttmt","14 posttmt"
"37110","M2","C4620083","14","404","C4620083 M2","posttmt",-0.00332826018535908,"404 posttmt","14 posttmt"
"37111","M2","C4620083","14","405","C4620083 M2","posttmt",-0.00375421548775163,"405 posttmt","14 posttmt"
"37112","M2","C4620083","14","406","C4620083 M2","posttmt",-0.00385473527553922,"406 posttmt","14 posttmt"
"37113","M2","C4620083","14","407","C4620083 M2","posttmt",-0.0040236744497235,"407 posttmt","14 posttmt"
"37114","M2","C4620083","14","408","C4620083 M2","posttmt",-0.00405892932341974,"408 posttmt","14 posttmt"
"37115","M2","C4620083","14","409","C4620083 M2","posttmt",-0.00416007093071721,"409 posttmt","14 posttmt"
"37116","M2","C4620083","14","410","C4620083 M2","posttmt",-0.00420171329796091,"410 posttmt","14 posttmt"
"37117","M2","C4620083","14","411","C4620083 M2","posttmt",-0.00459761344932241,"411 posttmt","14 posttmt"
"37118","M2","C4620083","14","412","C4620083 M2","posttmt",-0.00507563420600277,"412 posttmt","14 posttmt"
"37119","M2","C4620083","14","413","C4620083 M2","posttmt",-0.00525465875803225,"413 posttmt","14 posttmt"
"37120","M2","C4620083","14","414","C4620083 M2","posttmt",-0.00546387268479555,"414 posttmt","14 posttmt"
"37121","M2","C4620083","14","415","C4620083 M2","posttmt",-0.00569519607306436,"415 posttmt","14 posttmt"
"37122","M2","C4620083","14","416","C4620083 M2","posttmt",-0.00569811258810676,"416 posttmt","14 posttmt"
"37123","M2","C4620083","14","417","C4620083 M2","posttmt",-0.00574816242590537,"417 posttmt","14 posttmt"
"37124","M2","C4620083","14","418","C4620083 M2","posttmt",-0.00593422233452881,"418 posttmt","14 posttmt"
"37125","M2","C4620083","14","419","C4620083 M2","posttmt",-0.00678920864984236,"419 posttmt","14 posttmt"
"37126","M2","C4620083","14","420","C4620083 M2","posttmt",-0.00685422353204756,"420 posttmt","14 posttmt"
"37127","M2","C4620083","14","421","C4620083 M2","posttmt",-0.00699921537858309,"421 posttmt","14 posttmt"
"37128","M2","C4620083","14","422","C4620083 M2","posttmt",-0.00760920845378701,"422 posttmt","14 posttmt"
"37129","M2","C4620083","14","423","C4620083 M2","posttmt",-0.00772895360781653,"423 posttmt","14 posttmt"
"37130","M2","C4620083","14","424","C4620083 M2","posttmt",-0.00782422212546537,"424 posttmt","14 posttmt"
"37131","M2","C4620083","14","425","C4620083 M2","posttmt",-0.00814713251117351,"425 posttmt","14 posttmt"
"37132","M2","C4620083","14","426","C4620083 M2","posttmt",-0.00954864015550132,"426 posttmt","14 posttmt"
"37133","M2","C4620083","14","427","C4620083 M2","posttmt",-0.0096153564991719,"427 posttmt","14 posttmt"
"37134","M2","C4620083","14","428","C4620083 M2","posttmt",-0.0100490204166175,"428 posttmt","14 posttmt"
"37135","M2","C4620083","14","429","C4620083 M2","posttmt",-0.0108680182064654,"429 posttmt","14 posttmt"
"37136","M2","C4620083","14","430","C4620083 M2","posttmt",-0.0115386722312386,"430 posttmt","14 posttmt"
"37137","M2","C4620083","14","431","C4620083 M2","posttmt",-0.0115502006434632,"431 posttmt","14 posttmt"
"37138","M2","C4620083","14","432","C4620083 M2","posttmt",-0.0116671508258162,"432 posttmt","14 posttmt"
"37139","M2","C4620083","14","433","C4620083 M2","posttmt",-0.0116793882106162,"433 posttmt","14 posttmt"
"37140","M2","C4620083","14","434","C4620083 M2","posttmt",-0.0118108653010717,"434 posttmt","14 posttmt"
"37141","M2","C4620083","14","435","C4620083 M2","posttmt",-0.0119871710621616,"435 posttmt","14 posttmt"
"37142","M2","C4620083","14","436","C4620083 M2","posttmt",-0.0122944033053181,"436 posttmt","14 posttmt"
"37143","M2","C4620083","14","437","C4620083 M2","posttmt",-0.0123951408109497,"437 posttmt","14 posttmt"
"37144","M2","C4620083","14","438","C4620083 M2","posttmt",-0.0133852030357135,"438 posttmt","14 posttmt"
"37145","M2","C4620083","14","439","C4620083 M2","posttmt",-0.0135520745525538,"439 posttmt","14 posttmt"
"37146","M2","C4620083","14","440","C4620083 M2","posttmt",-0.0142484061797877,"440 posttmt","14 posttmt"
"37147","M2","C4620083","14","441","C4620083 M2","posttmt",-0.0143951891922491,"441 posttmt","14 posttmt"
"37148","M2","C4620083","14","442","C4620083 M2","posttmt",-0.0159823100909019,"442 posttmt","14 posttmt"
"37149","M2","C4620083","14","443","C4620083 M2","posttmt",-0.016172293215521,"443 posttmt","14 posttmt"
"37150","M2","C4620083","14","444","C4620083 M2","posttmt",-0.0168133638610154,"444 posttmt","14 posttmt"
"37151","M2","C4620083","14","445","C4620083 M2","posttmt",-0.0173587764978358,"445 posttmt","14 posttmt"
"37152","M2","C4620083","14","446","C4620083 M2","posttmt",-0.0176607528046711,"446 posttmt","14 posttmt"
"37153","M2","C4620083","14","447","C4620083 M2","posttmt",-0.0178609338654444,"447 posttmt","14 posttmt"
"37154","M2","C4620083","14","448","C4620083 M2","posttmt",-0.0187435214039821,"448 posttmt","14 posttmt"
"37155","M2","C4620083","14","449","C4620083 M2","posttmt",-0.0191513234222676,"449 posttmt","14 posttmt"
"37156","M2","C4620083","14","450","C4620083 M2","posttmt",-0.0201997812232098,"450 posttmt","14 posttmt"
"37157","M2","C4620083","14","451","C4620083 M2","posttmt",-0.0211170083438316,"451 posttmt","14 posttmt"
"37158","M2","C4620083","14","452","C4620083 M2","posttmt",-0.0215207141491834,"452 posttmt","14 posttmt"
"37159","M2","C4620083","14","453","C4620083 M2","posttmt",-0.0222495722766331,"453 posttmt","14 posttmt"
"37160","M2","C4620083","14","454","C4620083 M2","posttmt",-0.0242793521503035,"454 posttmt","14 posttmt"
"37161","M2","C4620083","14","455","C4620083 M2","posttmt",-0.027476042608356,"455 posttmt","14 posttmt"
"37162","M2","C4620083","14","456","C4620083 M2","posttmt",-0.0276310672801847,"456 posttmt","14 posttmt"
"37163","M2","C4620083","14","457","C4620083 M2","posttmt",-0.0285038533550072,"457 posttmt","14 posttmt"
"37164","M2","C4620083","14","458","C4620083 M2","posttmt",-0.0285211410539875,"458 posttmt","14 posttmt"
"37165","M2","C4620083","14","459","C4620083 M2","posttmt",-0.0295458032270032,"459 posttmt","14 posttmt"
"37166","M2","C4620083","14","460","C4620083 M2","posttmt",-0.0322657451760205,"460 posttmt","14 posttmt"
"37167","M3","C4620083","14","0","C4620083 M3","posttmt",0.439826081191815,"0 posttmt","14 posttmt"
"37168","M3","C4620083","14","1","C4620083 M3","posttmt",0.438235407222765,"1 posttmt","14 posttmt"
"37169","M3","C4620083","14","2","C4620083 M3","posttmt",0.433662437707397,"2 posttmt","14 posttmt"
"37170","M3","C4620083","14","3","C4620083 M3","posttmt",0.426477273185113,"3 posttmt","14 posttmt"
"37171","M3","C4620083","14","4","C4620083 M3","posttmt",0.425760253440558,"4 posttmt","14 posttmt"
"37172","M3","C4620083","14","5","C4620083 M3","posttmt",0.423524158513186,"5 posttmt","14 posttmt"
"37173","M3","C4620083","14","6","C4620083 M3","posttmt",0.421296500453192,"6 posttmt","14 posttmt"
"37174","M3","C4620083","14","7","C4620083 M3","posttmt",0.419621296290639,"7 posttmt","14 posttmt"
"37175","M3","C4620083","14","8","C4620083 M3","posttmt",0.414395462512468,"8 posttmt","14 posttmt"
"37176","M3","C4620083","14","9","C4620083 M3","posttmt",0.414190137202217,"9 posttmt","14 posttmt"
"37177","M3","C4620083","14","10","C4620083 M3","posttmt",0.409979856483371,"10 posttmt","14 posttmt"
"37178","M3","C4620083","14","11","C4620083 M3","posttmt",0.404774423382421,"11 posttmt","14 posttmt"
"37179","M3","C4620083","14","12","C4620083 M3","posttmt",0.40415969341787,"12 posttmt","14 posttmt"
"37180","M3","C4620083","14","13","C4620083 M3","posttmt",0.402348434068521,"13 posttmt","14 posttmt"
"37181","M3","C4620083","14","14","C4620083 M3","posttmt",0.401784072373179,"14 posttmt","14 posttmt"
"37182","M3","C4620083","14","15","C4620083 M3","posttmt",0.400230066972968,"15 posttmt","14 posttmt"
"37183","M3","C4620083","14","16","C4620083 M3","posttmt",0.399642475854698,"16 posttmt","14 posttmt"
"37184","M3","C4620083","14","17","C4620083 M3","posttmt",0.398459344452602,"17 posttmt","14 posttmt"
"37185","M3","C4620083","14","18","C4620083 M3","posttmt",0.39821146669327,"18 posttmt","14 posttmt"
"37186","M3","C4620083","14","19","C4620083 M3","posttmt",0.398084800339606,"19 posttmt","14 posttmt"
"37187","M3","C4620083","14","20","C4620083 M3","posttmt",0.396249490872727,"20 posttmt","14 posttmt"
"37188","M3","C4620083","14","21","C4620083 M3","posttmt",0.395660188580798,"21 posttmt","14 posttmt"
"37189","M3","C4620083","14","22","C4620083 M3","posttmt",0.394134749843886,"22 posttmt","14 posttmt"
"37190","M3","C4620083","14","23","C4620083 M3","posttmt",0.390299432376943,"23 posttmt","14 posttmt"
"37191","M3","C4620083","14","24","C4620083 M3","posttmt",0.389698728763832,"24 posttmt","14 posttmt"
"37192","M3","C4620083","14","25","C4620083 M3","posttmt",0.389549435433036,"25 posttmt","14 posttmt"
"37193","M3","C4620083","14","26","C4620083 M3","posttmt",0.388814694526116,"26 posttmt","14 posttmt"
"37194","M3","C4620083","14","27","C4620083 M3","posttmt",0.388405659214732,"27 posttmt","14 posttmt"
"37195","M3","C4620083","14","28","C4620083 M3","posttmt",0.385746745867221,"28 posttmt","14 posttmt"
"37196","M3","C4620083","14","29","C4620083 M3","posttmt",0.38555585748504,"29 posttmt","14 posttmt"
"37197","M3","C4620083","14","30","C4620083 M3","posttmt",0.385469831640927,"30 posttmt","14 posttmt"
"37198","M3","C4620083","14","31","C4620083 M3","posttmt",0.383417013907677,"31 posttmt","14 posttmt"
"37199","M3","C4620083","14","32","C4620083 M3","posttmt",0.382749062743897,"32 posttmt","14 posttmt"
"37200","M3","C4620083","14","33","C4620083 M3","posttmt",0.382391787201638,"33 posttmt","14 posttmt"
"37201","M3","C4620083","14","34","C4620083 M3","posttmt",0.38094826914731,"34 posttmt","14 posttmt"
"37202","M3","C4620083","14","35","C4620083 M3","posttmt",0.377862581116744,"35 posttmt","14 posttmt"
"37203","M3","C4620083","14","36","C4620083 M3","posttmt",0.377513775674207,"36 posttmt","14 posttmt"
"37204","M3","C4620083","14","37","C4620083 M3","posttmt",0.376076893705268,"37 posttmt","14 posttmt"
"37205","M3","C4620083","14","38","C4620083 M3","posttmt",0.375900198176994,"38 posttmt","14 posttmt"
"37206","M3","C4620083","14","39","C4620083 M3","posttmt",0.375792263461992,"39 posttmt","14 posttmt"
"37207","M3","C4620083","14","40","C4620083 M3","posttmt",0.375757207627935,"40 posttmt","14 posttmt"
"37208","M3","C4620083","14","41","C4620083 M3","posttmt",0.37472769404394,"41 posttmt","14 posttmt"
"37209","M3","C4620083","14","42","C4620083 M3","posttmt",0.374371855932017,"42 posttmt","14 posttmt"
"37210","M3","C4620083","14","43","C4620083 M3","posttmt",0.373409621335844,"43 posttmt","14 posttmt"
"37211","M3","C4620083","14","44","C4620083 M3","posttmt",0.371612100554541,"44 posttmt","14 posttmt"
"37212","M3","C4620083","14","45","C4620083 M3","posttmt",0.370587466529668,"45 posttmt","14 posttmt"
"37213","M3","C4620083","14","46","C4620083 M3","posttmt",0.370353393457856,"46 posttmt","14 posttmt"
"37214","M3","C4620083","14","47","C4620083 M3","posttmt",0.366570987648354,"47 posttmt","14 posttmt"
"37215","M3","C4620083","14","48","C4620083 M3","posttmt",0.362359299168436,"48 posttmt","14 posttmt"
"37216","M3","C4620083","14","49","C4620083 M3","posttmt",0.360815054141596,"49 posttmt","14 posttmt"
"37217","M3","C4620083","14","50","C4620083 M3","posttmt",0.358272584426579,"50 posttmt","14 posttmt"
"37218","M3","C4620083","14","51","C4620083 M3","posttmt",0.35785374098062,"51 posttmt","14 posttmt"
"37219","M3","C4620083","14","52","C4620083 M3","posttmt",0.353896355785969,"52 posttmt","14 posttmt"
"37220","M3","C4620083","14","53","C4620083 M3","posttmt",0.351185007562571,"53 posttmt","14 posttmt"
"37221","M3","C4620083","14","54","C4620083 M3","posttmt",0.351067250043681,"54 posttmt","14 posttmt"
"37222","M3","C4620083","14","55","C4620083 M3","posttmt",0.349696457059614,"55 posttmt","14 posttmt"
"37223","M3","C4620083","14","56","C4620083 M3","posttmt",0.347943994134685,"56 posttmt","14 posttmt"
"37224","M3","C4620083","14","57","C4620083 M3","posttmt",0.347489676049779,"57 posttmt","14 posttmt"
"37225","M3","C4620083","14","58","C4620083 M3","posttmt",0.34702557152214,"58 posttmt","14 posttmt"
"37226","M3","C4620083","14","59","C4620083 M3","posttmt",0.346093111906779,"59 posttmt","14 posttmt"
"37227","M3","C4620083","14","60","C4620083 M3","posttmt",0.344612858123619,"60 posttmt","14 posttmt"
"37228","M3","C4620083","14","61","C4620083 M3","posttmt",0.344245024733971,"61 posttmt","14 posttmt"
"37229","M3","C4620083","14","62","C4620083 M3","posttmt",0.34383061751151,"62 posttmt","14 posttmt"
"37230","M3","C4620083","14","63","C4620083 M3","posttmt",0.343382917758778,"63 posttmt","14 posttmt"
"37231","M3","C4620083","14","64","C4620083 M3","posttmt",0.34281716811209,"64 posttmt","14 posttmt"
"37232","M3","C4620083","14","65","C4620083 M3","posttmt",0.341852670822223,"65 posttmt","14 posttmt"
"37233","M3","C4620083","14","66","C4620083 M3","posttmt",0.340325583308477,"66 posttmt","14 posttmt"
"37234","M3","C4620083","14","67","C4620083 M3","posttmt",0.339369113778369,"67 posttmt","14 posttmt"
"37235","M3","C4620083","14","68","C4620083 M3","posttmt",0.338828626136569,"68 posttmt","14 posttmt"
"37236","M3","C4620083","14","69","C4620083 M3","posttmt",0.336709616339004,"69 posttmt","14 posttmt"
"37237","M3","C4620083","14","70","C4620083 M3","posttmt",0.336171628327894,"70 posttmt","14 posttmt"
"37238","M3","C4620083","14","71","C4620083 M3","posttmt",0.33516287515653,"71 posttmt","14 posttmt"
"37239","M3","C4620083","14","72","C4620083 M3","posttmt",0.334785818744088,"72 posttmt","14 posttmt"
"37240","M3","C4620083","14","73","C4620083 M3","posttmt",0.334764138598359,"73 posttmt","14 posttmt"
"37241","M3","C4620083","14","74","C4620083 M3","posttmt",0.333155209463832,"74 posttmt","14 posttmt"
"37242","M3","C4620083","14","75","C4620083 M3","posttmt",0.332706161320185,"75 posttmt","14 posttmt"
"37243","M3","C4620083","14","76","C4620083 M3","posttmt",0.331734111245386,"76 posttmt","14 posttmt"
"37244","M3","C4620083","14","77","C4620083 M3","posttmt",0.331083683996389,"77 posttmt","14 posttmt"
"37245","M3","C4620083","14","78","C4620083 M3","posttmt",0.328292196888073,"78 posttmt","14 posttmt"
"37246","M3","C4620083","14","79","C4620083 M3","posttmt",0.328091542323375,"79 posttmt","14 posttmt"
"37247","M3","C4620083","14","80","C4620083 M3","posttmt",0.326162160856987,"80 posttmt","14 posttmt"
"37248","M3","C4620083","14","81","C4620083 M3","posttmt",0.326025873573298,"81 posttmt","14 posttmt"
"37249","M3","C4620083","14","82","C4620083 M3","posttmt",0.324069722158646,"82 posttmt","14 posttmt"
"37250","M3","C4620083","14","83","C4620083 M3","posttmt",0.323938567269193,"83 posttmt","14 posttmt"
"37251","M3","C4620083","14","84","C4620083 M3","posttmt",0.323927159077129,"84 posttmt","14 posttmt"
"37252","M3","C4620083","14","85","C4620083 M3","posttmt",0.323644022249306,"85 posttmt","14 posttmt"
"37253","M3","C4620083","14","86","C4620083 M3","posttmt",0.322419824753834,"86 posttmt","14 posttmt"
"37254","M3","C4620083","14","87","C4620083 M3","posttmt",0.322006733094868,"87 posttmt","14 posttmt"
"37255","M3","C4620083","14","88","C4620083 M3","posttmt",0.321730709617522,"88 posttmt","14 posttmt"
"37256","M3","C4620083","14","89","C4620083 M3","posttmt",0.321555039679694,"89 posttmt","14 posttmt"
"37257","M3","C4620083","14","90","C4620083 M3","posttmt",0.321404379256473,"90 posttmt","14 posttmt"
"37258","M3","C4620083","14","91","C4620083 M3","posttmt",0.320967632732878,"91 posttmt","14 posttmt"
"37259","M3","C4620083","14","92","C4620083 M3","posttmt",0.320728866034524,"92 posttmt","14 posttmt"
"37260","M3","C4620083","14","93","C4620083 M3","posttmt",0.320078897798153,"93 posttmt","14 posttmt"
"37261","M3","C4620083","14","94","C4620083 M3","posttmt",0.319370806460925,"94 posttmt","14 posttmt"
"37262","M3","C4620083","14","95","C4620083 M3","posttmt",0.316855490019015,"95 posttmt","14 posttmt"
"37263","M3","C4620083","14","96","C4620083 M3","posttmt",0.315956379045929,"96 posttmt","14 posttmt"
"37264","M3","C4620083","14","97","C4620083 M3","posttmt",0.315143726710245,"97 posttmt","14 posttmt"
"37265","M3","C4620083","14","98","C4620083 M3","posttmt",0.314481638433729,"98 posttmt","14 posttmt"
"37266","M3","C4620083","14","99","C4620083 M3","posttmt",0.313503719944751,"99 posttmt","14 posttmt"
"37267","M3","C4620083","14","100","C4620083 M3","posttmt",0.313442393607377,"100 posttmt","14 posttmt"
"37268","M3","C4620083","14","101","C4620083 M3","posttmt",0.313252397481887,"101 posttmt","14 posttmt"
"37269","M3","C4620083","14","102","C4620083 M3","posttmt",0.312996272631326,"102 posttmt","14 posttmt"
"37270","M3","C4620083","14","103","C4620083 M3","posttmt",0.312922427023279,"103 posttmt","14 posttmt"
"37271","M3","C4620083","14","104","C4620083 M3","posttmt",0.312766258814592,"104 posttmt","14 posttmt"
"37272","M3","C4620083","14","105","C4620083 M3","posttmt",0.311884551211256,"105 posttmt","14 posttmt"
"37273","M3","C4620083","14","106","C4620083 M3","posttmt",0.311346208666379,"106 posttmt","14 posttmt"
"37274","M3","C4620083","14","107","C4620083 M3","posttmt",0.309430244461123,"107 posttmt","14 posttmt"
"37275","M3","C4620083","14","108","C4620083 M3","posttmt",0.309304256351213,"108 posttmt","14 posttmt"
"37276","M3","C4620083","14","109","C4620083 M3","posttmt",0.3085833160362,"109 posttmt","14 posttmt"
"37277","M3","C4620083","14","110","C4620083 M3","posttmt",0.308166105303261,"110 posttmt","14 posttmt"
"37278","M3","C4620083","14","111","C4620083 M3","posttmt",0.308095632034947,"111 posttmt","14 posttmt"
"37279","M3","C4620083","14","112","C4620083 M3","posttmt",0.307740135237086,"112 posttmt","14 posttmt"
"37280","M3","C4620083","14","113","C4620083 M3","posttmt",0.307721717211541,"113 posttmt","14 posttmt"
"37281","M3","C4620083","14","114","C4620083 M3","posttmt",0.307263202058842,"114 posttmt","14 posttmt"
"37282","M3","C4620083","14","115","C4620083 M3","posttmt",0.306866720958289,"115 posttmt","14 posttmt"
"37283","M3","C4620083","14","116","C4620083 M3","posttmt",0.305947919636131,"116 posttmt","14 posttmt"
"37284","M3","C4620083","14","117","C4620083 M3","posttmt",0.305581833161294,"117 posttmt","14 posttmt"
"37285","M3","C4620083","14","118","C4620083 M3","posttmt",0.303933462839237,"118 posttmt","14 posttmt"
"37286","M3","C4620083","14","119","C4620083 M3","posttmt",0.303817991828897,"119 posttmt","14 posttmt"
"37287","M3","C4620083","14","120","C4620083 M3","posttmt",0.302563450951943,"120 posttmt","14 posttmt"
"37288","M3","C4620083","14","121","C4620083 M3","posttmt",0.30240167873084,"121 posttmt","14 posttmt"
"37289","M3","C4620083","14","122","C4620083 M3","posttmt",0.302221744906395,"122 posttmt","14 posttmt"
"37290","M3","C4620083","14","123","C4620083 M3","posttmt",0.301656350199922,"123 posttmt","14 posttmt"
"37291","M3","C4620083","14","124","C4620083 M3","posttmt",0.301488581356229,"124 posttmt","14 posttmt"
"37292","M3","C4620083","14","125","C4620083 M3","posttmt",0.301077539637624,"125 posttmt","14 posttmt"
"37293","M3","C4620083","14","126","C4620083 M3","posttmt",0.30084771603396,"126 posttmt","14 posttmt"
"37294","M3","C4620083","14","127","C4620083 M3","posttmt",0.30012381825789,"127 posttmt","14 posttmt"
"37295","M3","C4620083","14","128","C4620083 M3","posttmt",0.299738998643125,"128 posttmt","14 posttmt"
"37296","M3","C4620083","14","129","C4620083 M3","posttmt",0.29920460854506,"129 posttmt","14 posttmt"
"37297","M3","C4620083","14","130","C4620083 M3","posttmt",0.298369054390047,"130 posttmt","14 posttmt"
"37298","M3","C4620083","14","131","C4620083 M3","posttmt",0.297511234863024,"131 posttmt","14 posttmt"
"37299","M3","C4620083","14","132","C4620083 M3","posttmt",0.296650748750348,"132 posttmt","14 posttmt"
"37300","M3","C4620083","14","133","C4620083 M3","posttmt",0.295110724349411,"133 posttmt","14 posttmt"
"37301","M3","C4620083","14","134","C4620083 M3","posttmt",0.293127387329347,"134 posttmt","14 posttmt"
"37302","M3","C4620083","14","135","C4620083 M3","posttmt",0.292106554672877,"135 posttmt","14 posttmt"
"37303","M3","C4620083","14","136","C4620083 M3","posttmt",0.291508972693188,"136 posttmt","14 posttmt"
"37304","M3","C4620083","14","137","C4620083 M3","posttmt",0.291463192573378,"137 posttmt","14 posttmt"
"37305","M3","C4620083","14","138","C4620083 M3","posttmt",0.291453301633726,"138 posttmt","14 posttmt"
"37306","M3","C4620083","14","139","C4620083 M3","posttmt",0.291117424035823,"139 posttmt","14 posttmt"
"37307","M3","C4620083","14","140","C4620083 M3","posttmt",0.29041005297862,"140 posttmt","14 posttmt"
"37308","M3","C4620083","14","141","C4620083 M3","posttmt",0.290265350219206,"141 posttmt","14 posttmt"
"37309","M3","C4620083","14","142","C4620083 M3","posttmt",0.288986235970771,"142 posttmt","14 posttmt"
"37310","M3","C4620083","14","143","C4620083 M3","posttmt",0.288068426071366,"143 posttmt","14 posttmt"
"37311","M3","C4620083","14","144","C4620083 M3","posttmt",0.285663742429186,"144 posttmt","14 posttmt"
"37312","M3","C4620083","14","145","C4620083 M3","posttmt",0.28527210929857,"145 posttmt","14 posttmt"
"37313","M3","C4620083","14","146","C4620083 M3","posttmt",0.284913447241337,"146 posttmt","14 posttmt"
"37314","M3","C4620083","14","147","C4620083 M3","posttmt",0.282691693097569,"147 posttmt","14 posttmt"
"37315","M3","C4620083","14","148","C4620083 M3","posttmt",0.281508370021787,"148 posttmt","14 posttmt"
"37316","M3","C4620083","14","149","C4620083 M3","posttmt",0.281394145336346,"149 posttmt","14 posttmt"
"37317","M3","C4620083","14","150","C4620083 M3","posttmt",0.280368991290072,"150 posttmt","14 posttmt"
"37318","M3","C4620083","14","151","C4620083 M3","posttmt",0.278104581228923,"151 posttmt","14 posttmt"
"37319","M3","C4620083","14","152","C4620083 M3","posttmt",0.277571191859022,"152 posttmt","14 posttmt"
"37320","M3","C4620083","14","153","C4620083 M3","posttmt",0.276550058545282,"153 posttmt","14 posttmt"
"37321","M3","C4620083","14","154","C4620083 M3","posttmt",0.275895382134244,"154 posttmt","14 posttmt"
"37322","M3","C4620083","14","155","C4620083 M3","posttmt",0.275439177827469,"155 posttmt","14 posttmt"
"37323","M3","C4620083","14","156","C4620083 M3","posttmt",0.274315276855882,"156 posttmt","14 posttmt"
"37324","M3","C4620083","14","157","C4620083 M3","posttmt",0.274307063925998,"157 posttmt","14 posttmt"
"37325","M3","C4620083","14","158","C4620083 M3","posttmt",0.274282154398189,"158 posttmt","14 posttmt"
"37326","M3","C4620083","14","159","C4620083 M3","posttmt",0.271359783889174,"159 posttmt","14 posttmt"
"37327","M3","C4620083","14","160","C4620083 M3","posttmt",0.270638655837575,"160 posttmt","14 posttmt"
"37328","M3","C4620083","14","161","C4620083 M3","posttmt",0.270286338636815,"161 posttmt","14 posttmt"
"37329","M3","C4620083","14","162","C4620083 M3","posttmt",0.269912685843928,"162 posttmt","14 posttmt"
"37330","M3","C4620083","14","163","C4620083 M3","posttmt",0.268998286319494,"163 posttmt","14 posttmt"
"37331","M3","C4620083","14","164","C4620083 M3","posttmt",0.266172356955201,"164 posttmt","14 posttmt"
"37332","M3","C4620083","14","165","C4620083 M3","posttmt",0.263916723679758,"165 posttmt","14 posttmt"
"37333","M3","C4620083","14","166","C4620083 M3","posttmt",0.263084911544121,"166 posttmt","14 posttmt"
"37334","M3","C4620083","14","167","C4620083 M3","posttmt",0.262952515161761,"167 posttmt","14 posttmt"
"37335","M3","C4620083","14","168","C4620083 M3","posttmt",0.261910923614296,"168 posttmt","14 posttmt"
"37336","M3","C4620083","14","169","C4620083 M3","posttmt",0.261634259110819,"169 posttmt","14 posttmt"
"37337","M3","C4620083","14","170","C4620083 M3","posttmt",0.259653662090653,"170 posttmt","14 posttmt"
"37338","M3","C4620083","14","171","C4620083 M3","posttmt",0.259286361644466,"171 posttmt","14 posttmt"
"37339","M3","C4620083","14","172","C4620083 M3","posttmt",0.258468980884356,"172 posttmt","14 posttmt"
"37340","M3","C4620083","14","173","C4620083 M3","posttmt",0.257522058606137,"173 posttmt","14 posttmt"
"37341","M3","C4620083","14","174","C4620083 M3","posttmt",0.254963926183959,"174 posttmt","14 posttmt"
"37342","M3","C4620083","14","175","C4620083 M3","posttmt",0.254963588053141,"175 posttmt","14 posttmt"
"37343","M3","C4620083","14","176","C4620083 M3","posttmt",0.254403273456626,"176 posttmt","14 posttmt"
"37344","M3","C4620083","14","177","C4620083 M3","posttmt",0.254191674557188,"177 posttmt","14 posttmt"
"37345","M3","C4620083","14","178","C4620083 M3","posttmt",0.254002623476058,"178 posttmt","14 posttmt"
"37346","M3","C4620083","14","179","C4620083 M3","posttmt",0.252471003605438,"179 posttmt","14 posttmt"
"37347","M3","C4620083","14","180","C4620083 M3","posttmt",0.251085536230071,"180 posttmt","14 posttmt"
"37348","M3","C4620083","14","181","C4620083 M3","posttmt",0.250940964091268,"181 posttmt","14 posttmt"
"37349","M3","C4620083","14","182","C4620083 M3","posttmt",0.250527682941821,"182 posttmt","14 posttmt"
"37350","M3","C4620083","14","183","C4620083 M3","posttmt",0.248561537976059,"183 posttmt","14 posttmt"
"37351","M3","C4620083","14","184","C4620083 M3","posttmt",0.248493067250132,"184 posttmt","14 posttmt"
"37352","M3","C4620083","14","185","C4620083 M3","posttmt",0.247368975588733,"185 posttmt","14 posttmt"
"37353","M3","C4620083","14","186","C4620083 M3","posttmt",0.246406217641347,"186 posttmt","14 posttmt"
"37354","M3","C4620083","14","187","C4620083 M3","posttmt",0.246353195812383,"187 posttmt","14 posttmt"
"37355","M3","C4620083","14","188","C4620083 M3","posttmt",0.24609868305133,"188 posttmt","14 posttmt"
"37356","M3","C4620083","14","189","C4620083 M3","posttmt",0.244685798177995,"189 posttmt","14 posttmt"
"37357","M3","C4620083","14","190","C4620083 M3","posttmt",0.244581158354076,"190 posttmt","14 posttmt"
"37358","M3","C4620083","14","191","C4620083 M3","posttmt",0.24400313787795,"191 posttmt","14 posttmt"
"37359","M3","C4620083","14","192","C4620083 M3","posttmt",0.243850345942151,"192 posttmt","14 posttmt"
"37360","M3","C4620083","14","193","C4620083 M3","posttmt",0.240872979494074,"193 posttmt","14 posttmt"
"37361","M3","C4620083","14","194","C4620083 M3","posttmt",0.234299338093329,"194 posttmt","14 posttmt"
"37362","M3","C4620083","14","195","C4620083 M3","posttmt",0.231229901746593,"195 posttmt","14 posttmt"
"37363","M3","C4620083","14","196","C4620083 M3","posttmt",0.230724039490662,"196 posttmt","14 posttmt"
"37364","M3","C4620083","14","197","C4620083 M3","posttmt",0.230526705484979,"197 posttmt","14 posttmt"
"37365","M3","C4620083","14","198","C4620083 M3","posttmt",0.230434345265335,"198 posttmt","14 posttmt"
"37366","M3","C4620083","14","199","C4620083 M3","posttmt",0.229806131923313,"199 posttmt","14 posttmt"
"37367","M3","C4620083","14","200","C4620083 M3","posttmt",0.229753317805329,"200 posttmt","14 posttmt"
"37368","M3","C4620083","14","201","C4620083 M3","posttmt",0.228102105439247,"201 posttmt","14 posttmt"
"37369","M3","C4620083","14","202","C4620083 M3","posttmt",0.227978396625196,"202 posttmt","14 posttmt"
"37370","M3","C4620083","14","203","C4620083 M3","posttmt",0.219065444928131,"203 posttmt","14 posttmt"
"37371","M3","C4620083","14","204","C4620083 M3","posttmt",0.218474922300994,"204 posttmt","14 posttmt"
"37372","M3","C4620083","14","205","C4620083 M3","posttmt",0.218352947351397,"205 posttmt","14 posttmt"
"37373","M3","C4620083","14","206","C4620083 M3","posttmt",0.217263729586393,"206 posttmt","14 posttmt"
"37374","M3","C4620083","14","207","C4620083 M3","posttmt",0.215955493880688,"207 posttmt","14 posttmt"
"37375","M3","C4620083","14","208","C4620083 M3","posttmt",0.215866293797357,"208 posttmt","14 posttmt"
"37376","M3","C4620083","14","209","C4620083 M3","posttmt",0.21461357622666,"209 posttmt","14 posttmt"
"37377","M3","C4620083","14","210","C4620083 M3","posttmt",0.214602951039044,"210 posttmt","14 posttmt"
"37378","M3","C4620083","14","211","C4620083 M3","posttmt",0.213779870589085,"211 posttmt","14 posttmt"
"37379","M3","C4620083","14","212","C4620083 M3","posttmt",0.210867340381309,"212 posttmt","14 posttmt"
"37380","M3","C4620083","14","213","C4620083 M3","posttmt",0.210763589435903,"213 posttmt","14 posttmt"
"37381","M3","C4620083","14","214","C4620083 M3","posttmt",0.210259659317789,"214 posttmt","14 posttmt"
"37382","M3","C4620083","14","215","C4620083 M3","posttmt",0.209851085141551,"215 posttmt","14 posttmt"
"37383","M3","C4620083","14","216","C4620083 M3","posttmt",0.20978164179433,"216 posttmt","14 posttmt"
"37384","M3","C4620083","14","217","C4620083 M3","posttmt",0.20738870178664,"217 posttmt","14 posttmt"
"37385","M3","C4620083","14","218","C4620083 M3","posttmt",0.205619351363491,"218 posttmt","14 posttmt"
"37386","M3","C4620083","14","219","C4620083 M3","posttmt",0.204846673697802,"219 posttmt","14 posttmt"
"37387","M3","C4620083","14","220","C4620083 M3","posttmt",0.20412026121235,"220 posttmt","14 posttmt"
"37388","M3","C4620083","14","221","C4620083 M3","posttmt",0.200432568629107,"221 posttmt","14 posttmt"
"37389","M3","C4620083","14","222","C4620083 M3","posttmt",0.197652329689654,"222 posttmt","14 posttmt"
"37390","M3","C4620083","14","223","C4620083 M3","posttmt",0.197527248528867,"223 posttmt","14 posttmt"
"37391","M3","C4620083","14","224","C4620083 M3","posttmt",0.194684147105687,"224 posttmt","14 posttmt"
"37392","M3","C4620083","14","225","C4620083 M3","posttmt",0.193904844835008,"225 posttmt","14 posttmt"
"37393","M3","C4620083","14","226","C4620083 M3","posttmt",0.192451769319296,"226 posttmt","14 posttmt"
"37394","M3","C4620083","14","227","C4620083 M3","posttmt",0.191277845553515,"227 posttmt","14 posttmt"
"37395","M3","C4620083","14","228","C4620083 M3","posttmt",0.189407027381756,"228 posttmt","14 posttmt"
"37396","M3","C4620083","14","229","C4620083 M3","posttmt",0.189045797406359,"229 posttmt","14 posttmt"
"37397","M3","C4620083","14","230","C4620083 M3","posttmt",0.1879989466126,"230 posttmt","14 posttmt"
"37398","M3","C4620083","14","231","C4620083 M3","posttmt",0.186174366811568,"231 posttmt","14 posttmt"
"37399","M3","C4620083","14","232","C4620083 M3","posttmt",0.184387774243319,"232 posttmt","14 posttmt"
"37400","M3","C4620083","14","233","C4620083 M3","posttmt",0.184145846160538,"233 posttmt","14 posttmt"
"37401","M3","C4620083","14","234","C4620083 M3","posttmt",0.180058059145724,"234 posttmt","14 posttmt"
"37402","M3","C4620083","14","235","C4620083 M3","posttmt",0.178294214779264,"235 posttmt","14 posttmt"
"37403","M3","C4620083","14","236","C4620083 M3","posttmt",0.176706651281137,"236 posttmt","14 posttmt"
"37404","M3","C4620083","14","237","C4620083 M3","posttmt",0.172692282208295,"237 posttmt","14 posttmt"
"37405","M3","C4620083","14","238","C4620083 M3","posttmt",0.170935200047933,"238 posttmt","14 posttmt"
"37406","M3","C4620083","14","239","C4620083 M3","posttmt",0.170043077638991,"239 posttmt","14 posttmt"
"37407","M3","C4620083","14","240","C4620083 M3","posttmt",0.165682802792694,"240 posttmt","14 posttmt"
"37408","M3","C4620083","14","241","C4620083 M3","posttmt",0.164750123811009,"241 posttmt","14 posttmt"
"37409","M3","C4620083","14","242","C4620083 M3","posttmt",0.162358595911772,"242 posttmt","14 posttmt"
"37410","M3","C4620083","14","243","C4620083 M3","posttmt",0.161042016714168,"243 posttmt","14 posttmt"
"37411","M3","C4620083","14","244","C4620083 M3","posttmt",0.155727415053022,"244 posttmt","14 posttmt"
"37412","M3","C4620083","14","245","C4620083 M3","posttmt",0.155682127054056,"245 posttmt","14 posttmt"
"37413","M3","C4620083","14","246","C4620083 M3","posttmt",0.153314875851613,"246 posttmt","14 posttmt"
"37414","M3","C4620083","14","247","C4620083 M3","posttmt",0.151787183780991,"247 posttmt","14 posttmt"
"37415","M3","C4620083","14","248","C4620083 M3","posttmt",0.149896322581655,"248 posttmt","14 posttmt"
"37416","M3","C4620083","14","249","C4620083 M3","posttmt",0.146633771845772,"249 posttmt","14 posttmt"
"37417","M3","C4620083","14","250","C4620083 M3","posttmt",0.135036817211481,"250 posttmt","14 posttmt"
"37418","M3","C4620083","14","251","C4620083 M3","posttmt",0.131004480202486,"251 posttmt","14 posttmt"
"37419","M3","C4620083","14","252","C4620083 M3","posttmt",0.125936009140949,"252 posttmt","14 posttmt"
"37420","M3","C4620083","14","253","C4620083 M3","posttmt",0.125340632063023,"253 posttmt","14 posttmt"
"37421","M3","C4620083","14","254","C4620083 M3","posttmt",0.113317909215016,"254 posttmt","14 posttmt"
"37422","M3","C4620083","14","255","C4620083 M3","posttmt",0.0983373373406788,"255 posttmt","14 posttmt"
"37423","M3","C4620083","14","256","C4620083 M3","posttmt",0.0895720094194825,"256 posttmt","14 posttmt"
"37424","M3","C4620083","14","257","C4620083 M3","posttmt",0.0886691535180937,"257 posttmt","14 posttmt"
"37425","M3","C4620083","14","258","C4620083 M3","posttmt",0.0884134746076448,"258 posttmt","14 posttmt"
"37426","M3","C4620083","14","259","C4620083 M3","posttmt",0.0871260889984171,"259 posttmt","14 posttmt"
"37427","M3","C4620083","14","260","C4620083 M3","posttmt",0.0819083129068883,"260 posttmt","14 posttmt"
"37428","M3","C4620083","14","261","C4620083 M3","posttmt",0.067374251069952,"261 posttmt","14 posttmt"
"37429","M3","C4620083","14","262","C4620083 M3","posttmt",0.0586567740123655,"262 posttmt","14 posttmt"
"37430","M3","C4620083","14","263","C4620083 M3","posttmt",0.0485852284933901,"263 posttmt","14 posttmt"
"37431","M3","C4620083","14","264","C4620083 M3","posttmt",0.0348972907859571,"264 posttmt","14 posttmt"
"37432","M3","C4620083","14","265","C4620083 M3","posttmt",0.0238709426494985,"265 posttmt","14 posttmt"
"37433","M3","C4620083","14","266","C4620083 M3","posttmt",0.0175397448968686,"266 posttmt","14 posttmt"
"37434","M3","C4620083","14","267","C4620083 M3","posttmt",0.0116632625606021,"267 posttmt","14 posttmt"
"37435","M3","C4620083","14","268","C4620083 M3","posttmt",0.00668025441094863,"268 posttmt","14 posttmt"
"37436","M3","C4620083","14","269","C4620083 M3","posttmt",-0.00328505811926675,"269 posttmt","14 posttmt"
"37437","M3","C4620083","14","270","C4620083 M3","posttmt",-0.0103637917001488,"270 posttmt","14 posttmt"
"37438","M3","C4620083","14","271","C4620083 M3","posttmt",-0.0224738416917778,"271 posttmt","14 posttmt"
"37439","M3","C4620083","14","272","C4620083 M3","posttmt",-0.022561122333835,"272 posttmt","14 posttmt"
"37440","M3","C4620083","14","273","C4620083 M3","posttmt",-0.024030784274061,"273 posttmt","14 posttmt"
"37441","M3","C4620083","14","274","C4620083 M3","posttmt",-0.0348285667246785,"274 posttmt","14 posttmt"
"37442","M3","C4620083","14","275","C4620083 M3","posttmt",-0.200626184212749,"275 posttmt","14 posttmt"
"37443","M1","C4620081","7","0","C4620081 M1","posttmt",0.111507753617346,"0 posttmt","7 posttmt"
"37444","M1","C4620081","7","1","C4620081 M1","posttmt",0.103285575372404,"1 posttmt","7 posttmt"
"37445","M1","C4620081","7","2","C4620081 M1","posttmt",0.101191531107198,"2 posttmt","7 posttmt"
"37446","M1","C4620081","7","3","C4620081 M1","posttmt",0.100272898737946,"3 posttmt","7 posttmt"
"37447","M1","C4620081","7","4","C4620081 M1","posttmt",0.100261391429752,"4 posttmt","7 posttmt"
"37448","M1","C4620081","7","5","C4620081 M1","posttmt",0.100091715998772,"5 posttmt","7 posttmt"
"37449","M1","C4620081","7","6","C4620081 M1","posttmt",0.098275786547836,"6 posttmt","7 posttmt"
"37450","M1","C4620081","7","7","C4620081 M1","posttmt",0.0970189956499097,"7 posttmt","7 posttmt"
"37451","M1","C4620081","7","8","C4620081 M1","posttmt",0.0949235588932737,"8 posttmt","7 posttmt"
"37452","M1","C4620081","7","9","C4620081 M1","posttmt",0.0931602440773859,"9 posttmt","7 posttmt"
"37453","M1","C4620081","7","10","C4620081 M1","posttmt",0.0906333011366394,"10 posttmt","7 posttmt"
"37454","M1","C4620081","7","11","C4620081 M1","posttmt",0.0904782309521964,"11 posttmt","7 posttmt"
"37455","M1","C4620081","7","12","C4620081 M1","posttmt",0.0902118251139287,"12 posttmt","7 posttmt"
"37456","M1","C4620081","7","13","C4620081 M1","posttmt",0.0899125339864993,"13 posttmt","7 posttmt"
"37457","M1","C4620081","7","14","C4620081 M1","posttmt",0.0893994853220197,"14 posttmt","7 posttmt"
"37458","M1","C4620081","7","15","C4620081 M1","posttmt",0.0887933742939702,"15 posttmt","7 posttmt"
"37459","M1","C4620081","7","16","C4620081 M1","posttmt",0.0884862471706866,"16 posttmt","7 posttmt"
"37460","M1","C4620081","7","17","C4620081 M1","posttmt",0.0863320463644865,"17 posttmt","7 posttmt"
"37461","M1","C4620081","7","18","C4620081 M1","posttmt",0.0841188018745663,"18 posttmt","7 posttmt"
"37462","M1","C4620081","7","19","C4620081 M1","posttmt",0.083763029747439,"19 posttmt","7 posttmt"
"37463","M1","C4620081","7","20","C4620081 M1","posttmt",0.083601866983377,"20 posttmt","7 posttmt"
"37464","M1","C4620081","7","21","C4620081 M1","posttmt",0.082960706624521,"21 posttmt","7 posttmt"
"37465","M1","C4620081","7","22","C4620081 M1","posttmt",0.0827512894144229,"22 posttmt","7 posttmt"
"37466","M1","C4620081","7","23","C4620081 M1","posttmt",0.0820222148252292,"23 posttmt","7 posttmt"
"37467","M1","C4620081","7","24","C4620081 M1","posttmt",0.0815670549168655,"24 posttmt","7 posttmt"
"37468","M1","C4620081","7","25","C4620081 M1","posttmt",0.0814089053124046,"25 posttmt","7 posttmt"
"37469","M1","C4620081","7","26","C4620081 M1","posttmt",0.0810678794000459,"26 posttmt","7 posttmt"
"37470","M1","C4620081","7","27","C4620081 M1","posttmt",0.0805555055973258,"27 posttmt","7 posttmt"
"37471","M1","C4620081","7","28","C4620081 M1","posttmt",0.0803709832308288,"28 posttmt","7 posttmt"
"37472","M1","C4620081","7","29","C4620081 M1","posttmt",0.0802875488741682,"29 posttmt","7 posttmt"
"37473","M1","C4620081","7","30","C4620081 M1","posttmt",0.0789724910700735,"30 posttmt","7 posttmt"
"37474","M1","C4620081","7","31","C4620081 M1","posttmt",0.0781282891834364,"31 posttmt","7 posttmt"
"37475","M1","C4620081","7","32","C4620081 M1","posttmt",0.0770584040690284,"32 posttmt","7 posttmt"
"37476","M1","C4620081","7","33","C4620081 M1","posttmt",0.0759963376004037,"33 posttmt","7 posttmt"
"37477","M1","C4620081","7","34","C4620081 M1","posttmt",0.0759646037600347,"34 posttmt","7 posttmt"
"37478","M1","C4620081","7","35","C4620081 M1","posttmt",0.0759397741783658,"35 posttmt","7 posttmt"
"37479","M1","C4620081","7","36","C4620081 M1","posttmt",0.0755261293609657,"36 posttmt","7 posttmt"
"37480","M1","C4620081","7","37","C4620081 M1","posttmt",0.0753832352979581,"37 posttmt","7 posttmt"
"37481","M1","C4620081","7","38","C4620081 M1","posttmt",0.0748762732750181,"38 posttmt","7 posttmt"
"37482","M1","C4620081","7","39","C4620081 M1","posttmt",0.0748633557864131,"39 posttmt","7 posttmt"
"37483","M1","C4620081","7","40","C4620081 M1","posttmt",0.0746297078059197,"40 posttmt","7 posttmt"
"37484","M1","C4620081","7","41","C4620081 M1","posttmt",0.0745403453019375,"41 posttmt","7 posttmt"
"37485","M1","C4620081","7","42","C4620081 M1","posttmt",0.0743035740037738,"42 posttmt","7 posttmt"
"37486","M1","C4620081","7","43","C4620081 M1","posttmt",0.0741891427227374,"43 posttmt","7 posttmt"
"37487","M1","C4620081","7","44","C4620081 M1","posttmt",0.0740648376834327,"44 posttmt","7 posttmt"
"37488","M1","C4620081","7","45","C4620081 M1","posttmt",0.0733421679739808,"45 posttmt","7 posttmt"
"37489","M1","C4620081","7","46","C4620081 M1","posttmt",0.0726933766861558,"46 posttmt","7 posttmt"
"37490","M1","C4620081","7","47","C4620081 M1","posttmt",0.0725334543512001,"47 posttmt","7 posttmt"
"37491","M1","C4620081","7","48","C4620081 M1","posttmt",0.0716145595077563,"48 posttmt","7 posttmt"
"37492","M1","C4620081","7","49","C4620081 M1","posttmt",0.0715948922351016,"49 posttmt","7 posttmt"
"37493","M1","C4620081","7","50","C4620081 M1","posttmt",0.0714548658800508,"50 posttmt","7 posttmt"
"37494","M1","C4620081","7","51","C4620081 M1","posttmt",0.0714362962630799,"51 posttmt","7 posttmt"
"37495","M1","C4620081","7","52","C4620081 M1","posttmt",0.0714176440791714,"52 posttmt","7 posttmt"
"37496","M1","C4620081","7","53","C4620081 M1","posttmt",0.0712091067372714,"53 posttmt","7 posttmt"
"37497","M1","C4620081","7","54","C4620081 M1","posttmt",0.0709671409233439,"54 posttmt","7 posttmt"
"37498","M1","C4620081","7","55","C4620081 M1","posttmt",0.0706633038937894,"55 posttmt","7 posttmt"
"37499","M1","C4620081","7","56","C4620081 M1","posttmt",0.070364645314073,"56 posttmt","7 posttmt"
"37500","M1","C4620081","7","57","C4620081 M1","posttmt",0.070086655469605,"57 posttmt","7 posttmt"
"37501","M1","C4620081","7","58","C4620081 M1","posttmt",0.0700176604497499,"58 posttmt","7 posttmt"
"37502","M1","C4620081","7","59","C4620081 M1","posttmt",0.0694701703119371,"59 posttmt","7 posttmt"
"37503","M1","C4620081","7","60","C4620081 M1","posttmt",0.0689236651889721,"60 posttmt","7 posttmt"
"37504","M1","C4620081","7","61","C4620081 M1","posttmt",0.0686700700934977,"61 posttmt","7 posttmt"
"37505","M1","C4620081","7","62","C4620081 M1","posttmt",0.0685689627305709,"62 posttmt","7 posttmt"
"37506","M1","C4620081","7","63","C4620081 M1","posttmt",0.0680461064333241,"63 posttmt","7 posttmt"
"37507","M1","C4620081","7","64","C4620081 M1","posttmt",0.0679940737502037,"64 posttmt","7 posttmt"
"37508","M1","C4620081","7","65","C4620081 M1","posttmt",0.0679677480409281,"65 posttmt","7 posttmt"
"37509","M1","C4620081","7","66","C4620081 M1","posttmt",0.0679067432054876,"66 posttmt","7 posttmt"
"37510","M1","C4620081","7","67","C4620081 M1","posttmt",0.0678527802287524,"67 posttmt","7 posttmt"
"37511","M1","C4620081","7","68","C4620081 M1","posttmt",0.0675690236659943,"68 posttmt","7 posttmt"
"37512","M1","C4620081","7","69","C4620081 M1","posttmt",0.0674468114102754,"69 posttmt","7 posttmt"
"37513","M1","C4620081","7","70","C4620081 M1","posttmt",0.0668420193915635,"70 posttmt","7 posttmt"
"37514","M1","C4620081","7","71","C4620081 M1","posttmt",0.0665949180739876,"71 posttmt","7 posttmt"
"37515","M1","C4620081","7","72","C4620081 M1","posttmt",0.0663240527793544,"72 posttmt","7 posttmt"
"37516","M1","C4620081","7","73","C4620081 M1","posttmt",0.066167571162339,"73 posttmt","7 posttmt"
"37517","M1","C4620081","7","74","C4620081 M1","posttmt",0.0660973288420137,"74 posttmt","7 posttmt"
"37518","M1","C4620081","7","75","C4620081 M1","posttmt",0.0659806322441901,"75 posttmt","7 posttmt"
"37519","M1","C4620081","7","76","C4620081 M1","posttmt",0.0656013555318564,"76 posttmt","7 posttmt"
"37520","M1","C4620081","7","77","C4620081 M1","posttmt",0.0652902318664112,"77 posttmt","7 posttmt"
"37521","M1","C4620081","7","78","C4620081 M1","posttmt",0.0652427467892507,"78 posttmt","7 posttmt"
"37522","M1","C4620081","7","79","C4620081 M1","posttmt",0.0647413943647911,"79 posttmt","7 posttmt"
"37523","M1","C4620081","7","80","C4620081 M1","posttmt",0.0644697940728055,"80 posttmt","7 posttmt"
"37524","M1","C4620081","7","81","C4620081 M1","posttmt",0.0640993646209425,"81 posttmt","7 posttmt"
"37525","M1","C4620081","7","82","C4620081 M1","posttmt",0.0640870806705608,"82 posttmt","7 posttmt"
"37526","M1","C4620081","7","83","C4620081 M1","posttmt",0.0640675779636744,"83 posttmt","7 posttmt"
"37527","M1","C4620081","7","84","C4620081 M1","posttmt",0.0637394157627453,"84 posttmt","7 posttmt"
"37528","M1","C4620081","7","85","C4620081 M1","posttmt",0.0636897846188986,"85 posttmt","7 posttmt"
"37529","M1","C4620081","7","86","C4620081 M1","posttmt",0.063295011153224,"86 posttmt","7 posttmt"
"37530","M1","C4620081","7","87","C4620081 M1","posttmt",0.0632136730742222,"87 posttmt","7 posttmt"
"37531","M1","C4620081","7","88","C4620081 M1","posttmt",0.0627531189722023,"88 posttmt","7 posttmt"
"37532","M1","C4620081","7","89","C4620081 M1","posttmt",0.0627437542652448,"89 posttmt","7 posttmt"
"37533","M1","C4620081","7","90","C4620081 M1","posttmt",0.0622748681668431,"90 posttmt","7 posttmt"
"37534","M1","C4620081","7","91","C4620081 M1","posttmt",0.0621820201438462,"91 posttmt","7 posttmt"
"37535","M1","C4620081","7","92","C4620081 M1","posttmt",0.0618937494305995,"92 posttmt","7 posttmt"
"37536","M1","C4620081","7","93","C4620081 M1","posttmt",0.0613935569229378,"93 posttmt","7 posttmt"
"37537","M1","C4620081","7","94","C4620081 M1","posttmt",0.0613593201386872,"94 posttmt","7 posttmt"
"37538","M1","C4620081","7","95","C4620081 M1","posttmt",0.0612572928259946,"95 posttmt","7 posttmt"
"37539","M1","C4620081","7","96","C4620081 M1","posttmt",0.0610816373632208,"96 posttmt","7 posttmt"
"37540","M1","C4620081","7","97","C4620081 M1","posttmt",0.0605145168322367,"97 posttmt","7 posttmt"
"37541","M1","C4620081","7","98","C4620081 M1","posttmt",0.060457483023507,"98 posttmt","7 posttmt"
"37542","M1","C4620081","7","99","C4620081 M1","posttmt",0.0603440838062703,"99 posttmt","7 posttmt"
"37543","M1","C4620081","7","100","C4620081 M1","posttmt",0.0601105071017509,"100 posttmt","7 posttmt"
"37544","M1","C4620081","7","101","C4620081 M1","posttmt",0.0597477293890024,"101 posttmt","7 posttmt"
"37545","M1","C4620081","7","102","C4620081 M1","posttmt",0.0596370297880194,"102 posttmt","7 posttmt"
"37546","M1","C4620081","7","103","C4620081 M1","posttmt",0.0595737339819916,"103 posttmt","7 posttmt"
"37547","M1","C4620081","7","104","C4620081 M1","posttmt",0.0594781214988506,"104 posttmt","7 posttmt"
"37548","M1","C4620081","7","105","C4620081 M1","posttmt",0.0592093269744449,"105 posttmt","7 posttmt"
"37549","M1","C4620081","7","106","C4620081 M1","posttmt",0.0583923201613776,"106 posttmt","7 posttmt"
"37550","M1","C4620081","7","107","C4620081 M1","posttmt",0.0582407406749366,"107 posttmt","7 posttmt"
"37551","M1","C4620081","7","108","C4620081 M1","posttmt",0.057888958172859,"108 posttmt","7 posttmt"
"37552","M1","C4620081","7","109","C4620081 M1","posttmt",0.0578165092712334,"109 posttmt","7 posttmt"
"37553","M1","C4620081","7","110","C4620081 M1","posttmt",0.0575641807747883,"110 posttmt","7 posttmt"
"37554","M1","C4620081","7","111","C4620081 M1","posttmt",0.0573322454274231,"111 posttmt","7 posttmt"
"37555","M1","C4620081","7","112","C4620081 M1","posttmt",0.0572504376670745,"112 posttmt","7 posttmt"
"37556","M1","C4620081","7","113","C4620081 M1","posttmt",0.057087412175012,"113 posttmt","7 posttmt"
"37557","M1","C4620081","7","114","C4620081 M1","posttmt",0.0569468130919336,"114 posttmt","7 posttmt"
"37558","M1","C4620081","7","115","C4620081 M1","posttmt",0.056307213226227,"115 posttmt","7 posttmt"
"37559","M1","C4620081","7","116","C4620081 M1","posttmt",0.0560696103402284,"116 posttmt","7 posttmt"
"37560","M1","C4620081","7","117","C4620081 M1","posttmt",0.0559416577081334,"117 posttmt","7 posttmt"
"37561","M1","C4620081","7","118","C4620081 M1","posttmt",0.0559251002426358,"118 posttmt","7 posttmt"
"37562","M1","C4620081","7","119","C4620081 M1","posttmt",0.0557721978061024,"119 posttmt","7 posttmt"
"37563","M1","C4620081","7","120","C4620081 M1","posttmt",0.0556006846623241,"120 posttmt","7 posttmt"
"37564","M1","C4620081","7","121","C4620081 M1","posttmt",0.0555431328228127,"121 posttmt","7 posttmt"
"37565","M1","C4620081","7","122","C4620081 M1","posttmt",0.0553999545011332,"122 posttmt","7 posttmt"
"37566","M1","C4620081","7","123","C4620081 M1","posttmt",0.055288383048852,"123 posttmt","7 posttmt"
"37567","M1","C4620081","7","124","C4620081 M1","posttmt",0.0552474628481639,"124 posttmt","7 posttmt"
"37568","M1","C4620081","7","125","C4620081 M1","posttmt",0.0552369122416115,"125 posttmt","7 posttmt"
"37569","M1","C4620081","7","126","C4620081 M1","posttmt",0.0550724907225806,"126 posttmt","7 posttmt"
"37570","M1","C4620081","7","127","C4620081 M1","posttmt",0.0549132407903253,"127 posttmt","7 posttmt"
"37571","M1","C4620081","7","128","C4620081 M1","posttmt",0.0548994057378696,"128 posttmt","7 posttmt"
"37572","M1","C4620081","7","129","C4620081 M1","posttmt",0.0548735828804654,"129 posttmt","7 posttmt"
"37573","M1","C4620081","7","130","C4620081 M1","posttmt",0.0544629529000014,"130 posttmt","7 posttmt"
"37574","M1","C4620081","7","131","C4620081 M1","posttmt",0.0544368538769198,"131 posttmt","7 posttmt"
"37575","M1","C4620081","7","132","C4620081 M1","posttmt",0.0544121353961358,"132 posttmt","7 posttmt"
"37576","M1","C4620081","7","133","C4620081 M1","posttmt",0.0539567451652318,"133 posttmt","7 posttmt"
"37577","M1","C4620081","7","134","C4620081 M1","posttmt",0.0539342814760141,"134 posttmt","7 posttmt"
"37578","M1","C4620081","7","135","C4620081 M1","posttmt",0.0538246933773829,"135 posttmt","7 posttmt"
"37579","M1","C4620081","7","136","C4620081 M1","posttmt",0.0537680932373908,"136 posttmt","7 posttmt"
"37580","M1","C4620081","7","137","C4620081 M1","posttmt",0.0533846462964856,"137 posttmt","7 posttmt"
"37581","M1","C4620081","7","138","C4620081 M1","posttmt",0.0524668723096028,"138 posttmt","7 posttmt"
"37582","M1","C4620081","7","139","C4620081 M1","posttmt",0.0523364827389805,"139 posttmt","7 posttmt"
"37583","M1","C4620081","7","140","C4620081 M1","posttmt",0.0520246351917163,"140 posttmt","7 posttmt"
"37584","M1","C4620081","7","141","C4620081 M1","posttmt",0.0517820652029852,"141 posttmt","7 posttmt"
"37585","M1","C4620081","7","142","C4620081 M1","posttmt",0.0517459721290958,"142 posttmt","7 posttmt"
"37586","M1","C4620081","7","143","C4620081 M1","posttmt",0.0516465854167552,"143 posttmt","7 posttmt"
"37587","M1","C4620081","7","144","C4620081 M1","posttmt",0.0515806922214755,"144 posttmt","7 posttmt"
"37588","M1","C4620081","7","145","C4620081 M1","posttmt",0.0514126397600667,"145 posttmt","7 posttmt"
"37589","M1","C4620081","7","146","C4620081 M1","posttmt",0.051375233289086,"146 posttmt","7 posttmt"
"37590","M1","C4620081","7","147","C4620081 M1","posttmt",0.0512936300134745,"147 posttmt","7 posttmt"
"37591","M1","C4620081","7","148","C4620081 M1","posttmt",0.0511745139005989,"148 posttmt","7 posttmt"
"37592","M1","C4620081","7","149","C4620081 M1","posttmt",0.0509184037055003,"149 posttmt","7 posttmt"
"37593","M1","C4620081","7","150","C4620081 M1","posttmt",0.0507242779570077,"150 posttmt","7 posttmt"
"37594","M1","C4620081","7","151","C4620081 M1","posttmt",0.0507186570028512,"151 posttmt","7 posttmt"
"37595","M1","C4620081","7","152","C4620081 M1","posttmt",0.0504937995177987,"152 posttmt","7 posttmt"
"37596","M1","C4620081","7","153","C4620081 M1","posttmt",0.0500579172665987,"153 posttmt","7 posttmt"
"37597","M1","C4620081","7","154","C4620081 M1","posttmt",0.0499389779633038,"154 posttmt","7 posttmt"
"37598","M1","C4620081","7","155","C4620081 M1","posttmt",0.0499306739423273,"155 posttmt","7 posttmt"
"37599","M1","C4620081","7","156","C4620081 M1","posttmt",0.0499222648197666,"156 posttmt","7 posttmt"
"37600","M1","C4620081","7","157","C4620081 M1","posttmt",0.0498347517277099,"157 posttmt","7 posttmt"
"37601","M1","C4620081","7","158","C4620081 M1","posttmt",0.0494235610659878,"158 posttmt","7 posttmt"
"37602","M1","C4620081","7","159","C4620081 M1","posttmt",0.0489637360369019,"159 posttmt","7 posttmt"
"37603","M1","C4620081","7","160","C4620081 M1","posttmt",0.0488246614019362,"160 posttmt","7 posttmt"
"37604","M1","C4620081","7","161","C4620081 M1","posttmt",0.0488221576298827,"161 posttmt","7 posttmt"
"37605","M1","C4620081","7","162","C4620081 M1","posttmt",0.0486525323164078,"162 posttmt","7 posttmt"
"37606","M1","C4620081","7","163","C4620081 M1","posttmt",0.0486367870831249,"163 posttmt","7 posttmt"
"37607","M1","C4620081","7","164","C4620081 M1","posttmt",0.0485441097689583,"164 posttmt","7 posttmt"
"37608","M1","C4620081","7","165","C4620081 M1","posttmt",0.0483807598575664,"165 posttmt","7 posttmt"
"37609","M1","C4620081","7","166","C4620081 M1","posttmt",0.0483312307493661,"166 posttmt","7 posttmt"
"37610","M1","C4620081","7","167","C4620081 M1","posttmt",0.0481212641412989,"167 posttmt","7 posttmt"
"37611","M1","C4620081","7","168","C4620081 M1","posttmt",0.048078296830242,"168 posttmt","7 posttmt"
"37612","M1","C4620081","7","169","C4620081 M1","posttmt",0.0479072987796493,"169 posttmt","7 posttmt"
"37613","M1","C4620081","7","170","C4620081 M1","posttmt",0.047414276441906,"170 posttmt","7 posttmt"
"37614","M1","C4620081","7","171","C4620081 M1","posttmt",0.0473434383731573,"171 posttmt","7 posttmt"
"37615","M1","C4620081","7","172","C4620081 M1","posttmt",0.0472239210804958,"172 posttmt","7 posttmt"
"37616","M1","C4620081","7","173","C4620081 M1","posttmt",0.0471756984903775,"173 posttmt","7 posttmt"
"37617","M1","C4620081","7","174","C4620081 M1","posttmt",0.0471295446094602,"174 posttmt","7 posttmt"
"37618","M1","C4620081","7","175","C4620081 M1","posttmt",0.046827013140932,"175 posttmt","7 posttmt"
"37619","M1","C4620081","7","176","C4620081 M1","posttmt",0.0467175106498152,"176 posttmt","7 posttmt"
"37620","M1","C4620081","7","177","C4620081 M1","posttmt",0.0466494668025376,"177 posttmt","7 posttmt"
"37621","M1","C4620081","7","178","C4620081 M1","posttmt",0.0465139761787167,"178 posttmt","7 posttmt"
"37622","M1","C4620081","7","179","C4620081 M1","posttmt",0.0463407097916749,"179 posttmt","7 posttmt"
"37623","M1","C4620081","7","180","C4620081 M1","posttmt",0.0459965490821851,"180 posttmt","7 posttmt"
"37624","M1","C4620081","7","181","C4620081 M1","posttmt",0.0453203845999154,"181 posttmt","7 posttmt"
"37625","M1","C4620081","7","182","C4620081 M1","posttmt",0.0452386815920157,"182 posttmt","7 posttmt"
"37626","M1","C4620081","7","183","C4620081 M1","posttmt",0.0451873324848463,"183 posttmt","7 posttmt"
"37627","M1","C4620081","7","184","C4620081 M1","posttmt",0.044730859616128,"184 posttmt","7 posttmt"
"37628","M1","C4620081","7","185","C4620081 M1","posttmt",0.0444777003111066,"185 posttmt","7 posttmt"
"37629","M1","C4620081","7","186","C4620081 M1","posttmt",0.0442260232601574,"186 posttmt","7 posttmt"
"37630","M1","C4620081","7","187","C4620081 M1","posttmt",0.0441324140214935,"187 posttmt","7 posttmt"
"37631","M1","C4620081","7","188","C4620081 M1","posttmt",0.0440027158542188,"188 posttmt","7 posttmt"
"37632","M1","C4620081","7","189","C4620081 M1","posttmt",0.0439829850283996,"189 posttmt","7 posttmt"
"37633","M1","C4620081","7","190","C4620081 M1","posttmt",0.0439597687446432,"190 posttmt","7 posttmt"
"37634","M1","C4620081","7","191","C4620081 M1","posttmt",0.0425544998811395,"191 posttmt","7 posttmt"
"37635","M1","C4620081","7","192","C4620081 M1","posttmt",0.0423324715724464,"192 posttmt","7 posttmt"
"37636","M1","C4620081","7","193","C4620081 M1","posttmt",0.0421908751434925,"193 posttmt","7 posttmt"
"37637","M1","C4620081","7","194","C4620081 M1","posttmt",0.0420610911690879,"194 posttmt","7 posttmt"
"37638","M1","C4620081","7","195","C4620081 M1","posttmt",0.0418714165464179,"195 posttmt","7 posttmt"
"37639","M1","C4620081","7","196","C4620081 M1","posttmt",0.0418474071488747,"196 posttmt","7 posttmt"
"37640","M1","C4620081","7","197","C4620081 M1","posttmt",0.0418267812678231,"197 posttmt","7 posttmt"
"37641","M1","C4620081","7","198","C4620081 M1","posttmt",0.0415726037973768,"198 posttmt","7 posttmt"
"37642","M1","C4620081","7","199","C4620081 M1","posttmt",0.0414344089248524,"199 posttmt","7 posttmt"
"37643","M1","C4620081","7","200","C4620081 M1","posttmt",0.041415915482081,"200 posttmt","7 posttmt"
"37644","M1","C4620081","7","201","C4620081 M1","posttmt",0.0411805518936898,"201 posttmt","7 posttmt"
"37645","M1","C4620081","7","202","C4620081 M1","posttmt",0.041078337775966,"202 posttmt","7 posttmt"
"37646","M1","C4620081","7","203","C4620081 M1","posttmt",0.0409429239764344,"203 posttmt","7 posttmt"
"37647","M1","C4620081","7","204","C4620081 M1","posttmt",0.0409050539997141,"204 posttmt","7 posttmt"
"37648","M1","C4620081","7","205","C4620081 M1","posttmt",0.0405632799460612,"205 posttmt","7 posttmt"
"37649","M1","C4620081","7","206","C4620081 M1","posttmt",0.0405071168431714,"206 posttmt","7 posttmt"
"37650","M1","C4620081","7","207","C4620081 M1","posttmt",0.0397605344602016,"207 posttmt","7 posttmt"
"37651","M1","C4620081","7","208","C4620081 M1","posttmt",0.0396734998026334,"208 posttmt","7 posttmt"
"37652","M1","C4620081","7","209","C4620081 M1","posttmt",0.0396103750239355,"209 posttmt","7 posttmt"
"37653","M1","C4620081","7","210","C4620081 M1","posttmt",0.0393921072022408,"210 posttmt","7 posttmt"
"37654","M1","C4620081","7","211","C4620081 M1","posttmt",0.0393238489275973,"211 posttmt","7 posttmt"
"37655","M1","C4620081","7","212","C4620081 M1","posttmt",0.0392752562563001,"212 posttmt","7 posttmt"
"37656","M1","C4620081","7","213","C4620081 M1","posttmt",0.0391930792265198,"213 posttmt","7 posttmt"
"37657","M1","C4620081","7","214","C4620081 M1","posttmt",0.0391032918798784,"214 posttmt","7 posttmt"
"37658","M1","C4620081","7","215","C4620081 M1","posttmt",0.0389018731604881,"215 posttmt","7 posttmt"
"37659","M1","C4620081","7","216","C4620081 M1","posttmt",0.0388252969031734,"216 posttmt","7 posttmt"
"37660","M1","C4620081","7","217","C4620081 M1","posttmt",0.0385395236012189,"217 posttmt","7 posttmt"
"37661","M1","C4620081","7","218","C4620081 M1","posttmt",0.0381545169360473,"218 posttmt","7 posttmt"
"37662","M1","C4620081","7","219","C4620081 M1","posttmt",0.0379787264258991,"219 posttmt","7 posttmt"
"37663","M1","C4620081","7","220","C4620081 M1","posttmt",0.0378162310332522,"220 posttmt","7 posttmt"
"37664","M1","C4620081","7","221","C4620081 M1","posttmt",0.0377686797261148,"221 posttmt","7 posttmt"
"37665","M1","C4620081","7","222","C4620081 M1","posttmt",0.0377604746890347,"222 posttmt","7 posttmt"
"37666","M1","C4620081","7","223","C4620081 M1","posttmt",0.0374985879334617,"223 posttmt","7 posttmt"
"37667","M1","C4620081","7","224","C4620081 M1","posttmt",0.0373502718948549,"224 posttmt","7 posttmt"
"37668","M1","C4620081","7","225","C4620081 M1","posttmt",0.0373321558692806,"225 posttmt","7 posttmt"
"37669","M1","C4620081","7","226","C4620081 M1","posttmt",0.0370285898696863,"226 posttmt","7 posttmt"
"37670","M1","C4620081","7","227","C4620081 M1","posttmt",0.0365661200601129,"227 posttmt","7 posttmt"
"37671","M1","C4620081","7","228","C4620081 M1","posttmt",0.0365240945797503,"228 posttmt","7 posttmt"
"37672","M1","C4620081","7","229","C4620081 M1","posttmt",0.0363821745639909,"229 posttmt","7 posttmt"
"37673","M1","C4620081","7","230","C4620081 M1","posttmt",0.0359869864767958,"230 posttmt","7 posttmt"
"37674","M1","C4620081","7","231","C4620081 M1","posttmt",0.0358620449482337,"231 posttmt","7 posttmt"
"37675","M1","C4620081","7","232","C4620081 M1","posttmt",0.0357919767064601,"232 posttmt","7 posttmt"
"37676","M1","C4620081","7","233","C4620081 M1","posttmt",0.0354808342747806,"233 posttmt","7 posttmt"
"37677","M1","C4620081","7","234","C4620081 M1","posttmt",0.034651611325489,"234 posttmt","7 posttmt"
"37678","M1","C4620081","7","235","C4620081 M1","posttmt",0.0344821060777342,"235 posttmt","7 posttmt"
"37679","M1","C4620081","7","236","C4620081 M1","posttmt",0.0343424737894923,"236 posttmt","7 posttmt"
"37680","M1","C4620081","7","237","C4620081 M1","posttmt",0.0342131187640177,"237 posttmt","7 posttmt"
"37681","M1","C4620081","7","238","C4620081 M1","posttmt",0.0340056224063644,"238 posttmt","7 posttmt"
"37682","M1","C4620081","7","239","C4620081 M1","posttmt",0.0339399739256084,"239 posttmt","7 posttmt"
"37683","M1","C4620081","7","240","C4620081 M1","posttmt",0.0339234514308113,"240 posttmt","7 posttmt"
"37684","M1","C4620081","7","241","C4620081 M1","posttmt",0.0335616845724074,"241 posttmt","7 posttmt"
"37685","M1","C4620081","7","242","C4620081 M1","posttmt",0.0333669703670225,"242 posttmt","7 posttmt"
"37686","M1","C4620081","7","243","C4620081 M1","posttmt",0.0332879095281107,"243 posttmt","7 posttmt"
"37687","M1","C4620081","7","244","C4620081 M1","posttmt",0.0331584095167795,"244 posttmt","7 posttmt"
"37688","M1","C4620081","7","245","C4620081 M1","posttmt",0.0331352369373808,"245 posttmt","7 posttmt"
"37689","M1","C4620081","7","246","C4620081 M1","posttmt",0.0330942296642903,"246 posttmt","7 posttmt"
"37690","M1","C4620081","7","247","C4620081 M1","posttmt",0.0329039049857453,"247 posttmt","7 posttmt"
"37691","M1","C4620081","7","248","C4620081 M1","posttmt",0.0328758801187115,"248 posttmt","7 posttmt"
"37692","M1","C4620081","7","249","C4620081 M1","posttmt",0.0328427077233207,"249 posttmt","7 posttmt"
"37693","M1","C4620081","7","250","C4620081 M1","posttmt",0.032751457570436,"250 posttmt","7 posttmt"
"37694","M1","C4620081","7","251","C4620081 M1","posttmt",0.0324448571026751,"251 posttmt","7 posttmt"
"37695","M1","C4620081","7","252","C4620081 M1","posttmt",0.0324117963418872,"252 posttmt","7 posttmt"
"37696","M1","C4620081","7","253","C4620081 M1","posttmt",0.0323028474187849,"253 posttmt","7 posttmt"
"37697","M1","C4620081","7","254","C4620081 M1","posttmt",0.0322409819734113,"254 posttmt","7 posttmt"
"37698","M1","C4620081","7","255","C4620081 M1","posttmt",0.031922350851262,"255 posttmt","7 posttmt"
"37699","M1","C4620081","7","256","C4620081 M1","posttmt",0.0316354299336374,"256 posttmt","7 posttmt"
"37700","M1","C4620081","7","257","C4620081 M1","posttmt",0.0311015024311989,"257 posttmt","7 posttmt"
"37701","M1","C4620081","7","258","C4620081 M1","posttmt",0.0306646911057632,"258 posttmt","7 posttmt"
"37702","M1","C4620081","7","259","C4620081 M1","posttmt",0.0304927634939737,"259 posttmt","7 posttmt"
"37703","M1","C4620081","7","260","C4620081 M1","posttmt",0.0304099533958634,"260 posttmt","7 posttmt"
"37704","M1","C4620081","7","261","C4620081 M1","posttmt",0.0302529874631535,"261 posttmt","7 posttmt"
"37705","M1","C4620081","7","262","C4620081 M1","posttmt",0.0300782206815112,"262 posttmt","7 posttmt"
"37706","M1","C4620081","7","263","C4620081 M1","posttmt",0.0297453691784734,"263 posttmt","7 posttmt"
"37707","M1","C4620081","7","264","C4620081 M1","posttmt",0.0296770965008152,"264 posttmt","7 posttmt"
"37708","M1","C4620081","7","265","C4620081 M1","posttmt",0.0294844822156086,"265 posttmt","7 posttmt"
"37709","M1","C4620081","7","266","C4620081 M1","posttmt",0.0294001481787134,"266 posttmt","7 posttmt"
"37710","M1","C4620081","7","267","C4620081 M1","posttmt",0.0293664882250334,"267 posttmt","7 posttmt"
"37711","M1","C4620081","7","268","C4620081 M1","posttmt",0.0291849503676712,"268 posttmt","7 posttmt"
"37712","M1","C4620081","7","269","C4620081 M1","posttmt",0.0287023494259573,"269 posttmt","7 posttmt"
"37713","M1","C4620081","7","270","C4620081 M1","posttmt",0.0285963822131296,"270 posttmt","7 posttmt"
"37714","M1","C4620081","7","271","C4620081 M1","posttmt",0.0285399114348212,"271 posttmt","7 posttmt"
"37715","M1","C4620081","7","272","C4620081 M1","posttmt",0.0284734995328415,"272 posttmt","7 posttmt"
"37716","M1","C4620081","7","273","C4620081 M1","posttmt",0.0273519093831633,"273 posttmt","7 posttmt"
"37717","M1","C4620081","7","274","C4620081 M1","posttmt",0.026980093479961,"274 posttmt","7 posttmt"
"37718","M1","C4620081","7","275","C4620081 M1","posttmt",0.0269298412729635,"275 posttmt","7 posttmt"
"37719","M1","C4620081","7","276","C4620081 M1","posttmt",0.0269118344357473,"276 posttmt","7 posttmt"
"37720","M1","C4620081","7","277","C4620081 M1","posttmt",0.0268454449858725,"277 posttmt","7 posttmt"
"37721","M1","C4620081","7","278","C4620081 M1","posttmt",0.0267229041640546,"278 posttmt","7 posttmt"
"37722","M1","C4620081","7","279","C4620081 M1","posttmt",0.0258924829039972,"279 posttmt","7 posttmt"
"37723","M1","C4620081","7","280","C4620081 M1","posttmt",0.0258668799982917,"280 posttmt","7 posttmt"
"37724","M1","C4620081","7","281","C4620081 M1","posttmt",0.0258097331949861,"281 posttmt","7 posttmt"
"37725","M1","C4620081","7","282","C4620081 M1","posttmt",0.0257941021875006,"282 posttmt","7 posttmt"
"37726","M1","C4620081","7","283","C4620081 M1","posttmt",0.0256867193780836,"283 posttmt","7 posttmt"
"37727","M1","C4620081","7","284","C4620081 M1","posttmt",0.0255068134077883,"284 posttmt","7 posttmt"
"37728","M1","C4620081","7","285","C4620081 M1","posttmt",0.0251455751351975,"285 posttmt","7 posttmt"
"37729","M1","C4620081","7","286","C4620081 M1","posttmt",0.0249986651028389,"286 posttmt","7 posttmt"
"37730","M1","C4620081","7","287","C4620081 M1","posttmt",0.0248236262027345,"287 posttmt","7 posttmt"
"37731","M1","C4620081","7","288","C4620081 M1","posttmt",0.0244492560988721,"288 posttmt","7 posttmt"
"37732","M1","C4620081","7","289","C4620081 M1","posttmt",0.024445668935788,"289 posttmt","7 posttmt"
"37733","M1","C4620081","7","290","C4620081 M1","posttmt",0.0241627199974925,"290 posttmt","7 posttmt"
"37734","M1","C4620081","7","291","C4620081 M1","posttmt",0.0239654504469128,"291 posttmt","7 posttmt"
"37735","M1","C4620081","7","292","C4620081 M1","posttmt",0.0239621287089162,"292 posttmt","7 posttmt"
"37736","M1","C4620081","7","293","C4620081 M1","posttmt",0.0239292263414256,"293 posttmt","7 posttmt"
"37737","M1","C4620081","7","294","C4620081 M1","posttmt",0.0239135804917993,"294 posttmt","7 posttmt"
"37738","M1","C4620081","7","295","C4620081 M1","posttmt",0.0239010216168178,"295 posttmt","7 posttmt"
"37739","M1","C4620081","7","296","C4620081 M1","posttmt",0.0235262623375398,"296 posttmt","7 posttmt"
"37740","M1","C4620081","7","297","C4620081 M1","posttmt",0.023427382855085,"297 posttmt","7 posttmt"
"37741","M1","C4620081","7","298","C4620081 M1","posttmt",0.0234136772646079,"298 posttmt","7 posttmt"
"37742","M1","C4620081","7","299","C4620081 M1","posttmt",0.0232662286211596,"299 posttmt","7 posttmt"
"37743","M1","C4620081","7","300","C4620081 M1","posttmt",0.0227893932366802,"300 posttmt","7 posttmt"
"37744","M1","C4620081","7","301","C4620081 M1","posttmt",0.0226300797455387,"301 posttmt","7 posttmt"
"37745","M1","C4620081","7","302","C4620081 M1","posttmt",0.022536726562381,"302 posttmt","7 posttmt"
"37746","M1","C4620081","7","303","C4620081 M1","posttmt",0.0224179770496764,"303 posttmt","7 posttmt"
"37747","M1","C4620081","7","304","C4620081 M1","posttmt",0.0221422778835354,"304 posttmt","7 posttmt"
"37748","M1","C4620081","7","305","C4620081 M1","posttmt",0.0218167813872406,"305 posttmt","7 posttmt"
"37749","M1","C4620081","7","306","C4620081 M1","posttmt",0.0217213409531327,"306 posttmt","7 posttmt"
"37750","M1","C4620081","7","307","C4620081 M1","posttmt",0.0215720142463338,"307 posttmt","7 posttmt"
"37751","M1","C4620081","7","308","C4620081 M1","posttmt",0.0211474337481476,"308 posttmt","7 posttmt"
"37752","M1","C4620081","7","309","C4620081 M1","posttmt",0.0211432106113086,"309 posttmt","7 posttmt"
"37753","M1","C4620081","7","310","C4620081 M1","posttmt",0.0211197631970909,"310 posttmt","7 posttmt"
"37754","M1","C4620081","7","311","C4620081 M1","posttmt",0.0203204930904855,"311 posttmt","7 posttmt"
"37755","M1","C4620081","7","312","C4620081 M1","posttmt",0.0202586504483036,"312 posttmt","7 posttmt"
"37756","M1","C4620081","7","313","C4620081 M1","posttmt",0.0198541323957034,"313 posttmt","7 posttmt"
"37757","M1","C4620081","7","314","C4620081 M1","posttmt",0.019513539294822,"314 posttmt","7 posttmt"
"37758","M1","C4620081","7","315","C4620081 M1","posttmt",0.0193949587022957,"315 posttmt","7 posttmt"
"37759","M1","C4620081","7","316","C4620081 M1","posttmt",0.0189707396189608,"316 posttmt","7 posttmt"
"37760","M1","C4620081","7","317","C4620081 M1","posttmt",0.0188450310962022,"317 posttmt","7 posttmt"
"37761","M1","C4620081","7","318","C4620081 M1","posttmt",0.0188321605269562,"318 posttmt","7 posttmt"
"37762","M1","C4620081","7","319","C4620081 M1","posttmt",0.0184120594357243,"319 posttmt","7 posttmt"
"37763","M1","C4620081","7","320","C4620081 M1","posttmt",0.0180587682795722,"320 posttmt","7 posttmt"
"37764","M1","C4620081","7","321","C4620081 M1","posttmt",0.0179659010417048,"321 posttmt","7 posttmt"
"37765","M1","C4620081","7","322","C4620081 M1","posttmt",0.0179281881547273,"322 posttmt","7 posttmt"
"37766","M1","C4620081","7","323","C4620081 M1","posttmt",0.0179263237720309,"323 posttmt","7 posttmt"
"37767","M1","C4620081","7","324","C4620081 M1","posttmt",0.0168936243804482,"324 posttmt","7 posttmt"
"37768","M1","C4620081","7","325","C4620081 M1","posttmt",0.0162759164324899,"325 posttmt","7 posttmt"
"37769","M1","C4620081","7","326","C4620081 M1","posttmt",0.0158892306347786,"326 posttmt","7 posttmt"
"37770","M1","C4620081","7","327","C4620081 M1","posttmt",0.0149509318534898,"327 posttmt","7 posttmt"
"37771","M1","C4620081","7","328","C4620081 M1","posttmt",0.0148455700927009,"328 posttmt","7 posttmt"
"37772","M1","C4620081","7","329","C4620081 M1","posttmt",0.0144616527805215,"329 posttmt","7 posttmt"
"37773","M1","C4620081","7","330","C4620081 M1","posttmt",0.0141658024949805,"330 posttmt","7 posttmt"
"37774","M1","C4620081","7","331","C4620081 M1","posttmt",0.0140416732153818,"331 posttmt","7 posttmt"
"37775","M1","C4620081","7","332","C4620081 M1","posttmt",0.0139055192895803,"332 posttmt","7 posttmt"
"37776","M1","C4620081","7","333","C4620081 M1","posttmt",0.0138683931358314,"333 posttmt","7 posttmt"
"37777","M1","C4620081","7","334","C4620081 M1","posttmt",0.0137629336138962,"334 posttmt","7 posttmt"
"37778","M1","C4620081","7","335","C4620081 M1","posttmt",0.0136378216462656,"335 posttmt","7 posttmt"
"37779","M1","C4620081","7","336","C4620081 M1","posttmt",0.0131594361628029,"336 posttmt","7 posttmt"
"37780","M1","C4620081","7","337","C4620081 M1","posttmt",0.0131349440925265,"337 posttmt","7 posttmt"
"37781","M1","C4620081","7","338","C4620081 M1","posttmt",0.0125826587887121,"338 posttmt","7 posttmt"
"37782","M1","C4620081","7","339","C4620081 M1","posttmt",0.0125403061506443,"339 posttmt","7 posttmt"
"37783","M1","C4620081","7","340","C4620081 M1","posttmt",0.0121619495720957,"340 posttmt","7 posttmt"
"37784","M1","C4620081","7","341","C4620081 M1","posttmt",0.0120488597263879,"341 posttmt","7 posttmt"
"37785","M1","C4620081","7","342","C4620081 M1","posttmt",0.0116304141598909,"342 posttmt","7 posttmt"
"37786","M1","C4620081","7","343","C4620081 M1","posttmt",0.0113969859210402,"343 posttmt","7 posttmt"
"37787","M1","C4620081","7","344","C4620081 M1","posttmt",0.0113779227578619,"344 posttmt","7 posttmt"
"37788","M1","C4620081","7","345","C4620081 M1","posttmt",0.0113055823642996,"345 posttmt","7 posttmt"
"37789","M1","C4620081","7","346","C4620081 M1","posttmt",0.0105878406265575,"346 posttmt","7 posttmt"
"37790","M1","C4620081","7","347","C4620081 M1","posttmt",0.0103516995217855,"347 posttmt","7 posttmt"
"37791","M1","C4620081","7","348","C4620081 M1","posttmt",0.0102208639125909,"348 posttmt","7 posttmt"
"37792","M1","C4620081","7","349","C4620081 M1","posttmt",0.00999604877280753,"349 posttmt","7 posttmt"
"37793","M1","C4620081","7","350","C4620081 M1","posttmt",0.00995776131317128,"350 posttmt","7 posttmt"
"37794","M1","C4620081","7","351","C4620081 M1","posttmt",0.00905713685074243,"351 posttmt","7 posttmt"
"37795","M1","C4620081","7","352","C4620081 M1","posttmt",0.00902027145364616,"352 posttmt","7 posttmt"
"37796","M1","C4620081","7","353","C4620081 M1","posttmt",0.00842356863494352,"353 posttmt","7 posttmt"
"37797","M1","C4620081","7","354","C4620081 M1","posttmt",0.00831730499800712,"354 posttmt","7 posttmt"
"37798","M1","C4620081","7","355","C4620081 M1","posttmt",0.00829787774001739,"355 posttmt","7 posttmt"
"37799","M1","C4620081","7","356","C4620081 M1","posttmt",0.00826570421060443,"356 posttmt","7 posttmt"
"37800","M1","C4620081","7","357","C4620081 M1","posttmt",0.0079013824325443,"357 posttmt","7 posttmt"
"37801","M1","C4620081","7","358","C4620081 M1","posttmt",0.00774607478449682,"358 posttmt","7 posttmt"
"37802","M1","C4620081","7","359","C4620081 M1","posttmt",0.00733827784959168,"359 posttmt","7 posttmt"
"37803","M1","C4620081","7","360","C4620081 M1","posttmt",0.00692220372686089,"360 posttmt","7 posttmt"
"37804","M1","C4620081","7","361","C4620081 M1","posttmt",0.00650220279736056,"361 posttmt","7 posttmt"
"37805","M1","C4620081","7","362","C4620081 M1","posttmt",0.00602645740596424,"362 posttmt","7 posttmt"
"37806","M1","C4620081","7","363","C4620081 M1","posttmt",0.00581434228103476,"363 posttmt","7 posttmt"
"37807","M1","C4620081","7","364","C4620081 M1","posttmt",0.00549771274408343,"364 posttmt","7 posttmt"
"37808","M1","C4620081","7","365","C4620081 M1","posttmt",0.00519640747420076,"365 posttmt","7 posttmt"
"37809","M1","C4620081","7","366","C4620081 M1","posttmt",0.00494681557450382,"366 posttmt","7 posttmt"
"37810","M1","C4620081","7","367","C4620081 M1","posttmt",0.00488219314500329,"367 posttmt","7 posttmt"
"37811","M1","C4620081","7","368","C4620081 M1","posttmt",0.00487019696795624,"368 posttmt","7 posttmt"
"37812","M1","C4620081","7","369","C4620081 M1","posttmt",0.00472343271975256,"369 posttmt","7 posttmt"
"37813","M1","C4620081","7","370","C4620081 M1","posttmt",0.00427390750615379,"370 posttmt","7 posttmt"
"37814","M1","C4620081","7","371","C4620081 M1","posttmt",0.0041065673886444,"371 posttmt","7 posttmt"
"37815","M1","C4620081","7","372","C4620081 M1","posttmt",0.00410623561602629,"372 posttmt","7 posttmt"
"37816","M1","C4620081","7","373","C4620081 M1","posttmt",0.00407319375172188,"373 posttmt","7 posttmt"
"37817","M1","C4620081","7","374","C4620081 M1","posttmt",0.0040585702123951,"374 posttmt","7 posttmt"
"37818","M1","C4620081","7","375","C4620081 M1","posttmt",0.00392001508309962,"375 posttmt","7 posttmt"
"37819","M1","C4620081","7","376","C4620081 M1","posttmt",0.00355293441304455,"376 posttmt","7 posttmt"
"37820","M1","C4620081","7","377","C4620081 M1","posttmt",0.00351835702049828,"377 posttmt","7 posttmt"
"37821","M1","C4620081","7","378","C4620081 M1","posttmt",0.00351283792556961,"378 posttmt","7 posttmt"
"37822","M1","C4620081","7","379","C4620081 M1","posttmt",0.00338375649363802,"379 posttmt","7 posttmt"
"37823","M1","C4620081","7","380","C4620081 M1","posttmt",0.00318490161736043,"380 posttmt","7 posttmt"
"37824","M1","C4620081","7","381","C4620081 M1","posttmt",0.00303665680353779,"381 posttmt","7 posttmt"
"37825","M1","C4620081","7","382","C4620081 M1","posttmt",0.0029760467468296,"382 posttmt","7 posttmt"
"37826","M1","C4620081","7","383","C4620081 M1","posttmt",0.00296014403672997,"383 posttmt","7 posttmt"
"37827","M1","C4620081","7","384","C4620081 M1","posttmt",0.00211168322698547,"384 posttmt","7 posttmt"
"37828","M1","C4620081","7","385","C4620081 M1","posttmt",0.00194597602570666,"385 posttmt","7 posttmt"
"37829","M1","C4620081","7","386","C4620081 M1","posttmt",0.0018901622215876,"386 posttmt","7 posttmt"
"37830","M1","C4620081","7","387","C4620081 M1","posttmt",0.00187839431737566,"387 posttmt","7 posttmt"
"37831","M1","C4620081","7","388","C4620081 M1","posttmt",0.00163965399453546,"388 posttmt","7 posttmt"
"37832","M1","C4620081","7","389","C4620081 M1","posttmt",0.00143996359025586,"389 posttmt","7 posttmt"
"37833","M1","C4620081","7","390","C4620081 M1","posttmt",0.00099959304199362,"390 posttmt","7 posttmt"
"37834","M1","C4620081","7","391","C4620081 M1","posttmt",0.000772485301977036,"391 posttmt","7 posttmt"
"37835","M1","C4620081","7","392","C4620081 M1","posttmt",0.000137254959444557,"392 posttmt","7 posttmt"
"37836","M1","C4620081","7","393","C4620081 M1","posttmt",5.79273240200002e-05,"393 posttmt","7 posttmt"
"37837","M1","C4620081","7","394","C4620081 M1","posttmt",-0.000390911903350342,"394 posttmt","7 posttmt"
"37838","M1","C4620081","7","395","C4620081 M1","posttmt",-0.000432430035723608,"395 posttmt","7 posttmt"
"37839","M1","C4620081","7","396","C4620081 M1","posttmt",-0.000497528402377296,"396 posttmt","7 posttmt"
"37840","M1","C4620081","7","397","C4620081 M1","posttmt",-0.000740003559913641,"397 posttmt","7 posttmt"
"37841","M1","C4620081","7","398","C4620081 M1","posttmt",-0.000931868129302668,"398 posttmt","7 posttmt"
"37842","M1","C4620081","7","399","C4620081 M1","posttmt",-0.00167485068003803,"399 posttmt","7 posttmt"
"37843","M1","C4620081","7","400","C4620081 M1","posttmt",-0.00226559735187984,"400 posttmt","7 posttmt"
"37844","M1","C4620081","7","401","C4620081 M1","posttmt",-0.00237656005163829,"401 posttmt","7 posttmt"
"37845","M1","C4620081","7","402","C4620081 M1","posttmt",-0.00249842775447955,"402 posttmt","7 posttmt"
"37846","M1","C4620081","7","403","C4620081 M1","posttmt",-0.00255187283475776,"403 posttmt","7 posttmt"
"37847","M1","C4620081","7","404","C4620081 M1","posttmt",-0.00424962374632081,"404 posttmt","7 posttmt"
"37848","M1","C4620081","7","405","C4620081 M1","posttmt",-0.00487900770575549,"405 posttmt","7 posttmt"
"37849","M1","C4620081","7","406","C4620081 M1","posttmt",-0.0062415796914703,"406 posttmt","7 posttmt"
"37850","M1","C4620081","7","407","C4620081 M1","posttmt",-0.00671307938517833,"407 posttmt","7 posttmt"
"37851","M1","C4620081","7","408","C4620081 M1","posttmt",-0.00699163586443718,"408 posttmt","7 posttmt"
"37852","M1","C4620081","7","409","C4620081 M1","posttmt",-0.00833337166568713,"409 posttmt","7 posttmt"
"37853","M1","C4620081","7","410","C4620081 M1","posttmt",-0.00868411226628861,"410 posttmt","7 posttmt"
"37854","M1","C4620081","7","411","C4620081 M1","posttmt",-0.00922367017251826,"411 posttmt","7 posttmt"
"37855","M1","C4620081","7","412","C4620081 M1","posttmt",-0.00959968889165235,"412 posttmt","7 posttmt"
"37856","M1","C4620081","7","413","C4620081 M1","posttmt",-0.00964165837538589,"413 posttmt","7 posttmt"
"37857","M1","C4620081","7","414","C4620081 M1","posttmt",-0.0106620543566896,"414 posttmt","7 posttmt"
"37858","M1","C4620081","7","415","C4620081 M1","posttmt",-0.0107558673852501,"415 posttmt","7 posttmt"
"37859","M1","C4620081","7","416","C4620081 M1","posttmt",-0.0130582777014582,"416 posttmt","7 posttmt"
"37860","M1","C4620081","7","417","C4620081 M1","posttmt",-0.013285470923417,"417 posttmt","7 posttmt"
"37861","M1","C4620081","7","418","C4620081 M1","posttmt",-0.0146054274572897,"418 posttmt","7 posttmt"
"37862","M1","C4620081","7","419","C4620081 M1","posttmt",-0.0151633256367155,"419 posttmt","7 posttmt"
"37863","M1","C4620081","7","420","C4620081 M1","posttmt",-0.0154470012201641,"420 posttmt","7 posttmt"
"37864","M1","C4620081","7","421","C4620081 M1","posttmt",-0.0155366021099276,"421 posttmt","7 posttmt"
"37865","M1","C4620081","7","422","C4620081 M1","posttmt",-0.0157256690757539,"422 posttmt","7 posttmt"
"37866","M1","C4620081","7","423","C4620081 M1","posttmt",-0.015735388168544,"423 posttmt","7 posttmt"
"37867","M1","C4620081","7","424","C4620081 M1","posttmt",-0.0159074793897994,"424 posttmt","7 posttmt"
"37868","M1","C4620081","7","425","C4620081 M1","posttmt",-0.0164235669605013,"425 posttmt","7 posttmt"
"37869","M1","C4620081","7","426","C4620081 M1","posttmt",-0.0194531085231825,"426 posttmt","7 posttmt"
"37870","M1","C4620081","7","427","C4620081 M1","posttmt",-0.0195044699164587,"427 posttmt","7 posttmt"
"37871","M1","C4620081","7","428","C4620081 M1","posttmt",-0.0200014561182968,"428 posttmt","7 posttmt"
"37872","M1","C4620081","7","429","C4620081 M1","posttmt",-0.0202648767695818,"429 posttmt","7 posttmt"
"37873","M1","C4620081","7","430","C4620081 M1","posttmt",-0.0211015390152965,"430 posttmt","7 posttmt"
"37874","M1","C4620081","7","431","C4620081 M1","posttmt",-0.0212834331966175,"431 posttmt","7 posttmt"
"37875","M1","C4620081","7","432","C4620081 M1","posttmt",-0.0242018997616799,"432 posttmt","7 posttmt"
"37876","M1","C4620081","7","433","C4620081 M1","posttmt",-0.0261371773634291,"433 posttmt","7 posttmt"
"37877","M1","C4620081","7","434","C4620081 M1","posttmt",-0.0263085732064628,"434 posttmt","7 posttmt"
"37878","M1","C4620081","7","435","C4620081 M1","posttmt",-0.0345147221238692,"435 posttmt","7 posttmt"
"37879","M1","C4620081","7","436","C4620081 M1","posttmt",-0.0399202548688551,"436 posttmt","7 posttmt"
"37880","M1","C4620081","7","437","C4620081 M1","posttmt",-0.0414250180710907,"437 posttmt","7 posttmt"
"37881","M1","C4620081","7","438","C4620081 M1","posttmt",-0.0482107626713921,"438 posttmt","7 posttmt"
"37882","M1","C4620083","7","0","C4620083 M1","posttmt",0.312723103918753,"0 posttmt","7 posttmt"
"37883","M1","C4620083","7","1","C4620083 M1","posttmt",0.302712151697883,"1 posttmt","7 posttmt"
"37884","M1","C4620083","7","2","C4620083 M1","posttmt",0.301104183167503,"2 posttmt","7 posttmt"
"37885","M1","C4620083","7","3","C4620083 M1","posttmt",0.296999190934571,"3 posttmt","7 posttmt"
"37886","M1","C4620083","7","4","C4620083 M1","posttmt",0.288731565454498,"4 posttmt","7 posttmt"
"37887","M1","C4620083","7","5","C4620083 M1","posttmt",0.286487787081667,"5 posttmt","7 posttmt"
"37888","M1","C4620083","7","6","C4620083 M1","posttmt",0.275209314979476,"6 posttmt","7 posttmt"
"37889","M1","C4620083","7","7","C4620083 M1","posttmt",0.270505295899415,"7 posttmt","7 posttmt"
"37890","M1","C4620083","7","8","C4620083 M1","posttmt",0.269793993314625,"8 posttmt","7 posttmt"
"37891","M1","C4620083","7","9","C4620083 M1","posttmt",0.264559088000912,"9 posttmt","7 posttmt"
"37892","M1","C4620083","7","10","C4620083 M1","posttmt",0.263686893908644,"10 posttmt","7 posttmt"
"37893","M1","C4620083","7","11","C4620083 M1","posttmt",0.260459409281416,"11 posttmt","7 posttmt"
"37894","M1","C4620083","7","12","C4620083 M1","posttmt",0.256536114927288,"12 posttmt","7 posttmt"
"37895","M1","C4620083","7","13","C4620083 M1","posttmt",0.252361360848371,"13 posttmt","7 posttmt"
"37896","M1","C4620083","7","14","C4620083 M1","posttmt",0.251118594628494,"14 posttmt","7 posttmt"
"37897","M1","C4620083","7","15","C4620083 M1","posttmt",0.250192722056432,"15 posttmt","7 posttmt"
"37898","M1","C4620083","7","16","C4620083 M1","posttmt",0.249344367981707,"16 posttmt","7 posttmt"
"37899","M1","C4620083","7","17","C4620083 M1","posttmt",0.248486512904648,"17 posttmt","7 posttmt"
"37900","M1","C4620083","7","18","C4620083 M1","posttmt",0.24810737481461,"18 posttmt","7 posttmt"
"37901","M1","C4620083","7","19","C4620083 M1","posttmt",0.24754866528956,"19 posttmt","7 posttmt"
"37902","M1","C4620083","7","20","C4620083 M1","posttmt",0.247111519747766,"20 posttmt","7 posttmt"
"37903","M1","C4620083","7","21","C4620083 M1","posttmt",0.245375453856443,"21 posttmt","7 posttmt"
"37904","M1","C4620083","7","22","C4620083 M1","posttmt",0.24431108428588,"22 posttmt","7 posttmt"
"37905","M1","C4620083","7","23","C4620083 M1","posttmt",0.243875142129271,"23 posttmt","7 posttmt"
"37906","M1","C4620083","7","24","C4620083 M1","posttmt",0.243424433579983,"24 posttmt","7 posttmt"
"37907","M1","C4620083","7","25","C4620083 M1","posttmt",0.24310464937724,"25 posttmt","7 posttmt"
"37908","M1","C4620083","7","26","C4620083 M1","posttmt",0.242645726005438,"26 posttmt","7 posttmt"
"37909","M1","C4620083","7","27","C4620083 M1","posttmt",0.242546392913252,"27 posttmt","7 posttmt"
"37910","M1","C4620083","7","28","C4620083 M1","posttmt",0.242484688885823,"28 posttmt","7 posttmt"
"37911","M1","C4620083","7","29","C4620083 M1","posttmt",0.242172995912002,"29 posttmt","7 posttmt"
"37912","M1","C4620083","7","30","C4620083 M1","posttmt",0.242157202165385,"30 posttmt","7 posttmt"
"37913","M1","C4620083","7","31","C4620083 M1","posttmt",0.242041951151077,"31 posttmt","7 posttmt"
"37914","M1","C4620083","7","32","C4620083 M1","posttmt",0.241290062609223,"32 posttmt","7 posttmt"
"37915","M1","C4620083","7","33","C4620083 M1","posttmt",0.240893722079519,"33 posttmt","7 posttmt"
"37916","M1","C4620083","7","34","C4620083 M1","posttmt",0.240472114637643,"34 posttmt","7 posttmt"
"37917","M1","C4620083","7","35","C4620083 M1","posttmt",0.24008358653552,"35 posttmt","7 posttmt"
"37918","M1","C4620083","7","36","C4620083 M1","posttmt",0.238791057847644,"36 posttmt","7 posttmt"
"37919","M1","C4620083","7","37","C4620083 M1","posttmt",0.238188661649693,"37 posttmt","7 posttmt"
"37920","M1","C4620083","7","38","C4620083 M1","posttmt",0.237881769420482,"38 posttmt","7 posttmt"
"37921","M1","C4620083","7","39","C4620083 M1","posttmt",0.23744088632561,"39 posttmt","7 posttmt"
"37922","M1","C4620083","7","40","C4620083 M1","posttmt",0.23733066866458,"40 posttmt","7 posttmt"
"37923","M1","C4620083","7","41","C4620083 M1","posttmt",0.234456391070507,"41 posttmt","7 posttmt"
"37924","M1","C4620083","7","42","C4620083 M1","posttmt",0.234128706991117,"42 posttmt","7 posttmt"
"37925","M1","C4620083","7","43","C4620083 M1","posttmt",0.23225662713543,"43 posttmt","7 posttmt"
"37926","M1","C4620083","7","44","C4620083 M1","posttmt",0.232177785695896,"44 posttmt","7 posttmt"
"37927","M1","C4620083","7","45","C4620083 M1","posttmt",0.231614774969925,"45 posttmt","7 posttmt"
"37928","M1","C4620083","7","46","C4620083 M1","posttmt",0.23026493205555,"46 posttmt","7 posttmt"
"37929","M1","C4620083","7","47","C4620083 M1","posttmt",0.229583851810855,"47 posttmt","7 posttmt"
"37930","M1","C4620083","7","48","C4620083 M1","posttmt",0.228568527328712,"48 posttmt","7 posttmt"
"37931","M1","C4620083","7","49","C4620083 M1","posttmt",0.228204242172845,"49 posttmt","7 posttmt"
"37932","M1","C4620083","7","50","C4620083 M1","posttmt",0.227837185539781,"50 posttmt","7 posttmt"
"37933","M1","C4620083","7","51","C4620083 M1","posttmt",0.227541348114749,"51 posttmt","7 posttmt"
"37934","M1","C4620083","7","52","C4620083 M1","posttmt",0.226856060657909,"52 posttmt","7 posttmt"
"37935","M1","C4620083","7","53","C4620083 M1","posttmt",0.226320104809261,"53 posttmt","7 posttmt"
"37936","M1","C4620083","7","54","C4620083 M1","posttmt",0.225997852624282,"54 posttmt","7 posttmt"
"37937","M1","C4620083","7","55","C4620083 M1","posttmt",0.225224461894418,"55 posttmt","7 posttmt"
"37938","M1","C4620083","7","56","C4620083 M1","posttmt",0.224743658337584,"56 posttmt","7 posttmt"
"37939","M1","C4620083","7","57","C4620083 M1","posttmt",0.224030285577454,"57 posttmt","7 posttmt"
"37940","M1","C4620083","7","58","C4620083 M1","posttmt",0.223914756586142,"58 posttmt","7 posttmt"
"37941","M1","C4620083","7","59","C4620083 M1","posttmt",0.223516125477884,"59 posttmt","7 posttmt"
"37942","M1","C4620083","7","60","C4620083 M1","posttmt",0.223425396044678,"60 posttmt","7 posttmt"
"37943","M1","C4620083","7","61","C4620083 M1","posttmt",0.223287416782154,"61 posttmt","7 posttmt"
"37944","M1","C4620083","7","62","C4620083 M1","posttmt",0.222496467970373,"62 posttmt","7 posttmt"
"37945","M1","C4620083","7","63","C4620083 M1","posttmt",0.220823444776644,"63 posttmt","7 posttmt"
"37946","M1","C4620083","7","64","C4620083 M1","posttmt",0.219066493299667,"64 posttmt","7 posttmt"
"37947","M1","C4620083","7","65","C4620083 M1","posttmt",0.218358947299405,"65 posttmt","7 posttmt"
"37948","M1","C4620083","7","66","C4620083 M1","posttmt",0.217873180062056,"66 posttmt","7 posttmt"
"37949","M1","C4620083","7","67","C4620083 M1","posttmt",0.216992720267791,"67 posttmt","7 posttmt"
"37950","M1","C4620083","7","68","C4620083 M1","posttmt",0.216848380284136,"68 posttmt","7 posttmt"
"37951","M1","C4620083","7","69","C4620083 M1","posttmt",0.216748669125958,"69 posttmt","7 posttmt"
"37952","M1","C4620083","7","70","C4620083 M1","posttmt",0.216417985958503,"70 posttmt","7 posttmt"
"37953","M1","C4620083","7","71","C4620083 M1","posttmt",0.216034603079009,"71 posttmt","7 posttmt"
"37954","M1","C4620083","7","72","C4620083 M1","posttmt",0.215924455423803,"72 posttmt","7 posttmt"
"37955","M1","C4620083","7","73","C4620083 M1","posttmt",0.215499439093314,"73 posttmt","7 posttmt"
"37956","M1","C4620083","7","74","C4620083 M1","posttmt",0.215483108918073,"74 posttmt","7 posttmt"
"37957","M1","C4620083","7","75","C4620083 M1","posttmt",0.215210543128168,"75 posttmt","7 posttmt"
"37958","M1","C4620083","7","76","C4620083 M1","posttmt",0.214852250683671,"76 posttmt","7 posttmt"
"37959","M1","C4620083","7","77","C4620083 M1","posttmt",0.214492995544545,"77 posttmt","7 posttmt"
"37960","M1","C4620083","7","78","C4620083 M1","posttmt",0.213972388455451,"78 posttmt","7 posttmt"
"37961","M1","C4620083","7","79","C4620083 M1","posttmt",0.213634598639123,"79 posttmt","7 posttmt"
"37962","M1","C4620083","7","80","C4620083 M1","posttmt",0.213570162336262,"80 posttmt","7 posttmt"
"37963","M1","C4620083","7","81","C4620083 M1","posttmt",0.212750967706696,"81 posttmt","7 posttmt"
"37964","M1","C4620083","7","82","C4620083 M1","posttmt",0.212306109313582,"82 posttmt","7 posttmt"
"37965","M1","C4620083","7","83","C4620083 M1","posttmt",0.212177923939098,"83 posttmt","7 posttmt"
"37966","M1","C4620083","7","84","C4620083 M1","posttmt",0.212092434989195,"84 posttmt","7 posttmt"
"37967","M1","C4620083","7","85","C4620083 M1","posttmt",0.210957929002554,"85 posttmt","7 posttmt"
"37968","M1","C4620083","7","86","C4620083 M1","posttmt",0.210606662429166,"86 posttmt","7 posttmt"
"37969","M1","C4620083","7","87","C4620083 M1","posttmt",0.210465052717737,"87 posttmt","7 posttmt"
"37970","M1","C4620083","7","88","C4620083 M1","posttmt",0.21045573623975,"88 posttmt","7 posttmt"
"37971","M1","C4620083","7","89","C4620083 M1","posttmt",0.209885231190548,"89 posttmt","7 posttmt"
"37972","M1","C4620083","7","90","C4620083 M1","posttmt",0.209018414215203,"90 posttmt","7 posttmt"
"37973","M1","C4620083","7","91","C4620083 M1","posttmt",0.208598821180713,"91 posttmt","7 posttmt"
"37974","M1","C4620083","7","92","C4620083 M1","posttmt",0.208547087879908,"92 posttmt","7 posttmt"
"37975","M1","C4620083","7","93","C4620083 M1","posttmt",0.20807839149811,"93 posttmt","7 posttmt"
"37976","M1","C4620083","7","94","C4620083 M1","posttmt",0.207747776874615,"94 posttmt","7 posttmt"
"37977","M1","C4620083","7","95","C4620083 M1","posttmt",0.207670471035989,"95 posttmt","7 posttmt"
"37978","M1","C4620083","7","96","C4620083 M1","posttmt",0.207480139538008,"96 posttmt","7 posttmt"
"37979","M1","C4620083","7","97","C4620083 M1","posttmt",0.205910100439484,"97 posttmt","7 posttmt"
"37980","M1","C4620083","7","98","C4620083 M1","posttmt",0.205885813063479,"98 posttmt","7 posttmt"
"37981","M1","C4620083","7","99","C4620083 M1","posttmt",0.203895957197306,"99 posttmt","7 posttmt"
"37982","M1","C4620083","7","100","C4620083 M1","posttmt",0.203374586703608,"100 posttmt","7 posttmt"
"37983","M1","C4620083","7","101","C4620083 M1","posttmt",0.203172100822383,"101 posttmt","7 posttmt"
"37984","M1","C4620083","7","102","C4620083 M1","posttmt",0.203108709738772,"102 posttmt","7 posttmt"
"37985","M1","C4620083","7","103","C4620083 M1","posttmt",0.201511667870858,"103 posttmt","7 posttmt"
"37986","M1","C4620083","7","104","C4620083 M1","posttmt",0.200777344348437,"104 posttmt","7 posttmt"
"37987","M1","C4620083","7","105","C4620083 M1","posttmt",0.200428417232591,"105 posttmt","7 posttmt"
"37988","M1","C4620083","7","106","C4620083 M1","posttmt",0.199879441632206,"106 posttmt","7 posttmt"
"37989","M1","C4620083","7","107","C4620083 M1","posttmt",0.198943531752359,"107 posttmt","7 posttmt"
"37990","M1","C4620083","7","108","C4620083 M1","posttmt",0.19858703418063,"108 posttmt","7 posttmt"
"37991","M1","C4620083","7","109","C4620083 M1","posttmt",0.198230032381015,"109 posttmt","7 posttmt"
"37992","M1","C4620083","7","110","C4620083 M1","posttmt",0.196842694045092,"110 posttmt","7 posttmt"
"37993","M1","C4620083","7","111","C4620083 M1","posttmt",0.196550339803268,"111 posttmt","7 posttmt"
"37994","M1","C4620083","7","112","C4620083 M1","posttmt",0.196289360365153,"112 posttmt","7 posttmt"
"37995","M1","C4620083","7","113","C4620083 M1","posttmt",0.194923002108653,"113 posttmt","7 posttmt"
"37996","M1","C4620083","7","114","C4620083 M1","posttmt",0.194874651320632,"114 posttmt","7 posttmt"
"37997","M1","C4620083","7","115","C4620083 M1","posttmt",0.194487358802487,"115 posttmt","7 posttmt"
"37998","M1","C4620083","7","116","C4620083 M1","posttmt",0.194337080527818,"116 posttmt","7 posttmt"
"37999","M1","C4620083","7","117","C4620083 M1","posttmt",0.193403901532349,"117 posttmt","7 posttmt"
"38000","M1","C4620083","7","118","C4620083 M1","posttmt",0.193294414400455,"118 posttmt","7 posttmt"
"38001","M1","C4620083","7","119","C4620083 M1","posttmt",0.193138185514196,"119 posttmt","7 posttmt"
"38002","M1","C4620083","7","120","C4620083 M1","posttmt",0.191689888621097,"120 posttmt","7 posttmt"
"38003","M1","C4620083","7","121","C4620083 M1","posttmt",0.190577134597228,"121 posttmt","7 posttmt"
"38004","M1","C4620083","7","122","C4620083 M1","posttmt",0.190265400499246,"122 posttmt","7 posttmt"
"38005","M1","C4620083","7","123","C4620083 M1","posttmt",0.190214960555334,"123 posttmt","7 posttmt"
"38006","M1","C4620083","7","124","C4620083 M1","posttmt",0.190122182328882,"124 posttmt","7 posttmt"
"38007","M1","C4620083","7","125","C4620083 M1","posttmt",0.189229062688504,"125 posttmt","7 posttmt"
"38008","M1","C4620083","7","126","C4620083 M1","posttmt",0.189091569929616,"126 posttmt","7 posttmt"
"38009","M1","C4620083","7","127","C4620083 M1","posttmt",0.188787715007799,"127 posttmt","7 posttmt"
"38010","M1","C4620083","7","128","C4620083 M1","posttmt",0.188547826602274,"128 posttmt","7 posttmt"
"38011","M1","C4620083","7","129","C4620083 M1","posttmt",0.188517954900362,"129 posttmt","7 posttmt"
"38012","M1","C4620083","7","130","C4620083 M1","posttmt",0.187440078276857,"130 posttmt","7 posttmt"
"38013","M1","C4620083","7","131","C4620083 M1","posttmt",0.187393177312416,"131 posttmt","7 posttmt"
"38014","M1","C4620083","7","132","C4620083 M1","posttmt",0.187071777976684,"132 posttmt","7 posttmt"
"38015","M1","C4620083","7","133","C4620083 M1","posttmt",0.18665333606351,"133 posttmt","7 posttmt"
"38016","M1","C4620083","7","134","C4620083 M1","posttmt",0.185980979457325,"134 posttmt","7 posttmt"
"38017","M1","C4620083","7","135","C4620083 M1","posttmt",0.185929337127269,"135 posttmt","7 posttmt"
"38018","M1","C4620083","7","136","C4620083 M1","posttmt",0.185827467789267,"136 posttmt","7 posttmt"
"38019","M1","C4620083","7","137","C4620083 M1","posttmt",0.185659948979043,"137 posttmt","7 posttmt"
"38020","M1","C4620083","7","138","C4620083 M1","posttmt",0.185474371840135,"138 posttmt","7 posttmt"
"38021","M1","C4620083","7","139","C4620083 M1","posttmt",0.185435232155197,"139 posttmt","7 posttmt"
"38022","M1","C4620083","7","140","C4620083 M1","posttmt",0.185426246630257,"140 posttmt","7 posttmt"
"38023","M1","C4620083","7","141","C4620083 M1","posttmt",0.18541259642659,"141 posttmt","7 posttmt"
"38024","M1","C4620083","7","142","C4620083 M1","posttmt",0.184462067809265,"142 posttmt","7 posttmt"
"38025","M1","C4620083","7","143","C4620083 M1","posttmt",0.183857450609776,"143 posttmt","7 posttmt"
"38026","M1","C4620083","7","144","C4620083 M1","posttmt",0.183545859981612,"144 posttmt","7 posttmt"
"38027","M1","C4620083","7","145","C4620083 M1","posttmt",0.183445155290858,"145 posttmt","7 posttmt"
"38028","M1","C4620083","7","146","C4620083 M1","posttmt",0.183342084838191,"146 posttmt","7 posttmt"
"38029","M1","C4620083","7","147","C4620083 M1","posttmt",0.183069894626158,"147 posttmt","7 posttmt"
"38030","M1","C4620083","7","148","C4620083 M1","posttmt",0.182976030337641,"148 posttmt","7 posttmt"
"38031","M1","C4620083","7","149","C4620083 M1","posttmt",0.182666848562597,"149 posttmt","7 posttmt"
"38032","M1","C4620083","7","150","C4620083 M1","posttmt",0.182387309312486,"150 posttmt","7 posttmt"
"38033","M1","C4620083","7","151","C4620083 M1","posttmt",0.182307492671448,"151 posttmt","7 posttmt"
"38034","M1","C4620083","7","152","C4620083 M1","posttmt",0.180978391149996,"152 posttmt","7 posttmt"
"38035","M1","C4620083","7","153","C4620083 M1","posttmt",0.180517040472684,"153 posttmt","7 posttmt"
"38036","M1","C4620083","7","154","C4620083 M1","posttmt",0.180172674576306,"154 posttmt","7 posttmt"
"38037","M1","C4620083","7","155","C4620083 M1","posttmt",0.179701279109624,"155 posttmt","7 posttmt"
"38038","M1","C4620083","7","156","C4620083 M1","posttmt",0.179150031018701,"156 posttmt","7 posttmt"
"38039","M1","C4620083","7","157","C4620083 M1","posttmt",0.179068298454315,"157 posttmt","7 posttmt"
"38040","M1","C4620083","7","158","C4620083 M1","posttmt",0.178503157683168,"158 posttmt","7 posttmt"
"38041","M1","C4620083","7","159","C4620083 M1","posttmt",0.178463735173404,"159 posttmt","7 posttmt"
"38042","M1","C4620083","7","160","C4620083 M1","posttmt",0.178277962823482,"160 posttmt","7 posttmt"
"38043","M1","C4620083","7","161","C4620083 M1","posttmt",0.178024812722881,"161 posttmt","7 posttmt"
"38044","M1","C4620083","7","162","C4620083 M1","posttmt",0.177882343904143,"162 posttmt","7 posttmt"
"38045","M1","C4620083","7","163","C4620083 M1","posttmt",0.176546770364384,"163 posttmt","7 posttmt"
"38046","M1","C4620083","7","164","C4620083 M1","posttmt",0.176282015091034,"164 posttmt","7 posttmt"
"38047","M1","C4620083","7","165","C4620083 M1","posttmt",0.176141013695928,"165 posttmt","7 posttmt"
"38048","M1","C4620083","7","166","C4620083 M1","posttmt",0.174848239540011,"166 posttmt","7 posttmt"
"38049","M1","C4620083","7","167","C4620083 M1","posttmt",0.174741848582123,"167 posttmt","7 posttmt"
"38050","M1","C4620083","7","168","C4620083 M1","posttmt",0.174121732445557,"168 posttmt","7 posttmt"
"38051","M1","C4620083","7","169","C4620083 M1","posttmt",0.174090506070353,"169 posttmt","7 posttmt"
"38052","M1","C4620083","7","170","C4620083 M1","posttmt",0.17364935646723,"170 posttmt","7 posttmt"
"38053","M1","C4620083","7","171","C4620083 M1","posttmt",0.173346712157605,"171 posttmt","7 posttmt"
"38054","M1","C4620083","7","172","C4620083 M1","posttmt",0.17329554425027,"172 posttmt","7 posttmt"
"38055","M1","C4620083","7","173","C4620083 M1","posttmt",0.173199612752617,"173 posttmt","7 posttmt"
"38056","M1","C4620083","7","174","C4620083 M1","posttmt",0.173169212025216,"174 posttmt","7 posttmt"
"38057","M1","C4620083","7","175","C4620083 M1","posttmt",0.172897536976718,"175 posttmt","7 posttmt"
"38058","M1","C4620083","7","176","C4620083 M1","posttmt",0.172235041819173,"176 posttmt","7 posttmt"
"38059","M1","C4620083","7","177","C4620083 M1","posttmt",0.172214318381964,"177 posttmt","7 posttmt"
"38060","M1","C4620083","7","178","C4620083 M1","posttmt",0.171936800399489,"178 posttmt","7 posttmt"
"38061","M1","C4620083","7","179","C4620083 M1","posttmt",0.171830006800732,"179 posttmt","7 posttmt"
"38062","M1","C4620083","7","180","C4620083 M1","posttmt",0.171599225686408,"180 posttmt","7 posttmt"
"38063","M1","C4620083","7","181","C4620083 M1","posttmt",0.171583957327412,"181 posttmt","7 posttmt"
"38064","M1","C4620083","7","182","C4620083 M1","posttmt",0.171076175655164,"182 posttmt","7 posttmt"
"38065","M1","C4620083","7","183","C4620083 M1","posttmt",0.170867810220149,"183 posttmt","7 posttmt"
"38066","M1","C4620083","7","184","C4620083 M1","posttmt",0.170740054215976,"184 posttmt","7 posttmt"
"38067","M1","C4620083","7","185","C4620083 M1","posttmt",0.170662950512432,"185 posttmt","7 posttmt"
"38068","M1","C4620083","7","186","C4620083 M1","posttmt",0.170631065332463,"186 posttmt","7 posttmt"
"38069","M1","C4620083","7","187","C4620083 M1","posttmt",0.170519760340217,"187 posttmt","7 posttmt"
"38070","M1","C4620083","7","188","C4620083 M1","posttmt",0.170320204623724,"188 posttmt","7 posttmt"
"38071","M1","C4620083","7","189","C4620083 M1","posttmt",0.17026043066003,"189 posttmt","7 posttmt"
"38072","M1","C4620083","7","190","C4620083 M1","posttmt",0.170087584224181,"190 posttmt","7 posttmt"
"38073","M1","C4620083","7","191","C4620083 M1","posttmt",0.170042987788185,"191 posttmt","7 posttmt"
"38074","M1","C4620083","7","192","C4620083 M1","posttmt",0.169849557618392,"192 posttmt","7 posttmt"
"38075","M1","C4620083","7","193","C4620083 M1","posttmt",0.169318401752094,"193 posttmt","7 posttmt"
"38076","M1","C4620083","7","194","C4620083 M1","posttmt",0.168603584481696,"194 posttmt","7 posttmt"
"38077","M1","C4620083","7","195","C4620083 M1","posttmt",0.16832968696968,"195 posttmt","7 posttmt"
"38078","M1","C4620083","7","196","C4620083 M1","posttmt",0.167876662193524,"196 posttmt","7 posttmt"
"38079","M1","C4620083","7","197","C4620083 M1","posttmt",0.167732471191576,"197 posttmt","7 posttmt"
"38080","M1","C4620083","7","198","C4620083 M1","posttmt",0.167604335091324,"198 posttmt","7 posttmt"
"38081","M1","C4620083","7","199","C4620083 M1","posttmt",0.167515809654046,"199 posttmt","7 posttmt"
"38082","M1","C4620083","7","200","C4620083 M1","posttmt",0.165074394160169,"200 posttmt","7 posttmt"
"38083","M1","C4620083","7","201","C4620083 M1","posttmt",0.1648864612049,"201 posttmt","7 posttmt"
"38084","M1","C4620083","7","202","C4620083 M1","posttmt",0.164505040793223,"202 posttmt","7 posttmt"
"38085","M1","C4620083","7","203","C4620083 M1","posttmt",0.164488256705588,"203 posttmt","7 posttmt"
"38086","M1","C4620083","7","204","C4620083 M1","posttmt",0.163716374639975,"204 posttmt","7 posttmt"
"38087","M1","C4620083","7","205","C4620083 M1","posttmt",0.163708322732,"205 posttmt","7 posttmt"
"38088","M1","C4620083","7","206","C4620083 M1","posttmt",0.163701840133947,"206 posttmt","7 posttmt"
"38089","M1","C4620083","7","207","C4620083 M1","posttmt",0.163687393312976,"207 posttmt","7 posttmt"
"38090","M1","C4620083","7","208","C4620083 M1","posttmt",0.163613660805393,"208 posttmt","7 posttmt"
"38091","M1","C4620083","7","209","C4620083 M1","posttmt",0.163605589492533,"209 posttmt","7 posttmt"
"38092","M1","C4620083","7","210","C4620083 M1","posttmt",0.163310106465,"210 posttmt","7 posttmt"
"38093","M1","C4620083","7","211","C4620083 M1","posttmt",0.162665135167386,"211 posttmt","7 posttmt"
"38094","M1","C4620083","7","212","C4620083 M1","posttmt",0.16249382568013,"212 posttmt","7 posttmt"
"38095","M1","C4620083","7","213","C4620083 M1","posttmt",0.162357507784944,"213 posttmt","7 posttmt"
"38096","M1","C4620083","7","214","C4620083 M1","posttmt",0.162323398147583,"214 posttmt","7 posttmt"
"38097","M1","C4620083","7","215","C4620083 M1","posttmt",0.16188048855979,"215 posttmt","7 posttmt"
"38098","M1","C4620083","7","216","C4620083 M1","posttmt",0.161866584650528,"216 posttmt","7 posttmt"
"38099","M1","C4620083","7","217","C4620083 M1","posttmt",0.161541614806298,"217 posttmt","7 posttmt"
"38100","M1","C4620083","7","218","C4620083 M1","posttmt",0.160580422769905,"218 posttmt","7 posttmt"
"38101","M1","C4620083","7","219","C4620083 M1","posttmt",0.160558847585742,"219 posttmt","7 posttmt"
"38102","M1","C4620083","7","220","C4620083 M1","posttmt",0.160545015454979,"220 posttmt","7 posttmt"
"38103","M1","C4620083","7","221","C4620083 M1","posttmt",0.159795215145028,"221 posttmt","7 posttmt"
"38104","M1","C4620083","7","222","C4620083 M1","posttmt",0.159543368191544,"222 posttmt","7 posttmt"
"38105","M1","C4620083","7","223","C4620083 M1","posttmt",0.158986309983819,"223 posttmt","7 posttmt"
"38106","M1","C4620083","7","224","C4620083 M1","posttmt",0.158301089833895,"224 posttmt","7 posttmt"
"38107","M1","C4620083","7","225","C4620083 M1","posttmt",0.158279707406064,"225 posttmt","7 posttmt"
"38108","M1","C4620083","7","226","C4620083 M1","posttmt",0.157949051519289,"226 posttmt","7 posttmt"
"38109","M1","C4620083","7","227","C4620083 M1","posttmt",0.157475413762074,"227 posttmt","7 posttmt"
"38110","M1","C4620083","7","228","C4620083 M1","posttmt",0.157059529810635,"228 posttmt","7 posttmt"
"38111","M1","C4620083","7","229","C4620083 M1","posttmt",0.157052772807511,"229 posttmt","7 posttmt"
"38112","M1","C4620083","7","230","C4620083 M1","posttmt",0.157048086961964,"230 posttmt","7 posttmt"
"38113","M1","C4620083","7","231","C4620083 M1","posttmt",0.156696330309446,"231 posttmt","7 posttmt"
"38114","M1","C4620083","7","232","C4620083 M1","posttmt",0.156540688121016,"232 posttmt","7 posttmt"
"38115","M1","C4620083","7","233","C4620083 M1","posttmt",0.156494380079464,"233 posttmt","7 posttmt"
"38116","M1","C4620083","7","234","C4620083 M1","posttmt",0.156385967019552,"234 posttmt","7 posttmt"
"38117","M1","C4620083","7","235","C4620083 M1","posttmt",0.156221419866904,"235 posttmt","7 posttmt"
"38118","M1","C4620083","7","236","C4620083 M1","posttmt",0.156097596819788,"236 posttmt","7 posttmt"
"38119","M1","C4620083","7","237","C4620083 M1","posttmt",0.155624145520886,"237 posttmt","7 posttmt"
"38120","M1","C4620083","7","238","C4620083 M1","posttmt",0.15536696445063,"238 posttmt","7 posttmt"
"38121","M1","C4620083","7","239","C4620083 M1","posttmt",0.154003040465905,"239 posttmt","7 posttmt"
"38122","M1","C4620083","7","240","C4620083 M1","posttmt",0.153854338086829,"240 posttmt","7 posttmt"
"38123","M1","C4620083","7","241","C4620083 M1","posttmt",0.153787117261877,"241 posttmt","7 posttmt"
"38124","M1","C4620083","7","242","C4620083 M1","posttmt",0.153394019128048,"242 posttmt","7 posttmt"
"38125","M1","C4620083","7","243","C4620083 M1","posttmt",0.152935691908897,"243 posttmt","7 posttmt"
"38126","M1","C4620083","7","244","C4620083 M1","posttmt",0.151939202660481,"244 posttmt","7 posttmt"
"38127","M1","C4620083","7","245","C4620083 M1","posttmt",0.151218875751515,"245 posttmt","7 posttmt"
"38128","M1","C4620083","7","246","C4620083 M1","posttmt",0.151057711921164,"246 posttmt","7 posttmt"
"38129","M1","C4620083","7","247","C4620083 M1","posttmt",0.150697673469627,"247 posttmt","7 posttmt"
"38130","M1","C4620083","7","248","C4620083 M1","posttmt",0.150314982915265,"248 posttmt","7 posttmt"
"38131","M1","C4620083","7","249","C4620083 M1","posttmt",0.149745089051301,"249 posttmt","7 posttmt"
"38132","M1","C4620083","7","250","C4620083 M1","posttmt",0.149698044143302,"250 posttmt","7 posttmt"
"38133","M1","C4620083","7","251","C4620083 M1","posttmt",0.149631377051034,"251 posttmt","7 posttmt"
"38134","M1","C4620083","7","252","C4620083 M1","posttmt",0.149008860368456,"252 posttmt","7 posttmt"
"38135","M1","C4620083","7","253","C4620083 M1","posttmt",0.148708274492244,"253 posttmt","7 posttmt"
"38136","M1","C4620083","7","254","C4620083 M1","posttmt",0.148189567759365,"254 posttmt","7 posttmt"
"38137","M1","C4620083","7","255","C4620083 M1","posttmt",0.148130380064883,"255 posttmt","7 posttmt"
"38138","M1","C4620083","7","256","C4620083 M1","posttmt",0.147445285285453,"256 posttmt","7 posttmt"
"38139","M1","C4620083","7","257","C4620083 M1","posttmt",0.147387223189191,"257 posttmt","7 posttmt"
"38140","M1","C4620083","7","258","C4620083 M1","posttmt",0.146628859548159,"258 posttmt","7 posttmt"
"38141","M1","C4620083","7","259","C4620083 M1","posttmt",0.14639596693404,"259 posttmt","7 posttmt"
"38142","M1","C4620083","7","260","C4620083 M1","posttmt",0.146133627572491,"260 posttmt","7 posttmt"
"38143","M1","C4620083","7","261","C4620083 M1","posttmt",0.145760644763735,"261 posttmt","7 posttmt"
"38144","M1","C4620083","7","262","C4620083 M1","posttmt",0.144285444675825,"262 posttmt","7 posttmt"
"38145","M1","C4620083","7","263","C4620083 M1","posttmt",0.144008070008878,"263 posttmt","7 posttmt"
"38146","M1","C4620083","7","264","C4620083 M1","posttmt",0.143619540771113,"264 posttmt","7 posttmt"
"38147","M1","C4620083","7","265","C4620083 M1","posttmt",0.143569817450092,"265 posttmt","7 posttmt"
"38148","M1","C4620083","7","266","C4620083 M1","posttmt",0.143479185023432,"266 posttmt","7 posttmt"
"38149","M1","C4620083","7","267","C4620083 M1","posttmt",0.142573827250035,"267 posttmt","7 posttmt"
"38150","M1","C4620083","7","268","C4620083 M1","posttmt",0.142492949568315,"268 posttmt","7 posttmt"
"38151","M1","C4620083","7","269","C4620083 M1","posttmt",0.142315850344929,"269 posttmt","7 posttmt"
"38152","M1","C4620083","7","270","C4620083 M1","posttmt",0.141768467822948,"270 posttmt","7 posttmt"
"38153","M1","C4620083","7","271","C4620083 M1","posttmt",0.141512813866193,"271 posttmt","7 posttmt"
"38154","M1","C4620083","7","272","C4620083 M1","posttmt",0.141452954429148,"272 posttmt","7 posttmt"
"38155","M1","C4620083","7","273","C4620083 M1","posttmt",0.14041754912237,"273 posttmt","7 posttmt"
"38156","M1","C4620083","7","274","C4620083 M1","posttmt",0.139879801477625,"274 posttmt","7 posttmt"
"38157","M1","C4620083","7","275","C4620083 M1","posttmt",0.139879716271358,"275 posttmt","7 posttmt"
"38158","M1","C4620083","7","276","C4620083 M1","posttmt",0.139742601888764,"276 posttmt","7 posttmt"
"38159","M1","C4620083","7","277","C4620083 M1","posttmt",0.139734771326152,"277 posttmt","7 posttmt"
"38160","M1","C4620083","7","278","C4620083 M1","posttmt",0.139610419778807,"278 posttmt","7 posttmt"
"38161","M1","C4620083","7","279","C4620083 M1","posttmt",0.13952895975507,"279 posttmt","7 posttmt"
"38162","M1","C4620083","7","280","C4620083 M1","posttmt",0.139132150693899,"280 posttmt","7 posttmt"
"38163","M1","C4620083","7","281","C4620083 M1","posttmt",0.137778208400135,"281 posttmt","7 posttmt"
"38164","M1","C4620083","7","282","C4620083 M1","posttmt",0.137489198075457,"282 posttmt","7 posttmt"
"38165","M1","C4620083","7","283","C4620083 M1","posttmt",0.137254472330455,"283 posttmt","7 posttmt"
"38166","M1","C4620083","7","284","C4620083 M1","posttmt",0.136992207721089,"284 posttmt","7 posttmt"
"38167","M1","C4620083","7","285","C4620083 M1","posttmt",0.136854637837016,"285 posttmt","7 posttmt"
"38168","M1","C4620083","7","286","C4620083 M1","posttmt",0.136845183844351,"286 posttmt","7 posttmt"
"38169","M1","C4620083","7","287","C4620083 M1","posttmt",0.136585582336132,"287 posttmt","7 posttmt"
"38170","M1","C4620083","7","288","C4620083 M1","posttmt",0.136269184749411,"288 posttmt","7 posttmt"
"38171","M1","C4620083","7","289","C4620083 M1","posttmt",0.13470641866697,"289 posttmt","7 posttmt"
"38172","M1","C4620083","7","290","C4620083 M1","posttmt",0.134594103691592,"290 posttmt","7 posttmt"
"38173","M1","C4620083","7","291","C4620083 M1","posttmt",0.134080871586513,"291 posttmt","7 posttmt"
"38174","M1","C4620083","7","292","C4620083 M1","posttmt",0.133399051122563,"292 posttmt","7 posttmt"
"38175","M1","C4620083","7","293","C4620083 M1","posttmt",0.133347902675246,"293 posttmt","7 posttmt"
"38176","M1","C4620083","7","294","C4620083 M1","posttmt",0.133286125514454,"294 posttmt","7 posttmt"
"38177","M1","C4620083","7","295","C4620083 M1","posttmt",0.132423886293674,"295 posttmt","7 posttmt"
"38178","M1","C4620083","7","296","C4620083 M1","posttmt",0.132303352227018,"296 posttmt","7 posttmt"
"38179","M1","C4620083","7","297","C4620083 M1","posttmt",0.131935158546624,"297 posttmt","7 posttmt"
"38180","M1","C4620083","7","298","C4620083 M1","posttmt",0.131918409341784,"298 posttmt","7 posttmt"
"38181","M1","C4620083","7","299","C4620083 M1","posttmt",0.131500497323081,"299 posttmt","7 posttmt"
"38182","M1","C4620083","7","300","C4620083 M1","posttmt",0.130933231727353,"300 posttmt","7 posttmt"
"38183","M1","C4620083","7","301","C4620083 M1","posttmt",0.130349241421168,"301 posttmt","7 posttmt"
"38184","M1","C4620083","7","302","C4620083 M1","posttmt",0.130127748350756,"302 posttmt","7 posttmt"
"38185","M1","C4620083","7","303","C4620083 M1","posttmt",0.130118890544203,"303 posttmt","7 posttmt"
"38186","M1","C4620083","7","304","C4620083 M1","posttmt",0.130057729179946,"304 posttmt","7 posttmt"
"38187","M1","C4620083","7","305","C4620083 M1","posttmt",0.129840314780753,"305 posttmt","7 posttmt"
"38188","M1","C4620083","7","306","C4620083 M1","posttmt",0.129650549674088,"306 posttmt","7 posttmt"
"38189","M1","C4620083","7","307","C4620083 M1","posttmt",0.129639713420809,"307 posttmt","7 posttmt"
"38190","M1","C4620083","7","308","C4620083 M1","posttmt",0.129614467814288,"308 posttmt","7 posttmt"
"38191","M1","C4620083","7","309","C4620083 M1","posttmt",0.129577767398743,"309 posttmt","7 posttmt"
"38192","M1","C4620083","7","310","C4620083 M1","posttmt",0.12939354889268,"310 posttmt","7 posttmt"
"38193","M1","C4620083","7","311","C4620083 M1","posttmt",0.128939080089756,"311 posttmt","7 posttmt"
"38194","M1","C4620083","7","312","C4620083 M1","posttmt",0.128391093063304,"312 posttmt","7 posttmt"
"38195","M1","C4620083","7","313","C4620083 M1","posttmt",0.127230014987402,"313 posttmt","7 posttmt"
"38196","M1","C4620083","7","314","C4620083 M1","posttmt",0.127070514392256,"314 posttmt","7 posttmt"
"38197","M1","C4620083","7","315","C4620083 M1","posttmt",0.126920023291889,"315 posttmt","7 posttmt"
"38198","M1","C4620083","7","316","C4620083 M1","posttmt",0.126485044428999,"316 posttmt","7 posttmt"
"38199","M1","C4620083","7","317","C4620083 M1","posttmt",0.126407418894458,"317 posttmt","7 posttmt"
"38200","M1","C4620083","7","318","C4620083 M1","posttmt",0.126137236218048,"318 posttmt","7 posttmt"
"38201","M1","C4620083","7","319","C4620083 M1","posttmt",0.125987322577618,"319 posttmt","7 posttmt"
"38202","M1","C4620083","7","320","C4620083 M1","posttmt",0.125602547197979,"320 posttmt","7 posttmt"
"38203","M1","C4620083","7","321","C4620083 M1","posttmt",0.123066821927054,"321 posttmt","7 posttmt"
"38204","M1","C4620083","7","322","C4620083 M1","posttmt",0.123034555343679,"322 posttmt","7 posttmt"
"38205","M1","C4620083","7","323","C4620083 M1","posttmt",0.122927246326651,"323 posttmt","7 posttmt"
"38206","M1","C4620083","7","324","C4620083 M1","posttmt",0.122895861566084,"324 posttmt","7 posttmt"
"38207","M1","C4620083","7","325","C4620083 M1","posttmt",0.122664926963039,"325 posttmt","7 posttmt"
"38208","M1","C4620083","7","326","C4620083 M1","posttmt",0.122381233083749,"326 posttmt","7 posttmt"
"38209","M1","C4620083","7","327","C4620083 M1","posttmt",0.122234545088761,"327 posttmt","7 posttmt"
"38210","M1","C4620083","7","328","C4620083 M1","posttmt",0.122017827523985,"328 posttmt","7 posttmt"
"38211","M1","C4620083","7","329","C4620083 M1","posttmt",0.121424313334702,"329 posttmt","7 posttmt"
"38212","M1","C4620083","7","330","C4620083 M1","posttmt",0.121370603920969,"330 posttmt","7 posttmt"
"38213","M1","C4620083","7","331","C4620083 M1","posttmt",0.120891939717147,"331 posttmt","7 posttmt"
"38214","M1","C4620083","7","332","C4620083 M1","posttmt",0.11995310290556,"332 posttmt","7 posttmt"
"38215","M1","C4620083","7","333","C4620083 M1","posttmt",0.118550133700102,"333 posttmt","7 posttmt"
"38216","M1","C4620083","7","334","C4620083 M1","posttmt",0.118499862919507,"334 posttmt","7 posttmt"
"38217","M1","C4620083","7","335","C4620083 M1","posttmt",0.118214711584684,"335 posttmt","7 posttmt"
"38218","M1","C4620083","7","336","C4620083 M1","posttmt",0.118109559322002,"336 posttmt","7 posttmt"
"38219","M1","C4620083","7","337","C4620083 M1","posttmt",0.117935144795681,"337 posttmt","7 posttmt"
"38220","M1","C4620083","7","338","C4620083 M1","posttmt",0.117833194678501,"338 posttmt","7 posttmt"
"38221","M1","C4620083","7","339","C4620083 M1","posttmt",0.117757306956731,"339 posttmt","7 posttmt"
"38222","M1","C4620083","7","340","C4620083 M1","posttmt",0.116791940752666,"340 posttmt","7 posttmt"
"38223","M1","C4620083","7","341","C4620083 M1","posttmt",0.115570175711549,"341 posttmt","7 posttmt"
"38224","M1","C4620083","7","342","C4620083 M1","posttmt",0.114693896193038,"342 posttmt","7 posttmt"
"38225","M1","C4620083","7","343","C4620083 M1","posttmt",0.114546088437737,"343 posttmt","7 posttmt"
"38226","M1","C4620083","7","344","C4620083 M1","posttmt",0.114243401304875,"344 posttmt","7 posttmt"
"38227","M1","C4620083","7","345","C4620083 M1","posttmt",0.114176366524853,"345 posttmt","7 posttmt"
"38228","M1","C4620083","7","346","C4620083 M1","posttmt",0.114101364174933,"346 posttmt","7 posttmt"
"38229","M1","C4620083","7","347","C4620083 M1","posttmt",0.114099708095052,"347 posttmt","7 posttmt"
"38230","M1","C4620083","7","348","C4620083 M1","posttmt",0.114045096814837,"348 posttmt","7 posttmt"
"38231","M1","C4620083","7","349","C4620083 M1","posttmt",0.113939110322738,"349 posttmt","7 posttmt"
"38232","M1","C4620083","7","350","C4620083 M1","posttmt",0.113830995283399,"350 posttmt","7 posttmt"
"38233","M1","C4620083","7","351","C4620083 M1","posttmt",0.113690514446297,"351 posttmt","7 posttmt"
"38234","M1","C4620083","7","352","C4620083 M1","posttmt",0.113528242263548,"352 posttmt","7 posttmt"
"38235","M1","C4620083","7","353","C4620083 M1","posttmt",0.113485362823286,"353 posttmt","7 posttmt"
"38236","M1","C4620083","7","354","C4620083 M1","posttmt",0.112803119270345,"354 posttmt","7 posttmt"
"38237","M1","C4620083","7","355","C4620083 M1","posttmt",0.112614918562569,"355 posttmt","7 posttmt"
"38238","M1","C4620083","7","356","C4620083 M1","posttmt",0.112291758398152,"356 posttmt","7 posttmt"
"38239","M1","C4620083","7","357","C4620083 M1","posttmt",0.111126610681821,"357 posttmt","7 posttmt"
"38240","M1","C4620083","7","358","C4620083 M1","posttmt",0.111102135597438,"358 posttmt","7 posttmt"
"38241","M1","C4620083","7","359","C4620083 M1","posttmt",0.110042440809002,"359 posttmt","7 posttmt"
"38242","M1","C4620083","7","360","C4620083 M1","posttmt",0.109087426096277,"360 posttmt","7 posttmt"
"38243","M1","C4620083","7","361","C4620083 M1","posttmt",0.108770773646108,"361 posttmt","7 posttmt"
"38244","M1","C4620083","7","362","C4620083 M1","posttmt",0.108618577168357,"362 posttmt","7 posttmt"
"38245","M1","C4620083","7","363","C4620083 M1","posttmt",0.108341135455492,"363 posttmt","7 posttmt"
"38246","M1","C4620083","7","364","C4620083 M1","posttmt",0.108176258398212,"364 posttmt","7 posttmt"
"38247","M1","C4620083","7","365","C4620083 M1","posttmt",0.108159056078305,"365 posttmt","7 posttmt"
"38248","M1","C4620083","7","366","C4620083 M1","posttmt",0.108156871952298,"366 posttmt","7 posttmt"
"38249","M1","C4620083","7","367","C4620083 M1","posttmt",0.107520204825965,"367 posttmt","7 posttmt"
"38250","M1","C4620083","7","368","C4620083 M1","posttmt",0.107305843812284,"368 posttmt","7 posttmt"
"38251","M1","C4620083","7","369","C4620083 M1","posttmt",0.106375327211471,"369 posttmt","7 posttmt"
"38252","M1","C4620083","7","370","C4620083 M1","posttmt",0.105405882521091,"370 posttmt","7 posttmt"
"38253","M1","C4620083","7","371","C4620083 M1","posttmt",0.10535293145952,"371 posttmt","7 posttmt"
"38254","M1","C4620083","7","372","C4620083 M1","posttmt",0.105202664835159,"372 posttmt","7 posttmt"
"38255","M1","C4620083","7","373","C4620083 M1","posttmt",0.104840729774444,"373 posttmt","7 posttmt"
"38256","M1","C4620083","7","374","C4620083 M1","posttmt",0.104785336156103,"374 posttmt","7 posttmt"
"38257","M1","C4620083","7","375","C4620083 M1","posttmt",0.104125685300753,"375 posttmt","7 posttmt"
"38258","M1","C4620083","7","376","C4620083 M1","posttmt",0.103650532554252,"376 posttmt","7 posttmt"
"38259","M1","C4620083","7","377","C4620083 M1","posttmt",0.103579330889867,"377 posttmt","7 posttmt"
"38260","M1","C4620083","7","378","C4620083 M1","posttmt",0.102842281463121,"378 posttmt","7 posttmt"
"38261","M1","C4620083","7","379","C4620083 M1","posttmt",0.102377919136019,"379 posttmt","7 posttmt"
"38262","M1","C4620083","7","380","C4620083 M1","posttmt",0.102030934485578,"380 posttmt","7 posttmt"
"38263","M1","C4620083","7","381","C4620083 M1","posttmt",0.101839719469895,"381 posttmt","7 posttmt"
"38264","M1","C4620083","7","382","C4620083 M1","posttmt",0.101503489697805,"382 posttmt","7 posttmt"
"38265","M1","C4620083","7","383","C4620083 M1","posttmt",0.101180328849353,"383 posttmt","7 posttmt"
"38266","M1","C4620083","7","384","C4620083 M1","posttmt",0.101141547557739,"384 posttmt","7 posttmt"
"38267","M1","C4620083","7","385","C4620083 M1","posttmt",0.100931988569017,"385 posttmt","7 posttmt"
"38268","M1","C4620083","7","386","C4620083 M1","posttmt",0.100741445228055,"386 posttmt","7 posttmt"
"38269","M1","C4620083","7","387","C4620083 M1","posttmt",0.100682778147794,"387 posttmt","7 posttmt"
"38270","M1","C4620083","7","388","C4620083 M1","posttmt",0.100620135786993,"388 posttmt","7 posttmt"
"38271","M1","C4620083","7","389","C4620083 M1","posttmt",0.0999013694789442,"389 posttmt","7 posttmt"
"38272","M1","C4620083","7","390","C4620083 M1","posttmt",0.0997305187786158,"390 posttmt","7 posttmt"
"38273","M1","C4620083","7","391","C4620083 M1","posttmt",0.098774237687419,"391 posttmt","7 posttmt"
"38274","M1","C4620083","7","392","C4620083 M1","posttmt",0.0983738800955891,"392 posttmt","7 posttmt"
"38275","M1","C4620083","7","393","C4620083 M1","posttmt",0.0981698903530735,"393 posttmt","7 posttmt"
"38276","M1","C4620083","7","394","C4620083 M1","posttmt",0.0978870610532634,"394 posttmt","7 posttmt"
"38277","M1","C4620083","7","395","C4620083 M1","posttmt",0.0978003009450315,"395 posttmt","7 posttmt"
"38278","M1","C4620083","7","396","C4620083 M1","posttmt",0.097769329554891,"396 posttmt","7 posttmt"
"38279","M1","C4620083","7","397","C4620083 M1","posttmt",0.0972723719319401,"397 posttmt","7 posttmt"
"38280","M1","C4620083","7","398","C4620083 M1","posttmt",0.0972369976433452,"398 posttmt","7 posttmt"
"38281","M1","C4620083","7","399","C4620083 M1","posttmt",0.0959508035520806,"399 posttmt","7 posttmt"
"38282","M1","C4620083","7","400","C4620083 M1","posttmt",0.0957422965466019,"400 posttmt","7 posttmt"
"38283","M1","C4620083","7","401","C4620083 M1","posttmt",0.0956682089220691,"401 posttmt","7 posttmt"
"38284","M1","C4620083","7","402","C4620083 M1","posttmt",0.0950938288475205,"402 posttmt","7 posttmt"
"38285","M1","C4620083","7","403","C4620083 M1","posttmt",0.0950936761925894,"403 posttmt","7 posttmt"
"38286","M1","C4620083","7","404","C4620083 M1","posttmt",0.0950384635851639,"404 posttmt","7 posttmt"
"38287","M1","C4620083","7","405","C4620083 M1","posttmt",0.0950192678936925,"405 posttmt","7 posttmt"
"38288","M1","C4620083","7","406","C4620083 M1","posttmt",0.094630987276169,"406 posttmt","7 posttmt"
"38289","M1","C4620083","7","407","C4620083 M1","posttmt",0.0943977664863031,"407 posttmt","7 posttmt"
"38290","M1","C4620083","7","408","C4620083 M1","posttmt",0.0942541606417556,"408 posttmt","7 posttmt"
"38291","M1","C4620083","7","409","C4620083 M1","posttmt",0.0940241482934283,"409 posttmt","7 posttmt"
"38292","M1","C4620083","7","410","C4620083 M1","posttmt",0.0935489323476782,"410 posttmt","7 posttmt"
"38293","M1","C4620083","7","411","C4620083 M1","posttmt",0.0933280975784724,"411 posttmt","7 posttmt"
"38294","M1","C4620083","7","412","C4620083 M1","posttmt",0.0929308790842634,"412 posttmt","7 posttmt"
"38295","M1","C4620083","7","413","C4620083 M1","posttmt",0.0926837086566488,"413 posttmt","7 posttmt"
"38296","M1","C4620083","7","414","C4620083 M1","posttmt",0.0922438933435013,"414 posttmt","7 posttmt"
"38297","M1","C4620083","7","415","C4620083 M1","posttmt",0.0915902191940187,"415 posttmt","7 posttmt"
"38298","M1","C4620083","7","416","C4620083 M1","posttmt",0.0904402200117744,"416 posttmt","7 posttmt"
"38299","M1","C4620083","7","417","C4620083 M1","posttmt",0.090411438610937,"417 posttmt","7 posttmt"
"38300","M1","C4620083","7","418","C4620083 M1","posttmt",0.0903306538441046,"418 posttmt","7 posttmt"
"38301","M1","C4620083","7","419","C4620083 M1","posttmt",0.0900305125657751,"419 posttmt","7 posttmt"
"38302","M1","C4620083","7","420","C4620083 M1","posttmt",0.0899248336793352,"420 posttmt","7 posttmt"
"38303","M1","C4620083","7","421","C4620083 M1","posttmt",0.0898304138673121,"421 posttmt","7 posttmt"
"38304","M1","C4620083","7","422","C4620083 M1","posttmt",0.0889050703915957,"422 posttmt","7 posttmt"
"38305","M1","C4620083","7","423","C4620083 M1","posttmt",0.0887725855903434,"423 posttmt","7 posttmt"
"38306","M1","C4620083","7","424","C4620083 M1","posttmt",0.0880206353903514,"424 posttmt","7 posttmt"
"38307","M1","C4620083","7","425","C4620083 M1","posttmt",0.0879485071432129,"425 posttmt","7 posttmt"
"38308","M1","C4620083","7","426","C4620083 M1","posttmt",0.0875992455998099,"426 posttmt","7 posttmt"
"38309","M1","C4620083","7","427","C4620083 M1","posttmt",0.0874390840525259,"427 posttmt","7 posttmt"
"38310","M1","C4620083","7","428","C4620083 M1","posttmt",0.0869279195773157,"428 posttmt","7 posttmt"
"38311","M1","C4620083","7","429","C4620083 M1","posttmt",0.0864309468203033,"429 posttmt","7 posttmt"
"38312","M1","C4620083","7","430","C4620083 M1","posttmt",0.0861294850692236,"430 posttmt","7 posttmt"
"38313","M1","C4620083","7","431","C4620083 M1","posttmt",0.0861153603788395,"431 posttmt","7 posttmt"
"38314","M1","C4620083","7","432","C4620083 M1","posttmt",0.0856701191385889,"432 posttmt","7 posttmt"
"38315","M1","C4620083","7","433","C4620083 M1","posttmt",0.0855175231979632,"433 posttmt","7 posttmt"
"38316","M1","C4620083","7","434","C4620083 M1","posttmt",0.0850087088281513,"434 posttmt","7 posttmt"
"38317","M1","C4620083","7","435","C4620083 M1","posttmt",0.08463528388291,"435 posttmt","7 posttmt"
"38318","M1","C4620083","7","436","C4620083 M1","posttmt",0.0829968830368247,"436 posttmt","7 posttmt"
"38319","M1","C4620083","7","437","C4620083 M1","posttmt",0.0815885346967675,"437 posttmt","7 posttmt"
"38320","M1","C4620083","7","438","C4620083 M1","posttmt",0.0813249340843473,"438 posttmt","7 posttmt"
"38321","M1","C4620083","7","439","C4620083 M1","posttmt",0.0811817817232974,"439 posttmt","7 posttmt"
"38322","M1","C4620083","7","440","C4620083 M1","posttmt",0.0794826966592669,"440 posttmt","7 posttmt"
"38323","M1","C4620083","7","441","C4620083 M1","posttmt",0.0791385782215796,"441 posttmt","7 posttmt"
"38324","M1","C4620083","7","442","C4620083 M1","posttmt",0.0785685780674963,"442 posttmt","7 posttmt"
"38325","M1","C4620083","7","443","C4620083 M1","posttmt",0.0783579615425004,"443 posttmt","7 posttmt"
"38326","M1","C4620083","7","444","C4620083 M1","posttmt",0.0774981285239572,"444 posttmt","7 posttmt"
"38327","M1","C4620083","7","445","C4620083 M1","posttmt",0.0774857856625869,"445 posttmt","7 posttmt"
"38328","M1","C4620083","7","446","C4620083 M1","posttmt",0.0770866567213842,"446 posttmt","7 posttmt"
"38329","M1","C4620083","7","447","C4620083 M1","posttmt",0.075113454215201,"447 posttmt","7 posttmt"
"38330","M1","C4620083","7","448","C4620083 M1","posttmt",0.0749023227621479,"448 posttmt","7 posttmt"
"38331","M1","C4620083","7","449","C4620083 M1","posttmt",0.0747005840215039,"449 posttmt","7 posttmt"
"38332","M1","C4620083","7","450","C4620083 M1","posttmt",0.0744398757331972,"450 posttmt","7 posttmt"
"38333","M1","C4620083","7","451","C4620083 M1","posttmt",0.0742303179361786,"451 posttmt","7 posttmt"
"38334","M1","C4620083","7","452","C4620083 M1","posttmt",0.0734982999944142,"452 posttmt","7 posttmt"
"38335","M1","C4620083","7","453","C4620083 M1","posttmt",0.0731943698609961,"453 posttmt","7 posttmt"
"38336","M1","C4620083","7","454","C4620083 M1","posttmt",0.0708578987873221,"454 posttmt","7 posttmt"
"38337","M1","C4620083","7","455","C4620083 M1","posttmt",0.0699687366892195,"455 posttmt","7 posttmt"
"38338","M1","C4620083","7","456","C4620083 M1","posttmt",0.06648130446214,"456 posttmt","7 posttmt"
"38339","M1","C4620083","7","457","C4620083 M1","posttmt",0.0658470006013655,"457 posttmt","7 posttmt"
"38340","M1","C4620083","7","458","C4620083 M1","posttmt",0.065268827275896,"458 posttmt","7 posttmt"
"38341","M1","C4620083","7","459","C4620083 M1","posttmt",0.0626830720918948,"459 posttmt","7 posttmt"
"38342","M1","C4620083","7","460","C4620083 M1","posttmt",0.0624172928040656,"460 posttmt","7 posttmt"
"38343","M1","C4620083","7","461","C4620083 M1","posttmt",0.0622278410463286,"461 posttmt","7 posttmt"
"38344","M1","C4620083","7","462","C4620083 M1","posttmt",0.0607910157805135,"462 posttmt","7 posttmt"
"38345","M1","C4620083","7","463","C4620083 M1","posttmt",0.0606272239448971,"463 posttmt","7 posttmt"
"38346","M1","C4620083","7","464","C4620083 M1","posttmt",0.0602840513444572,"464 posttmt","7 posttmt"
"38347","M1","C4620083","7","465","C4620083 M1","posttmt",0.0580297352955996,"465 posttmt","7 posttmt"
"38348","M1","C4620083","7","466","C4620083 M1","posttmt",0.0561183113572995,"466 posttmt","7 posttmt"
"38349","M1","C4620083","7","467","C4620083 M1","posttmt",0.0547474559578006,"467 posttmt","7 posttmt"
"38350","M1","C4620083","7","468","C4620083 M1","posttmt",0.0547125540917443,"468 posttmt","7 posttmt"
"38351","M1","C4620083","7","469","C4620083 M1","posttmt",0.0543868922862041,"469 posttmt","7 posttmt"
"38352","M1","C4620083","7","470","C4620083 M1","posttmt",0.0539650837558071,"470 posttmt","7 posttmt"
"38353","M1","C4620083","7","471","C4620083 M1","posttmt",0.0536543974596499,"471 posttmt","7 posttmt"
"38354","M1","C4620083","7","472","C4620083 M1","posttmt",0.0530847085261962,"472 posttmt","7 posttmt"
"38355","M1","C4620083","7","473","C4620083 M1","posttmt",0.0528703867004737,"473 posttmt","7 posttmt"
"38356","M1","C4620083","7","474","C4620083 M1","posttmt",0.0523605104827772,"474 posttmt","7 posttmt"
"38357","M1","C4620083","7","475","C4620083 M1","posttmt",0.0522724083150361,"475 posttmt","7 posttmt"
"38358","M1","C4620083","7","476","C4620083 M1","posttmt",0.0492066357533964,"476 posttmt","7 posttmt"
"38359","M1","C4620083","7","477","C4620083 M1","posttmt",0.0488875020394031,"477 posttmt","7 posttmt"
"38360","M1","C4620083","7","478","C4620083 M1","posttmt",0.0488255707828483,"478 posttmt","7 posttmt"
"38361","M1","C4620083","7","479","C4620083 M1","posttmt",0.0488007431328501,"479 posttmt","7 posttmt"
"38362","M1","C4620083","7","480","C4620083 M1","posttmt",0.0479754895790892,"480 posttmt","7 posttmt"
"38363","M1","C4620083","7","481","C4620083 M1","posttmt",0.0455491492329817,"481 posttmt","7 posttmt"
"38364","M1","C4620083","7","482","C4620083 M1","posttmt",0.0450263559386814,"482 posttmt","7 posttmt"
"38365","M1","C4620083","7","483","C4620083 M1","posttmt",0.0436451283774241,"483 posttmt","7 posttmt"
"38366","M1","C4620083","7","484","C4620083 M1","posttmt",0.0416628814180693,"484 posttmt","7 posttmt"
"38367","M1","C4620083","7","485","C4620083 M1","posttmt",0.0412899308267439,"485 posttmt","7 posttmt"
"38368","M1","C4620083","7","486","C4620083 M1","posttmt",0.0410940707966353,"486 posttmt","7 posttmt"
"38369","M1","C4620083","7","487","C4620083 M1","posttmt",0.0403063499549928,"487 posttmt","7 posttmt"
"38370","M1","C4620083","7","488","C4620083 M1","posttmt",0.0400944088757886,"488 posttmt","7 posttmt"
"38371","M1","C4620083","7","489","C4620083 M1","posttmt",0.0391607436489549,"489 posttmt","7 posttmt"
"38372","M1","C4620083","7","490","C4620083 M1","posttmt",0.0386325612040371,"490 posttmt","7 posttmt"
"38373","M1","C4620083","7","491","C4620083 M1","posttmt",0.0349513420488244,"491 posttmt","7 posttmt"
"38374","M1","C4620083","7","492","C4620083 M1","posttmt",0.0336175154882776,"492 posttmt","7 posttmt"
"38375","M1","C4620083","7","493","C4620083 M1","posttmt",0.0306587299036062,"493 posttmt","7 posttmt"
"38376","M1","C4620083","7","494","C4620083 M1","posttmt",0.0296755619990982,"494 posttmt","7 posttmt"
"38377","M1","C4620083","7","495","C4620083 M1","posttmt",0.0282736245550938,"495 posttmt","7 posttmt"
"38378","M1","C4620083","7","496","C4620083 M1","posttmt",0.0281384881546306,"496 posttmt","7 posttmt"
"38379","M1","C4620083","7","497","C4620083 M1","posttmt",0.0279759331713118,"497 posttmt","7 posttmt"
"38380","M1","C4620083","7","498","C4620083 M1","posttmt",0.0279457990486346,"498 posttmt","7 posttmt"
"38381","M1","C4620083","7","499","C4620083 M1","posttmt",0.0262777168619121,"499 posttmt","7 posttmt"
"38382","M1","C4620083","7","500","C4620083 M1","posttmt",0.0245176454737569,"500 posttmt","7 posttmt"
"38383","M1","C4620083","7","501","C4620083 M1","posttmt",0.0237004613187322,"501 posttmt","7 posttmt"
"38384","M1","C4620083","7","502","C4620083 M1","posttmt",0.0233234630958617,"502 posttmt","7 posttmt"
"38385","M1","C4620083","7","503","C4620083 M1","posttmt",0.0214888617473082,"503 posttmt","7 posttmt"
"38386","M1","C4620083","7","504","C4620083 M1","posttmt",0.0212166203518204,"504 posttmt","7 posttmt"
"38387","M1","C4620083","7","505","C4620083 M1","posttmt",0.0200305751342082,"505 posttmt","7 posttmt"
"38388","M1","C4620083","7","506","C4620083 M1","posttmt",0.0194333080952157,"506 posttmt","7 posttmt"
"38389","M1","C4620083","7","507","C4620083 M1","posttmt",0.0185569545677514,"507 posttmt","7 posttmt"
"38390","M1","C4620083","7","508","C4620083 M1","posttmt",0.0184971514020326,"508 posttmt","7 posttmt"
"38391","M1","C4620083","7","509","C4620083 M1","posttmt",0.0183195671026965,"509 posttmt","7 posttmt"
"38392","M1","C4620083","7","510","C4620083 M1","posttmt",0.016152476133768,"510 posttmt","7 posttmt"
"38393","M1","C4620083","7","511","C4620083 M1","posttmt",0.0154271645924692,"511 posttmt","7 posttmt"
"38394","M1","C4620083","7","512","C4620083 M1","posttmt",0.0135704093277404,"512 posttmt","7 posttmt"
"38395","M1","C4620083","7","513","C4620083 M1","posttmt",0.0134214652097508,"513 posttmt","7 posttmt"
"38396","M1","C4620083","7","514","C4620083 M1","posttmt",0.0120333851684058,"514 posttmt","7 posttmt"
"38397","M1","C4620083","7","515","C4620083 M1","posttmt",0.00966009108171364,"515 posttmt","7 posttmt"
"38398","M1","C4620083","7","516","C4620083 M1","posttmt",0.00735012831671983,"516 posttmt","7 posttmt"
"38399","M1","C4620083","7","517","C4620083 M1","posttmt",0.00716945459347559,"517 posttmt","7 posttmt"
"38400","M1","C4620083","7","518","C4620083 M1","posttmt",0.00673983967201655,"518 posttmt","7 posttmt"
"38401","M1","C4620083","7","519","C4620083 M1","posttmt",0.00529250222579424,"519 posttmt","7 posttmt"
"38402","M1","C4620083","7","520","C4620083 M1","posttmt",0.00482916709304989,"520 posttmt","7 posttmt"
"38403","M1","C4620083","7","521","C4620083 M1","posttmt",-0.0018715614351805,"521 posttmt","7 posttmt"
"38404","M1","C4620083","7","522","C4620083 M1","posttmt",-0.0040229306755705,"522 posttmt","7 posttmt"
"38405","M1","C4620083","7","523","C4620083 M1","posttmt",-0.00462767362737256,"523 posttmt","7 posttmt"
"38406","M1","C4620083","7","524","C4620083 M1","posttmt",-0.00505144470258142,"524 posttmt","7 posttmt"
"38407","M1","C4620083","7","525","C4620083 M1","posttmt",-0.00646766087969844,"525 posttmt","7 posttmt"
"38408","M1","C4620083","7","526","C4620083 M1","posttmt",-0.00650205330491608,"526 posttmt","7 posttmt"
"38409","M1","C4620083","7","527","C4620083 M1","posttmt",-0.00750546811386056,"527 posttmt","7 posttmt"
"38410","M1","C4620083","7","528","C4620083 M1","posttmt",-0.00808859312818647,"528 posttmt","7 posttmt"
"38411","M1","C4620083","7","529","C4620083 M1","posttmt",-0.00992642574239563,"529 posttmt","7 posttmt"
"38412","M1","C4620083","7","530","C4620083 M1","posttmt",-0.0119628790784854,"530 posttmt","7 posttmt"
"38413","M1","C4620083","7","531","C4620083 M1","posttmt",-0.0133909897965567,"531 posttmt","7 posttmt"
"38414","M1","C4620083","7","532","C4620083 M1","posttmt",-0.0157748942481764,"532 posttmt","7 posttmt"
"38415","M1","C4620083","7","533","C4620083 M1","posttmt",-0.020222424041592,"533 posttmt","7 posttmt"
"38416","M1","C4620083","7","534","C4620083 M1","posttmt",-0.0210561059955987,"534 posttmt","7 posttmt"
"38417","M1","C4620083","7","535","C4620083 M1","posttmt",-0.026738177995111,"535 posttmt","7 posttmt"
"38418","M1","C4620083","7","536","C4620083 M1","posttmt",-0.0274988027390265,"536 posttmt","7 posttmt"
"38419","M1","C4620083","7","537","C4620083 M1","posttmt",-0.0334479929146934,"537 posttmt","7 posttmt"
"38420","M1","C4620083","7","538","C4620083 M1","posttmt",-0.0422495394700939,"538 posttmt","7 posttmt"
"38421","M1","C4620083","7","539","C4620083 M1","posttmt",-0.0434762937382482,"539 posttmt","7 posttmt"
"38422","M1","C4620083","7","540","C4620083 M1","posttmt",-0.0565402569145783,"540 posttmt","7 posttmt"
"38423","M1","C4620083","7","541","C4620083 M1","posttmt",-0.060979384653291,"541 posttmt","7 posttmt"
"38424","M1","C4620083","7","542","C4620083 M1","posttmt",-0.0754365319208761,"542 posttmt","7 posttmt"
"38425","M2","C4620083","7","0","C4620083 M2","posttmt",0.123102612808066,"0 posttmt","7 posttmt"
"38426","M2","C4620083","7","1","C4620083 M2","posttmt",0.121137780222146,"1 posttmt","7 posttmt"
"38427","M2","C4620083","7","2","C4620083 M2","posttmt",0.11386390115893,"2 posttmt","7 posttmt"
"38428","M2","C4620083","7","3","C4620083 M2","posttmt",0.107497107003554,"3 posttmt","7 posttmt"
"38429","M2","C4620083","7","4","C4620083 M2","posttmt",0.106170720473943,"4 posttmt","7 posttmt"
"38430","M2","C4620083","7","5","C4620083 M2","posttmt",0.106002838122501,"5 posttmt","7 posttmt"
"38431","M2","C4620083","7","6","C4620083 M2","posttmt",0.104258847037295,"6 posttmt","7 posttmt"
"38432","M2","C4620083","7","7","C4620083 M2","posttmt",0.10111754641773,"7 posttmt","7 posttmt"
"38433","M2","C4620083","7","8","C4620083 M2","posttmt",0.100592582766679,"8 posttmt","7 posttmt"
"38434","M2","C4620083","7","9","C4620083 M2","posttmt",0.0977442525433729,"9 posttmt","7 posttmt"
"38435","M2","C4620083","7","10","C4620083 M2","posttmt",0.0956952268367567,"10 posttmt","7 posttmt"
"38436","M2","C4620083","7","11","C4620083 M2","posttmt",0.095076775871878,"11 posttmt","7 posttmt"
"38437","M2","C4620083","7","12","C4620083 M2","posttmt",0.0947048940640249,"12 posttmt","7 posttmt"
"38438","M2","C4620083","7","13","C4620083 M2","posttmt",0.0942098319753004,"13 posttmt","7 posttmt"
"38439","M2","C4620083","7","14","C4620083 M2","posttmt",0.0936085040127366,"14 posttmt","7 posttmt"
"38440","M2","C4620083","7","15","C4620083 M2","posttmt",0.0899529056615266,"15 posttmt","7 posttmt"
"38441","M2","C4620083","7","16","C4620083 M2","posttmt",0.0888091899999717,"16 posttmt","7 posttmt"
"38442","M2","C4620083","7","17","C4620083 M2","posttmt",0.0887990879208096,"17 posttmt","7 posttmt"
"38443","M2","C4620083","7","18","C4620083 M2","posttmt",0.0873795325111261,"18 posttmt","7 posttmt"
"38444","M2","C4620083","7","19","C4620083 M2","posttmt",0.0854161026043774,"19 posttmt","7 posttmt"
"38445","M2","C4620083","7","20","C4620083 M2","posttmt",0.0854052553192854,"20 posttmt","7 posttmt"
"38446","M2","C4620083","7","21","C4620083 M2","posttmt",0.0853646881882044,"21 posttmt","7 posttmt"
"38447","M2","C4620083","7","22","C4620083 M2","posttmt",0.085038030824004,"22 posttmt","7 posttmt"
"38448","M2","C4620083","7","23","C4620083 M2","posttmt",0.083860099330119,"23 posttmt","7 posttmt"
"38449","M2","C4620083","7","24","C4620083 M2","posttmt",0.0834366503991062,"24 posttmt","7 posttmt"
"38450","M2","C4620083","7","25","C4620083 M2","posttmt",0.0830568662470599,"25 posttmt","7 posttmt"
"38451","M2","C4620083","7","26","C4620083 M2","posttmt",0.0823058488872037,"26 posttmt","7 posttmt"
"38452","M2","C4620083","7","27","C4620083 M2","posttmt",0.0822176760221604,"27 posttmt","7 posttmt"
"38453","M2","C4620083","7","28","C4620083 M2","posttmt",0.0822070497280895,"28 posttmt","7 posttmt"
"38454","M2","C4620083","7","29","C4620083 M2","posttmt",0.081865070520588,"29 posttmt","7 posttmt"
"38455","M2","C4620083","7","30","C4620083 M2","posttmt",0.0807910403705703,"30 posttmt","7 posttmt"
"38456","M2","C4620083","7","31","C4620083 M2","posttmt",0.0805959215655516,"31 posttmt","7 posttmt"
"38457","M2","C4620083","7","32","C4620083 M2","posttmt",0.0803369472072153,"32 posttmt","7 posttmt"
"38458","M2","C4620083","7","33","C4620083 M2","posttmt",0.0802539997971331,"33 posttmt","7 posttmt"
"38459","M2","C4620083","7","34","C4620083 M2","posttmt",0.0801777238910535,"34 posttmt","7 posttmt"
"38460","M2","C4620083","7","35","C4620083 M2","posttmt",0.0800612656470803,"35 posttmt","7 posttmt"
"38461","M2","C4620083","7","36","C4620083 M2","posttmt",0.0800440756848997,"36 posttmt","7 posttmt"
"38462","M2","C4620083","7","37","C4620083 M2","posttmt",0.0800255152934435,"37 posttmt","7 posttmt"
"38463","M2","C4620083","7","38","C4620083 M2","posttmt",0.0798172871981751,"38 posttmt","7 posttmt"
"38464","M2","C4620083","7","39","C4620083 M2","posttmt",0.0798166556406873,"39 posttmt","7 posttmt"
"38465","M2","C4620083","7","40","C4620083 M2","posttmt",0.0797997788717507,"40 posttmt","7 posttmt"
"38466","M2","C4620083","7","41","C4620083 M2","posttmt",0.0795736689395603,"41 posttmt","7 posttmt"
"38467","M2","C4620083","7","42","C4620083 M2","posttmt",0.0792226123514983,"42 posttmt","7 posttmt"
"38468","M2","C4620083","7","43","C4620083 M2","posttmt",0.078240452611725,"43 posttmt","7 posttmt"
"38469","M2","C4620083","7","44","C4620083 M2","posttmt",0.0780428129914838,"44 posttmt","7 posttmt"
"38470","M2","C4620083","7","45","C4620083 M2","posttmt",0.0778883733746173,"45 posttmt","7 posttmt"
"38471","M2","C4620083","7","46","C4620083 M2","posttmt",0.0777113475310075,"46 posttmt","7 posttmt"
"38472","M2","C4620083","7","47","C4620083 M2","posttmt",0.07742540601497,"47 posttmt","7 posttmt"
"38473","M2","C4620083","7","48","C4620083 M2","posttmt",0.0766355601787139,"48 posttmt","7 posttmt"
"38474","M2","C4620083","7","49","C4620083 M2","posttmt",0.0765185999417643,"49 posttmt","7 posttmt"
"38475","M2","C4620083","7","50","C4620083 M2","posttmt",0.0759250362599994,"50 posttmt","7 posttmt"
"38476","M2","C4620083","7","51","C4620083 M2","posttmt",0.0757289316927972,"51 posttmt","7 posttmt"
"38477","M2","C4620083","7","52","C4620083 M2","posttmt",0.0752688190711938,"52 posttmt","7 posttmt"
"38478","M2","C4620083","7","53","C4620083 M2","posttmt",0.0751821748340479,"53 posttmt","7 posttmt"
"38479","M2","C4620083","7","54","C4620083 M2","posttmt",0.0748264456552052,"54 posttmt","7 posttmt"
"38480","M2","C4620083","7","55","C4620083 M2","posttmt",0.0746754061559691,"55 posttmt","7 posttmt"
"38481","M2","C4620083","7","56","C4620083 M2","posttmt",0.0739692833327692,"56 posttmt","7 posttmt"
"38482","M2","C4620083","7","57","C4620083 M2","posttmt",0.0731189458065459,"57 posttmt","7 posttmt"
"38483","M2","C4620083","7","58","C4620083 M2","posttmt",0.0729162904736975,"58 posttmt","7 posttmt"
"38484","M2","C4620083","7","59","C4620083 M2","posttmt",0.0727319157262503,"59 posttmt","7 posttmt"
"38485","M2","C4620083","7","60","C4620083 M2","posttmt",0.0720644174958288,"60 posttmt","7 posttmt"
"38486","M2","C4620083","7","61","C4620083 M2","posttmt",0.0716373279847513,"61 posttmt","7 posttmt"
"38487","M2","C4620083","7","62","C4620083 M2","posttmt",0.0712811211789978,"62 posttmt","7 posttmt"
"38488","M2","C4620083","7","63","C4620083 M2","posttmt",0.0711012359391477,"63 posttmt","7 posttmt"
"38489","M2","C4620083","7","64","C4620083 M2","posttmt",0.0710377807266254,"64 posttmt","7 posttmt"
"38490","M2","C4620083","7","65","C4620083 M2","posttmt",0.0709171314898461,"65 posttmt","7 posttmt"
"38491","M2","C4620083","7","66","C4620083 M2","posttmt",0.0708963761479347,"66 posttmt","7 posttmt"
"38492","M2","C4620083","7","67","C4620083 M2","posttmt",0.0704057077024643,"67 posttmt","7 posttmt"
"38493","M2","C4620083","7","68","C4620083 M2","posttmt",0.0699712198704295,"68 posttmt","7 posttmt"
"38494","M2","C4620083","7","69","C4620083 M2","posttmt",0.0697652758617528,"69 posttmt","7 posttmt"
"38495","M2","C4620083","7","70","C4620083 M2","posttmt",0.0696215210156454,"70 posttmt","7 posttmt"
"38496","M2","C4620083","7","71","C4620083 M2","posttmt",0.0693924737060698,"71 posttmt","7 posttmt"
"38497","M2","C4620083","7","72","C4620083 M2","posttmt",0.0692202561412548,"72 posttmt","7 posttmt"
"38498","M2","C4620083","7","73","C4620083 M2","posttmt",0.0689193046598923,"73 posttmt","7 posttmt"
"38499","M2","C4620083","7","74","C4620083 M2","posttmt",0.0686923352990918,"74 posttmt","7 posttmt"
"38500","M2","C4620083","7","75","C4620083 M2","posttmt",0.0682464750994006,"75 posttmt","7 posttmt"
"38501","M2","C4620083","7","76","C4620083 M2","posttmt",0.0675106748680717,"76 posttmt","7 posttmt"
"38502","M2","C4620083","7","77","C4620083 M2","posttmt",0.067283978646994,"77 posttmt","7 posttmt"
"38503","M2","C4620083","7","78","C4620083 M2","posttmt",0.0672644307612632,"78 posttmt","7 posttmt"
"38504","M2","C4620083","7","79","C4620083 M2","posttmt",0.0671429215617613,"79 posttmt","7 posttmt"
"38505","M2","C4620083","7","80","C4620083 M2","posttmt",0.0669604166750806,"80 posttmt","7 posttmt"
"38506","M2","C4620083","7","81","C4620083 M2","posttmt",0.066951239149958,"81 posttmt","7 posttmt"
"38507","M2","C4620083","7","82","C4620083 M2","posttmt",0.0667427940820795,"82 posttmt","7 posttmt"
"38508","M2","C4620083","7","83","C4620083 M2","posttmt",0.0664977679338849,"83 posttmt","7 posttmt"
"38509","M2","C4620083","7","84","C4620083 M2","posttmt",0.0663125464147461,"84 posttmt","7 posttmt"
"38510","M2","C4620083","7","85","C4620083 M2","posttmt",0.0662012637896486,"85 posttmt","7 posttmt"
"38511","M2","C4620083","7","86","C4620083 M2","posttmt",0.0657208271288483,"86 posttmt","7 posttmt"
"38512","M2","C4620083","7","87","C4620083 M2","posttmt",0.0656838715647993,"87 posttmt","7 posttmt"
"38513","M2","C4620083","7","88","C4620083 M2","posttmt",0.0655846510191578,"88 posttmt","7 posttmt"
"38514","M2","C4620083","7","89","C4620083 M2","posttmt",0.0651011089736101,"89 posttmt","7 posttmt"
"38515","M2","C4620083","7","90","C4620083 M2","posttmt",0.0649750061721658,"90 posttmt","7 posttmt"
"38516","M2","C4620083","7","91","C4620083 M2","posttmt",0.0649545127932941,"91 posttmt","7 posttmt"
"38517","M2","C4620083","7","92","C4620083 M2","posttmt",0.0648946061183497,"92 posttmt","7 posttmt"
"38518","M2","C4620083","7","93","C4620083 M2","posttmt",0.0647266441162061,"93 posttmt","7 posttmt"
"38519","M2","C4620083","7","94","C4620083 M2","posttmt",0.0644039385468205,"94 posttmt","7 posttmt"
"38520","M2","C4620083","7","95","C4620083 M2","posttmt",0.0641640226914015,"95 posttmt","7 posttmt"
"38521","M2","C4620083","7","96","C4620083 M2","posttmt",0.0638029887978007,"96 posttmt","7 posttmt"
"38522","M2","C4620083","7","97","C4620083 M2","posttmt",0.0636402899984334,"97 posttmt","7 posttmt"
"38523","M2","C4620083","7","98","C4620083 M2","posttmt",0.0636199731462968,"98 posttmt","7 posttmt"
"38524","M2","C4620083","7","99","C4620083 M2","posttmt",0.0635472260546315,"99 posttmt","7 posttmt"
"38525","M2","C4620083","7","100","C4620083 M2","posttmt",0.0635136672993005,"100 posttmt","7 posttmt"
"38526","M2","C4620083","7","101","C4620083 M2","posttmt",0.0632354284389893,"101 posttmt","7 posttmt"
"38527","M2","C4620083","7","102","C4620083 M2","posttmt",0.0628929645606288,"102 posttmt","7 posttmt"
"38528","M2","C4620083","7","103","C4620083 M2","posttmt",0.0628197101676134,"103 posttmt","7 posttmt"
"38529","M2","C4620083","7","104","C4620083 M2","posttmt",0.0627085483382384,"104 posttmt","7 posttmt"
"38530","M2","C4620083","7","105","C4620083 M2","posttmt",0.0619590264612301,"105 posttmt","7 posttmt"
"38531","M2","C4620083","7","106","C4620083 M2","posttmt",0.0616173070195387,"106 posttmt","7 posttmt"
"38532","M2","C4620083","7","107","C4620083 M2","posttmt",0.0611359349454939,"107 posttmt","7 posttmt"
"38533","M2","C4620083","7","108","C4620083 M2","posttmt",0.0609893790685035,"108 posttmt","7 posttmt"
"38534","M2","C4620083","7","109","C4620083 M2","posttmt",0.0607431436440908,"109 posttmt","7 posttmt"
"38535","M2","C4620083","7","110","C4620083 M2","posttmt",0.0600089809721458,"110 posttmt","7 posttmt"
"38536","M2","C4620083","7","111","C4620083 M2","posttmt",0.0600081851555084,"111 posttmt","7 posttmt"
"38537","M2","C4620083","7","112","C4620083 M2","posttmt",0.0599582459190223,"112 posttmt","7 posttmt"
"38538","M2","C4620083","7","113","C4620083 M2","posttmt",0.0598771445348345,"113 posttmt","7 posttmt"
"38539","M2","C4620083","7","114","C4620083 M2","posttmt",0.059618630503866,"114 posttmt","7 posttmt"
"38540","M2","C4620083","7","115","C4620083 M2","posttmt",0.0594917835156921,"115 posttmt","7 posttmt"
"38541","M2","C4620083","7","116","C4620083 M2","posttmt",0.0589194479103998,"116 posttmt","7 posttmt"
"38542","M2","C4620083","7","117","C4620083 M2","posttmt",0.0589157520521784,"117 posttmt","7 posttmt"
"38543","M2","C4620083","7","118","C4620083 M2","posttmt",0.0587180953812052,"118 posttmt","7 posttmt"
"38544","M2","C4620083","7","119","C4620083 M2","posttmt",0.0586473512664406,"119 posttmt","7 posttmt"
"38545","M2","C4620083","7","120","C4620083 M2","posttmt",0.0585941519964754,"120 posttmt","7 posttmt"
"38546","M2","C4620083","7","121","C4620083 M2","posttmt",0.058464311648493,"121 posttmt","7 posttmt"
"38547","M2","C4620083","7","122","C4620083 M2","posttmt",0.0583947876417565,"122 posttmt","7 posttmt"
"38548","M2","C4620083","7","123","C4620083 M2","posttmt",0.0581385715302528,"123 posttmt","7 posttmt"
"38549","M2","C4620083","7","124","C4620083 M2","posttmt",0.0580881713862954,"124 posttmt","7 posttmt"
"38550","M2","C4620083","7","125","C4620083 M2","posttmt",0.0580502425166513,"125 posttmt","7 posttmt"
"38551","M2","C4620083","7","126","C4620083 M2","posttmt",0.0578682535076358,"126 posttmt","7 posttmt"
"38552","M2","C4620083","7","127","C4620083 M2","posttmt",0.0573864266507162,"127 posttmt","7 posttmt"
"38553","M2","C4620083","7","128","C4620083 M2","posttmt",0.0573735453191321,"128 posttmt","7 posttmt"
"38554","M2","C4620083","7","129","C4620083 M2","posttmt",0.0570633233217092,"129 posttmt","7 posttmt"
"38555","M2","C4620083","7","130","C4620083 M2","posttmt",0.057049715223343,"130 posttmt","7 posttmt"
"38556","M2","C4620083","7","131","C4620083 M2","posttmt",0.0570261479144424,"131 posttmt","7 posttmt"
"38557","M2","C4620083","7","132","C4620083 M2","posttmt",0.0567838640594198,"132 posttmt","7 posttmt"
"38558","M2","C4620083","7","133","C4620083 M2","posttmt",0.0565994826693168,"133 posttmt","7 posttmt"
"38559","M2","C4620083","7","134","C4620083 M2","posttmt",0.0565380824176568,"134 posttmt","7 posttmt"
"38560","M2","C4620083","7","135","C4620083 M2","posttmt",0.0565085707375102,"135 posttmt","7 posttmt"
"38561","M2","C4620083","7","136","C4620083 M2","posttmt",0.0565066635674664,"136 posttmt","7 posttmt"
"38562","M2","C4620083","7","137","C4620083 M2","posttmt",0.0564615257120523,"137 posttmt","7 posttmt"
"38563","M2","C4620083","7","138","C4620083 M2","posttmt",0.0564185802407954,"138 posttmt","7 posttmt"
"38564","M2","C4620083","7","139","C4620083 M2","posttmt",0.056298697563417,"139 posttmt","7 posttmt"
"38565","M2","C4620083","7","140","C4620083 M2","posttmt",0.0562086473642012,"140 posttmt","7 posttmt"
"38566","M2","C4620083","7","141","C4620083 M2","posttmt",0.0561945367550578,"141 posttmt","7 posttmt"
"38567","M2","C4620083","7","142","C4620083 M2","posttmt",0.0558482671705204,"142 posttmt","7 posttmt"
"38568","M2","C4620083","7","143","C4620083 M2","posttmt",0.0558430190087667,"143 posttmt","7 posttmt"
"38569","M2","C4620083","7","144","C4620083 M2","posttmt",0.0557973380239288,"144 posttmt","7 posttmt"
"38570","M2","C4620083","7","145","C4620083 M2","posttmt",0.0555904736420652,"145 posttmt","7 posttmt"
"38571","M2","C4620083","7","146","C4620083 M2","posttmt",0.0555834250129895,"146 posttmt","7 posttmt"
"38572","M2","C4620083","7","147","C4620083 M2","posttmt",0.0555779342385875,"147 posttmt","7 posttmt"
"38573","M2","C4620083","7","148","C4620083 M2","posttmt",0.0554684866459617,"148 posttmt","7 posttmt"
"38574","M2","C4620083","7","149","C4620083 M2","posttmt",0.0553950658822917,"149 posttmt","7 posttmt"
"38575","M2","C4620083","7","150","C4620083 M2","posttmt",0.0551834633764653,"150 posttmt","7 posttmt"
"38576","M2","C4620083","7","151","C4620083 M2","posttmt",0.0551640872384066,"151 posttmt","7 posttmt"
"38577","M2","C4620083","7","152","C4620083 M2","posttmt",0.0549249248933203,"152 posttmt","7 posttmt"
"38578","M2","C4620083","7","153","C4620083 M2","posttmt",0.0548442354154761,"153 posttmt","7 posttmt"
"38579","M2","C4620083","7","154","C4620083 M2","posttmt",0.0543283059659116,"154 posttmt","7 posttmt"
"38580","M2","C4620083","7","155","C4620083 M2","posttmt",0.0542856103838151,"155 posttmt","7 posttmt"
"38581","M2","C4620083","7","156","C4620083 M2","posttmt",0.0541672258445614,"156 posttmt","7 posttmt"
"38582","M2","C4620083","7","157","C4620083 M2","posttmt",0.0541279224098129,"157 posttmt","7 posttmt"
"38583","M2","C4620083","7","158","C4620083 M2","posttmt",0.0540068964411903,"158 posttmt","7 posttmt"
"38584","M2","C4620083","7","159","C4620083 M2","posttmt",0.0540063534908114,"159 posttmt","7 posttmt"
"38585","M2","C4620083","7","160","C4620083 M2","posttmt",0.0538987581612993,"160 posttmt","7 posttmt"
"38586","M2","C4620083","7","161","C4620083 M2","posttmt",0.0535638274756179,"161 posttmt","7 posttmt"
"38587","M2","C4620083","7","162","C4620083 M2","posttmt",0.0530393434074777,"162 posttmt","7 posttmt"
"38588","M2","C4620083","7","163","C4620083 M2","posttmt",0.0528634349191216,"163 posttmt","7 posttmt"
"38589","M2","C4620083","7","164","C4620083 M2","posttmt",0.0528469963949384,"164 posttmt","7 posttmt"
"38590","M2","C4620083","7","165","C4620083 M2","posttmt",0.052822286663806,"165 posttmt","7 posttmt"
"38591","M2","C4620083","7","166","C4620083 M2","posttmt",0.0523937634476903,"166 posttmt","7 posttmt"
"38592","M2","C4620083","7","167","C4620083 M2","posttmt",0.052319369365507,"167 posttmt","7 posttmt"
"38593","M2","C4620083","7","168","C4620083 M2","posttmt",0.0522136919798589,"168 posttmt","7 posttmt"
"38594","M2","C4620083","7","169","C4620083 M2","posttmt",0.0522028629817961,"169 posttmt","7 posttmt"
"38595","M2","C4620083","7","170","C4620083 M2","posttmt",0.0520509670182355,"170 posttmt","7 posttmt"
"38596","M2","C4620083","7","171","C4620083 M2","posttmt",0.0517612803144997,"171 posttmt","7 posttmt"
"38597","M2","C4620083","7","172","C4620083 M2","posttmt",0.0516836193759717,"172 posttmt","7 posttmt"
"38598","M2","C4620083","7","173","C4620083 M2","posttmt",0.0506120556533632,"173 posttmt","7 posttmt"
"38599","M2","C4620083","7","174","C4620083 M2","posttmt",0.0504613868974431,"174 posttmt","7 posttmt"
"38600","M2","C4620083","7","175","C4620083 M2","posttmt",0.0501851991487536,"175 posttmt","7 posttmt"
"38601","M2","C4620083","7","176","C4620083 M2","posttmt",0.0501205301467405,"176 posttmt","7 posttmt"
"38602","M2","C4620083","7","177","C4620083 M2","posttmt",0.0495483580784002,"177 posttmt","7 posttmt"
"38603","M2","C4620083","7","178","C4620083 M2","posttmt",0.049539274152299,"178 posttmt","7 posttmt"
"38604","M2","C4620083","7","179","C4620083 M2","posttmt",0.0493945563074162,"179 posttmt","7 posttmt"
"38605","M2","C4620083","7","180","C4620083 M2","posttmt",0.0491492359799569,"180 posttmt","7 posttmt"
"38606","M2","C4620083","7","181","C4620083 M2","posttmt",0.0486729415098574,"181 posttmt","7 posttmt"
"38607","M2","C4620083","7","182","C4620083 M2","posttmt",0.048551332253997,"182 posttmt","7 posttmt"
"38608","M2","C4620083","7","183","C4620083 M2","posttmt",0.0485177116527059,"183 posttmt","7 posttmt"
"38609","M2","C4620083","7","184","C4620083 M2","posttmt",0.0484928936598202,"184 posttmt","7 posttmt"
"38610","M2","C4620083","7","185","C4620083 M2","posttmt",0.0483288965546761,"185 posttmt","7 posttmt"
"38611","M2","C4620083","7","186","C4620083 M2","posttmt",0.0481210079306102,"186 posttmt","7 posttmt"
"38612","M2","C4620083","7","187","C4620083 M2","posttmt",0.048042704112825,"187 posttmt","7 posttmt"
"38613","M2","C4620083","7","188","C4620083 M2","posttmt",0.0478592198171869,"188 posttmt","7 posttmt"
"38614","M2","C4620083","7","189","C4620083 M2","posttmt",0.0477827668150056,"189 posttmt","7 posttmt"
"38615","M2","C4620083","7","190","C4620083 M2","posttmt",0.0476530191707518,"190 posttmt","7 posttmt"
"38616","M2","C4620083","7","191","C4620083 M2","posttmt",0.047395932679929,"191 posttmt","7 posttmt"
"38617","M2","C4620083","7","192","C4620083 M2","posttmt",0.0472806248215023,"192 posttmt","7 posttmt"
"38618","M2","C4620083","7","193","C4620083 M2","posttmt",0.0470664577172804,"193 posttmt","7 posttmt"
"38619","M2","C4620083","7","194","C4620083 M2","posttmt",0.0470256690183016,"194 posttmt","7 posttmt"
"38620","M2","C4620083","7","195","C4620083 M2","posttmt",0.0468043196637077,"195 posttmt","7 posttmt"
"38621","M2","C4620083","7","196","C4620083 M2","posttmt",0.0467035763004118,"196 posttmt","7 posttmt"
"38622","M2","C4620083","7","197","C4620083 M2","posttmt",0.0465462883575925,"197 posttmt","7 posttmt"
"38623","M2","C4620083","7","198","C4620083 M2","posttmt",0.0464442474006695,"198 posttmt","7 posttmt"
"38624","M2","C4620083","7","199","C4620083 M2","posttmt",0.0462173741255006,"199 posttmt","7 posttmt"
"38625","M2","C4620083","7","200","C4620083 M2","posttmt",0.0460001492633902,"200 posttmt","7 posttmt"
"38626","M2","C4620083","7","201","C4620083 M2","posttmt",0.045371616241152,"201 posttmt","7 posttmt"
"38627","M2","C4620083","7","202","C4620083 M2","posttmt",0.0452682337540709,"202 posttmt","7 posttmt"
"38628","M2","C4620083","7","203","C4620083 M2","posttmt",0.0446148335006686,"203 posttmt","7 posttmt"
"38629","M2","C4620083","7","204","C4620083 M2","posttmt",0.0445624916864318,"204 posttmt","7 posttmt"
"38630","M2","C4620083","7","205","C4620083 M2","posttmt",0.0445296493517853,"205 posttmt","7 posttmt"
"38631","M2","C4620083","7","206","C4620083 M2","posttmt",0.0443432994379783,"206 posttmt","7 posttmt"
"38632","M2","C4620083","7","207","C4620083 M2","posttmt",0.0443220580989658,"207 posttmt","7 posttmt"
"38633","M2","C4620083","7","208","C4620083 M2","posttmt",0.0442273708169775,"208 posttmt","7 posttmt"
"38634","M2","C4620083","7","209","C4620083 M2","posttmt",0.0437825285576409,"209 posttmt","7 posttmt"
"38635","M2","C4620083","7","210","C4620083 M2","posttmt",0.043618123124372,"210 posttmt","7 posttmt"
"38636","M2","C4620083","7","211","C4620083 M2","posttmt",0.0435248606410846,"211 posttmt","7 posttmt"
"38637","M2","C4620083","7","212","C4620083 M2","posttmt",0.0432159866513169,"212 posttmt","7 posttmt"
"38638","M2","C4620083","7","213","C4620083 M2","posttmt",0.0430650423057429,"213 posttmt","7 posttmt"
"38639","M2","C4620083","7","214","C4620083 M2","posttmt",0.0430336703696718,"214 posttmt","7 posttmt"
"38640","M2","C4620083","7","215","C4620083 M2","posttmt",0.042936113211653,"215 posttmt","7 posttmt"
"38641","M2","C4620083","7","216","C4620083 M2","posttmt",0.0428317773768719,"216 posttmt","7 posttmt"
"38642","M2","C4620083","7","217","C4620083 M2","posttmt",0.0427566893724583,"217 posttmt","7 posttmt"
"38643","M2","C4620083","7","218","C4620083 M2","posttmt",0.042723338332207,"218 posttmt","7 posttmt"
"38644","M2","C4620083","7","219","C4620083 M2","posttmt",0.0425313179042332,"219 posttmt","7 posttmt"
"38645","M2","C4620083","7","220","C4620083 M2","posttmt",0.0425132322219918,"220 posttmt","7 posttmt"
"38646","M2","C4620083","7","221","C4620083 M2","posttmt",0.042458432316803,"221 posttmt","7 posttmt"
"38647","M2","C4620083","7","222","C4620083 M2","posttmt",0.0420990547478914,"222 posttmt","7 posttmt"
"38648","M2","C4620083","7","223","C4620083 M2","posttmt",0.0419360773989198,"223 posttmt","7 posttmt"
"38649","M2","C4620083","7","224","C4620083 M2","posttmt",0.0418907861046571,"224 posttmt","7 posttmt"
"38650","M2","C4620083","7","225","C4620083 M2","posttmt",0.0417215654098901,"225 posttmt","7 posttmt"
"38651","M2","C4620083","7","226","C4620083 M2","posttmt",0.0417022153923637,"226 posttmt","7 posttmt"
"38652","M2","C4620083","7","227","C4620083 M2","posttmt",0.0416873234213159,"227 posttmt","7 posttmt"
"38653","M2","C4620083","7","228","C4620083 M2","posttmt",0.0412478622755594,"228 posttmt","7 posttmt"
"38654","M2","C4620083","7","229","C4620083 M2","posttmt",0.0409675386143479,"229 posttmt","7 posttmt"
"38655","M2","C4620083","7","230","C4620083 M2","posttmt",0.0408856853671093,"230 posttmt","7 posttmt"
"38656","M2","C4620083","7","231","C4620083 M2","posttmt",0.0408039004055727,"231 posttmt","7 posttmt"
"38657","M2","C4620083","7","232","C4620083 M2","posttmt",0.0407137899077002,"232 posttmt","7 posttmt"
"38658","M2","C4620083","7","233","C4620083 M2","posttmt",0.040427641233583,"233 posttmt","7 posttmt"
"38659","M2","C4620083","7","234","C4620083 M2","posttmt",0.0402851940318181,"234 posttmt","7 posttmt"
"38660","M2","C4620083","7","235","C4620083 M2","posttmt",0.0394783604355188,"235 posttmt","7 posttmt"
"38661","M2","C4620083","7","236","C4620083 M2","posttmt",0.0394001170193766,"236 posttmt","7 posttmt"
"38662","M2","C4620083","7","237","C4620083 M2","posttmt",0.0393112415533488,"237 posttmt","7 posttmt"
"38663","M2","C4620083","7","238","C4620083 M2","posttmt",0.0392031301646497,"238 posttmt","7 posttmt"
"38664","M2","C4620083","7","239","C4620083 M2","posttmt",0.0391344684353596,"239 posttmt","7 posttmt"
"38665","M2","C4620083","7","240","C4620083 M2","posttmt",0.0390079381711987,"240 posttmt","7 posttmt"
"38666","M2","C4620083","7","241","C4620083 M2","posttmt",0.0389870884696612,"241 posttmt","7 posttmt"
"38667","M2","C4620083","7","242","C4620083 M2","posttmt",0.0385629913862059,"242 posttmt","7 posttmt"
"38668","M2","C4620083","7","243","C4620083 M2","posttmt",0.0381752427055771,"243 posttmt","7 posttmt"
"38669","M2","C4620083","7","244","C4620083 M2","posttmt",0.0380866351823997,"244 posttmt","7 posttmt"
"38670","M2","C4620083","7","245","C4620083 M2","posttmt",0.0380185195406992,"245 posttmt","7 posttmt"
"38671","M2","C4620083","7","246","C4620083 M2","posttmt",0.0379973416445719,"246 posttmt","7 posttmt"
"38672","M2","C4620083","7","247","C4620083 M2","posttmt",0.0378634645622047,"247 posttmt","7 posttmt"
"38673","M2","C4620083","7","248","C4620083 M2","posttmt",0.0376684098951068,"248 posttmt","7 posttmt"
"38674","M2","C4620083","7","249","C4620083 M2","posttmt",0.0376007267222741,"249 posttmt","7 posttmt"
"38675","M2","C4620083","7","250","C4620083 M2","posttmt",0.0374293266384028,"250 posttmt","7 posttmt"
"38676","M2","C4620083","7","251","C4620083 M2","posttmt",0.0372644066642129,"251 posttmt","7 posttmt"
"38677","M2","C4620083","7","252","C4620083 M2","posttmt",0.037234486028507,"252 posttmt","7 posttmt"
"38678","M2","C4620083","7","253","C4620083 M2","posttmt",0.0370495255736354,"253 posttmt","7 posttmt"
"38679","M2","C4620083","7","254","C4620083 M2","posttmt",0.0370465828212265,"254 posttmt","7 posttmt"
"38680","M2","C4620083","7","255","C4620083 M2","posttmt",0.0370348859773749,"255 posttmt","7 posttmt"
"38681","M2","C4620083","7","256","C4620083 M2","posttmt",0.0369099473430551,"256 posttmt","7 posttmt"
"38682","M2","C4620083","7","257","C4620083 M2","posttmt",0.0368083792853894,"257 posttmt","7 posttmt"
"38683","M2","C4620083","7","258","C4620083 M2","posttmt",0.0367520486959598,"258 posttmt","7 posttmt"
"38684","M2","C4620083","7","259","C4620083 M2","posttmt",0.0366068414104167,"259 posttmt","7 posttmt"
"38685","M2","C4620083","7","260","C4620083 M2","posttmt",0.0363076536583363,"260 posttmt","7 posttmt"
"38686","M2","C4620083","7","261","C4620083 M2","posttmt",0.0362715829780974,"261 posttmt","7 posttmt"
"38687","M2","C4620083","7","262","C4620083 M2","posttmt",0.0360343774864234,"262 posttmt","7 posttmt"
"38688","M2","C4620083","7","263","C4620083 M2","posttmt",0.0357332915223107,"263 posttmt","7 posttmt"
"38689","M2","C4620083","7","264","C4620083 M2","posttmt",0.0356026777890494,"264 posttmt","7 posttmt"
"38690","M2","C4620083","7","265","C4620083 M2","posttmt",0.0355975206161173,"265 posttmt","7 posttmt"
"38691","M2","C4620083","7","266","C4620083 M2","posttmt",0.0353821322335594,"266 posttmt","7 posttmt"
"38692","M2","C4620083","7","267","C4620083 M2","posttmt",0.0351886802966056,"267 posttmt","7 posttmt"
"38693","M2","C4620083","7","268","C4620083 M2","posttmt",0.035139189166236,"268 posttmt","7 posttmt"
"38694","M2","C4620083","7","269","C4620083 M2","posttmt",0.035089247874686,"269 posttmt","7 posttmt"
"38695","M2","C4620083","7","270","C4620083 M2","posttmt",0.0350513433921432,"270 posttmt","7 posttmt"
"38696","M2","C4620083","7","271","C4620083 M2","posttmt",0.0350511047915573,"271 posttmt","7 posttmt"
"38697","M2","C4620083","7","272","C4620083 M2","posttmt",0.0349398445668333,"272 posttmt","7 posttmt"
"38698","M2","C4620083","7","273","C4620083 M2","posttmt",0.0348205821069543,"273 posttmt","7 posttmt"
"38699","M2","C4620083","7","274","C4620083 M2","posttmt",0.0346407378242716,"274 posttmt","7 posttmt"
"38700","M2","C4620083","7","275","C4620083 M2","posttmt",0.0346145066793174,"275 posttmt","7 posttmt"
"38701","M2","C4620083","7","276","C4620083 M2","posttmt",0.0344466932430534,"276 posttmt","7 posttmt"
"38702","M2","C4620083","7","277","C4620083 M2","posttmt",0.0343881839690691,"277 posttmt","7 posttmt"
"38703","M2","C4620083","7","278","C4620083 M2","posttmt",0.0343768215291722,"278 posttmt","7 posttmt"
"38704","M2","C4620083","7","279","C4620083 M2","posttmt",0.0343224366778849,"279 posttmt","7 posttmt"
"38705","M2","C4620083","7","280","C4620083 M2","posttmt",0.0342603778564242,"280 posttmt","7 posttmt"
"38706","M2","C4620083","7","281","C4620083 M2","posttmt",0.0335180030470086,"281 posttmt","7 posttmt"
"38707","M2","C4620083","7","282","C4620083 M2","posttmt",0.0334468624177099,"282 posttmt","7 posttmt"
"38708","M2","C4620083","7","283","C4620083 M2","posttmt",0.0334044164723214,"283 posttmt","7 posttmt"
"38709","M2","C4620083","7","284","C4620083 M2","posttmt",0.0331715174854894,"284 posttmt","7 posttmt"
"38710","M2","C4620083","7","285","C4620083 M2","posttmt",0.0330658885530012,"285 posttmt","7 posttmt"
"38711","M2","C4620083","7","286","C4620083 M2","posttmt",0.0329610967754934,"286 posttmt","7 posttmt"
"38712","M2","C4620083","7","287","C4620083 M2","posttmt",0.0327244671720722,"287 posttmt","7 posttmt"
"38713","M2","C4620083","7","288","C4620083 M2","posttmt",0.0325903286227155,"288 posttmt","7 posttmt"
"38714","M2","C4620083","7","289","C4620083 M2","posttmt",0.0325522693281026,"289 posttmt","7 posttmt"
"38715","M2","C4620083","7","290","C4620083 M2","posttmt",0.032374979494148,"290 posttmt","7 posttmt"
"38716","M2","C4620083","7","291","C4620083 M2","posttmt",0.0323208987868238,"291 posttmt","7 posttmt"
"38717","M2","C4620083","7","292","C4620083 M2","posttmt",0.0321360256065231,"292 posttmt","7 posttmt"
"38718","M2","C4620083","7","293","C4620083 M2","posttmt",0.0320431001645151,"293 posttmt","7 posttmt"
"38719","M2","C4620083","7","294","C4620083 M2","posttmt",0.0319995363588647,"294 posttmt","7 posttmt"
"38720","M2","C4620083","7","295","C4620083 M2","posttmt",0.0319572665124827,"295 posttmt","7 posttmt"
"38721","M2","C4620083","7","296","C4620083 M2","posttmt",0.0319424889889803,"296 posttmt","7 posttmt"
"38722","M2","C4620083","7","297","C4620083 M2","posttmt",0.0318831119134761,"297 posttmt","7 posttmt"
"38723","M2","C4620083","7","298","C4620083 M2","posttmt",0.0318711191032824,"298 posttmt","7 posttmt"
"38724","M2","C4620083","7","299","C4620083 M2","posttmt",0.0317933310172406,"299 posttmt","7 posttmt"
"38725","M2","C4620083","7","300","C4620083 M2","posttmt",0.0317843885685303,"300 posttmt","7 posttmt"
"38726","M2","C4620083","7","301","C4620083 M2","posttmt",0.0317669944408882,"301 posttmt","7 posttmt"
"38727","M2","C4620083","7","302","C4620083 M2","posttmt",0.0314014216985065,"302 posttmt","7 posttmt"
"38728","M2","C4620083","7","303","C4620083 M2","posttmt",0.0313799084702145,"303 posttmt","7 posttmt"
"38729","M2","C4620083","7","304","C4620083 M2","posttmt",0.0313205600417804,"304 posttmt","7 posttmt"
"38730","M2","C4620083","7","305","C4620083 M2","posttmt",0.0307884735189015,"305 posttmt","7 posttmt"
"38731","M2","C4620083","7","306","C4620083 M2","posttmt",0.0307017450169119,"306 posttmt","7 posttmt"
"38732","M2","C4620083","7","307","C4620083 M2","posttmt",0.0303586893826173,"307 posttmt","7 posttmt"
"38733","M2","C4620083","7","308","C4620083 M2","posttmt",0.0301911284167043,"308 posttmt","7 posttmt"
"38734","M2","C4620083","7","309","C4620083 M2","posttmt",0.0299118262573976,"309 posttmt","7 posttmt"
"38735","M2","C4620083","7","310","C4620083 M2","posttmt",0.0296234841988646,"310 posttmt","7 posttmt"
"38736","M2","C4620083","7","311","C4620083 M2","posttmt",0.029478917940387,"311 posttmt","7 posttmt"
"38737","M2","C4620083","7","312","C4620083 M2","posttmt",0.0292285825870982,"312 posttmt","7 posttmt"
"38738","M2","C4620083","7","313","C4620083 M2","posttmt",0.0292068027181059,"313 posttmt","7 posttmt"
"38739","M2","C4620083","7","314","C4620083 M2","posttmt",0.0291928323156123,"314 posttmt","7 posttmt"
"38740","M2","C4620083","7","315","C4620083 M2","posttmt",0.0290365747856083,"315 posttmt","7 posttmt"
"38741","M2","C4620083","7","316","C4620083 M2","posttmt",0.0289497857109667,"316 posttmt","7 posttmt"
"38742","M2","C4620083","7","317","C4620083 M2","posttmt",0.0287109559746673,"317 posttmt","7 posttmt"
"38743","M2","C4620083","7","318","C4620083 M2","posttmt",0.0286236761803894,"318 posttmt","7 posttmt"
"38744","M2","C4620083","7","319","C4620083 M2","posttmt",0.0285793726007358,"319 posttmt","7 posttmt"
"38745","M2","C4620083","7","320","C4620083 M2","posttmt",0.0285105944655793,"320 posttmt","7 posttmt"
"38746","M2","C4620083","7","321","C4620083 M2","posttmt",0.0282841570499898,"321 posttmt","7 posttmt"
"38747","M2","C4620083","7","322","C4620083 M2","posttmt",0.0281618683257741,"322 posttmt","7 posttmt"
"38748","M2","C4620083","7","323","C4620083 M2","posttmt",0.0281574575442265,"323 posttmt","7 posttmt"
"38749","M2","C4620083","7","324","C4620083 M2","posttmt",0.0278360183841849,"324 posttmt","7 posttmt"
"38750","M2","C4620083","7","325","C4620083 M2","posttmt",0.0278282949915757,"325 posttmt","7 posttmt"
"38751","M2","C4620083","7","326","C4620083 M2","posttmt",0.027539733091672,"326 posttmt","7 posttmt"
"38752","M2","C4620083","7","327","C4620083 M2","posttmt",0.0273412462737938,"327 posttmt","7 posttmt"
"38753","M2","C4620083","7","328","C4620083 M2","posttmt",0.0271773404156496,"328 posttmt","7 posttmt"
"38754","M2","C4620083","7","329","C4620083 M2","posttmt",0.027044712634337,"329 posttmt","7 posttmt"
"38755","M2","C4620083","7","330","C4620083 M2","posttmt",0.0267857295778805,"330 posttmt","7 posttmt"
"38756","M2","C4620083","7","331","C4620083 M2","posttmt",0.0266978267186901,"331 posttmt","7 posttmt"
"38757","M2","C4620083","7","332","C4620083 M2","posttmt",0.0266107994247061,"332 posttmt","7 posttmt"
"38758","M2","C4620083","7","333","C4620083 M2","posttmt",0.0265662607218269,"333 posttmt","7 posttmt"
"38759","M2","C4620083","7","334","C4620083 M2","posttmt",0.0264061644336908,"334 posttmt","7 posttmt"
"38760","M2","C4620083","7","335","C4620083 M2","posttmt",0.0262334553186264,"335 posttmt","7 posttmt"
"38761","M2","C4620083","7","336","C4620083 M2","posttmt",0.0261398663043584,"336 posttmt","7 posttmt"
"38762","M2","C4620083","7","337","C4620083 M2","posttmt",0.0260765606359836,"337 posttmt","7 posttmt"
"38763","M2","C4620083","7","338","C4620083 M2","posttmt",0.0258729218133588,"338 posttmt","7 posttmt"
"38764","M2","C4620083","7","339","C4620083 M2","posttmt",0.0257465313962171,"339 posttmt","7 posttmt"
"38765","M2","C4620083","7","340","C4620083 M2","posttmt",0.0256923905367158,"340 posttmt","7 posttmt"
"38766","M2","C4620083","7","341","C4620083 M2","posttmt",0.0254900921921049,"341 posttmt","7 posttmt"
"38767","M2","C4620083","7","342","C4620083 M2","posttmt",0.0254625631107094,"342 posttmt","7 posttmt"
"38768","M2","C4620083","7","343","C4620083 M2","posttmt",0.0252638059621873,"343 posttmt","7 posttmt"
"38769","M2","C4620083","7","344","C4620083 M2","posttmt",0.0252074872711663,"344 posttmt","7 posttmt"
"38770","M2","C4620083","7","345","C4620083 M2","posttmt",0.025135817481621,"345 posttmt","7 posttmt"
"38771","M2","C4620083","7","346","C4620083 M2","posttmt",0.0250951513931332,"346 posttmt","7 posttmt"
"38772","M2","C4620083","7","347","C4620083 M2","posttmt",0.0250189457001875,"347 posttmt","7 posttmt"
"38773","M2","C4620083","7","348","C4620083 M2","posttmt",0.0243943972719483,"348 posttmt","7 posttmt"
"38774","M2","C4620083","7","349","C4620083 M2","posttmt",0.0242233096762513,"349 posttmt","7 posttmt"
"38775","M2","C4620083","7","350","C4620083 M2","posttmt",0.023904700323938,"350 posttmt","7 posttmt"
"38776","M2","C4620083","7","351","C4620083 M2","posttmt",0.023894503684431,"351 posttmt","7 posttmt"
"38777","M2","C4620083","7","352","C4620083 M2","posttmt",0.0237579100728714,"352 posttmt","7 posttmt"
"38778","M2","C4620083","7","353","C4620083 M2","posttmt",0.0237162938388105,"353 posttmt","7 posttmt"
"38779","M2","C4620083","7","354","C4620083 M2","posttmt",0.0236528949097092,"354 posttmt","7 posttmt"
"38780","M2","C4620083","7","355","C4620083 M2","posttmt",0.0235737925898537,"355 posttmt","7 posttmt"
"38781","M2","C4620083","7","356","C4620083 M2","posttmt",0.0233439174034778,"356 posttmt","7 posttmt"
"38782","M2","C4620083","7","357","C4620083 M2","posttmt",0.0232089005282431,"357 posttmt","7 posttmt"
"38783","M2","C4620083","7","358","C4620083 M2","posttmt",0.0229739424530581,"358 posttmt","7 posttmt"
"38784","M2","C4620083","7","359","C4620083 M2","posttmt",0.0224798553234133,"359 posttmt","7 posttmt"
"38785","M2","C4620083","7","360","C4620083 M2","posttmt",0.0223847795915142,"360 posttmt","7 posttmt"
"38786","M2","C4620083","7","361","C4620083 M2","posttmt",0.0218882822945642,"361 posttmt","7 posttmt"
"38787","M2","C4620083","7","362","C4620083 M2","posttmt",0.0216514550720653,"362 posttmt","7 posttmt"
"38788","M2","C4620083","7","363","C4620083 M2","posttmt",0.0215887580219236,"363 posttmt","7 posttmt"
"38789","M2","C4620083","7","364","C4620083 M2","posttmt",0.0215847473969752,"364 posttmt","7 posttmt"
"38790","M2","C4620083","7","365","C4620083 M2","posttmt",0.0215656771104025,"365 posttmt","7 posttmt"
"38791","M2","C4620083","7","366","C4620083 M2","posttmt",0.021524636024643,"366 posttmt","7 posttmt"
"38792","M2","C4620083","7","367","C4620083 M2","posttmt",0.0215081341034298,"367 posttmt","7 posttmt"
"38793","M2","C4620083","7","368","C4620083 M2","posttmt",0.0212199194366243,"368 posttmt","7 posttmt"
"38794","M2","C4620083","7","369","C4620083 M2","posttmt",0.0207970409822654,"369 posttmt","7 posttmt"
"38795","M2","C4620083","7","370","C4620083 M2","posttmt",0.0205703110187199,"370 posttmt","7 posttmt"
"38796","M2","C4620083","7","371","C4620083 M2","posttmt",0.0202159661384488,"371 posttmt","7 posttmt"
"38797","M2","C4620083","7","372","C4620083 M2","posttmt",0.0201692067940631,"372 posttmt","7 posttmt"
"38798","M2","C4620083","7","373","C4620083 M2","posttmt",0.0201301412611669,"373 posttmt","7 posttmt"
"38799","M2","C4620083","7","374","C4620083 M2","posttmt",0.0201240258125274,"374 posttmt","7 posttmt"
"38800","M2","C4620083","7","375","C4620083 M2","posttmt",0.0200651079407141,"375 posttmt","7 posttmt"
"38801","M2","C4620083","7","376","C4620083 M2","posttmt",0.0198838554508888,"376 posttmt","7 posttmt"
"38802","M2","C4620083","7","377","C4620083 M2","posttmt",0.0194652417746249,"377 posttmt","7 posttmt"
"38803","M2","C4620083","7","378","C4620083 M2","posttmt",0.018943573291014,"378 posttmt","7 posttmt"
"38804","M2","C4620083","7","379","C4620083 M2","posttmt",0.0188771125355104,"379 posttmt","7 posttmt"
"38805","M2","C4620083","7","380","C4620083 M2","posttmt",0.01881702492855,"380 posttmt","7 posttmt"
"38806","M2","C4620083","7","381","C4620083 M2","posttmt",0.0187762866894313,"381 posttmt","7 posttmt"
"38807","M2","C4620083","7","382","C4620083 M2","posttmt",0.0185641535274624,"382 posttmt","7 posttmt"
"38808","M2","C4620083","7","383","C4620083 M2","posttmt",0.018559034771273,"383 posttmt","7 posttmt"
"38809","M2","C4620083","7","384","C4620083 M2","posttmt",0.0185115394669465,"384 posttmt","7 posttmt"
"38810","M2","C4620083","7","385","C4620083 M2","posttmt",0.0183526268796639,"385 posttmt","7 posttmt"
"38811","M2","C4620083","7","386","C4620083 M2","posttmt",0.0183424537117364,"386 posttmt","7 posttmt"
"38812","M2","C4620083","7","387","C4620083 M2","posttmt",0.0183403231416217,"387 posttmt","7 posttmt"
"38813","M2","C4620083","7","388","C4620083 M2","posttmt",0.0183207858931657,"388 posttmt","7 posttmt"
"38814","M2","C4620083","7","389","C4620083 M2","posttmt",0.0182494140792671,"389 posttmt","7 posttmt"
"38815","M2","C4620083","7","390","C4620083 M2","posttmt",0.0181693683999355,"390 posttmt","7 posttmt"
"38816","M2","C4620083","7","391","C4620083 M2","posttmt",0.0180240030007652,"391 posttmt","7 posttmt"
"38817","M2","C4620083","7","392","C4620083 M2","posttmt",0.0177758080981012,"392 posttmt","7 posttmt"
"38818","M2","C4620083","7","393","C4620083 M2","posttmt",0.0177726792387227,"393 posttmt","7 posttmt"
"38819","M2","C4620083","7","394","C4620083 M2","posttmt",0.0177240939009914,"394 posttmt","7 posttmt"
"38820","M2","C4620083","7","395","C4620083 M2","posttmt",0.0176457662229752,"395 posttmt","7 posttmt"
"38821","M2","C4620083","7","396","C4620083 M2","posttmt",0.017601956970526,"396 posttmt","7 posttmt"
"38822","M2","C4620083","7","397","C4620083 M2","posttmt",0.0174325818570535,"397 posttmt","7 posttmt"
"38823","M2","C4620083","7","398","C4620083 M2","posttmt",0.0174146700672005,"398 posttmt","7 posttmt"
"38824","M2","C4620083","7","399","C4620083 M2","posttmt",0.0173764890057465,"399 posttmt","7 posttmt"
"38825","M2","C4620083","7","400","C4620083 M2","posttmt",0.0170493221661108,"400 posttmt","7 posttmt"
"38826","M2","C4620083","7","401","C4620083 M2","posttmt",0.0169199162777498,"401 posttmt","7 posttmt"
"38827","M2","C4620083","7","402","C4620083 M2","posttmt",0.0164288464334903,"402 posttmt","7 posttmt"
"38828","M2","C4620083","7","403","C4620083 M2","posttmt",0.0160993800742137,"403 posttmt","7 posttmt"
"38829","M2","C4620083","7","404","C4620083 M2","posttmt",0.0158765311816379,"404 posttmt","7 posttmt"
"38830","M2","C4620083","7","405","C4620083 M2","posttmt",0.0153665972633513,"405 posttmt","7 posttmt"
"38831","M2","C4620083","7","406","C4620083 M2","posttmt",0.0152459390003399,"406 posttmt","7 posttmt"
"38832","M2","C4620083","7","407","C4620083 M2","posttmt",0.0150671574825562,"407 posttmt","7 posttmt"
"38833","M2","C4620083","7","408","C4620083 M2","posttmt",0.0147138150295354,"408 posttmt","7 posttmt"
"38834","M2","C4620083","7","409","C4620083 M2","posttmt",0.0146316370665699,"409 posttmt","7 posttmt"
"38835","M2","C4620083","7","410","C4620083 M2","posttmt",0.0146205873490525,"410 posttmt","7 posttmt"
"38836","M2","C4620083","7","411","C4620083 M2","posttmt",0.0144726294105461,"411 posttmt","7 posttmt"
"38837","M2","C4620083","7","412","C4620083 M2","posttmt",0.0143559471442658,"412 posttmt","7 posttmt"
"38838","M2","C4620083","7","413","C4620083 M2","posttmt",0.0142542104054136,"413 posttmt","7 posttmt"
"38839","M2","C4620083","7","414","C4620083 M2","posttmt",0.0142022850227945,"414 posttmt","7 posttmt"
"38840","M2","C4620083","7","415","C4620083 M2","posttmt",0.0140392605721759,"415 posttmt","7 posttmt"
"38841","M2","C4620083","7","416","C4620083 M2","posttmt",0.0136203485209866,"416 posttmt","7 posttmt"
"38842","M2","C4620083","7","417","C4620083 M2","posttmt",0.013562877092997,"417 posttmt","7 posttmt"
"38843","M2","C4620083","7","418","C4620083 M2","posttmt",0.013436709244865,"418 posttmt","7 posttmt"
"38844","M2","C4620083","7","419","C4620083 M2","posttmt",0.0131789334687989,"419 posttmt","7 posttmt"
"38845","M2","C4620083","7","420","C4620083 M2","posttmt",0.0128888424903341,"420 posttmt","7 posttmt"
"38846","M2","C4620083","7","421","C4620083 M2","posttmt",0.0122602023332388,"421 posttmt","7 posttmt"
"38847","M2","C4620083","7","422","C4620083 M2","posttmt",0.0121923341013949,"422 posttmt","7 posttmt"
"38848","M2","C4620083","7","423","C4620083 M2","posttmt",0.0121052879566386,"423 posttmt","7 posttmt"
"38849","M2","C4620083","7","424","C4620083 M2","posttmt",0.0115273831652877,"424 posttmt","7 posttmt"
"38850","M2","C4620083","7","425","C4620083 M2","posttmt",0.0113664503413917,"425 posttmt","7 posttmt"
"38851","M2","C4620083","7","426","C4620083 M2","posttmt",0.0108811736498403,"426 posttmt","7 posttmt"
"38852","M2","C4620083","7","427","C4620083 M2","posttmt",0.0108552532298835,"427 posttmt","7 posttmt"
"38853","M2","C4620083","7","428","C4620083 M2","posttmt",0.0108164312032318,"428 posttmt","7 posttmt"
"38854","M2","C4620083","7","429","C4620083 M2","posttmt",0.0106645271379449,"429 posttmt","7 posttmt"
"38855","M2","C4620083","7","430","C4620083 M2","posttmt",0.0106048094861122,"430 posttmt","7 posttmt"
"38856","M2","C4620083","7","431","C4620083 M2","posttmt",0.0105893257323537,"431 posttmt","7 posttmt"
"38857","M2","C4620083","7","432","C4620083 M2","posttmt",0.0105255707062615,"432 posttmt","7 posttmt"
"38858","M2","C4620083","7","433","C4620083 M2","posttmt",0.0102709157431505,"433 posttmt","7 posttmt"
"38859","M2","C4620083","7","434","C4620083 M2","posttmt",0.0101497093978712,"434 posttmt","7 posttmt"
"38860","M2","C4620083","7","435","C4620083 M2","posttmt",0.0100043358062858,"435 posttmt","7 posttmt"
"38861","M2","C4620083","7","436","C4620083 M2","posttmt",0.0097264696552627,"436 posttmt","7 posttmt"
"38862","M2","C4620083","7","437","C4620083 M2","posttmt",0.00959456477166775,"437 posttmt","7 posttmt"
"38863","M2","C4620083","7","438","C4620083 M2","posttmt",0.00957434896912447,"438 posttmt","7 posttmt"
"38864","M2","C4620083","7","439","C4620083 M2","posttmt",0.00941998590657277,"439 posttmt","7 posttmt"
"38865","M2","C4620083","7","440","C4620083 M2","posttmt",0.00918258644238594,"440 posttmt","7 posttmt"
"38866","M2","C4620083","7","441","C4620083 M2","posttmt",0.00898005870916873,"441 posttmt","7 posttmt"
"38867","M2","C4620083","7","442","C4620083 M2","posttmt",0.00870050612215247,"442 posttmt","7 posttmt"
"38868","M2","C4620083","7","443","C4620083 M2","posttmt",0.00821648708644704,"443 posttmt","7 posttmt"
"38869","M2","C4620083","7","444","C4620083 M2","posttmt",0.00792706840984315,"444 posttmt","7 posttmt"
"38870","M2","C4620083","7","445","C4620083 M2","posttmt",0.00767036398377023,"445 posttmt","7 posttmt"
"38871","M2","C4620083","7","446","C4620083 M2","posttmt",0.00766087407369534,"446 posttmt","7 posttmt"
"38872","M2","C4620083","7","447","C4620083 M2","posttmt",0.00764310985311672,"447 posttmt","7 posttmt"
"38873","M2","C4620083","7","448","C4620083 M2","posttmt",0.00742145314767806,"448 posttmt","7 posttmt"
"38874","M2","C4620083","7","449","C4620083 M2","posttmt",0.00716541854907023,"449 posttmt","7 posttmt"
"38875","M2","C4620083","7","450","C4620083 M2","posttmt",0.00689026610441534,"450 posttmt","7 posttmt"
"38876","M2","C4620083","7","451","C4620083 M2","posttmt",0.00643678257872847,"451 posttmt","7 posttmt"
"38877","M2","C4620083","7","452","C4620083 M2","posttmt",0.00637801387092046,"452 posttmt","7 posttmt"
"38878","M2","C4620083","7","453","C4620083 M2","posttmt",0.00631530847432897,"453 posttmt","7 posttmt"
"38879","M2","C4620083","7","454","C4620083 M2","posttmt",0.00621156008221301,"454 posttmt","7 posttmt"
"38880","M2","C4620083","7","455","C4620083 M2","posttmt",0.00589521078089352,"455 posttmt","7 posttmt"
"38881","M2","C4620083","7","456","C4620083 M2","posttmt",0.0052369470979227,"456 posttmt","7 posttmt"
"38882","M2","C4620083","7","457","C4620083 M2","posttmt",0.00506052517405443,"457 posttmt","7 posttmt"
"38883","M2","C4620083","7","458","C4620083 M2","posttmt",0.00452708354545502,"458 posttmt","7 posttmt"
"38884","M2","C4620083","7","459","C4620083 M2","posttmt",0.00451053174721443,"459 posttmt","7 posttmt"
"38885","M2","C4620083","7","460","C4620083 M2","posttmt",0.00420286225283592,"460 posttmt","7 posttmt"
"38886","M2","C4620083","7","461","C4620083 M2","posttmt",0.00388587879517433,"461 posttmt","7 posttmt"
"38887","M2","C4620083","7","462","C4620083 M2","posttmt",0.00366654549373716,"462 posttmt","7 posttmt"
"38888","M2","C4620083","7","463","C4620083 M2","posttmt",0.00332955052434648,"463 posttmt","7 posttmt"
"38889","M2","C4620083","7","464","C4620083 M2","posttmt",0.00327921088420529,"464 posttmt","7 posttmt"
"38890","M2","C4620083","7","465","C4620083 M2","posttmt",0.00322967462144256,"465 posttmt","7 posttmt"
"38891","M2","C4620083","7","466","C4620083 M2","posttmt",0.00293370489013927,"466 posttmt","7 posttmt"
"38892","M2","C4620083","7","467","C4620083 M2","posttmt",0.00249682185900505,"467 posttmt","7 posttmt"
"38893","M2","C4620083","7","468","C4620083 M2","posttmt",0.00175364485195822,"468 posttmt","7 posttmt"
"38894","M2","C4620083","7","469","C4620083 M2","posttmt",0.00136077078241353,"469 posttmt","7 posttmt"
"38895","M2","C4620083","7","470","C4620083 M2","posttmt",0.000655669150954006,"470 posttmt","7 posttmt"
"38896","M2","C4620083","7","471","C4620083 M2","posttmt",0.000609305745406644,"471 posttmt","7 posttmt"
"38897","M2","C4620083","7","472","C4620083 M2","posttmt",0.000167595879674488,"472 posttmt","7 posttmt"
"38898","M2","C4620083","7","473","C4620083 M2","posttmt",-8.97391228496912e-05,"473 posttmt","7 posttmt"
"38899","M2","C4620083","7","474","C4620083 M2","posttmt",-0.000692644885494486,"474 posttmt","7 posttmt"
"38900","M2","C4620083","7","475","C4620083 M2","posttmt",-0.00138852997919713,"475 posttmt","7 posttmt"
"38901","M2","C4620083","7","476","C4620083 M2","posttmt",-0.00144716369373665,"476 posttmt","7 posttmt"
"38902","M2","C4620083","7","477","C4620083 M2","posttmt",-0.00161513256941291,"477 posttmt","7 posttmt"
"38903","M2","C4620083","7","478","C4620083 M2","posttmt",-0.00227108164387321,"478 posttmt","7 posttmt"
"38904","M2","C4620083","7","479","C4620083 M2","posttmt",-0.00290068400979936,"479 posttmt","7 posttmt"
"38905","M2","C4620083","7","480","C4620083 M2","posttmt",-0.00302407240127192,"480 posttmt","7 posttmt"
"38906","M2","C4620083","7","481","C4620083 M2","posttmt",-0.00320823247743094,"481 posttmt","7 posttmt"
"38907","M2","C4620083","7","482","C4620083 M2","posttmt",-0.00367116712333086,"482 posttmt","7 posttmt"
"38908","M2","C4620083","7","483","C4620083 M2","posttmt",-0.00407750851644296,"483 posttmt","7 posttmt"
"38909","M2","C4620083","7","484","C4620083 M2","posttmt",-0.00432959085011399,"484 posttmt","7 posttmt"
"38910","M2","C4620083","7","485","C4620083 M2","posttmt",-0.00467361399032267,"485 posttmt","7 posttmt"
"38911","M2","C4620083","7","486","C4620083 M2","posttmt",-0.00510875348466052,"486 posttmt","7 posttmt"
"38912","M2","C4620083","7","487","C4620083 M2","posttmt",-0.00560839966420041,"487 posttmt","7 posttmt"
"38913","M2","C4620083","7","488","C4620083 M2","posttmt",-0.00568671480742442,"488 posttmt","7 posttmt"
"38914","M2","C4620083","7","489","C4620083 M2","posttmt",-0.00619339704724646,"489 posttmt","7 posttmt"
"38915","M2","C4620083","7","490","C4620083 M2","posttmt",-0.00653229173876074,"490 posttmt","7 posttmt"
"38916","M2","C4620083","7","491","C4620083 M2","posttmt",-0.00686060192089741,"491 posttmt","7 posttmt"
"38917","M2","C4620083","7","492","C4620083 M2","posttmt",-0.00793585276885748,"492 posttmt","7 posttmt"
"38918","M2","C4620083","7","493","C4620083 M2","posttmt",-0.00869176691663918,"493 posttmt","7 posttmt"
"38919","M2","C4620083","7","494","C4620083 M2","posttmt",-0.0089122289246976,"494 posttmt","7 posttmt"
"38920","M2","C4620083","7","495","C4620083 M2","posttmt",-0.0106995324022788,"495 posttmt","7 posttmt"
"38921","M2","C4620083","7","496","C4620083 M2","posttmt",-0.0112284793025183,"496 posttmt","7 posttmt"
"38922","M2","C4620083","7","497","C4620083 M2","posttmt",-0.0135955634765555,"497 posttmt","7 posttmt"
"38923","M2","C4620083","7","498","C4620083 M2","posttmt",-0.0139089266780702,"498 posttmt","7 posttmt"
"38924","M2","C4620083","7","499","C4620083 M2","posttmt",-0.0139493654113069,"499 posttmt","7 posttmt"
"38925","M2","C4620083","7","500","C4620083 M2","posttmt",-0.0139732574451042,"500 posttmt","7 posttmt"
"38926","M2","C4620083","7","501","C4620083 M2","posttmt",-0.0142824280879495,"501 posttmt","7 posttmt"
"38927","M2","C4620083","7","502","C4620083 M2","posttmt",-0.0150977360146005,"502 posttmt","7 posttmt"
"38928","M2","C4620083","7","503","C4620083 M2","posttmt",-0.0159349026588957,"503 posttmt","7 posttmt"
"38929","M2","C4620083","7","504","C4620083 M2","posttmt",-0.0163924222865567,"504 posttmt","7 posttmt"
"38930","M2","C4620083","7","505","C4620083 M2","posttmt",-0.0169148359425682,"505 posttmt","7 posttmt"
"38931","M2","C4620083","7","506","C4620083 M2","posttmt",-0.0222429815707736,"506 posttmt","7 posttmt"
"38932","M2","C4620083","7","507","C4620083 M2","posttmt",-0.0247701917255259,"507 posttmt","7 posttmt"
"38933","M2","C4620083","7","508","C4620083 M2","posttmt",-0.0302173930805141,"508 posttmt","7 posttmt"
"38934","M2","C4620083","7","509","C4620083 M2","posttmt",-0.0302201500596157,"509 posttmt","7 posttmt"
"38935","M2","C4620083","7","510","C4620083 M2","posttmt",-0.0341985226410774,"510 posttmt","7 posttmt"
"38936","M3","C4620083","7","0","C4620083 M3","posttmt",0.703420673182959,"0 posttmt","7 posttmt"
"38937","M3","C4620083","7","1","C4620083 M3","posttmt",0.701843214727868,"1 posttmt","7 posttmt"
"38938","M3","C4620083","7","2","C4620083 M3","posttmt",0.6967021964699,"2 posttmt","7 posttmt"
"38939","M3","C4620083","7","3","C4620083 M3","posttmt",0.695354656517948,"3 posttmt","7 posttmt"
"38940","M3","C4620083","7","4","C4620083 M3","posttmt",0.693016604014775,"4 posttmt","7 posttmt"
"38941","M3","C4620083","7","5","C4620083 M3","posttmt",0.691390564425949,"5 posttmt","7 posttmt"
"38942","M3","C4620083","7","6","C4620083 M3","posttmt",0.691123181173529,"6 posttmt","7 posttmt"
"38943","M3","C4620083","7","7","C4620083 M3","posttmt",0.69023475561533,"7 posttmt","7 posttmt"
"38944","M3","C4620083","7","8","C4620083 M3","posttmt",0.689608836908119,"8 posttmt","7 posttmt"
"38945","M3","C4620083","7","9","C4620083 M3","posttmt",0.688381857275825,"9 posttmt","7 posttmt"
"38946","M3","C4620083","7","10","C4620083 M3","posttmt",0.684106492779291,"10 posttmt","7 posttmt"
"38947","M3","C4620083","7","11","C4620083 M3","posttmt",0.68397922346507,"11 posttmt","7 posttmt"
"38948","M3","C4620083","7","12","C4620083 M3","posttmt",0.682979343540049,"12 posttmt","7 posttmt"
"38949","M3","C4620083","7","13","C4620083 M3","posttmt",0.682497260685599,"13 posttmt","7 posttmt"
"38950","M3","C4620083","7","14","C4620083 M3","posttmt",0.681871166962792,"14 posttmt","7 posttmt"
"38951","M3","C4620083","7","15","C4620083 M3","posttmt",0.680966127216602,"15 posttmt","7 posttmt"
"38952","M3","C4620083","7","16","C4620083 M3","posttmt",0.680892657704506,"16 posttmt","7 posttmt"
"38953","M3","C4620083","7","17","C4620083 M3","posttmt",0.679075263952819,"17 posttmt","7 posttmt"
"38954","M3","C4620083","7","18","C4620083 M3","posttmt",0.678758425715071,"18 posttmt","7 posttmt"
"38955","M3","C4620083","7","19","C4620083 M3","posttmt",0.67806913120686,"19 posttmt","7 posttmt"
"38956","M3","C4620083","7","20","C4620083 M3","posttmt",0.67773230426206,"20 posttmt","7 posttmt"
"38957","M3","C4620083","7","21","C4620083 M3","posttmt",0.675504587076655,"21 posttmt","7 posttmt"
"38958","M3","C4620083","7","22","C4620083 M3","posttmt",0.674353805446326,"22 posttmt","7 posttmt"
"38959","M3","C4620083","7","23","C4620083 M3","posttmt",0.673152814258355,"23 posttmt","7 posttmt"
"38960","M3","C4620083","7","24","C4620083 M3","posttmt",0.67175731378352,"24 posttmt","7 posttmt"
"38961","M3","C4620083","7","25","C4620083 M3","posttmt",0.670861626610893,"25 posttmt","7 posttmt"
"38962","M3","C4620083","7","26","C4620083 M3","posttmt",0.669631376346838,"26 posttmt","7 posttmt"
"38963","M3","C4620083","7","27","C4620083 M3","posttmt",0.66959836428375,"27 posttmt","7 posttmt"
"38964","M3","C4620083","7","28","C4620083 M3","posttmt",0.668083861159385,"28 posttmt","7 posttmt"
"38965","M3","C4620083","7","29","C4620083 M3","posttmt",0.667982805415229,"29 posttmt","7 posttmt"
"38966","M3","C4620083","7","30","C4620083 M3","posttmt",0.667571275543708,"30 posttmt","7 posttmt"
"38967","M3","C4620083","7","31","C4620083 M3","posttmt",0.666105998963021,"31 posttmt","7 posttmt"
"38968","M3","C4620083","7","32","C4620083 M3","posttmt",0.665769522928263,"32 posttmt","7 posttmt"
"38969","M3","C4620083","7","33","C4620083 M3","posttmt",0.665497259969691,"33 posttmt","7 posttmt"
"38970","M3","C4620083","7","34","C4620083 M3","posttmt",0.66433875477585,"34 posttmt","7 posttmt"
"38971","M3","C4620083","7","35","C4620083 M3","posttmt",0.664228459322348,"35 posttmt","7 posttmt"
"38972","M3","C4620083","7","36","C4620083 M3","posttmt",0.664059880149498,"36 posttmt","7 posttmt"
"38973","M3","C4620083","7","37","C4620083 M3","posttmt",0.661333106791905,"37 posttmt","7 posttmt"
"38974","M3","C4620083","7","38","C4620083 M3","posttmt",0.658256806241444,"38 posttmt","7 posttmt"
"38975","M3","C4620083","7","39","C4620083 M3","posttmt",0.658158987219038,"39 posttmt","7 posttmt"
"38976","M3","C4620083","7","40","C4620083 M3","posttmt",0.657263943928229,"40 posttmt","7 posttmt"
"38977","M3","C4620083","7","41","C4620083 M3","posttmt",0.655436307236109,"41 posttmt","7 posttmt"
"38978","M3","C4620083","7","42","C4620083 M3","posttmt",0.655080610518248,"42 posttmt","7 posttmt"
"38979","M3","C4620083","7","43","C4620083 M3","posttmt",0.654581745955967,"43 posttmt","7 posttmt"
"38980","M3","C4620083","7","44","C4620083 M3","posttmt",0.654128499273012,"44 posttmt","7 posttmt"
"38981","M3","C4620083","7","45","C4620083 M3","posttmt",0.65406859754537,"45 posttmt","7 posttmt"
"38982","M3","C4620083","7","46","C4620083 M3","posttmt",0.652440769931739,"46 posttmt","7 posttmt"
"38983","M3","C4620083","7","47","C4620083 M3","posttmt",0.65227384133951,"47 posttmt","7 posttmt"
"38984","M3","C4620083","7","48","C4620083 M3","posttmt",0.6515493845622,"48 posttmt","7 posttmt"
"38985","M3","C4620083","7","49","C4620083 M3","posttmt",0.651507822279403,"49 posttmt","7 posttmt"
"38986","M3","C4620083","7","50","C4620083 M3","posttmt",0.650764795629011,"50 posttmt","7 posttmt"
"38987","M3","C4620083","7","51","C4620083 M3","posttmt",0.650315012504103,"51 posttmt","7 posttmt"
"38988","M3","C4620083","7","52","C4620083 M3","posttmt",0.64974734805763,"52 posttmt","7 posttmt"
"38989","M3","C4620083","7","53","C4620083 M3","posttmt",0.64953239809606,"53 posttmt","7 posttmt"
"38990","M3","C4620083","7","54","C4620083 M3","posttmt",0.649439456015964,"54 posttmt","7 posttmt"
"38991","M3","C4620083","7","55","C4620083 M3","posttmt",0.648734496904003,"55 posttmt","7 posttmt"
"38992","M3","C4620083","7","56","C4620083 M3","posttmt",0.647648537026568,"56 posttmt","7 posttmt"
"38993","M3","C4620083","7","57","C4620083 M3","posttmt",0.647296628634311,"57 posttmt","7 posttmt"
"38994","M3","C4620083","7","58","C4620083 M3","posttmt",0.646358667811396,"58 posttmt","7 posttmt"
"38995","M3","C4620083","7","59","C4620083 M3","posttmt",0.645785233443012,"59 posttmt","7 posttmt"
"38996","M3","C4620083","7","60","C4620083 M3","posttmt",0.645487228099886,"60 posttmt","7 posttmt"
"38997","M3","C4620083","7","61","C4620083 M3","posttmt",0.645064848080039,"61 posttmt","7 posttmt"
"38998","M3","C4620083","7","62","C4620083 M3","posttmt",0.644448687618029,"62 posttmt","7 posttmt"
"38999","M3","C4620083","7","63","C4620083 M3","posttmt",0.643393346041273,"63 posttmt","7 posttmt"
"39000","M3","C4620083","7","64","C4620083 M3","posttmt",0.642965004219889,"64 posttmt","7 posttmt"
"39001","M3","C4620083","7","65","C4620083 M3","posttmt",0.642790876937833,"65 posttmt","7 posttmt"
"39002","M3","C4620083","7","66","C4620083 M3","posttmt",0.642071910199358,"66 posttmt","7 posttmt"
"39003","M3","C4620083","7","67","C4620083 M3","posttmt",0.641754443581787,"67 posttmt","7 posttmt"
"39004","M3","C4620083","7","68","C4620083 M3","posttmt",0.641346336418815,"68 posttmt","7 posttmt"
"39005","M3","C4620083","7","69","C4620083 M3","posttmt",0.640011969873879,"69 posttmt","7 posttmt"
"39006","M3","C4620083","7","70","C4620083 M3","posttmt",0.639870566649534,"70 posttmt","7 posttmt"
"39007","M3","C4620083","7","71","C4620083 M3","posttmt",0.639690215117959,"71 posttmt","7 posttmt"
"39008","M3","C4620083","7","72","C4620083 M3","posttmt",0.639664464203458,"72 posttmt","7 posttmt"
"39009","M3","C4620083","7","73","C4620083 M3","posttmt",0.63896478565092,"73 posttmt","7 posttmt"
"39010","M3","C4620083","7","74","C4620083 M3","posttmt",0.638062876731765,"74 posttmt","7 posttmt"
"39011","M3","C4620083","7","75","C4620083 M3","posttmt",0.637741046098899,"75 posttmt","7 posttmt"
"39012","M3","C4620083","7","76","C4620083 M3","posttmt",0.637478193853489,"76 posttmt","7 posttmt"
"39013","M3","C4620083","7","77","C4620083 M3","posttmt",0.636544720805201,"77 posttmt","7 posttmt"
"39014","M3","C4620083","7","78","C4620083 M3","posttmt",0.635384677505008,"78 posttmt","7 posttmt"
"39015","M3","C4620083","7","79","C4620083 M3","posttmt",0.634953364857565,"79 posttmt","7 posttmt"
"39016","M3","C4620083","7","80","C4620083 M3","posttmt",0.634150347016552,"80 posttmt","7 posttmt"
"39017","M3","C4620083","7","81","C4620083 M3","posttmt",0.634147076994327,"81 posttmt","7 posttmt"
"39018","M3","C4620083","7","82","C4620083 M3","posttmt",0.634032575318045,"82 posttmt","7 posttmt"
"39019","M3","C4620083","7","83","C4620083 M3","posttmt",0.63384811775179,"83 posttmt","7 posttmt"
"39020","M3","C4620083","7","84","C4620083 M3","posttmt",0.63323511513434,"84 posttmt","7 posttmt"
"39021","M3","C4620083","7","85","C4620083 M3","posttmt",0.632714024224139,"85 posttmt","7 posttmt"
"39022","M3","C4620083","7","86","C4620083 M3","posttmt",0.632314296306837,"86 posttmt","7 posttmt"
"39023","M3","C4620083","7","87","C4620083 M3","posttmt",0.631942201088265,"87 posttmt","7 posttmt"
"39024","M3","C4620083","7","88","C4620083 M3","posttmt",0.631617813195315,"88 posttmt","7 posttmt"
"39025","M3","C4620083","7","89","C4620083 M3","posttmt",0.631429833378227,"89 posttmt","7 posttmt"
"39026","M3","C4620083","7","90","C4620083 M3","posttmt",0.631257181169569,"90 posttmt","7 posttmt"
"39027","M3","C4620083","7","91","C4620083 M3","posttmt",0.631172402184901,"91 posttmt","7 posttmt"
"39028","M3","C4620083","7","92","C4620083 M3","posttmt",0.63046428935056,"92 posttmt","7 posttmt"
"39029","M3","C4620083","7","93","C4620083 M3","posttmt",0.63044553716819,"93 posttmt","7 posttmt"
"39030","M3","C4620083","7","94","C4620083 M3","posttmt",0.62993718846392,"94 posttmt","7 posttmt"
"39031","M3","C4620083","7","95","C4620083 M3","posttmt",0.629687258561133,"95 posttmt","7 posttmt"
"39032","M3","C4620083","7","96","C4620083 M3","posttmt",0.629034710613562,"96 posttmt","7 posttmt"
"39033","M3","C4620083","7","97","C4620083 M3","posttmt",0.629034313355142,"97 posttmt","7 posttmt"
"39034","M3","C4620083","7","98","C4620083 M3","posttmt",0.628297125113971,"98 posttmt","7 posttmt"
"39035","M3","C4620083","7","99","C4620083 M3","posttmt",0.628165864950205,"99 posttmt","7 posttmt"
"39036","M3","C4620083","7","100","C4620083 M3","posttmt",0.627577898255097,"100 posttmt","7 posttmt"
"39037","M3","C4620083","7","101","C4620083 M3","posttmt",0.625798794654233,"101 posttmt","7 posttmt"
"39038","M3","C4620083","7","102","C4620083 M3","posttmt",0.625571939551833,"102 posttmt","7 posttmt"
"39039","M3","C4620083","7","103","C4620083 M3","posttmt",0.625146571023269,"103 posttmt","7 posttmt"
"39040","M3","C4620083","7","104","C4620083 M3","posttmt",0.625089101193626,"104 posttmt","7 posttmt"
"39041","M3","C4620083","7","105","C4620083 M3","posttmt",0.624810455756158,"105 posttmt","7 posttmt"
"39042","M3","C4620083","7","106","C4620083 M3","posttmt",0.623964654711484,"106 posttmt","7 posttmt"
"39043","M3","C4620083","7","107","C4620083 M3","posttmt",0.62390175636861,"107 posttmt","7 posttmt"
"39044","M3","C4620083","7","108","C4620083 M3","posttmt",0.623764032754086,"108 posttmt","7 posttmt"
"39045","M3","C4620083","7","109","C4620083 M3","posttmt",0.623357825605328,"109 posttmt","7 posttmt"
"39046","M3","C4620083","7","110","C4620083 M3","posttmt",0.623176653426625,"110 posttmt","7 posttmt"
"39047","M3","C4620083","7","111","C4620083 M3","posttmt",0.622506942303571,"111 posttmt","7 posttmt"
"39048","M3","C4620083","7","112","C4620083 M3","posttmt",0.62133774838432,"112 posttmt","7 posttmt"
"39049","M3","C4620083","7","113","C4620083 M3","posttmt",0.62108607729409,"113 posttmt","7 posttmt"
"39050","M3","C4620083","7","114","C4620083 M3","posttmt",0.619990647963586,"114 posttmt","7 posttmt"
"39051","M3","C4620083","7","115","C4620083 M3","posttmt",0.618830336208264,"115 posttmt","7 posttmt"
"39052","M3","C4620083","7","116","C4620083 M3","posttmt",0.616394591520116,"116 posttmt","7 posttmt"
"39053","M3","C4620083","7","117","C4620083 M3","posttmt",0.616212155446027,"117 posttmt","7 posttmt"
"39054","M3","C4620083","7","118","C4620083 M3","posttmt",0.615043229733256,"118 posttmt","7 posttmt"
"39055","M3","C4620083","7","119","C4620083 M3","posttmt",0.614706219179106,"119 posttmt","7 posttmt"
"39056","M3","C4620083","7","120","C4620083 M3","posttmt",0.614539492263938,"120 posttmt","7 posttmt"
"39057","M3","C4620083","7","121","C4620083 M3","posttmt",0.613967892552818,"121 posttmt","7 posttmt"
"39058","M3","C4620083","7","122","C4620083 M3","posttmt",0.613859649319379,"122 posttmt","7 posttmt"
"39059","M3","C4620083","7","123","C4620083 M3","posttmt",0.609989327513096,"123 posttmt","7 posttmt"
"39060","M3","C4620083","7","124","C4620083 M3","posttmt",0.609632891050898,"124 posttmt","7 posttmt"
"39061","M3","C4620083","7","125","C4620083 M3","posttmt",0.609362900892475,"125 posttmt","7 posttmt"
"39062","M3","C4620083","7","126","C4620083 M3","posttmt",0.609212918245553,"126 posttmt","7 posttmt"
"39063","M3","C4620083","7","127","C4620083 M3","posttmt",0.608090975892557,"127 posttmt","7 posttmt"
"39064","M3","C4620083","7","128","C4620083 M3","posttmt",0.606845342727035,"128 posttmt","7 posttmt"
"39065","M3","C4620083","7","129","C4620083 M3","posttmt",0.606823981102058,"129 posttmt","7 posttmt"
"39066","M3","C4620083","7","130","C4620083 M3","posttmt",0.605587639455329,"130 posttmt","7 posttmt"
"39067","M3","C4620083","7","131","C4620083 M3","posttmt",0.603116970844132,"131 posttmt","7 posttmt"
"39068","M3","C4620083","7","132","C4620083 M3","posttmt",0.603020487205079,"132 posttmt","7 posttmt"
"39069","M3","C4620083","7","133","C4620083 M3","posttmt",0.602827738078479,"133 posttmt","7 posttmt"
"39070","M3","C4620083","7","134","C4620083 M3","posttmt",0.602630694783298,"134 posttmt","7 posttmt"
"39071","M3","C4620083","7","135","C4620083 M3","posttmt",0.602413091967475,"135 posttmt","7 posttmt"
"39072","M3","C4620083","7","136","C4620083 M3","posttmt",0.601804177270768,"136 posttmt","7 posttmt"
"39073","M3","C4620083","7","137","C4620083 M3","posttmt",0.600797211318553,"137 posttmt","7 posttmt"
"39074","M3","C4620083","7","138","C4620083 M3","posttmt",0.600316096175889,"138 posttmt","7 posttmt"
"39075","M3","C4620083","7","139","C4620083 M3","posttmt",0.599178541762463,"139 posttmt","7 posttmt"
"39076","M3","C4620083","7","140","C4620083 M3","posttmt",0.599092515207626,"140 posttmt","7 posttmt"
"39077","M3","C4620083","7","141","C4620083 M3","posttmt",0.598117511388951,"141 posttmt","7 posttmt"
"39078","M3","C4620083","7","142","C4620083 M3","posttmt",0.59807805864766,"142 posttmt","7 posttmt"
"39079","M3","C4620083","7","143","C4620083 M3","posttmt",0.597981037184837,"143 posttmt","7 posttmt"
"39080","M3","C4620083","7","144","C4620083 M3","posttmt",0.596340531152635,"144 posttmt","7 posttmt"
"39081","M3","C4620083","7","145","C4620083 M3","posttmt",0.594865072090156,"145 posttmt","7 posttmt"
"39082","M3","C4620083","7","146","C4620083 M3","posttmt",0.59349128886193,"146 posttmt","7 posttmt"
"39083","M3","C4620083","7","147","C4620083 M3","posttmt",0.591547076904577,"147 posttmt","7 posttmt"
"39084","M3","C4620083","7","148","C4620083 M3","posttmt",0.588274648588585,"148 posttmt","7 posttmt"
"39085","M3","C4620083","7","149","C4620083 M3","posttmt",0.587075618483092,"149 posttmt","7 posttmt"
"39086","M3","C4620083","7","150","C4620083 M3","posttmt",0.586622942582889,"150 posttmt","7 posttmt"
"39087","M3","C4620083","7","151","C4620083 M3","posttmt",0.586172485056687,"151 posttmt","7 posttmt"
"39088","M3","C4620083","7","152","C4620083 M3","posttmt",0.585987048962127,"152 posttmt","7 posttmt"
"39089","M3","C4620083","7","153","C4620083 M3","posttmt",0.585122247344952,"153 posttmt","7 posttmt"
"39090","M3","C4620083","7","154","C4620083 M3","posttmt",0.583935531259617,"154 posttmt","7 posttmt"
"39091","M3","C4620083","7","155","C4620083 M3","posttmt",0.583470298873752,"155 posttmt","7 posttmt"
"39092","M3","C4620083","7","156","C4620083 M3","posttmt",0.583004587963555,"156 posttmt","7 posttmt"
"39093","M3","C4620083","7","157","C4620083 M3","posttmt",0.581146564428799,"157 posttmt","7 posttmt"
"39094","M3","C4620083","7","158","C4620083 M3","posttmt",0.57940479894419,"158 posttmt","7 posttmt"
"39095","M3","C4620083","7","159","C4620083 M3","posttmt",0.578704803013103,"159 posttmt","7 posttmt"
"39096","M3","C4620083","7","160","C4620083 M3","posttmt",0.577349680982252,"160 posttmt","7 posttmt"
"39097","M3","C4620083","7","161","C4620083 M3","posttmt",0.577233511093502,"161 posttmt","7 posttmt"
"39098","M3","C4620083","7","162","C4620083 M3","posttmt",0.575307786946686,"162 posttmt","7 posttmt"
"39099","M3","C4620083","7","163","C4620083 M3","posttmt",0.574979529337869,"163 posttmt","7 posttmt"
"39100","M3","C4620083","7","164","C4620083 M3","posttmt",0.574961747948815,"164 posttmt","7 posttmt"
"39101","M3","C4620083","7","165","C4620083 M3","posttmt",0.57334042234672,"165 posttmt","7 posttmt"
"39102","M3","C4620083","7","166","C4620083 M3","posttmt",0.572566268686662,"166 posttmt","7 posttmt"
"39103","M3","C4620083","7","167","C4620083 M3","posttmt",0.572193007677317,"167 posttmt","7 posttmt"
"39104","M3","C4620083","7","168","C4620083 M3","posttmt",0.571597466890534,"168 posttmt","7 posttmt"
"39105","M3","C4620083","7","169","C4620083 M3","posttmt",0.571258283761247,"169 posttmt","7 posttmt"
"39106","M3","C4620083","7","170","C4620083 M3","posttmt",0.570942851485502,"170 posttmt","7 posttmt"
"39107","M3","C4620083","7","171","C4620083 M3","posttmt",0.570862661459246,"171 posttmt","7 posttmt"
"39108","M3","C4620083","7","172","C4620083 M3","posttmt",0.568724716986949,"172 posttmt","7 posttmt"
"39109","M3","C4620083","7","173","C4620083 M3","posttmt",0.568162871733233,"173 posttmt","7 posttmt"
"39110","M3","C4620083","7","174","C4620083 M3","posttmt",0.567889921884906,"174 posttmt","7 posttmt"
"39111","M3","C4620083","7","175","C4620083 M3","posttmt",0.567302299107844,"175 posttmt","7 posttmt"
"39112","M3","C4620083","7","176","C4620083 M3","posttmt",0.566467317666084,"176 posttmt","7 posttmt"
"39113","M3","C4620083","7","177","C4620083 M3","posttmt",0.566260854009475,"177 posttmt","7 posttmt"
"39114","M3","C4620083","7","178","C4620083 M3","posttmt",0.565770441580096,"178 posttmt","7 posttmt"
"39115","M3","C4620083","7","179","C4620083 M3","posttmt",0.564695490888905,"179 posttmt","7 posttmt"
"39116","M3","C4620083","7","180","C4620083 M3","posttmt",0.564158822067524,"180 posttmt","7 posttmt"
"39117","M3","C4620083","7","181","C4620083 M3","posttmt",0.56090073314067,"181 posttmt","7 posttmt"
"39118","M3","C4620083","7","182","C4620083 M3","posttmt",0.557545193339787,"182 posttmt","7 posttmt"
"39119","M3","C4620083","7","183","C4620083 M3","posttmt",0.55540268938633,"183 posttmt","7 posttmt"
"39120","M3","C4620083","7","184","C4620083 M3","posttmt",0.554970255317332,"184 posttmt","7 posttmt"
"39121","M3","C4620083","7","185","C4620083 M3","posttmt",0.553764914804643,"185 posttmt","7 posttmt"
"39122","M3","C4620083","7","186","C4620083 M3","posttmt",0.553459702470586,"186 posttmt","7 posttmt"
"39123","M3","C4620083","7","187","C4620083 M3","posttmt",0.552508453927054,"187 posttmt","7 posttmt"
"39124","M3","C4620083","7","188","C4620083 M3","posttmt",0.55130939545662,"188 posttmt","7 posttmt"
"39125","M3","C4620083","7","189","C4620083 M3","posttmt",0.551210654961586,"189 posttmt","7 posttmt"
"39126","M3","C4620083","7","190","C4620083 M3","posttmt",0.54924859240264,"190 posttmt","7 posttmt"
"39127","M3","C4620083","7","191","C4620083 M3","posttmt",0.549223695863416,"191 posttmt","7 posttmt"
"39128","M3","C4620083","7","192","C4620083 M3","posttmt",0.548476261847273,"192 posttmt","7 posttmt"
"39129","M3","C4620083","7","193","C4620083 M3","posttmt",0.547306032375551,"193 posttmt","7 posttmt"
"39130","M3","C4620083","7","194","C4620083 M3","posttmt",0.546172538319773,"194 posttmt","7 posttmt"
"39131","M3","C4620083","7","195","C4620083 M3","posttmt",0.545460787292783,"195 posttmt","7 posttmt"
"39132","M3","C4620083","7","196","C4620083 M3","posttmt",0.544905173781786,"196 posttmt","7 posttmt"
"39133","M3","C4620083","7","197","C4620083 M3","posttmt",0.542211320327239,"197 posttmt","7 posttmt"
"39134","M3","C4620083","7","198","C4620083 M3","posttmt",0.538875130444001,"198 posttmt","7 posttmt"
"39135","M3","C4620083","7","199","C4620083 M3","posttmt",0.537623999085927,"199 posttmt","7 posttmt"
"39136","M3","C4620083","7","200","C4620083 M3","posttmt",0.534982671395394,"200 posttmt","7 posttmt"
"39137","M3","C4620083","7","201","C4620083 M3","posttmt",0.534061738646125,"201 posttmt","7 posttmt"
"39138","M3","C4620083","7","202","C4620083 M3","posttmt",0.532627385037172,"202 posttmt","7 posttmt"
"39139","M3","C4620083","7","203","C4620083 M3","posttmt",0.529563447414552,"203 posttmt","7 posttmt"
"39140","M3","C4620083","7","204","C4620083 M3","posttmt",0.527909665332027,"204 posttmt","7 posttmt"
"39141","M3","C4620083","7","205","C4620083 M3","posttmt",0.527184433674659,"205 posttmt","7 posttmt"
"39142","M3","C4620083","7","206","C4620083 M3","posttmt",0.525876997746207,"206 posttmt","7 posttmt"
"39143","M3","C4620083","7","207","C4620083 M3","posttmt",0.525653999176502,"207 posttmt","7 posttmt"
"39144","M3","C4620083","7","208","C4620083 M3","posttmt",0.524084386369066,"208 posttmt","7 posttmt"
"39145","M3","C4620083","7","209","C4620083 M3","posttmt",0.524013682155903,"209 posttmt","7 posttmt"
"39146","M3","C4620083","7","210","C4620083 M3","posttmt",0.524013066728852,"210 posttmt","7 posttmt"
"39147","M3","C4620083","7","211","C4620083 M3","posttmt",0.523982966082199,"211 posttmt","7 posttmt"
"39148","M3","C4620083","7","212","C4620083 M3","posttmt",0.522986105583518,"212 posttmt","7 posttmt"
"39149","M3","C4620083","7","213","C4620083 M3","posttmt",0.522432173938526,"213 posttmt","7 posttmt"
"39150","M3","C4620083","7","214","C4620083 M3","posttmt",0.519851674462091,"214 posttmt","7 posttmt"
"39151","M3","C4620083","7","215","C4620083 M3","posttmt",0.518548196555481,"215 posttmt","7 posttmt"
"39152","M3","C4620083","7","216","C4620083 M3","posttmt",0.518038467822031,"216 posttmt","7 posttmt"
"39153","M3","C4620083","7","217","C4620083 M3","posttmt",0.517156837062653,"217 posttmt","7 posttmt"
"39154","M3","C4620083","7","218","C4620083 M3","posttmt",0.511508317716343,"218 posttmt","7 posttmt"
"39155","M3","C4620083","7","219","C4620083 M3","posttmt",0.509901882143532,"219 posttmt","7 posttmt"
"39156","M3","C4620083","7","220","C4620083 M3","posttmt",0.506974391481163,"220 posttmt","7 posttmt"
"39157","M3","C4620083","7","221","C4620083 M3","posttmt",0.504173040020375,"221 posttmt","7 posttmt"
"39158","M3","C4620083","7","222","C4620083 M3","posttmt",0.503979070836701,"222 posttmt","7 posttmt"
"39159","M3","C4620083","7","223","C4620083 M3","posttmt",0.503037768119016,"223 posttmt","7 posttmt"
"39160","M3","C4620083","7","224","C4620083 M3","posttmt",0.501677863462101,"224 posttmt","7 posttmt"
"39161","M3","C4620083","7","225","C4620083 M3","posttmt",0.498760964308575,"225 posttmt","7 posttmt"
"39162","M3","C4620083","7","226","C4620083 M3","posttmt",0.498748368101272,"226 posttmt","7 posttmt"
"39163","M3","C4620083","7","227","C4620083 M3","posttmt",0.498417005243142,"227 posttmt","7 posttmt"
"39164","M3","C4620083","7","228","C4620083 M3","posttmt",0.495034187439093,"228 posttmt","7 posttmt"
"39165","M3","C4620083","7","229","C4620083 M3","posttmt",0.494322217541973,"229 posttmt","7 posttmt"
"39166","M3","C4620083","7","230","C4620083 M3","posttmt",0.492939441951234,"230 posttmt","7 posttmt"
"39167","M3","C4620083","7","231","C4620083 M3","posttmt",0.492918851403319,"231 posttmt","7 posttmt"
"39168","M3","C4620083","7","232","C4620083 M3","posttmt",0.49276574202186,"232 posttmt","7 posttmt"
"39169","M3","C4620083","7","233","C4620083 M3","posttmt",0.48874342038312,"233 posttmt","7 posttmt"
"39170","M3","C4620083","7","234","C4620083 M3","posttmt",0.487989260077631,"234 posttmt","7 posttmt"
"39171","M3","C4620083","7","235","C4620083 M3","posttmt",0.48694745055543,"235 posttmt","7 posttmt"
"39172","M3","C4620083","7","236","C4620083 M3","posttmt",0.484925924853534,"236 posttmt","7 posttmt"
"39173","M3","C4620083","7","237","C4620083 M3","posttmt",0.483471672169216,"237 posttmt","7 posttmt"
"39174","M3","C4620083","7","238","C4620083 M3","posttmt",0.483394026772895,"238 posttmt","7 posttmt"
"39175","M3","C4620083","7","239","C4620083 M3","posttmt",0.48192821139983,"239 posttmt","7 posttmt"
"39176","M3","C4620083","7","240","C4620083 M3","posttmt",0.48146362982879,"240 posttmt","7 posttmt"
"39177","M3","C4620083","7","241","C4620083 M3","posttmt",0.480446494821477,"241 posttmt","7 posttmt"
"39178","M3","C4620083","7","242","C4620083 M3","posttmt",0.480210715630422,"242 posttmt","7 posttmt"
"39179","M3","C4620083","7","243","C4620083 M3","posttmt",0.479314882092618,"243 posttmt","7 posttmt"
"39180","M3","C4620083","7","244","C4620083 M3","posttmt",0.478466187483375,"244 posttmt","7 posttmt"
"39181","M3","C4620083","7","245","C4620083 M3","posttmt",0.478193863097462,"245 posttmt","7 posttmt"
"39182","M3","C4620083","7","246","C4620083 M3","posttmt",0.477488199819862,"246 posttmt","7 posttmt"
"39183","M3","C4620083","7","247","C4620083 M3","posttmt",0.472454810008068,"247 posttmt","7 posttmt"
"39184","M3","C4620083","7","248","C4620083 M3","posttmt",0.471944093052687,"248 posttmt","7 posttmt"
"39185","M3","C4620083","7","249","C4620083 M3","posttmt",0.471745207466537,"249 posttmt","7 posttmt"
"39186","M3","C4620083","7","250","C4620083 M3","posttmt",0.470362067445332,"250 posttmt","7 posttmt"
"39187","M3","C4620083","7","251","C4620083 M3","posttmt",0.469207081049583,"251 posttmt","7 posttmt"
"39188","M3","C4620083","7","252","C4620083 M3","posttmt",0.464191831921775,"252 posttmt","7 posttmt"
"39189","M3","C4620083","7","253","C4620083 M3","posttmt",0.462841882371184,"253 posttmt","7 posttmt"
"39190","M3","C4620083","7","254","C4620083 M3","posttmt",0.462817467532967,"254 posttmt","7 posttmt"
"39191","M3","C4620083","7","255","C4620083 M3","posttmt",0.462185467104888,"255 posttmt","7 posttmt"
"39192","M3","C4620083","7","256","C4620083 M3","posttmt",0.458344061197916,"256 posttmt","7 posttmt"
"39193","M3","C4620083","7","257","C4620083 M3","posttmt",0.456556051517663,"257 posttmt","7 posttmt"
"39194","M3","C4620083","7","258","C4620083 M3","posttmt",0.456128974984569,"258 posttmt","7 posttmt"
"39195","M3","C4620083","7","259","C4620083 M3","posttmt",0.455601772434747,"259 posttmt","7 posttmt"
"39196","M3","C4620083","7","260","C4620083 M3","posttmt",0.455529866331916,"260 posttmt","7 posttmt"
"39197","M3","C4620083","7","261","C4620083 M3","posttmt",0.452586572263532,"261 posttmt","7 posttmt"
"39198","M3","C4620083","7","262","C4620083 M3","posttmt",0.45077435781207,"262 posttmt","7 posttmt"
"39199","M3","C4620083","7","263","C4620083 M3","posttmt",0.44469363876349,"263 posttmt","7 posttmt"
"39200","M3","C4620083","7","264","C4620083 M3","posttmt",0.444574120517801,"264 posttmt","7 posttmt"
"39201","M3","C4620083","7","265","C4620083 M3","posttmt",0.443424204442005,"265 posttmt","7 posttmt"
"39202","M3","C4620083","7","266","C4620083 M3","posttmt",0.442922418081195,"266 posttmt","7 posttmt"
"39203","M3","C4620083","7","267","C4620083 M3","posttmt",0.442634685935656,"267 posttmt","7 posttmt"
"39204","M3","C4620083","7","268","C4620083 M3","posttmt",0.439004021600451,"268 posttmt","7 posttmt"
"39205","M3","C4620083","7","269","C4620083 M3","posttmt",0.433170239513415,"269 posttmt","7 posttmt"
"39206","M3","C4620083","7","270","C4620083 M3","posttmt",0.431910190129924,"270 posttmt","7 posttmt"
"39207","M3","C4620083","7","271","C4620083 M3","posttmt",0.423014704333955,"271 posttmt","7 posttmt"
"39208","M3","C4620083","7","272","C4620083 M3","posttmt",0.417003172012783,"272 posttmt","7 posttmt"
"39209","M3","C4620083","7","273","C4620083 M3","posttmt",0.414784409975983,"273 posttmt","7 posttmt"
"39210","M3","C4620083","7","274","C4620083 M3","posttmt",0.41323724848219,"274 posttmt","7 posttmt"
"39211","M3","C4620083","7","275","C4620083 M3","posttmt",0.408309073089976,"275 posttmt","7 posttmt"
"39212","M3","C4620083","7","276","C4620083 M3","posttmt",0.405096167931204,"276 posttmt","7 posttmt"
"39213","M3","C4620083","7","277","C4620083 M3","posttmt",0.398558520493646,"277 posttmt","7 posttmt"
"39214","M3","C4620083","7","278","C4620083 M3","posttmt",0.397647688091469,"278 posttmt","7 posttmt"
"39215","M3","C4620083","7","279","C4620083 M3","posttmt",0.395135700713539,"279 posttmt","7 posttmt"
"39216","M3","C4620083","7","280","C4620083 M3","posttmt",0.395123128775036,"280 posttmt","7 posttmt"
"39217","M3","C4620083","7","281","C4620083 M3","posttmt",0.38888041168712,"281 posttmt","7 posttmt"
"39218","M3","C4620083","7","282","C4620083 M3","posttmt",0.384185586215261,"282 posttmt","7 posttmt"
"39219","M3","C4620083","7","283","C4620083 M3","posttmt",0.381993843042275,"283 posttmt","7 posttmt"
"39220","M3","C4620083","7","284","C4620083 M3","posttmt",0.381042102642678,"284 posttmt","7 posttmt"
"39221","M3","C4620083","7","285","C4620083 M3","posttmt",0.378167536957178,"285 posttmt","7 posttmt"
"39222","M3","C4620083","7","286","C4620083 M3","posttmt",0.374925251193395,"286 posttmt","7 posttmt"
"39223","M3","C4620083","7","287","C4620083 M3","posttmt",0.373401436690952,"287 posttmt","7 posttmt"
"39224","M3","C4620083","7","288","C4620083 M3","posttmt",0.35994650226468,"288 posttmt","7 posttmt"
"39225","M3","C4620083","7","289","C4620083 M3","posttmt",0.352492664779174,"289 posttmt","7 posttmt"
"39226","M3","C4620083","7","290","C4620083 M3","posttmt",0.352170118789556,"290 posttmt","7 posttmt"
"39227","M3","C4620083","7","291","C4620083 M3","posttmt",0.341657419660152,"291 posttmt","7 posttmt"
"39228","M3","C4620083","7","292","C4620083 M3","posttmt",0.339341894398737,"292 posttmt","7 posttmt"
"39229","M3","C4620083","7","293","C4620083 M3","posttmt",0.339333116013544,"293 posttmt","7 posttmt"
"39230","M3","C4620083","7","294","C4620083 M3","posttmt",0.335915339272656,"294 posttmt","7 posttmt"
"39231","M3","C4620083","7","295","C4620083 M3","posttmt",0.334623018028526,"295 posttmt","7 posttmt"
"39232","M3","C4620083","7","296","C4620083 M3","posttmt",0.327267705970636,"296 posttmt","7 posttmt"
"39233","M3","C4620083","7","297","C4620083 M3","posttmt",0.325651327540109,"297 posttmt","7 posttmt"
"39234","M3","C4620083","7","298","C4620083 M3","posttmt",0.323134189172596,"298 posttmt","7 posttmt"
"39235","M3","C4620083","7","299","C4620083 M3","posttmt",0.322938563672444,"299 posttmt","7 posttmt"
"39236","M3","C4620083","7","300","C4620083 M3","posttmt",0.321158141921015,"300 posttmt","7 posttmt"
"39237","M3","C4620083","7","301","C4620083 M3","posttmt",0.320045380114999,"301 posttmt","7 posttmt"
"39238","M3","C4620083","7","302","C4620083 M3","posttmt",0.318761099722804,"302 posttmt","7 posttmt"
"39239","M3","C4620083","7","303","C4620083 M3","posttmt",0.315175741400458,"303 posttmt","7 posttmt"
"39240","M3","C4620083","7","304","C4620083 M3","posttmt",0.31150458590619,"304 posttmt","7 posttmt"
"39241","M3","C4620083","7","305","C4620083 M3","posttmt",0.309146298938203,"305 posttmt","7 posttmt"
"39242","M3","C4620083","7","306","C4620083 M3","posttmt",0.307068329573294,"306 posttmt","7 posttmt"
"39243","M3","C4620083","7","307","C4620083 M3","posttmt",0.293854680087896,"307 posttmt","7 posttmt"
"39244","M3","C4620083","7","308","C4620083 M3","posttmt",0.288381956091299,"308 posttmt","7 posttmt"
"39245","M3","C4620083","7","309","C4620083 M3","posttmt",0.28406386709489,"309 posttmt","7 posttmt"
"39246","M3","C4620083","7","310","C4620083 M3","posttmt",0.2710865736462,"310 posttmt","7 posttmt"
"39247","M3","C4620083","7","311","C4620083 M3","posttmt",0.244753531283049,"311 posttmt","7 posttmt"
"39248","M3","C4620083","7","312","C4620083 M3","posttmt",0.217307708058546,"312 posttmt","7 posttmt"
"39249","M3","C4620083","7","313","C4620083 M3","posttmt",0.209615460147802,"313 posttmt","7 posttmt"
"39250","M3","C4620083","7","314","C4620083 M3","posttmt",0.192265267254918,"314 posttmt","7 posttmt"
"39251","M3","C4620083","7","315","C4620083 M3","posttmt",0.157037948212603,"315 posttmt","7 posttmt"
"39252","M3","C4620083","7","316","C4620083 M3","posttmt",0.066444380461627,"316 posttmt","7 posttmt"
"39253","M3","C4620083","7","317","C4620083 M3","posttmt",0.0502768628534113,"317 posttmt","7 posttmt"
"39254","M3","C4620083","7","318","C4620083 M3","posttmt",0.0439815892174744,"318 posttmt","7 posttmt"
"39255","M3","C4620083","7","319","C4620083 M3","posttmt",0.0341027653536832,"319 posttmt","7 posttmt"
"39256","M3","C4620083","7","320","C4620083 M3","posttmt",0.0140879360989586,"320 posttmt","7 posttmt"
"39257","M3","C4620083","7","321","C4620083 M3","posttmt",0.00925238993614164,"321 posttmt","7 posttmt"
"39258","M3","C4620083","7","322","C4620083 M3","posttmt",0.00773751812352913,"322 posttmt","7 posttmt"
"39259","M3","C4620083","7","323","C4620083 M3","posttmt",0.00302125426384937,"323 posttmt","7 posttmt"
"39260","M3","C4620083","7","324","C4620083 M3","posttmt",0.00241441427238014,"324 posttmt","7 posttmt"
"39261","M3","C4620083","7","325","C4620083 M3","posttmt",-0.00672511119924649,"325 posttmt","7 posttmt"
"39262","M3","C4620083","7","326","C4620083 M3","posttmt",-0.0390545132970473,"326 posttmt","7 posttmt"
"39263","M3","C4620083","7","327","C4620083 M3","posttmt",-0.170076614841372,"327 posttmt","7 posttmt"
"39264","M4","C4620083","7","0","C4620083 M4","posttmt",0.122487636382989,"0 posttmt","7 posttmt"
"39265","M4","C4620083","7","1","C4620083 M4","posttmt",0.118714373647957,"1 posttmt","7 posttmt"
"39266","M4","C4620083","7","2","C4620083 M4","posttmt",0.117695385759781,"2 posttmt","7 posttmt"
"39267","M4","C4620083","7","3","C4620083 M4","posttmt",0.108717115674732,"3 posttmt","7 posttmt"
"39268","M4","C4620083","7","4","C4620083 M4","posttmt",0.106288595499139,"4 posttmt","7 posttmt"
"39269","M4","C4620083","7","5","C4620083 M4","posttmt",0.104980466011454,"5 posttmt","7 posttmt"
"39270","M4","C4620083","7","6","C4620083 M4","posttmt",0.102189783581543,"6 posttmt","7 posttmt"
"39271","M4","C4620083","7","7","C4620083 M4","posttmt",0.101850103943926,"7 posttmt","7 posttmt"
"39272","M4","C4620083","7","8","C4620083 M4","posttmt",0.101751467976009,"8 posttmt","7 posttmt"
"39273","M4","C4620083","7","9","C4620083 M4","posttmt",0.101393470552605,"9 posttmt","7 posttmt"
"39274","M4","C4620083","7","10","C4620083 M4","posttmt",0.100151598713896,"10 posttmt","7 posttmt"
"39275","M4","C4620083","7","11","C4620083 M4","posttmt",0.0999874940515526,"11 posttmt","7 posttmt"
"39276","M4","C4620083","7","12","C4620083 M4","posttmt",0.099677386986375,"12 posttmt","7 posttmt"
"39277","M4","C4620083","7","13","C4620083 M4","posttmt",0.0976962319555944,"13 posttmt","7 posttmt"
"39278","M4","C4620083","7","14","C4620083 M4","posttmt",0.0971980783286735,"14 posttmt","7 posttmt"
"39279","M4","C4620083","7","15","C4620083 M4","posttmt",0.0963812087436475,"15 posttmt","7 posttmt"
"39280","M4","C4620083","7","16","C4620083 M4","posttmt",0.0953871491931477,"16 posttmt","7 posttmt"
"39281","M4","C4620083","7","17","C4620083 M4","posttmt",0.0938738446557513,"17 posttmt","7 posttmt"
"39282","M4","C4620083","7","18","C4620083 M4","posttmt",0.0936779519561874,"18 posttmt","7 posttmt"
"39283","M4","C4620083","7","19","C4620083 M4","posttmt",0.0936657004330782,"19 posttmt","7 posttmt"
"39284","M4","C4620083","7","20","C4620083 M4","posttmt",0.093497507099955,"20 posttmt","7 posttmt"
"39285","M4","C4620083","7","21","C4620083 M4","posttmt",0.0928922355161648,"21 posttmt","7 posttmt"
"39286","M4","C4620083","7","22","C4620083 M4","posttmt",0.0922540676125371,"22 posttmt","7 posttmt"
"39287","M4","C4620083","7","23","C4620083 M4","posttmt",0.0918203478867056,"23 posttmt","7 posttmt"
"39288","M4","C4620083","7","24","C4620083 M4","posttmt",0.0898985254525555,"24 posttmt","7 posttmt"
"39289","M4","C4620083","7","25","C4620083 M4","posttmt",0.0897243838493695,"25 posttmt","7 posttmt"
"39290","M4","C4620083","7","26","C4620083 M4","posttmt",0.0882054292275643,"26 posttmt","7 posttmt"
"39291","M4","C4620083","7","27","C4620083 M4","posttmt",0.08796730238517,"27 posttmt","7 posttmt"
"39292","M4","C4620083","7","28","C4620083 M4","posttmt",0.0876724104357503,"28 posttmt","7 posttmt"
"39293","M4","C4620083","7","29","C4620083 M4","posttmt",0.087271874581651,"29 posttmt","7 posttmt"
"39294","M4","C4620083","7","30","C4620083 M4","posttmt",0.0869525134318962,"30 posttmt","7 posttmt"
"39295","M4","C4620083","7","31","C4620083 M4","posttmt",0.0862402693487554,"31 posttmt","7 posttmt"
"39296","M4","C4620083","7","32","C4620083 M4","posttmt",0.0862391008279808,"32 posttmt","7 posttmt"
"39297","M4","C4620083","7","33","C4620083 M4","posttmt",0.0861476861316098,"33 posttmt","7 posttmt"
"39298","M4","C4620083","7","34","C4620083 M4","posttmt",0.0860291525579951,"34 posttmt","7 posttmt"
"39299","M4","C4620083","7","35","C4620083 M4","posttmt",0.085821265610239,"35 posttmt","7 posttmt"
"39300","M4","C4620083","7","36","C4620083 M4","posttmt",0.0847243805917826,"36 posttmt","7 posttmt"
"39301","M4","C4620083","7","37","C4620083 M4","posttmt",0.0846074194649275,"37 posttmt","7 posttmt"
"39302","M4","C4620083","7","38","C4620083 M4","posttmt",0.0844927584366768,"38 posttmt","7 posttmt"
"39303","M4","C4620083","7","39","C4620083 M4","posttmt",0.0844451652158179,"39 posttmt","7 posttmt"
"39304","M4","C4620083","7","40","C4620083 M4","posttmt",0.0841424550215137,"40 posttmt","7 posttmt"
"39305","M4","C4620083","7","41","C4620083 M4","posttmt",0.0841186738042911,"41 posttmt","7 posttmt"
"39306","M4","C4620083","7","42","C4620083 M4","posttmt",0.0837922830977321,"42 posttmt","7 posttmt"
"39307","M4","C4620083","7","43","C4620083 M4","posttmt",0.0835694127251028,"43 posttmt","7 posttmt"
"39308","M4","C4620083","7","44","C4620083 M4","posttmt",0.0833404120478231,"44 posttmt","7 posttmt"
"39309","M4","C4620083","7","45","C4620083 M4","posttmt",0.08238488152006,"45 posttmt","7 posttmt"
"39310","M4","C4620083","7","46","C4620083 M4","posttmt",0.0822317336444712,"46 posttmt","7 posttmt"
"39311","M4","C4620083","7","47","C4620083 M4","posttmt",0.0822154658923764,"47 posttmt","7 posttmt"
"39312","M4","C4620083","7","48","C4620083 M4","posttmt",0.0817119649035936,"48 posttmt","7 posttmt"
"39313","M4","C4620083","7","49","C4620083 M4","posttmt",0.0815483030905139,"49 posttmt","7 posttmt"
"39314","M4","C4620083","7","50","C4620083 M4","posttmt",0.081357781028039,"50 posttmt","7 posttmt"
"39315","M4","C4620083","7","51","C4620083 M4","posttmt",0.0813246883167058,"51 posttmt","7 posttmt"
"39316","M4","C4620083","7","52","C4620083 M4","posttmt",0.0812705512359824,"52 posttmt","7 posttmt"
"39317","M4","C4620083","7","53","C4620083 M4","posttmt",0.0812630952708874,"53 posttmt","7 posttmt"
"39318","M4","C4620083","7","54","C4620083 M4","posttmt",0.0812590274690782,"54 posttmt","7 posttmt"
"39319","M4","C4620083","7","55","C4620083 M4","posttmt",0.0812335296593955,"55 posttmt","7 posttmt"
"39320","M4","C4620083","7","56","C4620083 M4","posttmt",0.0811025508272482,"56 posttmt","7 posttmt"
"39321","M4","C4620083","7","57","C4620083 M4","posttmt",0.0805892930264053,"57 posttmt","7 posttmt"
"39322","M4","C4620083","7","58","C4620083 M4","posttmt",0.0803670747887535,"58 posttmt","7 posttmt"
"39323","M4","C4620083","7","59","C4620083 M4","posttmt",0.0797865673281614,"59 posttmt","7 posttmt"
"39324","M4","C4620083","7","60","C4620083 M4","posttmt",0.0795934401268077,"60 posttmt","7 posttmt"
"39325","M4","C4620083","7","61","C4620083 M4","posttmt",0.0788981892116877,"61 posttmt","7 posttmt"
"39326","M4","C4620083","7","62","C4620083 M4","posttmt",0.0786830369614851,"62 posttmt","7 posttmt"
"39327","M4","C4620083","7","63","C4620083 M4","posttmt",0.078622744643316,"63 posttmt","7 posttmt"
"39328","M4","C4620083","7","64","C4620083 M4","posttmt",0.0784182008583211,"64 posttmt","7 posttmt"
"39329","M4","C4620083","7","65","C4620083 M4","posttmt",0.0779420283023077,"65 posttmt","7 posttmt"
"39330","M4","C4620083","7","66","C4620083 M4","posttmt",0.0776620600496207,"66 posttmt","7 posttmt"
"39331","M4","C4620083","7","67","C4620083 M4","posttmt",0.0770531186579653,"67 posttmt","7 posttmt"
"39332","M4","C4620083","7","68","C4620083 M4","posttmt",0.0770202569533242,"68 posttmt","7 posttmt"
"39333","M4","C4620083","7","69","C4620083 M4","posttmt",0.0768622278705299,"69 posttmt","7 posttmt"
"39334","M4","C4620083","7","70","C4620083 M4","posttmt",0.0764682039886688,"70 posttmt","7 posttmt"
"39335","M4","C4620083","7","71","C4620083 M4","posttmt",0.0763911381726194,"71 posttmt","7 posttmt"
"39336","M4","C4620083","7","72","C4620083 M4","posttmt",0.0756601170920895,"72 posttmt","7 posttmt"
"39337","M4","C4620083","7","73","C4620083 M4","posttmt",0.0753241193754709,"73 posttmt","7 posttmt"
"39338","M4","C4620083","7","74","C4620083 M4","posttmt",0.0753025166441109,"74 posttmt","7 posttmt"
"39339","M4","C4620083","7","75","C4620083 M4","posttmt",0.0752769698019532,"75 posttmt","7 posttmt"
"39340","M4","C4620083","7","76","C4620083 M4","posttmt",0.0750825935585143,"76 posttmt","7 posttmt"
"39341","M4","C4620083","7","77","C4620083 M4","posttmt",0.0748002880151543,"77 posttmt","7 posttmt"
"39342","M4","C4620083","7","78","C4620083 M4","posttmt",0.074724253877496,"78 posttmt","7 posttmt"
"39343","M4","C4620083","7","79","C4620083 M4","posttmt",0.0746689462439307,"79 posttmt","7 posttmt"
"39344","M4","C4620083","7","80","C4620083 M4","posttmt",0.0741908732643794,"80 posttmt","7 posttmt"
"39345","M4","C4620083","7","81","C4620083 M4","posttmt",0.0741492459540081,"81 posttmt","7 posttmt"
"39346","M4","C4620083","7","82","C4620083 M4","posttmt",0.0740239886935288,"82 posttmt","7 posttmt"
"39347","M4","C4620083","7","83","C4620083 M4","posttmt",0.074003119912934,"83 posttmt","7 posttmt"
"39348","M4","C4620083","7","84","C4620083 M4","posttmt",0.0739268164021168,"84 posttmt","7 posttmt"
"39349","M4","C4620083","7","85","C4620083 M4","posttmt",0.0737036556032536,"85 posttmt","7 posttmt"
"39350","M4","C4620083","7","86","C4620083 M4","posttmt",0.0736521495884473,"86 posttmt","7 posttmt"
"39351","M4","C4620083","7","87","C4620083 M4","posttmt",0.0729276743556154,"87 posttmt","7 posttmt"
"39352","M4","C4620083","7","88","C4620083 M4","posttmt",0.0727191195782533,"88 posttmt","7 posttmt"
"39353","M4","C4620083","7","89","C4620083 M4","posttmt",0.0725902264327183,"89 posttmt","7 posttmt"
"39354","M4","C4620083","7","90","C4620083 M4","posttmt",0.0721733528742933,"90 posttmt","7 posttmt"
"39355","M4","C4620083","7","91","C4620083 M4","posttmt",0.0719414236013683,"91 posttmt","7 posttmt"
"39356","M4","C4620083","7","92","C4620083 M4","posttmt",0.0717916268077423,"92 posttmt","7 posttmt"
"39357","M4","C4620083","7","93","C4620083 M4","posttmt",0.0717285681310953,"93 posttmt","7 posttmt"
"39358","M4","C4620083","7","94","C4620083 M4","posttmt",0.0716187580437007,"94 posttmt","7 posttmt"
"39359","M4","C4620083","7","95","C4620083 M4","posttmt",0.071564018199814,"95 posttmt","7 posttmt"
"39360","M4","C4620083","7","96","C4620083 M4","posttmt",0.0709643104059065,"96 posttmt","7 posttmt"
"39361","M4","C4620083","7","97","C4620083 M4","posttmt",0.0708830891159305,"97 posttmt","7 posttmt"
"39362","M4","C4620083","7","98","C4620083 M4","posttmt",0.0700381575281603,"98 posttmt","7 posttmt"
"39363","M4","C4620083","7","99","C4620083 M4","posttmt",0.070038001090988,"99 posttmt","7 posttmt"
"39364","M4","C4620083","7","100","C4620083 M4","posttmt",0.070019407736864,"100 posttmt","7 posttmt"
"39365","M4","C4620083","7","101","C4620083 M4","posttmt",0.0698627653337142,"101 posttmt","7 posttmt"
"39366","M4","C4620083","7","102","C4620083 M4","posttmt",0.0697449727872793,"102 posttmt","7 posttmt"
"39367","M4","C4620083","7","103","C4620083 M4","posttmt",0.0694140193395942,"103 posttmt","7 posttmt"
"39368","M4","C4620083","7","104","C4620083 M4","posttmt",0.0690604038458301,"104 posttmt","7 posttmt"
"39369","M4","C4620083","7","105","C4620083 M4","posttmt",0.0690347677614554,"105 posttmt","7 posttmt"
"39370","M4","C4620083","7","106","C4620083 M4","posttmt",0.0685503526130401,"106 posttmt","7 posttmt"
"39371","M4","C4620083","7","107","C4620083 M4","posttmt",0.0684240373629497,"107 posttmt","7 posttmt"
"39372","M4","C4620083","7","108","C4620083 M4","posttmt",0.0683183900286484,"108 posttmt","7 posttmt"
"39373","M4","C4620083","7","109","C4620083 M4","posttmt",0.0678711482362923,"109 posttmt","7 posttmt"
"39374","M4","C4620083","7","110","C4620083 M4","posttmt",0.067847196718845,"110 posttmt","7 posttmt"
"39375","M4","C4620083","7","111","C4620083 M4","posttmt",0.0673338929795801,"111 posttmt","7 posttmt"
"39376","M4","C4620083","7","112","C4620083 M4","posttmt",0.0670295261296206,"112 posttmt","7 posttmt"
"39377","M4","C4620083","7","113","C4620083 M4","posttmt",0.0666586161629824,"113 posttmt","7 posttmt"
"39378","M4","C4620083","7","114","C4620083 M4","posttmt",0.0663024343890288,"114 posttmt","7 posttmt"
"39379","M4","C4620083","7","115","C4620083 M4","posttmt",0.0655787377832743,"115 posttmt","7 posttmt"
"39380","M4","C4620083","7","116","C4620083 M4","posttmt",0.0653474091741245,"116 posttmt","7 posttmt"
"39381","M4","C4620083","7","117","C4620083 M4","posttmt",0.0652748936825853,"117 posttmt","7 posttmt"
"39382","M4","C4620083","7","118","C4620083 M4","posttmt",0.0652292498760484,"118 posttmt","7 posttmt"
"39383","M4","C4620083","7","119","C4620083 M4","posttmt",0.064744182015532,"119 posttmt","7 posttmt"
"39384","M4","C4620083","7","120","C4620083 M4","posttmt",0.0645861042203883,"120 posttmt","7 posttmt"
"39385","M4","C4620083","7","121","C4620083 M4","posttmt",0.0644876146217151,"121 posttmt","7 posttmt"
"39386","M4","C4620083","7","122","C4620083 M4","posttmt",0.0644367479885664,"122 posttmt","7 posttmt"
"39387","M4","C4620083","7","123","C4620083 M4","posttmt",0.0643735405300804,"123 posttmt","7 posttmt"
"39388","M4","C4620083","7","124","C4620083 M4","posttmt",0.0641077370204254,"124 posttmt","7 posttmt"
"39389","M4","C4620083","7","125","C4620083 M4","posttmt",0.0637473062112054,"125 posttmt","7 posttmt"
"39390","M4","C4620083","7","126","C4620083 M4","posttmt",0.0632567166521426,"126 posttmt","7 posttmt"
"39391","M4","C4620083","7","127","C4620083 M4","posttmt",0.0632016257147995,"127 posttmt","7 posttmt"
"39392","M4","C4620083","7","128","C4620083 M4","posttmt",0.0626260100765715,"128 posttmt","7 posttmt"
"39393","M4","C4620083","7","129","C4620083 M4","posttmt",0.0626019138601834,"129 posttmt","7 posttmt"
"39394","M4","C4620083","7","130","C4620083 M4","posttmt",0.0621859253836777,"130 posttmt","7 posttmt"
"39395","M4","C4620083","7","131","C4620083 M4","posttmt",0.0621633034092025,"131 posttmt","7 posttmt"
"39396","M4","C4620083","7","132","C4620083 M4","posttmt",0.0619195809834445,"132 posttmt","7 posttmt"
"39397","M4","C4620083","7","133","C4620083 M4","posttmt",0.0618719852696594,"133 posttmt","7 posttmt"
"39398","M4","C4620083","7","134","C4620083 M4","posttmt",0.0617595517390453,"134 posttmt","7 posttmt"
"39399","M4","C4620083","7","135","C4620083 M4","posttmt",0.0617179301603515,"135 posttmt","7 posttmt"
"39400","M4","C4620083","7","136","C4620083 M4","posttmt",0.0614536160037868,"136 posttmt","7 posttmt"
"39401","M4","C4620083","7","137","C4620083 M4","posttmt",0.0611407925837537,"137 posttmt","7 posttmt"
"39402","M4","C4620083","7","138","C4620083 M4","posttmt",0.0609002085357855,"138 posttmt","7 posttmt"
"39403","M4","C4620083","7","139","C4620083 M4","posttmt",0.0608122407392192,"139 posttmt","7 posttmt"
"39404","M4","C4620083","7","140","C4620083 M4","posttmt",0.0605947531211692,"140 posttmt","7 posttmt"
"39405","M4","C4620083","7","141","C4620083 M4","posttmt",0.0604763752884395,"141 posttmt","7 posttmt"
"39406","M4","C4620083","7","142","C4620083 M4","posttmt",0.0602662202963636,"142 posttmt","7 posttmt"
"39407","M4","C4620083","7","143","C4620083 M4","posttmt",0.0597509172997285,"143 posttmt","7 posttmt"
"39408","M4","C4620083","7","144","C4620083 M4","posttmt",0.0595487307361518,"144 posttmt","7 posttmt"
"39409","M4","C4620083","7","145","C4620083 M4","posttmt",0.0593644594423094,"145 posttmt","7 posttmt"
"39410","M4","C4620083","7","146","C4620083 M4","posttmt",0.0591693646182746,"146 posttmt","7 posttmt"
"39411","M4","C4620083","7","147","C4620083 M4","posttmt",0.0590347570975604,"147 posttmt","7 posttmt"
"39412","M4","C4620083","7","148","C4620083 M4","posttmt",0.0589967954534736,"148 posttmt","7 posttmt"
"39413","M4","C4620083","7","149","C4620083 M4","posttmt",0.0586232996711968,"149 posttmt","7 posttmt"
"39414","M4","C4620083","7","150","C4620083 M4","posttmt",0.0581508158689741,"150 posttmt","7 posttmt"
"39415","M4","C4620083","7","151","C4620083 M4","posttmt",0.0580881509984015,"151 posttmt","7 posttmt"
"39416","M4","C4620083","7","152","C4620083 M4","posttmt",0.0580054670894113,"152 posttmt","7 posttmt"
"39417","M4","C4620083","7","153","C4620083 M4","posttmt",0.0575760946909374,"153 posttmt","7 posttmt"
"39418","M4","C4620083","7","154","C4620083 M4","posttmt",0.0574429386235041,"154 posttmt","7 posttmt"
"39419","M4","C4620083","7","155","C4620083 M4","posttmt",0.0570728016643937,"155 posttmt","7 posttmt"
"39420","M4","C4620083","7","156","C4620083 M4","posttmt",0.0570587820860371,"156 posttmt","7 posttmt"
"39421","M4","C4620083","7","157","C4620083 M4","posttmt",0.0570570617414873,"157 posttmt","7 posttmt"
"39422","M4","C4620083","7","158","C4620083 M4","posttmt",0.0570511300989733,"158 posttmt","7 posttmt"
"39423","M4","C4620083","7","159","C4620083 M4","posttmt",0.0566651382579038,"159 posttmt","7 posttmt"
"39424","M4","C4620083","7","160","C4620083 M4","posttmt",0.0563823654190734,"160 posttmt","7 posttmt"
"39425","M4","C4620083","7","161","C4620083 M4","posttmt",0.0562856651854492,"161 posttmt","7 posttmt"
"39426","M4","C4620083","7","162","C4620083 M4","posttmt",0.0562508849107904,"162 posttmt","7 posttmt"
"39427","M4","C4620083","7","163","C4620083 M4","posttmt",0.0561155483566631,"163 posttmt","7 posttmt"
"39428","M4","C4620083","7","164","C4620083 M4","posttmt",0.0558322476546519,"164 posttmt","7 posttmt"
"39429","M4","C4620083","7","165","C4620083 M4","posttmt",0.0556147305847423,"165 posttmt","7 posttmt"
"39430","M4","C4620083","7","166","C4620083 M4","posttmt",0.0556001276727877,"166 posttmt","7 posttmt"
"39431","M4","C4620083","7","167","C4620083 M4","posttmt",0.0555405888363943,"167 posttmt","7 posttmt"
"39432","M4","C4620083","7","168","C4620083 M4","posttmt",0.0554498533697399,"168 posttmt","7 posttmt"
"39433","M4","C4620083","7","169","C4620083 M4","posttmt",0.0554010363175197,"169 posttmt","7 posttmt"
"39434","M4","C4620083","7","170","C4620083 M4","posttmt",0.0553707436438095,"170 posttmt","7 posttmt"
"39435","M4","C4620083","7","171","C4620083 M4","posttmt",0.0553099257464584,"171 posttmt","7 posttmt"
"39436","M4","C4620083","7","172","C4620083 M4","posttmt",0.0551573930654838,"172 posttmt","7 posttmt"
"39437","M4","C4620083","7","173","C4620083 M4","posttmt",0.0550211088400889,"173 posttmt","7 posttmt"
"39438","M4","C4620083","7","174","C4620083 M4","posttmt",0.0549912551494388,"174 posttmt","7 posttmt"
"39439","M4","C4620083","7","175","C4620083 M4","posttmt",0.0548448694875541,"175 posttmt","7 posttmt"
"39440","M4","C4620083","7","176","C4620083 M4","posttmt",0.0544564398495351,"176 posttmt","7 posttmt"
"39441","M4","C4620083","7","177","C4620083 M4","posttmt",0.0544093611709961,"177 posttmt","7 posttmt"
"39442","M4","C4620083","7","178","C4620083 M4","posttmt",0.0543886609002149,"178 posttmt","7 posttmt"
"39443","M4","C4620083","7","179","C4620083 M4","posttmt",0.0541987862588372,"179 posttmt","7 posttmt"
"39444","M4","C4620083","7","180","C4620083 M4","posttmt",0.0541698021303661,"180 posttmt","7 posttmt"
"39445","M4","C4620083","7","181","C4620083 M4","posttmt",0.0541191761202252,"181 posttmt","7 posttmt"
"39446","M4","C4620083","7","182","C4620083 M4","posttmt",0.0540742841968028,"182 posttmt","7 posttmt"
"39447","M4","C4620083","7","183","C4620083 M4","posttmt",0.0539145920322859,"183 posttmt","7 posttmt"
"39448","M4","C4620083","7","184","C4620083 M4","posttmt",0.0537111114357192,"184 posttmt","7 posttmt"
"39449","M4","C4620083","7","185","C4620083 M4","posttmt",0.0537084094606421,"185 posttmt","7 posttmt"
"39450","M4","C4620083","7","186","C4620083 M4","posttmt",0.0536955295639274,"186 posttmt","7 posttmt"
"39451","M4","C4620083","7","187","C4620083 M4","posttmt",0.0531645258586793,"187 posttmt","7 posttmt"
"39452","M4","C4620083","7","188","C4620083 M4","posttmt",0.0530669512734124,"188 posttmt","7 posttmt"
"39453","M4","C4620083","7","189","C4620083 M4","posttmt",0.0529738738325055,"189 posttmt","7 posttmt"
"39454","M4","C4620083","7","190","C4620083 M4","posttmt",0.052824365584408,"190 posttmt","7 posttmt"
"39455","M4","C4620083","7","191","C4620083 M4","posttmt",0.0528223303665109,"191 posttmt","7 posttmt"
"39456","M4","C4620083","7","192","C4620083 M4","posttmt",0.0528168158579678,"192 posttmt","7 posttmt"
"39457","M4","C4620083","7","193","C4620083 M4","posttmt",0.0522809399366989,"193 posttmt","7 posttmt"
"39458","M4","C4620083","7","194","C4620083 M4","posttmt",0.0522337506650587,"194 posttmt","7 posttmt"
"39459","M4","C4620083","7","195","C4620083 M4","posttmt",0.0522319027500784,"195 posttmt","7 posttmt"
"39460","M4","C4620083","7","196","C4620083 M4","posttmt",0.0521868297876065,"196 posttmt","7 posttmt"
"39461","M4","C4620083","7","197","C4620083 M4","posttmt",0.0521102756218816,"197 posttmt","7 posttmt"
"39462","M4","C4620083","7","198","C4620083 M4","posttmt",0.0517552501649612,"198 posttmt","7 posttmt"
"39463","M4","C4620083","7","199","C4620083 M4","posttmt",0.0516790505756434,"199 posttmt","7 posttmt"
"39464","M4","C4620083","7","200","C4620083 M4","posttmt",0.0516602143086968,"200 posttmt","7 posttmt"
"39465","M4","C4620083","7","201","C4620083 M4","posttmt",0.0514329563665352,"201 posttmt","7 posttmt"
"39466","M4","C4620083","7","202","C4620083 M4","posttmt",0.0512912619094729,"202 posttmt","7 posttmt"
"39467","M4","C4620083","7","203","C4620083 M4","posttmt",0.0511078063094166,"203 posttmt","7 posttmt"
"39468","M4","C4620083","7","204","C4620083 M4","posttmt",0.0510851641716753,"204 posttmt","7 posttmt"
"39469","M4","C4620083","7","205","C4620083 M4","posttmt",0.050548648164457,"205 posttmt","7 posttmt"
"39470","M4","C4620083","7","206","C4620083 M4","posttmt",0.0504763110567436,"206 posttmt","7 posttmt"
"39471","M4","C4620083","7","207","C4620083 M4","posttmt",0.0503163278973793,"207 posttmt","7 posttmt"
"39472","M4","C4620083","7","208","C4620083 M4","posttmt",0.0502137993377788,"208 posttmt","7 posttmt"
"39473","M4","C4620083","7","209","C4620083 M4","posttmt",0.0496160372815542,"209 posttmt","7 posttmt"
"39474","M4","C4620083","7","210","C4620083 M4","posttmt",0.0494872234269728,"210 posttmt","7 posttmt"
"39475","M4","C4620083","7","211","C4620083 M4","posttmt",0.049447160231583,"211 posttmt","7 posttmt"
"39476","M4","C4620083","7","212","C4620083 M4","posttmt",0.0493198535109121,"212 posttmt","7 posttmt"
"39477","M4","C4620083","7","213","C4620083 M4","posttmt",0.0492572304622556,"213 posttmt","7 posttmt"
"39478","M4","C4620083","7","214","C4620083 M4","posttmt",0.0492363377648817,"214 posttmt","7 posttmt"
"39479","M4","C4620083","7","215","C4620083 M4","posttmt",0.048792726806001,"215 posttmt","7 posttmt"
"39480","M4","C4620083","7","216","C4620083 M4","posttmt",0.0483759122245265,"216 posttmt","7 posttmt"
"39481","M4","C4620083","7","217","C4620083 M4","posttmt",0.0482194719040329,"217 posttmt","7 posttmt"
"39482","M4","C4620083","7","218","C4620083 M4","posttmt",0.0479241788604353,"218 posttmt","7 posttmt"
"39483","M4","C4620083","7","219","C4620083 M4","posttmt",0.0477447147218704,"219 posttmt","7 posttmt"
"39484","M4","C4620083","7","220","C4620083 M4","posttmt",0.0475486921501062,"220 posttmt","7 posttmt"
"39485","M4","C4620083","7","221","C4620083 M4","posttmt",0.0473915265689724,"221 posttmt","7 posttmt"
"39486","M4","C4620083","7","222","C4620083 M4","posttmt",0.0472228085483017,"222 posttmt","7 posttmt"
"39487","M4","C4620083","7","223","C4620083 M4","posttmt",0.047212298516422,"223 posttmt","7 posttmt"
"39488","M4","C4620083","7","224","C4620083 M4","posttmt",0.047120688098585,"224 posttmt","7 posttmt"
"39489","M4","C4620083","7","225","C4620083 M4","posttmt",0.0470691240432573,"225 posttmt","7 posttmt"
"39490","M4","C4620083","7","226","C4620083 M4","posttmt",0.0464911375043804,"226 posttmt","7 posttmt"
"39491","M4","C4620083","7","227","C4620083 M4","posttmt",0.0463404812841326,"227 posttmt","7 posttmt"
"39492","M4","C4620083","7","228","C4620083 M4","posttmt",0.04610226514538,"228 posttmt","7 posttmt"
"39493","M4","C4620083","7","229","C4620083 M4","posttmt",0.0459633091065124,"229 posttmt","7 posttmt"
"39494","M4","C4620083","7","230","C4620083 M4","posttmt",0.0459518093126722,"230 posttmt","7 posttmt"
"39495","M4","C4620083","7","231","C4620083 M4","posttmt",0.0455795643033003,"231 posttmt","7 posttmt"
"39496","M4","C4620083","7","232","C4620083 M4","posttmt",0.0453196419949796,"232 posttmt","7 posttmt"
"39497","M4","C4620083","7","233","C4620083 M4","posttmt",0.0451768277455318,"233 posttmt","7 posttmt"
"39498","M4","C4620083","7","234","C4620083 M4","posttmt",0.0451766104006264,"234 posttmt","7 posttmt"
"39499","M4","C4620083","7","235","C4620083 M4","posttmt",0.0451720792858209,"235 posttmt","7 posttmt"
"39500","M4","C4620083","7","236","C4620083 M4","posttmt",0.0450750037966808,"236 posttmt","7 posttmt"
"39501","M4","C4620083","7","237","C4620083 M4","posttmt",0.0450084421986417,"237 posttmt","7 posttmt"
"39502","M4","C4620083","7","238","C4620083 M4","posttmt",0.0449916247044265,"238 posttmt","7 posttmt"
"39503","M4","C4620083","7","239","C4620083 M4","posttmt",0.0449864726935698,"239 posttmt","7 posttmt"
"39504","M4","C4620083","7","240","C4620083 M4","posttmt",0.0442966541841022,"240 posttmt","7 posttmt"
"39505","M4","C4620083","7","241","C4620083 M4","posttmt",0.0441402672763232,"241 posttmt","7 posttmt"
"39506","M4","C4620083","7","242","C4620083 M4","posttmt",0.0440866516542384,"242 posttmt","7 posttmt"
"39507","M4","C4620083","7","243","C4620083 M4","posttmt",0.0440592450121825,"243 posttmt","7 posttmt"
"39508","M4","C4620083","7","244","C4620083 M4","posttmt",0.043944261298706,"244 posttmt","7 posttmt"
"39509","M4","C4620083","7","245","C4620083 M4","posttmt",0.043557384707117,"245 posttmt","7 posttmt"
"39510","M4","C4620083","7","246","C4620083 M4","posttmt",0.0433774641032278,"246 posttmt","7 posttmt"
"39511","M4","C4620083","7","247","C4620083 M4","posttmt",0.043360709682782,"247 posttmt","7 posttmt"
"39512","M4","C4620083","7","248","C4620083 M4","posttmt",0.04329147191171,"248 posttmt","7 posttmt"
"39513","M4","C4620083","7","249","C4620083 M4","posttmt",0.0432593774056963,"249 posttmt","7 posttmt"
"39514","M4","C4620083","7","250","C4620083 M4","posttmt",0.0430345701613637,"250 posttmt","7 posttmt"
"39515","M4","C4620083","7","251","C4620083 M4","posttmt",0.0429722857656308,"251 posttmt","7 posttmt"
"39516","M4","C4620083","7","252","C4620083 M4","posttmt",0.0428009781068237,"252 posttmt","7 posttmt"
"39517","M4","C4620083","7","253","C4620083 M4","posttmt",0.0424239310644461,"253 posttmt","7 posttmt"
"39518","M4","C4620083","7","254","C4620083 M4","posttmt",0.0423631321857314,"254 posttmt","7 posttmt"
"39519","M4","C4620083","7","255","C4620083 M4","posttmt",0.0422666387052395,"255 posttmt","7 posttmt"
"39520","M4","C4620083","7","256","C4620083 M4","posttmt",0.0422319860956497,"256 posttmt","7 posttmt"
"39521","M4","C4620083","7","257","C4620083 M4","posttmt",0.0416228313282853,"257 posttmt","7 posttmt"
"39522","M4","C4620083","7","258","C4620083 M4","posttmt",0.041086193809717,"258 posttmt","7 posttmt"
"39523","M4","C4620083","7","259","C4620083 M4","posttmt",0.0410720085776036,"259 posttmt","7 posttmt"
"39524","M4","C4620083","7","260","C4620083 M4","posttmt",0.0409777391366336,"260 posttmt","7 posttmt"
"39525","M4","C4620083","7","261","C4620083 M4","posttmt",0.0408775951772594,"261 posttmt","7 posttmt"
"39526","M4","C4620083","7","262","C4620083 M4","posttmt",0.0407556697427391,"262 posttmt","7 posttmt"
"39527","M4","C4620083","7","263","C4620083 M4","posttmt",0.0404037276028847,"263 posttmt","7 posttmt"
"39528","M4","C4620083","7","264","C4620083 M4","posttmt",0.039872198349737,"264 posttmt","7 posttmt"
"39529","M4","C4620083","7","265","C4620083 M4","posttmt",0.0398699583492735,"265 posttmt","7 posttmt"
"39530","M4","C4620083","7","266","C4620083 M4","posttmt",0.0396370674829906,"266 posttmt","7 posttmt"
"39531","M4","C4620083","7","267","C4620083 M4","posttmt",0.0395156257537531,"267 posttmt","7 posttmt"
"39532","M4","C4620083","7","268","C4620083 M4","posttmt",0.0393089986181814,"268 posttmt","7 posttmt"
"39533","M4","C4620083","7","269","C4620083 M4","posttmt",0.0392790098764068,"269 posttmt","7 posttmt"
"39534","M4","C4620083","7","270","C4620083 M4","posttmt",0.0392687911868072,"270 posttmt","7 posttmt"
"39535","M4","C4620083","7","271","C4620083 M4","posttmt",0.0390557885767547,"271 posttmt","7 posttmt"
"39536","M4","C4620083","7","272","C4620083 M4","posttmt",0.0390330435708709,"272 posttmt","7 posttmt"
"39537","M4","C4620083","7","273","C4620083 M4","posttmt",0.0386100798434519,"273 posttmt","7 posttmt"
"39538","M4","C4620083","7","274","C4620083 M4","posttmt",0.0382203785501169,"274 posttmt","7 posttmt"
"39539","M4","C4620083","7","275","C4620083 M4","posttmt",0.0380204545311935,"275 posttmt","7 posttmt"
"39540","M4","C4620083","7","276","C4620083 M4","posttmt",0.0379973191330819,"276 posttmt","7 posttmt"
"39541","M4","C4620083","7","277","C4620083 M4","posttmt",0.0378829857904065,"277 posttmt","7 posttmt"
"39542","M4","C4620083","7","278","C4620083 M4","posttmt",0.0378784068313758,"278 posttmt","7 posttmt"
"39543","M4","C4620083","7","279","C4620083 M4","posttmt",0.0377821472019225,"279 posttmt","7 posttmt"
"39544","M4","C4620083","7","280","C4620083 M4","posttmt",0.0374114168980613,"280 posttmt","7 posttmt"
"39545","M4","C4620083","7","281","C4620083 M4","posttmt",0.0373828559894112,"281 posttmt","7 posttmt"
"39546","M4","C4620083","7","282","C4620083 M4","posttmt",0.0372224768942135,"282 posttmt","7 posttmt"
"39547","M4","C4620083","7","283","C4620083 M4","posttmt",0.036749198094281,"283 posttmt","7 posttmt"
"39548","M4","C4620083","7","284","C4620083 M4","posttmt",0.0366258249501469,"284 posttmt","7 posttmt"
"39549","M4","C4620083","7","285","C4620083 M4","posttmt",0.0357551524237864,"285 posttmt","7 posttmt"
"39550","M4","C4620083","7","286","C4620083 M4","posttmt",0.035745516245702,"286 posttmt","7 posttmt"
"39551","M4","C4620083","7","287","C4620083 M4","posttmt",0.0354671090514616,"287 posttmt","7 posttmt"
"39552","M4","C4620083","7","288","C4620083 M4","posttmt",0.0352030349465139,"288 posttmt","7 posttmt"
"39553","M4","C4620083","7","289","C4620083 M4","posttmt",0.0349999157687399,"289 posttmt","7 posttmt"
"39554","M4","C4620083","7","290","C4620083 M4","posttmt",0.0347733968956816,"290 posttmt","7 posttmt"
"39555","M4","C4620083","7","291","C4620083 M4","posttmt",0.0341127759088474,"291 posttmt","7 posttmt"
"39556","M4","C4620083","7","292","C4620083 M4","posttmt",0.0338634005069908,"292 posttmt","7 posttmt"
"39557","M4","C4620083","7","293","C4620083 M4","posttmt",0.0337448937245957,"293 posttmt","7 posttmt"
"39558","M4","C4620083","7","294","C4620083 M4","posttmt",0.0332136079414875,"294 posttmt","7 posttmt"
"39559","M4","C4620083","7","295","C4620083 M4","posttmt",0.0331832433154039,"295 posttmt","7 posttmt"
"39560","M4","C4620083","7","296","C4620083 M4","posttmt",0.032863189824835,"296 posttmt","7 posttmt"
"39561","M4","C4620083","7","297","C4620083 M4","posttmt",0.0327846421884776,"297 posttmt","7 posttmt"
"39562","M4","C4620083","7","298","C4620083 M4","posttmt",0.0325050065746708,"298 posttmt","7 posttmt"
"39563","M4","C4620083","7","299","C4620083 M4","posttmt",0.0321944390516003,"299 posttmt","7 posttmt"
"39564","M4","C4620083","7","300","C4620083 M4","posttmt",0.0320361059375948,"300 posttmt","7 posttmt"
"39565","M4","C4620083","7","301","C4620083 M4","posttmt",0.0316523980987017,"301 posttmt","7 posttmt"
"39566","M4","C4620083","7","302","C4620083 M4","posttmt",0.0313457325611206,"302 posttmt","7 posttmt"
"39567","M4","C4620083","7","303","C4620083 M4","posttmt",0.0312987762768312,"303 posttmt","7 posttmt"
"39568","M4","C4620083","7","304","C4620083 M4","posttmt",0.0309023590823555,"304 posttmt","7 posttmt"
"39569","M4","C4620083","7","305","C4620083 M4","posttmt",0.0307241186997391,"305 posttmt","7 posttmt"
"39570","M4","C4620083","7","306","C4620083 M4","posttmt",0.0304668127465813,"306 posttmt","7 posttmt"
"39571","M4","C4620083","7","307","C4620083 M4","posttmt",0.0303964334729506,"307 posttmt","7 posttmt"
"39572","M4","C4620083","7","308","C4620083 M4","posttmt",0.0298735875350447,"308 posttmt","7 posttmt"
"39573","M4","C4620083","7","309","C4620083 M4","posttmt",0.0298603533274585,"309 posttmt","7 posttmt"
"39574","M4","C4620083","7","310","C4620083 M4","posttmt",0.029658284509965,"310 posttmt","7 posttmt"
"39575","M4","C4620083","7","311","C4620083 M4","posttmt",0.0292451642672329,"311 posttmt","7 posttmt"
"39576","M4","C4620083","7","312","C4620083 M4","posttmt",0.0290598800187673,"312 posttmt","7 posttmt"
"39577","M4","C4620083","7","313","C4620083 M4","posttmt",0.0288009473248329,"313 posttmt","7 posttmt"
"39578","M4","C4620083","7","314","C4620083 M4","posttmt",0.0284837707883568,"314 posttmt","7 posttmt"
"39579","M4","C4620083","7","315","C4620083 M4","posttmt",0.0284600446212605,"315 posttmt","7 posttmt"
"39580","M4","C4620083","7","316","C4620083 M4","posttmt",0.0274619707170956,"316 posttmt","7 posttmt"
"39581","M4","C4620083","7","317","C4620083 M4","posttmt",0.027437869049547,"317 posttmt","7 posttmt"
"39582","M4","C4620083","7","318","C4620083 M4","posttmt",0.0267139994680359,"318 posttmt","7 posttmt"
"39583","M4","C4620083","7","319","C4620083 M4","posttmt",0.0265068739725694,"319 posttmt","7 posttmt"
"39584","M4","C4620083","7","320","C4620083 M4","posttmt",0.0264973674634441,"320 posttmt","7 posttmt"
"39585","M4","C4620083","7","321","C4620083 M4","posttmt",0.0261144810757378,"321 posttmt","7 posttmt"
"39586","M4","C4620083","7","322","C4620083 M4","posttmt",0.0259064589827241,"322 posttmt","7 posttmt"
"39587","M4","C4620083","7","323","C4620083 M4","posttmt",0.0257643162799054,"323 posttmt","7 posttmt"
"39588","M4","C4620083","7","324","C4620083 M4","posttmt",0.0255523694957932,"324 posttmt","7 posttmt"
"39589","M4","C4620083","7","325","C4620083 M4","posttmt",0.0252049771751799,"325 posttmt","7 posttmt"
"39590","M4","C4620083","7","326","C4620083 M4","posttmt",0.0248824971063559,"326 posttmt","7 posttmt"
"39591","M4","C4620083","7","327","C4620083 M4","posttmt",0.024823303906831,"327 posttmt","7 posttmt"
"39592","M4","C4620083","7","328","C4620083 M4","posttmt",0.0243427879505038,"328 posttmt","7 posttmt"
"39593","M4","C4620083","7","329","C4620083 M4","posttmt",0.0241917387910642,"329 posttmt","7 posttmt"
"39594","M4","C4620083","7","330","C4620083 M4","posttmt",0.0239645549038808,"330 posttmt","7 posttmt"
"39595","M4","C4620083","7","331","C4620083 M4","posttmt",0.0237204970581274,"331 posttmt","7 posttmt"
"39596","M4","C4620083","7","332","C4620083 M4","posttmt",0.0233595011665911,"332 posttmt","7 posttmt"
"39597","M4","C4620083","7","333","C4620083 M4","posttmt",0.023320728606114,"333 posttmt","7 posttmt"
"39598","M4","C4620083","7","334","C4620083 M4","posttmt",0.022898337645217,"334 posttmt","7 posttmt"
"39599","M4","C4620083","7","335","C4620083 M4","posttmt",0.0222922281781877,"335 posttmt","7 posttmt"
"39600","M4","C4620083","7","336","C4620083 M4","posttmt",0.0218456098685136,"336 posttmt","7 posttmt"
"39601","M4","C4620083","7","337","C4620083 M4","posttmt",0.0215960585980563,"337 posttmt","7 posttmt"
"39602","M4","C4620083","7","338","C4620083 M4","posttmt",0.0215455672929474,"338 posttmt","7 posttmt"
"39603","M4","C4620083","7","339","C4620083 M4","posttmt",0.0213184168553326,"339 posttmt","7 posttmt"
"39604","M4","C4620083","7","340","C4620083 M4","posttmt",0.0210513938908275,"340 posttmt","7 posttmt"
"39605","M4","C4620083","7","341","C4620083 M4","posttmt",0.0204348115277681,"341 posttmt","7 posttmt"
"39606","M4","C4620083","7","342","C4620083 M4","posttmt",0.0203387642782765,"342 posttmt","7 posttmt"
"39607","M4","C4620083","7","343","C4620083 M4","posttmt",0.0201883114929998,"343 posttmt","7 posttmt"
"39608","M4","C4620083","7","344","C4620083 M4","posttmt",0.0201861594138101,"344 posttmt","7 posttmt"
"39609","M4","C4620083","7","345","C4620083 M4","posttmt",0.0198414683448677,"345 posttmt","7 posttmt"
"39610","M4","C4620083","7","346","C4620083 M4","posttmt",0.0198005905193404,"346 posttmt","7 posttmt"
"39611","M4","C4620083","7","347","C4620083 M4","posttmt",0.0193466896256052,"347 posttmt","7 posttmt"
"39612","M4","C4620083","7","348","C4620083 M4","posttmt",0.0193202943291424,"348 posttmt","7 posttmt"
"39613","M4","C4620083","7","349","C4620083 M4","posttmt",0.0191477203757867,"349 posttmt","7 posttmt"
"39614","M4","C4620083","7","350","C4620083 M4","posttmt",0.0190055568002946,"350 posttmt","7 posttmt"
"39615","M4","C4620083","7","351","C4620083 M4","posttmt",0.0182539830858073,"351 posttmt","7 posttmt"
"39616","M4","C4620083","7","352","C4620083 M4","posttmt",0.0177540064129024,"352 posttmt","7 posttmt"
"39617","M4","C4620083","7","353","C4620083 M4","posttmt",0.0173567492386599,"353 posttmt","7 posttmt"
"39618","M4","C4620083","7","354","C4620083 M4","posttmt",0.0172183644172901,"354 posttmt","7 posttmt"
"39619","M4","C4620083","7","355","C4620083 M4","posttmt",0.0169228489599001,"355 posttmt","7 posttmt"
"39620","M4","C4620083","7","356","C4620083 M4","posttmt",0.01658092232339,"356 posttmt","7 posttmt"
"39621","M4","C4620083","7","357","C4620083 M4","posttmt",0.0164020789671564,"357 posttmt","7 posttmt"
"39622","M4","C4620083","7","358","C4620083 M4","posttmt",0.0145117878735478,"358 posttmt","7 posttmt"
"39623","M4","C4620083","7","359","C4620083 M4","posttmt",0.0139948286421945,"359 posttmt","7 posttmt"
"39624","M4","C4620083","7","360","C4620083 M4","posttmt",0.0133329140947157,"360 posttmt","7 posttmt"
"39625","M4","C4620083","7","361","C4620083 M4","posttmt",0.0132947734174739,"361 posttmt","7 posttmt"
"39626","M4","C4620083","7","362","C4620083 M4","posttmt",0.013147286390253,"362 posttmt","7 posttmt"
"39627","M4","C4620083","7","363","C4620083 M4","posttmt",0.012512133464901,"363 posttmt","7 posttmt"
"39628","M4","C4620083","7","364","C4620083 M4","posttmt",0.0119807212401342,"364 posttmt","7 posttmt"
"39629","M4","C4620083","7","365","C4620083 M4","posttmt",0.0119545990026221,"365 posttmt","7 posttmt"
"39630","M4","C4620083","7","366","C4620083 M4","posttmt",0.0118307233329813,"366 posttmt","7 posttmt"
"39631","M4","C4620083","7","367","C4620083 M4","posttmt",0.0114980231150856,"367 posttmt","7 posttmt"
"39632","M4","C4620083","7","368","C4620083 M4","posttmt",0.0103006939057514,"368 posttmt","7 posttmt"
"39633","M4","C4620083","7","369","C4620083 M4","posttmt",0.00989521397864867,"369 posttmt","7 posttmt"
"39634","M4","C4620083","7","370","C4620083 M4","posttmt",0.00967980866777553,"370 posttmt","7 posttmt"
"39635","M4","C4620083","7","371","C4620083 M4","posttmt",0.00963853577165292,"371 posttmt","7 posttmt"
"39636","M4","C4620083","7","372","C4620083 M4","posttmt",0.00946538038291737,"372 posttmt","7 posttmt"
"39637","M4","C4620083","7","373","C4620083 M4","posttmt",0.00936509192442226,"373 posttmt","7 posttmt"
"39638","M4","C4620083","7","374","C4620083 M4","posttmt",0.00887508540495184,"374 posttmt","7 posttmt"
"39639","M4","C4620083","7","375","C4620083 M4","posttmt",0.00867158025711177,"375 posttmt","7 posttmt"
"39640","M4","C4620083","7","376","C4620083 M4","posttmt",0.00796158951373909,"376 posttmt","7 posttmt"
"39641","M4","C4620083","7","377","C4620083 M4","posttmt",0.00795485494796122,"377 posttmt","7 posttmt"
"39642","M4","C4620083","7","378","C4620083 M4","posttmt",0.00792607085097715,"378 posttmt","7 posttmt"
"39643","M4","C4620083","7","379","C4620083 M4","posttmt",0.00618268791429797,"379 posttmt","7 posttmt"
"39644","M4","C4620083","7","380","C4620083 M4","posttmt",0.00322512994342244,"380 posttmt","7 posttmt"
"39645","M4","C4620083","7","381","C4620083 M4","posttmt",0.00310583902215569,"381 posttmt","7 posttmt"
"39646","M4","C4620083","7","382","C4620083 M4","posttmt",0.00284502475846352,"382 posttmt","7 posttmt"
"39647","M4","C4620083","7","383","C4620083 M4","posttmt",0.00216749479980057,"383 posttmt","7 posttmt"
"39648","M4","C4620083","7","384","C4620083 M4","posttmt",-0.000270595318475717,"384 posttmt","7 posttmt"
"39649","M4","C4620083","7","385","C4620083 M4","posttmt",-0.00166052971520585,"385 posttmt","7 posttmt"
"39650","M4","C4620083","7","386","C4620083 M4","posttmt",-0.00190624642731065,"386 posttmt","7 posttmt"
"39651","M4","C4620083","7","387","C4620083 M4","posttmt",-0.00243216057951044,"387 posttmt","7 posttmt"
"39652","M4","C4620083","7","388","C4620083 M4","posttmt",-0.00300398302612871,"388 posttmt","7 posttmt"
"39653","M4","C4620083","7","389","C4620083 M4","posttmt",-0.00369855699988266,"389 posttmt","7 posttmt"
"39654","M4","C4620083","7","390","C4620083 M4","posttmt",-0.00422400643480725,"390 posttmt","7 posttmt"
"39655","M4","C4620083","7","391","C4620083 M4","posttmt",-0.00438098905118232,"391 posttmt","7 posttmt"
"39656","M4","C4620083","7","392","C4620083 M4","posttmt",-0.00460410063354961,"392 posttmt","7 posttmt"
"39657","M4","C4620083","7","393","C4620083 M4","posttmt",-0.00581905709617157,"393 posttmt","7 posttmt"
"39658","M4","C4620083","7","394","C4620083 M4","posttmt",-0.00590399819736854,"394 posttmt","7 posttmt"
"39659","M4","C4620083","7","395","C4620083 M4","posttmt",-0.00600063891131354,"395 posttmt","7 posttmt"
"39660","M4","C4620083","7","396","C4620083 M4","posttmt",-0.00908808491144239,"396 posttmt","7 posttmt"
"39661","M4","C4620083","7","397","C4620083 M4","posttmt",-0.00927358669488638,"397 posttmt","7 posttmt"
"39662","M4","C4620083","7","398","C4620083 M4","posttmt",-0.00977168075418941,"398 posttmt","7 posttmt"
"39663","M4","C4620083","7","399","C4620083 M4","posttmt",-0.0121040234521686,"399 posttmt","7 posttmt"
"39664","M4","C4620083","7","400","C4620083 M4","posttmt",-0.0125415507038477,"400 posttmt","7 posttmt"
"39665","M4","C4620083","7","401","C4620083 M4","posttmt",-0.014139751310531,"401 posttmt","7 posttmt"
"39666","M4","C4620083","7","402","C4620083 M4","posttmt",-0.0155217038405374,"402 posttmt","7 posttmt"
"39667","M4","C4620083","7","403","C4620083 M4","posttmt",-0.0158218610000633,"403 posttmt","7 posttmt"
"39668","M4","C4620083","7","404","C4620083 M4","posttmt",-0.0243891391378171,"404 posttmt","7 posttmt"
"39669","M4","C4620083","7","405","C4620083 M4","posttmt",-0.0258228560379451,"405 posttmt","7 posttmt"
"39670","M4","C4620083","7","406","C4620083 M4","posttmt",-0.0262464520068831,"406 posttmt","7 posttmt"
"39671","M4","C4620083","7","407","C4620083 M4","posttmt",-0.0305779340056772,"407 posttmt","7 posttmt"
"39672","M2","C4620081","7","0","C4620081 M2","posttmt",0.138842870163464,"0 posttmt","7 posttmt"
"39673","M2","C4620081","7","1","C4620081 M2","posttmt",0.136496832170521,"1 posttmt","7 posttmt"
"39674","M2","C4620081","7","2","C4620081 M2","posttmt",0.13059551528607,"2 posttmt","7 posttmt"
"39675","M2","C4620081","7","3","C4620081 M2","posttmt",0.119063171605809,"3 posttmt","7 posttmt"
"39676","M2","C4620081","7","4","C4620081 M2","posttmt",0.114954630593597,"4 posttmt","7 posttmt"
"39677","M2","C4620081","7","5","C4620081 M2","posttmt",0.110170236420967,"5 posttmt","7 posttmt"
"39678","M2","C4620081","7","6","C4620081 M2","posttmt",0.109784529597953,"6 posttmt","7 posttmt"
"39679","M2","C4620081","7","7","C4620081 M2","posttmt",0.108383698297498,"7 posttmt","7 posttmt"
"39680","M2","C4620081","7","8","C4620081 M2","posttmt",0.106192773382559,"8 posttmt","7 posttmt"
"39681","M2","C4620081","7","9","C4620081 M2","posttmt",0.103465102057824,"9 posttmt","7 posttmt"
"39682","M2","C4620081","7","10","C4620081 M2","posttmt",0.0979403266184822,"10 posttmt","7 posttmt"
"39683","M2","C4620081","7","11","C4620081 M2","posttmt",0.0977285491890276,"11 posttmt","7 posttmt"
"39684","M2","C4620081","7","12","C4620081 M2","posttmt",0.0962457059219697,"12 posttmt","7 posttmt"
"39685","M2","C4620081","7","13","C4620081 M2","posttmt",0.0956379907455553,"13 posttmt","7 posttmt"
"39686","M2","C4620081","7","14","C4620081 M2","posttmt",0.0945615199427338,"14 posttmt","7 posttmt"
"39687","M2","C4620081","7","15","C4620081 M2","posttmt",0.0916074476812206,"15 posttmt","7 posttmt"
"39688","M2","C4620081","7","16","C4620081 M2","posttmt",0.090430050797336,"16 posttmt","7 posttmt"
"39689","M2","C4620081","7","17","C4620081 M2","posttmt",0.0901184543286723,"17 posttmt","7 posttmt"
"39690","M2","C4620081","7","18","C4620081 M2","posttmt",0.0900253263280559,"18 posttmt","7 posttmt"
"39691","M2","C4620081","7","19","C4620081 M2","posttmt",0.0887865213192723,"19 posttmt","7 posttmt"
"39692","M2","C4620081","7","20","C4620081 M2","posttmt",0.0879457633549557,"20 posttmt","7 posttmt"
"39693","M2","C4620081","7","21","C4620081 M2","posttmt",0.0871502705183408,"21 posttmt","7 posttmt"
"39694","M2","C4620081","7","22","C4620081 M2","posttmt",0.0853949475192874,"22 posttmt","7 posttmt"
"39695","M2","C4620081","7","23","C4620081 M2","posttmt",0.0837489611259086,"23 posttmt","7 posttmt"
"39696","M2","C4620081","7","24","C4620081 M2","posttmt",0.0831088626583161,"24 posttmt","7 posttmt"
"39697","M2","C4620081","7","25","C4620081 M2","posttmt",0.0827073000858749,"25 posttmt","7 posttmt"
"39698","M2","C4620081","7","26","C4620081 M2","posttmt",0.0811529506602541,"26 posttmt","7 posttmt"
"39699","M2","C4620081","7","27","C4620081 M2","posttmt",0.0811244499465286,"27 posttmt","7 posttmt"
"39700","M2","C4620081","7","28","C4620081 M2","posttmt",0.080705947963442,"28 posttmt","7 posttmt"
"39701","M2","C4620081","7","29","C4620081 M2","posttmt",0.0795607514778787,"29 posttmt","7 posttmt"
"39702","M2","C4620081","7","30","C4620081 M2","posttmt",0.0782322485365439,"30 posttmt","7 posttmt"
"39703","M2","C4620081","7","31","C4620081 M2","posttmt",0.0776840004503558,"31 posttmt","7 posttmt"
"39704","M2","C4620081","7","32","C4620081 M2","posttmt",0.0769037941787364,"32 posttmt","7 posttmt"
"39705","M2","C4620081","7","33","C4620081 M2","posttmt",0.0767708870605047,"33 posttmt","7 posttmt"
"39706","M2","C4620081","7","34","C4620081 M2","posttmt",0.0767006158876443,"34 posttmt","7 posttmt"
"39707","M2","C4620081","7","35","C4620081 M2","posttmt",0.0763452880678115,"35 posttmt","7 posttmt"
"39708","M2","C4620081","7","36","C4620081 M2","posttmt",0.0762298706754451,"36 posttmt","7 posttmt"
"39709","M2","C4620081","7","37","C4620081 M2","posttmt",0.0747236259861506,"37 posttmt","7 posttmt"
"39710","M2","C4620081","7","38","C4620081 M2","posttmt",0.0746923896222771,"38 posttmt","7 posttmt"
"39711","M2","C4620081","7","39","C4620081 M2","posttmt",0.07400120650551,"39 posttmt","7 posttmt"
"39712","M2","C4620081","7","40","C4620081 M2","posttmt",0.0736689045038627,"40 posttmt","7 posttmt"
"39713","M2","C4620081","7","41","C4620081 M2","posttmt",0.0729717914311431,"41 posttmt","7 posttmt"
"39714","M2","C4620081","7","42","C4620081 M2","posttmt",0.0725418056337229,"42 posttmt","7 posttmt"
"39715","M2","C4620081","7","43","C4620081 M2","posttmt",0.0721310953748838,"43 posttmt","7 posttmt"
"39716","M2","C4620081","7","44","C4620081 M2","posttmt",0.0717877694803585,"44 posttmt","7 posttmt"
"39717","M2","C4620081","7","45","C4620081 M2","posttmt",0.0712729339024941,"45 posttmt","7 posttmt"
"39718","M2","C4620081","7","46","C4620081 M2","posttmt",0.0682280234800272,"46 posttmt","7 posttmt"
"39719","M2","C4620081","7","47","C4620081 M2","posttmt",0.0679535766619756,"47 posttmt","7 posttmt"
"39720","M2","C4620081","7","48","C4620081 M2","posttmt",0.0678353568069285,"48 posttmt","7 posttmt"
"39721","M2","C4620081","7","49","C4620081 M2","posttmt",0.0672100931357338,"49 posttmt","7 posttmt"
"39722","M2","C4620081","7","50","C4620081 M2","posttmt",0.0659790234659187,"50 posttmt","7 posttmt"
"39723","M2","C4620081","7","51","C4620081 M2","posttmt",0.0644831073461935,"51 posttmt","7 posttmt"
"39724","M2","C4620081","7","52","C4620081 M2","posttmt",0.0643814945654675,"52 posttmt","7 posttmt"
"39725","M2","C4620081","7","53","C4620081 M2","posttmt",0.0637527490949627,"53 posttmt","7 posttmt"
"39726","M2","C4620081","7","54","C4620081 M2","posttmt",0.0635769008935736,"54 posttmt","7 posttmt"
"39727","M2","C4620081","7","55","C4620081 M2","posttmt",0.0633660669373991,"55 posttmt","7 posttmt"
"39728","M2","C4620081","7","56","C4620081 M2","posttmt",0.0632883955379353,"56 posttmt","7 posttmt"
"39729","M2","C4620081","7","57","C4620081 M2","posttmt",0.0630058168787198,"57 posttmt","7 posttmt"
"39730","M2","C4620081","7","58","C4620081 M2","posttmt",0.0629852133627845,"58 posttmt","7 posttmt"
"39731","M2","C4620081","7","59","C4620081 M2","posttmt",0.062582284282764,"59 posttmt","7 posttmt"
"39732","M2","C4620081","7","60","C4620081 M2","posttmt",0.0612136167630595,"60 posttmt","7 posttmt"
"39733","M2","C4620081","7","61","C4620081 M2","posttmt",0.0605446784592125,"61 posttmt","7 posttmt"
"39734","M2","C4620081","7","62","C4620081 M2","posttmt",0.0601167572653628,"62 posttmt","7 posttmt"
"39735","M2","C4620081","7","63","C4620081 M2","posttmt",0.0596994022523239,"63 posttmt","7 posttmt"
"39736","M2","C4620081","7","64","C4620081 M2","posttmt",0.0594569098666401,"64 posttmt","7 posttmt"
"39737","M2","C4620081","7","65","C4620081 M2","posttmt",0.0593143641038433,"65 posttmt","7 posttmt"
"39738","M2","C4620081","7","66","C4620081 M2","posttmt",0.0578521143836389,"66 posttmt","7 posttmt"
"39739","M2","C4620081","7","67","C4620081 M2","posttmt",0.0577449843669449,"67 posttmt","7 posttmt"
"39740","M2","C4620081","7","68","C4620081 M2","posttmt",0.0574383219923919,"68 posttmt","7 posttmt"
"39741","M2","C4620081","7","69","C4620081 M2","posttmt",0.0574188139622411,"69 posttmt","7 posttmt"
"39742","M2","C4620081","7","70","C4620081 M2","posttmt",0.0573966102386742,"70 posttmt","7 posttmt"
"39743","M2","C4620081","7","71","C4620081 M2","posttmt",0.0573295325605775,"71 posttmt","7 posttmt"
"39744","M2","C4620081","7","72","C4620081 M2","posttmt",0.0573110381272568,"72 posttmt","7 posttmt"
"39745","M2","C4620081","7","73","C4620081 M2","posttmt",0.0568555805727371,"73 posttmt","7 posttmt"
"39746","M2","C4620081","7","74","C4620081 M2","posttmt",0.0568307383578841,"74 posttmt","7 posttmt"
"39747","M2","C4620081","7","75","C4620081 M2","posttmt",0.0563488937713472,"75 posttmt","7 posttmt"
"39748","M2","C4620081","7","76","C4620081 M2","posttmt",0.0557898639727701,"76 posttmt","7 posttmt"
"39749","M2","C4620081","7","77","C4620081 M2","posttmt",0.0548518059933569,"77 posttmt","7 posttmt"
"39750","M2","C4620081","7","78","C4620081 M2","posttmt",0.0540572316016452,"78 posttmt","7 posttmt"
"39751","M2","C4620081","7","79","C4620081 M2","posttmt",0.0539616126945938,"79 posttmt","7 posttmt"
"39752","M2","C4620081","7","80","C4620081 M2","posttmt",0.0523976792327908,"80 posttmt","7 posttmt"
"39753","M2","C4620081","7","81","C4620081 M2","posttmt",0.0519110035689902,"81 posttmt","7 posttmt"
"39754","M2","C4620081","7","82","C4620081 M2","posttmt",0.0500934741319082,"82 posttmt","7 posttmt"
"39755","M2","C4620081","7","83","C4620081 M2","posttmt",0.049655751787477,"83 posttmt","7 posttmt"
"39756","M2","C4620081","7","84","C4620081 M2","posttmt",0.0494107132041486,"84 posttmt","7 posttmt"
"39757","M2","C4620081","7","85","C4620081 M2","posttmt",0.0493427955529496,"85 posttmt","7 posttmt"
"39758","M2","C4620081","7","86","C4620081 M2","posttmt",0.0482088607887911,"86 posttmt","7 posttmt"
"39759","M2","C4620081","7","87","C4620081 M2","posttmt",0.0476634013708302,"87 posttmt","7 posttmt"
"39760","M2","C4620081","7","88","C4620081 M2","posttmt",0.0472794443274478,"88 posttmt","7 posttmt"
"39761","M2","C4620081","7","89","C4620081 M2","posttmt",0.0470028189515826,"89 posttmt","7 posttmt"
"39762","M2","C4620081","7","90","C4620081 M2","posttmt",0.0468142545226964,"90 posttmt","7 posttmt"
"39763","M2","C4620081","7","91","C4620081 M2","posttmt",0.0465278352104503,"91 posttmt","7 posttmt"
"39764","M2","C4620081","7","92","C4620081 M2","posttmt",0.046234608901824,"92 posttmt","7 posttmt"
"39765","M2","C4620081","7","93","C4620081 M2","posttmt",0.0457605136883377,"93 posttmt","7 posttmt"
"39766","M2","C4620081","7","94","C4620081 M2","posttmt",0.0451988521026191,"94 posttmt","7 posttmt"
"39767","M2","C4620081","7","95","C4620081 M2","posttmt",0.0445991940788874,"95 posttmt","7 posttmt"
"39768","M2","C4620081","7","96","C4620081 M2","posttmt",0.0437937945429064,"96 posttmt","7 posttmt"
"39769","M2","C4620081","7","97","C4620081 M2","posttmt",0.0437318016519119,"97 posttmt","7 posttmt"
"39770","M2","C4620081","7","98","C4620081 M2","posttmt",0.043449331880222,"98 posttmt","7 posttmt"
"39771","M2","C4620081","7","99","C4620081 M2","posttmt",0.0422175562691512,"99 posttmt","7 posttmt"
"39772","M2","C4620081","7","100","C4620081 M2","posttmt",0.0397293328228508,"100 posttmt","7 posttmt"
"39773","M2","C4620081","7","101","C4620081 M2","posttmt",0.0395500503169541,"101 posttmt","7 posttmt"
"39774","M2","C4620081","7","102","C4620081 M2","posttmt",0.0379744298307698,"102 posttmt","7 posttmt"
"39775","M2","C4620081","7","103","C4620081 M2","posttmt",0.0376474459495302,"103 posttmt","7 posttmt"
"39776","M2","C4620081","7","104","C4620081 M2","posttmt",0.0375660955106784,"104 posttmt","7 posttmt"
"39777","M2","C4620081","7","105","C4620081 M2","posttmt",0.0363220929998273,"105 posttmt","7 posttmt"
"39778","M2","C4620081","7","106","C4620081 M2","posttmt",0.0358890560513065,"106 posttmt","7 posttmt"
"39779","M2","C4620081","7","107","C4620081 M2","posttmt",0.0357308961554562,"107 posttmt","7 posttmt"
"39780","M2","C4620081","7","108","C4620081 M2","posttmt",0.0354321095675139,"108 posttmt","7 posttmt"
"39781","M2","C4620081","7","109","C4620081 M2","posttmt",0.0346852776122548,"109 posttmt","7 posttmt"
"39782","M2","C4620081","7","110","C4620081 M2","posttmt",0.0338058829405953,"110 posttmt","7 posttmt"
"39783","M2","C4620081","7","111","C4620081 M2","posttmt",0.033335278544168,"111 posttmt","7 posttmt"
"39784","M2","C4620081","7","112","C4620081 M2","posttmt",0.0319069675403427,"112 posttmt","7 posttmt"
"39785","M2","C4620081","7","113","C4620081 M2","posttmt",0.0318651613306895,"113 posttmt","7 posttmt"
"39786","M2","C4620081","7","114","C4620081 M2","posttmt",0.0311586847417276,"114 posttmt","7 posttmt"
"39787","M2","C4620081","7","115","C4620081 M2","posttmt",0.0293226837248363,"115 posttmt","7 posttmt"
"39788","M2","C4620081","7","116","C4620081 M2","posttmt",0.028965243138743,"116 posttmt","7 posttmt"
"39789","M2","C4620081","7","117","C4620081 M2","posttmt",0.0272958739631311,"117 posttmt","7 posttmt"
"39790","M2","C4620081","7","118","C4620081 M2","posttmt",0.0261895972493006,"118 posttmt","7 posttmt"
"39791","M2","C4620081","7","119","C4620081 M2","posttmt",0.0257484240762776,"119 posttmt","7 posttmt"
"39792","M2","C4620081","7","120","C4620081 M2","posttmt",0.0219478377315026,"120 posttmt","7 posttmt"
"39793","M2","C4620081","7","121","C4620081 M2","posttmt",0.0217073708348847,"121 posttmt","7 posttmt"
"39794","M2","C4620081","7","122","C4620081 M2","posttmt",0.0207304968597053,"122 posttmt","7 posttmt"
"39795","M2","C4620081","7","123","C4620081 M2","posttmt",0.02025769932761,"123 posttmt","7 posttmt"
"39796","M2","C4620081","7","124","C4620081 M2","posttmt",0.0179799246120669,"124 posttmt","7 posttmt"
"39797","M2","C4620081","7","125","C4620081 M2","posttmt",0.0172309412129692,"125 posttmt","7 posttmt"
"39798","M2","C4620081","7","126","C4620081 M2","posttmt",0.0157170718801708,"126 posttmt","7 posttmt"
"39799","M2","C4620081","7","127","C4620081 M2","posttmt",0.0123241652014381,"127 posttmt","7 posttmt"
"39800","M2","C4620081","7","128","C4620081 M2","posttmt",0.0122208116728705,"128 posttmt","7 posttmt"
"39801","M2","C4620081","7","129","C4620081 M2","posttmt",0.0106673013998324,"129 posttmt","7 posttmt"
"39802","M2","C4620081","7","130","C4620081 M2","posttmt",0.0104409273440165,"130 posttmt","7 posttmt"
"39803","M2","C4620081","7","131","C4620081 M2","posttmt",0.0100579526969814,"131 posttmt","7 posttmt"
"39804","M2","C4620081","7","132","C4620081 M2","posttmt",0.00952699795536279,"132 posttmt","7 posttmt"
"39805","M2","C4620081","7","133","C4620081 M2","posttmt",0.00947440667349857,"133 posttmt","7 posttmt"
"39806","M2","C4620081","7","134","C4620081 M2","posttmt",0.00876724142326287,"134 posttmt","7 posttmt"
"39807","M2","C4620081","7","135","C4620081 M2","posttmt",0.00868810249702108,"135 posttmt","7 posttmt"
"39808","M2","C4620081","7","136","C4620081 M2","posttmt",0.00852390288233701,"136 posttmt","7 posttmt"
"39809","M2","C4620081","7","137","C4620081 M2","posttmt",0.00762058735865275,"137 posttmt","7 posttmt"
"39810","M2","C4620081","7","138","C4620081 M2","posttmt",0.00710825147540903,"138 posttmt","7 posttmt"
"39811","M2","C4620081","7","139","C4620081 M2","posttmt",0.00684870740401664,"139 posttmt","7 posttmt"
"39812","M2","C4620081","7","140","C4620081 M2","posttmt",0.00641184359588777,"140 posttmt","7 posttmt"
"39813","M2","C4620081","7","141","C4620081 M2","posttmt",0.0063341349324533,"141 posttmt","7 posttmt"
"39814","M2","C4620081","7","142","C4620081 M2","posttmt",0.00537109435846985,"142 posttmt","7 posttmt"
"39815","M2","C4620081","7","143","C4620081 M2","posttmt",0.0047848480098243,"143 posttmt","7 posttmt"
"39816","M2","C4620081","7","144","C4620081 M2","posttmt",0.00389859079414937,"144 posttmt","7 posttmt"
"39817","M2","C4620081","7","145","C4620081 M2","posttmt",0.00126730660285761,"145 posttmt","7 posttmt"
"39818","M2","C4620081","7","146","C4620081 M2","posttmt",-0.00526594032120159,"146 posttmt","7 posttmt"
"39819","M2","C4620081","7","147","C4620081 M2","posttmt",-0.00614594702429016,"147 posttmt","7 posttmt"
"39820","M2","C4620081","7","148","C4620081 M2","posttmt",-0.00619401785619489,"148 posttmt","7 posttmt"
"39821","M2","C4620081","7","149","C4620081 M2","posttmt",-0.0073795313040025,"149 posttmt","7 posttmt"
"39822","M2","C4620081","7","150","C4620081 M2","posttmt",-0.02644855284664,"150 posttmt","7 posttmt"
"39823","M2","C4620081","7","151","C4620081 M2","posttmt",-0.027952674479527,"151 posttmt","7 posttmt"
"39824","M2","C4620081","7","152","C4620081 M2","posttmt",-0.0361869083499423,"152 posttmt","7 posttmt"
"39825","M3","C4620081","7","0","C4620081 M3","posttmt",0.12553261430298,"0 posttmt","7 posttmt"
"39826","M3","C4620081","7","1","C4620081 M3","posttmt",0.108378950091874,"1 posttmt","7 posttmt"
"39827","M3","C4620081","7","2","C4620081 M3","posttmt",0.105956825738729,"2 posttmt","7 posttmt"
"39828","M3","C4620081","7","3","C4620081 M3","posttmt",0.102848968047424,"3 posttmt","7 posttmt"
"39829","M3","C4620081","7","4","C4620081 M3","posttmt",0.102455247710914,"4 posttmt","7 posttmt"
"39830","M3","C4620081","7","5","C4620081 M3","posttmt",0.101368246674631,"5 posttmt","7 posttmt"
"39831","M3","C4620081","7","6","C4620081 M3","posttmt",0.100875123825109,"6 posttmt","7 posttmt"
"39832","M3","C4620081","7","7","C4620081 M3","posttmt",0.0998871569613583,"7 posttmt","7 posttmt"
"39833","M3","C4620081","7","8","C4620081 M3","posttmt",0.0992163143756721,"8 posttmt","7 posttmt"
"39834","M3","C4620081","7","9","C4620081 M3","posttmt",0.0977881538741945,"9 posttmt","7 posttmt"
"39835","M3","C4620081","7","10","C4620081 M3","posttmt",0.0973647609638141,"10 posttmt","7 posttmt"
"39836","M3","C4620081","7","11","C4620081 M3","posttmt",0.0927466201842675,"11 posttmt","7 posttmt"
"39837","M3","C4620081","7","12","C4620081 M3","posttmt",0.0925621735393664,"12 posttmt","7 posttmt"
"39838","M3","C4620081","7","13","C4620081 M3","posttmt",0.0901560864232096,"13 posttmt","7 posttmt"
"39839","M3","C4620081","7","14","C4620081 M3","posttmt",0.089638943104528,"14 posttmt","7 posttmt"
"39840","M3","C4620081","7","15","C4620081 M3","posttmt",0.0888956999962292,"15 posttmt","7 posttmt"
"39841","M3","C4620081","7","16","C4620081 M3","posttmt",0.0887319602434075,"16 posttmt","7 posttmt"
"39842","M3","C4620081","7","17","C4620081 M3","posttmt",0.0881210510089651,"17 posttmt","7 posttmt"
"39843","M3","C4620081","7","18","C4620081 M3","posttmt",0.0877053736920547,"18 posttmt","7 posttmt"
"39844","M3","C4620081","7","19","C4620081 M3","posttmt",0.0862802685856244,"19 posttmt","7 posttmt"
"39845","M3","C4620081","7","20","C4620081 M3","posttmt",0.0815422882460702,"20 posttmt","7 posttmt"
"39846","M3","C4620081","7","21","C4620081 M3","posttmt",0.0801343097226684,"21 posttmt","7 posttmt"
"39847","M3","C4620081","7","22","C4620081 M3","posttmt",0.0795878541581313,"22 posttmt","7 posttmt"
"39848","M3","C4620081","7","23","C4620081 M3","posttmt",0.0793709864017901,"23 posttmt","7 posttmt"
"39849","M3","C4620081","7","24","C4620081 M3","posttmt",0.0790025560707733,"24 posttmt","7 posttmt"
"39850","M3","C4620081","7","25","C4620081 M3","posttmt",0.0785793034338191,"25 posttmt","7 posttmt"
"39851","M3","C4620081","7","26","C4620081 M3","posttmt",0.0768289003651247,"26 posttmt","7 posttmt"
"39852","M3","C4620081","7","27","C4620081 M3","posttmt",0.0763175977824608,"27 posttmt","7 posttmt"
"39853","M3","C4620081","7","28","C4620081 M3","posttmt",0.0760353560004066,"28 posttmt","7 posttmt"
"39854","M3","C4620081","7","29","C4620081 M3","posttmt",0.0759779814849472,"29 posttmt","7 posttmt"
"39855","M3","C4620081","7","30","C4620081 M3","posttmt",0.0756364345059592,"30 posttmt","7 posttmt"
"39856","M3","C4620081","7","31","C4620081 M3","posttmt",0.0754802984210309,"31 posttmt","7 posttmt"
"39857","M3","C4620081","7","32","C4620081 M3","posttmt",0.0752772359554317,"32 posttmt","7 posttmt"
"39858","M3","C4620081","7","33","C4620081 M3","posttmt",0.0750465184615982,"33 posttmt","7 posttmt"
"39859","M3","C4620081","7","34","C4620081 M3","posttmt",0.0748801779789497,"34 posttmt","7 posttmt"
"39860","M3","C4620081","7","35","C4620081 M3","posttmt",0.0735333349043412,"35 posttmt","7 posttmt"
"39861","M3","C4620081","7","36","C4620081 M3","posttmt",0.0732389894569804,"36 posttmt","7 posttmt"
"39862","M3","C4620081","7","37","C4620081 M3","posttmt",0.0729341542902296,"37 posttmt","7 posttmt"
"39863","M3","C4620081","7","38","C4620081 M3","posttmt",0.0722487590786985,"38 posttmt","7 posttmt"
"39864","M3","C4620081","7","39","C4620081 M3","posttmt",0.0721820457859921,"39 posttmt","7 posttmt"
"39865","M3","C4620081","7","40","C4620081 M3","posttmt",0.0717435579189755,"40 posttmt","7 posttmt"
"39866","M3","C4620081","7","41","C4620081 M3","posttmt",0.071727916243331,"41 posttmt","7 posttmt"
"39867","M3","C4620081","7","42","C4620081 M3","posttmt",0.0714051412242435,"42 posttmt","7 posttmt"
"39868","M3","C4620081","7","43","C4620081 M3","posttmt",0.0713029590165662,"43 posttmt","7 posttmt"
"39869","M3","C4620081","7","44","C4620081 M3","posttmt",0.0711691066615681,"44 posttmt","7 posttmt"
"39870","M3","C4620081","7","45","C4620081 M3","posttmt",0.0709728236662106,"45 posttmt","7 posttmt"
"39871","M3","C4620081","7","46","C4620081 M3","posttmt",0.070512289061368,"46 posttmt","7 posttmt"
"39872","M3","C4620081","7","47","C4620081 M3","posttmt",0.0704346387013848,"47 posttmt","7 posttmt"
"39873","M3","C4620081","7","48","C4620081 M3","posttmt",0.0704277218994771,"48 posttmt","7 posttmt"
"39874","M3","C4620081","7","49","C4620081 M3","posttmt",0.0700121543442247,"49 posttmt","7 posttmt"
"39875","M3","C4620081","7","50","C4620081 M3","posttmt",0.0694893538830017,"50 posttmt","7 posttmt"
"39876","M3","C4620081","7","51","C4620081 M3","posttmt",0.0692660900848635,"51 posttmt","7 posttmt"
"39877","M3","C4620081","7","52","C4620081 M3","posttmt",0.0690371724597593,"52 posttmt","7 posttmt"
"39878","M3","C4620081","7","53","C4620081 M3","posttmt",0.0684528882114062,"53 posttmt","7 posttmt"
"39879","M3","C4620081","7","54","C4620081 M3","posttmt",0.0684343950600826,"54 posttmt","7 posttmt"
"39880","M3","C4620081","7","55","C4620081 M3","posttmt",0.0682298210510713,"55 posttmt","7 posttmt"
"39881","M3","C4620081","7","56","C4620081 M3","posttmt",0.0680750509277924,"56 posttmt","7 posttmt"
"39882","M3","C4620081","7","57","C4620081 M3","posttmt",0.0678436566080629,"57 posttmt","7 posttmt"
"39883","M3","C4620081","7","58","C4620081 M3","posttmt",0.0671965732578459,"58 posttmt","7 posttmt"
"39884","M3","C4620081","7","59","C4620081 M3","posttmt",0.0666014310934283,"59 posttmt","7 posttmt"
"39885","M3","C4620081","7","60","C4620081 M3","posttmt",0.0665998039614377,"60 posttmt","7 posttmt"
"39886","M3","C4620081","7","61","C4620081 M3","posttmt",0.0656215786294961,"61 posttmt","7 posttmt"
"39887","M3","C4620081","7","62","C4620081 M3","posttmt",0.0655927171469192,"62 posttmt","7 posttmt"
"39888","M3","C4620081","7","63","C4620081 M3","posttmt",0.064801492155763,"63 posttmt","7 posttmt"
"39889","M3","C4620081","7","64","C4620081 M3","posttmt",0.0647099494216845,"64 posttmt","7 posttmt"
"39890","M3","C4620081","7","65","C4620081 M3","posttmt",0.0646116370994,"65 posttmt","7 posttmt"
"39891","M3","C4620081","7","66","C4620081 M3","posttmt",0.064386085534748,"66 posttmt","7 posttmt"
"39892","M3","C4620081","7","67","C4620081 M3","posttmt",0.0642073204517522,"67 posttmt","7 posttmt"
"39893","M3","C4620081","7","68","C4620081 M3","posttmt",0.064078712945043,"68 posttmt","7 posttmt"
"39894","M3","C4620081","7","69","C4620081 M3","posttmt",0.0636560412776457,"69 posttmt","7 posttmt"
"39895","M3","C4620081","7","70","C4620081 M3","posttmt",0.0636070413876405,"70 posttmt","7 posttmt"
"39896","M3","C4620081","7","71","C4620081 M3","posttmt",0.0623304668671294,"71 posttmt","7 posttmt"
"39897","M3","C4620081","7","72","C4620081 M3","posttmt",0.0622304628407696,"72 posttmt","7 posttmt"
"39898","M3","C4620081","7","73","C4620081 M3","posttmt",0.0621480970598066,"73 posttmt","7 posttmt"
"39899","M3","C4620081","7","74","C4620081 M3","posttmt",0.0616493068910741,"74 posttmt","7 posttmt"
"39900","M3","C4620081","7","75","C4620081 M3","posttmt",0.0615885730269343,"75 posttmt","7 posttmt"
"39901","M3","C4620081","7","76","C4620081 M3","posttmt",0.0615003806632864,"76 posttmt","7 posttmt"
"39902","M3","C4620081","7","77","C4620081 M3","posttmt",0.0606244468501795,"77 posttmt","7 posttmt"
"39903","M3","C4620081","7","78","C4620081 M3","posttmt",0.0606025203546573,"78 posttmt","7 posttmt"
"39904","M3","C4620081","7","79","C4620081 M3","posttmt",0.0604340159003326,"79 posttmt","7 posttmt"
"39905","M3","C4620081","7","80","C4620081 M3","posttmt",0.0603596669057667,"80 posttmt","7 posttmt"
"39906","M3","C4620081","7","81","C4620081 M3","posttmt",0.0602248653843859,"81 posttmt","7 posttmt"
"39907","M3","C4620081","7","82","C4620081 M3","posttmt",0.0601406125596292,"82 posttmt","7 posttmt"
"39908","M3","C4620081","7","83","C4620081 M3","posttmt",0.0600403112583661,"83 posttmt","7 posttmt"
"39909","M3","C4620081","7","84","C4620081 M3","posttmt",0.0597944414496563,"84 posttmt","7 posttmt"
"39910","M3","C4620081","7","85","C4620081 M3","posttmt",0.0594973073961989,"85 posttmt","7 posttmt"
"39911","M3","C4620081","7","86","C4620081 M3","posttmt",0.0590292401391381,"86 posttmt","7 posttmt"
"39912","M3","C4620081","7","87","C4620081 M3","posttmt",0.0584002988450034,"87 posttmt","7 posttmt"
"39913","M3","C4620081","7","88","C4620081 M3","posttmt",0.057634543354368,"88 posttmt","7 posttmt"
"39914","M3","C4620081","7","89","C4620081 M3","posttmt",0.0573874905932555,"89 posttmt","7 posttmt"
"39915","M3","C4620081","7","90","C4620081 M3","posttmt",0.0571321044445148,"90 posttmt","7 posttmt"
"39916","M3","C4620081","7","91","C4620081 M3","posttmt",0.0564401021146089,"91 posttmt","7 posttmt"
"39917","M3","C4620081","7","92","C4620081 M3","posttmt",0.0561670275162353,"92 posttmt","7 posttmt"
"39918","M3","C4620081","7","93","C4620081 M3","posttmt",0.0554587128726258,"93 posttmt","7 posttmt"
"39919","M3","C4620081","7","94","C4620081 M3","posttmt",0.0548330015801956,"94 posttmt","7 posttmt"
"39920","M3","C4620081","7","95","C4620081 M3","posttmt",0.0543753694174137,"95 posttmt","7 posttmt"
"39921","M3","C4620081","7","96","C4620081 M3","posttmt",0.0541745068317488,"96 posttmt","7 posttmt"
"39922","M3","C4620081","7","97","C4620081 M3","posttmt",0.054051710280219,"97 posttmt","7 posttmt"
"39923","M3","C4620081","7","98","C4620081 M3","posttmt",0.0537271912515119,"98 posttmt","7 posttmt"
"39924","M3","C4620081","7","99","C4620081 M3","posttmt",0.0536233117186516,"99 posttmt","7 posttmt"
"39925","M3","C4620081","7","100","C4620081 M3","posttmt",0.0535748518497513,"100 posttmt","7 posttmt"
"39926","M3","C4620081","7","101","C4620081 M3","posttmt",0.0533303534906139,"101 posttmt","7 posttmt"
"39927","M3","C4620081","7","102","C4620081 M3","posttmt",0.0531628919229184,"102 posttmt","7 posttmt"
"39928","M3","C4620081","7","103","C4620081 M3","posttmt",0.0531064243821608,"103 posttmt","7 posttmt"
"39929","M3","C4620081","7","104","C4620081 M3","posttmt",0.0530422701410918,"104 posttmt","7 posttmt"
"39930","M3","C4620081","7","105","C4620081 M3","posttmt",0.0522422993337912,"105 posttmt","7 posttmt"
"39931","M3","C4620081","7","106","C4620081 M3","posttmt",0.0522365735914824,"106 posttmt","7 posttmt"
"39932","M3","C4620081","7","107","C4620081 M3","posttmt",0.0522301612214532,"107 posttmt","7 posttmt"
"39933","M3","C4620081","7","108","C4620081 M3","posttmt",0.0515660603780555,"108 posttmt","7 posttmt"
"39934","M3","C4620081","7","109","C4620081 M3","posttmt",0.051198044710352,"109 posttmt","7 posttmt"
"39935","M3","C4620081","7","110","C4620081 M3","posttmt",0.0507527825225109,"110 posttmt","7 posttmt"
"39936","M3","C4620081","7","111","C4620081 M3","posttmt",0.0507473069407698,"111 posttmt","7 posttmt"
"39937","M3","C4620081","7","112","C4620081 M3","posttmt",0.0507314220796657,"112 posttmt","7 posttmt"
"39938","M3","C4620081","7","113","C4620081 M3","posttmt",0.0506473032284638,"113 posttmt","7 posttmt"
"39939","M3","C4620081","7","114","C4620081 M3","posttmt",0.0504958176304818,"114 posttmt","7 posttmt"
"39940","M3","C4620081","7","115","C4620081 M3","posttmt",0.0498648424375204,"115 posttmt","7 posttmt"
"39941","M3","C4620081","7","116","C4620081 M3","posttmt",0.0493632684542459,"116 posttmt","7 posttmt"
"39942","M3","C4620081","7","117","C4620081 M3","posttmt",0.0490811461060815,"117 posttmt","7 posttmt"
"39943","M3","C4620081","7","118","C4620081 M3","posttmt",0.0487888350690125,"118 posttmt","7 posttmt"
"39944","M3","C4620081","7","119","C4620081 M3","posttmt",0.0487380291729157,"119 posttmt","7 posttmt"
"39945","M3","C4620081","7","120","C4620081 M3","posttmt",0.0486494114216765,"120 posttmt","7 posttmt"
"39946","M3","C4620081","7","121","C4620081 M3","posttmt",0.0486207897680764,"121 posttmt","7 posttmt"
"39947","M3","C4620081","7","122","C4620081 M3","posttmt",0.0485765110002761,"122 posttmt","7 posttmt"
"39948","M3","C4620081","7","123","C4620081 M3","posttmt",0.0482359272651908,"123 posttmt","7 posttmt"
"39949","M3","C4620081","7","124","C4620081 M3","posttmt",0.0480424366757922,"124 posttmt","7 posttmt"
"39950","M3","C4620081","7","125","C4620081 M3","posttmt",0.0479147478293099,"125 posttmt","7 posttmt"
"39951","M3","C4620081","7","126","C4620081 M3","posttmt",0.0479124037222989,"126 posttmt","7 posttmt"
"39952","M3","C4620081","7","127","C4620081 M3","posttmt",0.0478962201937035,"127 posttmt","7 posttmt"
"39953","M3","C4620081","7","128","C4620081 M3","posttmt",0.0477364243760984,"128 posttmt","7 posttmt"
"39954","M3","C4620081","7","129","C4620081 M3","posttmt",0.0477011068715225,"129 posttmt","7 posttmt"
"39955","M3","C4620081","7","130","C4620081 M3","posttmt",0.0471618943835382,"130 posttmt","7 posttmt"
"39956","M3","C4620081","7","131","C4620081 M3","posttmt",0.0471233242060627,"131 posttmt","7 posttmt"
"39957","M3","C4620081","7","132","C4620081 M3","posttmt",0.0466966266073796,"132 posttmt","7 posttmt"
"39958","M3","C4620081","7","133","C4620081 M3","posttmt",0.046641877274871,"133 posttmt","7 posttmt"
"39959","M3","C4620081","7","134","C4620081 M3","posttmt",0.046147451684215,"134 posttmt","7 posttmt"
"39960","M3","C4620081","7","135","C4620081 M3","posttmt",0.0461309223263733,"135 posttmt","7 posttmt"
"39961","M3","C4620081","7","136","C4620081 M3","posttmt",0.0459430507357766,"136 posttmt","7 posttmt"
"39962","M3","C4620081","7","137","C4620081 M3","posttmt",0.0459297089352266,"137 posttmt","7 posttmt"
"39963","M3","C4620081","7","138","C4620081 M3","posttmt",0.0455037058629886,"138 posttmt","7 posttmt"
"39964","M3","C4620081","7","139","C4620081 M3","posttmt",0.0454511842510391,"139 posttmt","7 posttmt"
"39965","M3","C4620081","7","140","C4620081 M3","posttmt",0.0451256182386791,"140 posttmt","7 posttmt"
"39966","M3","C4620081","7","141","C4620081 M3","posttmt",0.0450967609010407,"141 posttmt","7 posttmt"
"39967","M3","C4620081","7","142","C4620081 M3","posttmt",0.0450712831350529,"142 posttmt","7 posttmt"
"39968","M3","C4620081","7","143","C4620081 M3","posttmt",0.0450234444245509,"143 posttmt","7 posttmt"
"39969","M3","C4620081","7","144","C4620081 M3","posttmt",0.0450206748942408,"144 posttmt","7 posttmt"
"39970","M3","C4620081","7","145","C4620081 M3","posttmt",0.0446484619307758,"145 posttmt","7 posttmt"
"39971","M3","C4620081","7","146","C4620081 M3","posttmt",0.0443218765737106,"146 posttmt","7 posttmt"
"39972","M3","C4620081","7","147","C4620081 M3","posttmt",0.0442830551648854,"147 posttmt","7 posttmt"
"39973","M3","C4620081","7","148","C4620081 M3","posttmt",0.0441610736446829,"148 posttmt","7 posttmt"
"39974","M3","C4620081","7","149","C4620081 M3","posttmt",0.0440349419592341,"149 posttmt","7 posttmt"
"39975","M3","C4620081","7","150","C4620081 M3","posttmt",0.043878263680016,"150 posttmt","7 posttmt"
"39976","M3","C4620081","7","151","C4620081 M3","posttmt",0.0438290456553892,"151 posttmt","7 posttmt"
"39977","M3","C4620081","7","152","C4620081 M3","posttmt",0.0432566748473947,"152 posttmt","7 posttmt"
"39978","M3","C4620081","7","153","C4620081 M3","posttmt",0.0432213592883574,"153 posttmt","7 posttmt"
"39979","M3","C4620081","7","154","C4620081 M3","posttmt",0.0431738591003239,"154 posttmt","7 posttmt"
"39980","M3","C4620081","7","155","C4620081 M3","posttmt",0.0428239357016265,"155 posttmt","7 posttmt"
"39981","M3","C4620081","7","156","C4620081 M3","posttmt",0.0427069168268557,"156 posttmt","7 posttmt"
"39982","M3","C4620081","7","157","C4620081 M3","posttmt",0.0424347658299863,"157 posttmt","7 posttmt"
"39983","M3","C4620081","7","158","C4620081 M3","posttmt",0.0421113607913077,"158 posttmt","7 posttmt"
"39984","M3","C4620081","7","159","C4620081 M3","posttmt",0.0419624303006784,"159 posttmt","7 posttmt"
"39985","M3","C4620081","7","160","C4620081 M3","posttmt",0.0418070172001678,"160 posttmt","7 posttmt"
"39986","M3","C4620081","7","161","C4620081 M3","posttmt",0.0417567072649973,"161 posttmt","7 posttmt"
"39987","M3","C4620081","7","162","C4620081 M3","posttmt",0.0416960612653519,"162 posttmt","7 posttmt"
"39988","M3","C4620081","7","163","C4620081 M3","posttmt",0.0416612997322024,"163 posttmt","7 posttmt"
"39989","M3","C4620081","7","164","C4620081 M3","posttmt",0.0415616669527576,"164 posttmt","7 posttmt"
"39990","M3","C4620081","7","165","C4620081 M3","posttmt",0.0415236320204171,"165 posttmt","7 posttmt"
"39991","M3","C4620081","7","166","C4620081 M3","posttmt",0.0412766815751218,"166 posttmt","7 posttmt"
"39992","M3","C4620081","7","167","C4620081 M3","posttmt",0.0411457841155685,"167 posttmt","7 posttmt"
"39993","M3","C4620081","7","168","C4620081 M3","posttmt",0.0410148233200203,"168 posttmt","7 posttmt"
"39994","M3","C4620081","7","169","C4620081 M3","posttmt",0.0410083938082828,"169 posttmt","7 posttmt"
"39995","M3","C4620081","7","170","C4620081 M3","posttmt",0.0407866797643569,"170 posttmt","7 posttmt"
"39996","M3","C4620081","7","171","C4620081 M3","posttmt",0.0403203388027993,"171 posttmt","7 posttmt"
"39997","M3","C4620081","7","172","C4620081 M3","posttmt",0.039210520225241,"172 posttmt","7 posttmt"
"39998","M3","C4620081","7","173","C4620081 M3","posttmt",0.0389996064903426,"173 posttmt","7 posttmt"
"39999","M3","C4620081","7","174","C4620081 M3","posttmt",0.0389541226771687,"174 posttmt","7 posttmt"
"40000","M3","C4620081","7","175","C4620081 M3","posttmt",0.0388013908673019,"175 posttmt","7 posttmt"
"40001","M3","C4620081","7","176","C4620081 M3","posttmt",0.0386837527817361,"176 posttmt","7 posttmt"
"40002","M3","C4620081","7","177","C4620081 M3","posttmt",0.0384202904235135,"177 posttmt","7 posttmt"
"40003","M3","C4620081","7","178","C4620081 M3","posttmt",0.0378885737335303,"178 posttmt","7 posttmt"
"40004","M3","C4620081","7","179","C4620081 M3","posttmt",0.037818293860744,"179 posttmt","7 posttmt"
"40005","M3","C4620081","7","180","C4620081 M3","posttmt",0.0366544056567267,"180 posttmt","7 posttmt"
"40006","M3","C4620081","7","181","C4620081 M3","posttmt",0.0366435165103686,"181 posttmt","7 posttmt"
"40007","M3","C4620081","7","182","C4620081 M3","posttmt",0.0365338614351002,"182 posttmt","7 posttmt"
"40008","M3","C4620081","7","183","C4620081 M3","posttmt",0.0362307881353659,"183 posttmt","7 posttmt"
"40009","M3","C4620081","7","184","C4620081 M3","posttmt",0.0362262609288156,"184 posttmt","7 posttmt"
"40010","M3","C4620081","7","185","C4620081 M3","posttmt",0.0353192128346534,"185 posttmt","7 posttmt"
"40011","M3","C4620081","7","186","C4620081 M3","posttmt",0.0350356689560447,"186 posttmt","7 posttmt"
"40012","M3","C4620081","7","187","C4620081 M3","posttmt",0.03501262387822,"187 posttmt","7 posttmt"
"40013","M3","C4620081","7","188","C4620081 M3","posttmt",0.0347270914195565,"188 posttmt","7 posttmt"
"40014","M3","C4620081","7","189","C4620081 M3","posttmt",0.0342095461854706,"189 posttmt","7 posttmt"
"40015","M3","C4620081","7","190","C4620081 M3","posttmt",0.0342011792446603,"190 posttmt","7 posttmt"
"40016","M3","C4620081","7","191","C4620081 M3","posttmt",0.0337224653850757,"191 posttmt","7 posttmt"
"40017","M3","C4620081","7","192","C4620081 M3","posttmt",0.033331627254407,"192 posttmt","7 posttmt"
"40018","M3","C4620081","7","193","C4620081 M3","posttmt",0.0332053827663815,"193 posttmt","7 posttmt"
"40019","M3","C4620081","7","194","C4620081 M3","posttmt",0.0330103987881968,"194 posttmt","7 posttmt"
"40020","M3","C4620081","7","195","C4620081 M3","posttmt",0.0325066276874823,"195 posttmt","7 posttmt"
"40021","M3","C4620081","7","196","C4620081 M3","posttmt",0.0324407871659798,"196 posttmt","7 posttmt"
"40022","M3","C4620081","7","197","C4620081 M3","posttmt",0.0323721875668901,"197 posttmt","7 posttmt"
"40023","M3","C4620081","7","198","C4620081 M3","posttmt",0.0323196842132622,"198 posttmt","7 posttmt"
"40024","M3","C4620081","7","199","C4620081 M3","posttmt",0.0322155859082417,"199 posttmt","7 posttmt"
"40025","M3","C4620081","7","200","C4620081 M3","posttmt",0.0320330557192643,"200 posttmt","7 posttmt"
"40026","M3","C4620081","7","201","C4620081 M3","posttmt",0.0319028472736761,"201 posttmt","7 posttmt"
"40027","M3","C4620081","7","202","C4620081 M3","posttmt",0.0318958422876613,"202 posttmt","7 posttmt"
"40028","M3","C4620081","7","203","C4620081 M3","posttmt",0.0315480589400013,"203 posttmt","7 posttmt"
"40029","M3","C4620081","7","204","C4620081 M3","posttmt",0.0315320476598848,"204 posttmt","7 posttmt"
"40030","M3","C4620081","7","205","C4620081 M3","posttmt",0.0314386037637201,"205 posttmt","7 posttmt"
"40031","M3","C4620081","7","206","C4620081 M3","posttmt",0.0312281395046762,"206 posttmt","7 posttmt"
"40032","M3","C4620081","7","207","C4620081 M3","posttmt",0.0308889590975835,"207 posttmt","7 posttmt"
"40033","M3","C4620081","7","208","C4620081 M3","posttmt",0.0307890099646247,"208 posttmt","7 posttmt"
"40034","M3","C4620081","7","209","C4620081 M3","posttmt",0.0295820566286731,"209 posttmt","7 posttmt"
"40035","M3","C4620081","7","210","C4620081 M3","posttmt",0.0293009672837019,"210 posttmt","7 posttmt"
"40036","M3","C4620081","7","211","C4620081 M3","posttmt",0.0292894457293802,"211 posttmt","7 posttmt"
"40037","M3","C4620081","7","212","C4620081 M3","posttmt",0.0289316848164052,"212 posttmt","7 posttmt"
"40038","M3","C4620081","7","213","C4620081 M3","posttmt",0.0289104786699414,"213 posttmt","7 posttmt"
"40039","M3","C4620081","7","214","C4620081 M3","posttmt",0.0279970747235192,"214 posttmt","7 posttmt"
"40040","M3","C4620081","7","215","C4620081 M3","posttmt",0.026883706276043,"215 posttmt","7 posttmt"
"40041","M3","C4620081","7","216","C4620081 M3","posttmt",0.0266230464327505,"216 posttmt","7 posttmt"
"40042","M3","C4620081","7","217","C4620081 M3","posttmt",0.0258752604232795,"217 posttmt","7 posttmt"
"40043","M3","C4620081","7","218","C4620081 M3","posttmt",0.0257694921793284,"218 posttmt","7 posttmt"
"40044","M3","C4620081","7","219","C4620081 M3","posttmt",0.0254597925012188,"219 posttmt","7 posttmt"
"40045","M3","C4620081","7","220","C4620081 M3","posttmt",0.0252905272820784,"220 posttmt","7 posttmt"
"40046","M3","C4620081","7","221","C4620081 M3","posttmt",0.0250946879207813,"221 posttmt","7 posttmt"
"40047","M3","C4620081","7","222","C4620081 M3","posttmt",0.0250683410679159,"222 posttmt","7 posttmt"
"40048","M3","C4620081","7","223","C4620081 M3","posttmt",0.0236767944521977,"223 posttmt","7 posttmt"
"40049","M3","C4620081","7","224","C4620081 M3","posttmt",0.0234533207234495,"224 posttmt","7 posttmt"
"40050","M3","C4620081","7","225","C4620081 M3","posttmt",0.023438461582221,"225 posttmt","7 posttmt"
"40051","M3","C4620081","7","226","C4620081 M3","posttmt",0.0233882173768289,"226 posttmt","7 posttmt"
"40052","M3","C4620081","7","227","C4620081 M3","posttmt",0.0230435730549751,"227 posttmt","7 posttmt"
"40053","M3","C4620081","7","228","C4620081 M3","posttmt",0.0229077349882233,"228 posttmt","7 posttmt"
"40054","M3","C4620081","7","229","C4620081 M3","posttmt",0.0227809581461558,"229 posttmt","7 posttmt"
"40055","M3","C4620081","7","230","C4620081 M3","posttmt",0.0224101771831623,"230 posttmt","7 posttmt"
"40056","M3","C4620081","7","231","C4620081 M3","posttmt",0.0222127221847971,"231 posttmt","7 posttmt"
"40057","M3","C4620081","7","232","C4620081 M3","posttmt",0.021999172132419,"232 posttmt","7 posttmt"
"40058","M3","C4620081","7","233","C4620081 M3","posttmt",0.0217168817756932,"233 posttmt","7 posttmt"
"40059","M3","C4620081","7","234","C4620081 M3","posttmt",0.0214247467028458,"234 posttmt","7 posttmt"
"40060","M3","C4620081","7","235","C4620081 M3","posttmt",0.020773443688963,"235 posttmt","7 posttmt"
"40061","M3","C4620081","7","236","C4620081 M3","posttmt",0.0202852000135051,"236 posttmt","7 posttmt"
"40062","M3","C4620081","7","237","C4620081 M3","posttmt",0.0188094872177692,"237 posttmt","7 posttmt"
"40063","M3","C4620081","7","238","C4620081 M3","posttmt",0.0186637322193828,"238 posttmt","7 posttmt"
"40064","M3","C4620081","7","239","C4620081 M3","posttmt",0.0185606751300836,"239 posttmt","7 posttmt"
"40065","M3","C4620081","7","240","C4620081 M3","posttmt",0.0184590216100829,"240 posttmt","7 posttmt"
"40066","M3","C4620081","7","241","C4620081 M3","posttmt",0.0184568196985253,"241 posttmt","7 posttmt"
"40067","M3","C4620081","7","242","C4620081 M3","posttmt",0.0184287311330169,"242 posttmt","7 posttmt"
"40068","M3","C4620081","7","243","C4620081 M3","posttmt",0.018069925156541,"243 posttmt","7 posttmt"
"40069","M3","C4620081","7","244","C4620081 M3","posttmt",0.0178713250166509,"244 posttmt","7 posttmt"
"40070","M3","C4620081","7","245","C4620081 M3","posttmt",0.0178023090271855,"245 posttmt","7 posttmt"
"40071","M3","C4620081","7","246","C4620081 M3","posttmt",0.0172766823828842,"246 posttmt","7 posttmt"
"40072","M3","C4620081","7","247","C4620081 M3","posttmt",0.0172664520673051,"247 posttmt","7 posttmt"
"40073","M3","C4620081","7","248","C4620081 M3","posttmt",0.017145148859417,"248 posttmt","7 posttmt"
"40074","M3","C4620081","7","249","C4620081 M3","posttmt",0.0170628871505298,"249 posttmt","7 posttmt"
"40075","M3","C4620081","7","250","C4620081 M3","posttmt",0.0170219022846229,"250 posttmt","7 posttmt"
"40076","M3","C4620081","7","251","C4620081 M3","posttmt",0.0167783683529999,"251 posttmt","7 posttmt"
"40077","M3","C4620081","7","252","C4620081 M3","posttmt",0.0165921772661242,"252 posttmt","7 posttmt"
"40078","M3","C4620081","7","253","C4620081 M3","posttmt",0.0164208777944566,"253 posttmt","7 posttmt"
"40079","M3","C4620081","7","254","C4620081 M3","posttmt",0.0156212034658236,"254 posttmt","7 posttmt"
"40080","M3","C4620081","7","255","C4620081 M3","posttmt",0.0149124885157116,"255 posttmt","7 posttmt"
"40081","M3","C4620081","7","256","C4620081 M3","posttmt",0.0148424610340028,"256 posttmt","7 posttmt"
"40082","M3","C4620081","7","257","C4620081 M3","posttmt",0.0148033258866771,"257 posttmt","7 posttmt"
"40083","M3","C4620081","7","258","C4620081 M3","posttmt",0.0143209683413596,"258 posttmt","7 posttmt"
"40084","M3","C4620081","7","259","C4620081 M3","posttmt",0.0139013845401546,"259 posttmt","7 posttmt"
"40085","M3","C4620081","7","260","C4620081 M3","posttmt",0.0136459206555211,"260 posttmt","7 posttmt"
"40086","M3","C4620081","7","261","C4620081 M3","posttmt",0.0131576753760788,"261 posttmt","7 posttmt"
"40087","M3","C4620081","7","262","C4620081 M3","posttmt",0.0129198943082965,"262 posttmt","7 posttmt"
"40088","M3","C4620081","7","263","C4620081 M3","posttmt",0.012502064013983,"263 posttmt","7 posttmt"
"40089","M3","C4620081","7","264","C4620081 M3","posttmt",0.0123203625880812,"264 posttmt","7 posttmt"
"40090","M3","C4620081","7","265","C4620081 M3","posttmt",0.0117287745742625,"265 posttmt","7 posttmt"
"40091","M3","C4620081","7","266","C4620081 M3","posttmt",0.0117082997620442,"266 posttmt","7 posttmt"
"40092","M3","C4620081","7","267","C4620081 M3","posttmt",0.0116709570937414,"267 posttmt","7 posttmt"
"40093","M3","C4620081","7","268","C4620081 M3","posttmt",0.0115748068856094,"268 posttmt","7 posttmt"
"40094","M3","C4620081","7","269","C4620081 M3","posttmt",0.0107509013651968,"269 posttmt","7 posttmt"
"40095","M3","C4620081","7","270","C4620081 M3","posttmt",0.0100896090978651,"270 posttmt","7 posttmt"
"40096","M3","C4620081","7","271","C4620081 M3","posttmt",0.00975577221093839,"271 posttmt","7 posttmt"
"40097","M3","C4620081","7","272","C4620081 M3","posttmt",0.00935684346565332,"272 posttmt","7 posttmt"
"40098","M3","C4620081","7","273","C4620081 M3","posttmt",0.00898048249782446,"273 posttmt","7 posttmt"
"40099","M3","C4620081","7","274","C4620081 M3","posttmt",0.00882243827345968,"274 posttmt","7 posttmt"
"40100","M3","C4620081","7","275","C4620081 M3","posttmt",0.00865165906708845,"275 posttmt","7 posttmt"
"40101","M3","C4620081","7","276","C4620081 M3","posttmt",0.00857316402422315,"276 posttmt","7 posttmt"
"40102","M3","C4620081","7","277","C4620081 M3","posttmt",0.00822516416334604,"277 posttmt","7 posttmt"
"40103","M3","C4620081","7","278","C4620081 M3","posttmt",0.00793099446466819,"278 posttmt","7 posttmt"
"40104","M3","C4620081","7","279","C4620081 M3","posttmt",0.00695634563776678,"279 posttmt","7 posttmt"
"40105","M3","C4620081","7","280","C4620081 M3","posttmt",0.00659875046602267,"280 posttmt","7 posttmt"
"40106","M3","C4620081","7","281","C4620081 M3","posttmt",0.00491121635852078,"281 posttmt","7 posttmt"
"40107","M3","C4620081","7","282","C4620081 M3","posttmt",0.00453785391208561,"282 posttmt","7 posttmt"
"40108","M3","C4620081","7","283","C4620081 M3","posttmt",0.00443306556572932,"283 posttmt","7 posttmt"
"40109","M3","C4620081","7","284","C4620081 M3","posttmt",0.00243318629012232,"284 posttmt","7 posttmt"
"40110","M3","C4620081","7","285","C4620081 M3","posttmt",0.00043880010651727,"285 posttmt","7 posttmt"
"40111","M3","C4620081","7","286","C4620081 M3","posttmt",-0.0012403430519055,"286 posttmt","7 posttmt"
"40112","M3","C4620081","7","287","C4620081 M3","posttmt",-0.00147356912514018,"287 posttmt","7 posttmt"
"40113","M3","C4620081","7","288","C4620081 M3","posttmt",-0.00177855689561249,"288 posttmt","7 posttmt"
"40114","M3","C4620081","7","289","C4620081 M3","posttmt",-0.00196846724818651,"289 posttmt","7 posttmt"
"40115","M3","C4620081","7","290","C4620081 M3","posttmt",-0.00387982871960173,"290 posttmt","7 posttmt"
"40116","M3","C4620081","7","291","C4620081 M3","posttmt",-0.00391276503506844,"291 posttmt","7 posttmt"
"40117","M3","C4620081","7","292","C4620081 M3","posttmt",-0.00410452935027644,"292 posttmt","7 posttmt"
"40118","M3","C4620081","7","293","C4620081 M3","posttmt",-0.00452204245866963,"293 posttmt","7 posttmt"
"40119","M3","C4620081","7","294","C4620081 M3","posttmt",-0.00737745798977026,"294 posttmt","7 posttmt"
"40120","M3","C4620081","7","295","C4620081 M3","posttmt",-0.00753029743483833,"295 posttmt","7 posttmt"
"40121","M3","C4620081","7","296","C4620081 M3","posttmt",-0.00803451372543281,"296 posttmt","7 posttmt"
"40122","M3","C4620081","7","297","C4620081 M3","posttmt",-0.00928998420235112,"297 posttmt","7 posttmt"
"40123","M3","C4620081","7","298","C4620081 M3","posttmt",-0.00950896735611755,"298 posttmt","7 posttmt"
"40124","M3","C4620081","7","299","C4620081 M3","posttmt",-0.0116679074482147,"299 posttmt","7 posttmt"
"40125","M3","C4620081","7","300","C4620081 M3","posttmt",-0.0124271436780921,"300 posttmt","7 posttmt"
"40126","M3","C4620081","7","301","C4620081 M3","posttmt",-0.0129153065914069,"301 posttmt","7 posttmt"
"40127","M3","C4620081","7","302","C4620081 M3","posttmt",-0.0133970520312199,"302 posttmt","7 posttmt"
"40128","M3","C4620081","7","303","C4620081 M3","posttmt",-0.0139850015920552,"303 posttmt","7 posttmt"
"40129","M3","C4620081","7","304","C4620081 M3","posttmt",-0.0140962738401947,"304 posttmt","7 posttmt"
"40130","M3","C4620081","7","305","C4620081 M3","posttmt",-0.0144115305659371,"305 posttmt","7 posttmt"
"40131","M3","C4620081","7","306","C4620081 M3","posttmt",-0.0191498466173147,"306 posttmt","7 posttmt"
"40132","M3","C4620081","7","307","C4620081 M3","posttmt",-0.0212906463734332,"307 posttmt","7 posttmt"
"40133","M3","C4620081","7","308","C4620081 M3","posttmt",-0.0231963220618473,"308 posttmt","7 posttmt"
"40134","M3","C4620081","7","309","C4620081 M3","posttmt",-0.0242868742325856,"309 posttmt","7 posttmt"
"40135","M3","C4620081","7","310","C4620081 M3","posttmt",-0.0279091519524246,"310 posttmt","7 posttmt"
"40136","M3","C4620081","7","311","C4620081 M3","posttmt",-0.0299033818709879,"311 posttmt","7 posttmt"
"40137","M3","C4620081","7","312","C4620081 M3","posttmt",-0.0342797608456525,"312 posttmt","7 posttmt"
"40138","M4","C4620081","7","0","C4620081 M4","posttmt",0.271116845400578,"0 posttmt","7 posttmt"
"40139","M4","C4620081","7","1","C4620081 M4","posttmt",0.270378874910763,"1 posttmt","7 posttmt"
"40140","M4","C4620081","7","2","C4620081 M4","posttmt",0.262997905826012,"2 posttmt","7 posttmt"
"40141","M4","C4620081","7","3","C4620081 M4","posttmt",0.253827284353248,"3 posttmt","7 posttmt"
"40142","M4","C4620081","7","4","C4620081 M4","posttmt",0.25302805784571,"4 posttmt","7 posttmt"
"40143","M4","C4620081","7","5","C4620081 M4","posttmt",0.245393617802106,"5 posttmt","7 posttmt"
"40144","M4","C4620081","7","6","C4620081 M4","posttmt",0.245347014628103,"6 posttmt","7 posttmt"
"40145","M4","C4620081","7","7","C4620081 M4","posttmt",0.239995892561734,"7 posttmt","7 posttmt"
"40146","M4","C4620081","7","8","C4620081 M4","posttmt",0.234123947134925,"8 posttmt","7 posttmt"
"40147","M4","C4620081","7","9","C4620081 M4","posttmt",0.234054868555845,"9 posttmt","7 posttmt"
"40148","M4","C4620081","7","10","C4620081 M4","posttmt",0.231095125653781,"10 posttmt","7 posttmt"
"40149","M4","C4620081","7","11","C4620081 M4","posttmt",0.231000613548004,"11 posttmt","7 posttmt"
"40150","M4","C4620081","7","12","C4620081 M4","posttmt",0.229739664812962,"12 posttmt","7 posttmt"
"40151","M4","C4620081","7","13","C4620081 M4","posttmt",0.227965344324321,"13 posttmt","7 posttmt"
"40152","M4","C4620081","7","14","C4620081 M4","posttmt",0.226084104354465,"14 posttmt","7 posttmt"
"40153","M4","C4620081","7","15","C4620081 M4","posttmt",0.22294643450894,"15 posttmt","7 posttmt"
"40154","M4","C4620081","7","16","C4620081 M4","posttmt",0.219510686011361,"16 posttmt","7 posttmt"
"40155","M4","C4620081","7","17","C4620081 M4","posttmt",0.219212871535396,"17 posttmt","7 posttmt"
"40156","M4","C4620081","7","18","C4620081 M4","posttmt",0.218321994511111,"18 posttmt","7 posttmt"
"40157","M4","C4620081","7","19","C4620081 M4","posttmt",0.216974623246536,"19 posttmt","7 posttmt"
"40158","M4","C4620081","7","20","C4620081 M4","posttmt",0.2169165999689,"20 posttmt","7 posttmt"
"40159","M4","C4620081","7","21","C4620081 M4","posttmt",0.214547868789564,"21 posttmt","7 posttmt"
"40160","M4","C4620081","7","22","C4620081 M4","posttmt",0.214417661464856,"22 posttmt","7 posttmt"
"40161","M4","C4620081","7","23","C4620081 M4","posttmt",0.213834330585298,"23 posttmt","7 posttmt"
"40162","M4","C4620081","7","24","C4620081 M4","posttmt",0.213685934251415,"24 posttmt","7 posttmt"
"40163","M4","C4620081","7","25","C4620081 M4","posttmt",0.213152571714097,"25 posttmt","7 posttmt"
"40164","M4","C4620081","7","26","C4620081 M4","posttmt",0.211811191505565,"26 posttmt","7 posttmt"
"40165","M4","C4620081","7","27","C4620081 M4","posttmt",0.210937035218549,"27 posttmt","7 posttmt"
"40166","M4","C4620081","7","28","C4620081 M4","posttmt",0.210210922021937,"28 posttmt","7 posttmt"
"40167","M4","C4620081","7","29","C4620081 M4","posttmt",0.209615090972541,"29 posttmt","7 posttmt"
"40168","M4","C4620081","7","30","C4620081 M4","posttmt",0.207698579337947,"30 posttmt","7 posttmt"
"40169","M4","C4620081","7","31","C4620081 M4","posttmt",0.205405523660619,"31 posttmt","7 posttmt"
"40170","M4","C4620081","7","32","C4620081 M4","posttmt",0.204854740095006,"32 posttmt","7 posttmt"
"40171","M4","C4620081","7","33","C4620081 M4","posttmt",0.201939038267254,"33 posttmt","7 posttmt"
"40172","M4","C4620081","7","34","C4620081 M4","posttmt",0.201906970857527,"34 posttmt","7 posttmt"
"40173","M4","C4620081","7","35","C4620081 M4","posttmt",0.201724060858582,"35 posttmt","7 posttmt"
"40174","M4","C4620081","7","36","C4620081 M4","posttmt",0.200504902993227,"36 posttmt","7 posttmt"
"40175","M4","C4620081","7","37","C4620081 M4","posttmt",0.197962849637936,"37 posttmt","7 posttmt"
"40176","M4","C4620081","7","38","C4620081 M4","posttmt",0.197483991575764,"38 posttmt","7 posttmt"
"40177","M4","C4620081","7","39","C4620081 M4","posttmt",0.196957402385585,"39 posttmt","7 posttmt"
"40178","M4","C4620081","7","40","C4620081 M4","posttmt",0.196788394360051,"40 posttmt","7 posttmt"
"40179","M4","C4620081","7","41","C4620081 M4","posttmt",0.194130233150249,"41 posttmt","7 posttmt"
"40180","M4","C4620081","7","42","C4620081 M4","posttmt",0.193719738446794,"42 posttmt","7 posttmt"
"40181","M4","C4620081","7","43","C4620081 M4","posttmt",0.193510456833589,"43 posttmt","7 posttmt"
"40182","M4","C4620081","7","44","C4620081 M4","posttmt",0.193024497289803,"44 posttmt","7 posttmt"
"40183","M4","C4620081","7","45","C4620081 M4","posttmt",0.191219445941468,"45 posttmt","7 posttmt"
"40184","M4","C4620081","7","46","C4620081 M4","posttmt",0.189727143739243,"46 posttmt","7 posttmt"
"40185","M4","C4620081","7","47","C4620081 M4","posttmt",0.189703529016773,"47 posttmt","7 posttmt"
"40186","M4","C4620081","7","48","C4620081 M4","posttmt",0.189413606418426,"48 posttmt","7 posttmt"
"40187","M4","C4620081","7","49","C4620081 M4","posttmt",0.189358799645209,"49 posttmt","7 posttmt"
"40188","M4","C4620081","7","50","C4620081 M4","posttmt",0.188619496518382,"50 posttmt","7 posttmt"
"40189","M4","C4620081","7","51","C4620081 M4","posttmt",0.188402781414843,"51 posttmt","7 posttmt"
"40190","M4","C4620081","7","52","C4620081 M4","posttmt",0.188170846560297,"52 posttmt","7 posttmt"
"40191","M4","C4620081","7","53","C4620081 M4","posttmt",0.187866325849905,"53 posttmt","7 posttmt"
"40192","M4","C4620081","7","54","C4620081 M4","posttmt",0.186669654053163,"54 posttmt","7 posttmt"
"40193","M4","C4620081","7","55","C4620081 M4","posttmt",0.185949720626937,"55 posttmt","7 posttmt"
"40194","M4","C4620081","7","56","C4620081 M4","posttmt",0.185482070994237,"56 posttmt","7 posttmt"
"40195","M4","C4620081","7","57","C4620081 M4","posttmt",0.185276368639726,"57 posttmt","7 posttmt"
"40196","M4","C4620081","7","58","C4620081 M4","posttmt",0.184820159711041,"58 posttmt","7 posttmt"
"40197","M4","C4620081","7","59","C4620081 M4","posttmt",0.183982891231632,"59 posttmt","7 posttmt"
"40198","M4","C4620081","7","60","C4620081 M4","posttmt",0.183841727888411,"60 posttmt","7 posttmt"
"40199","M4","C4620081","7","61","C4620081 M4","posttmt",0.18377290861559,"61 posttmt","7 posttmt"
"40200","M4","C4620081","7","62","C4620081 M4","posttmt",0.183240534575781,"62 posttmt","7 posttmt"
"40201","M4","C4620081","7","63","C4620081 M4","posttmt",0.182068355877977,"63 posttmt","7 posttmt"
"40202","M4","C4620081","7","64","C4620081 M4","posttmt",0.181777339679576,"64 posttmt","7 posttmt"
"40203","M4","C4620081","7","65","C4620081 M4","posttmt",0.180503921265294,"65 posttmt","7 posttmt"
"40204","M4","C4620081","7","66","C4620081 M4","posttmt",0.179709699888967,"66 posttmt","7 posttmt"
"40205","M4","C4620081","7","67","C4620081 M4","posttmt",0.179094649277407,"67 posttmt","7 posttmt"
"40206","M4","C4620081","7","68","C4620081 M4","posttmt",0.178685822455748,"68 posttmt","7 posttmt"
"40207","M4","C4620081","7","69","C4620081 M4","posttmt",0.17831351683111,"69 posttmt","7 posttmt"
"40208","M4","C4620081","7","70","C4620081 M4","posttmt",0.176859423135945,"70 posttmt","7 posttmt"
"40209","M4","C4620081","7","71","C4620081 M4","posttmt",0.17634532939798,"71 posttmt","7 posttmt"
"40210","M4","C4620081","7","72","C4620081 M4","posttmt",0.175406981843411,"72 posttmt","7 posttmt"
"40211","M4","C4620081","7","73","C4620081 M4","posttmt",0.175050920167218,"73 posttmt","7 posttmt"
"40212","M4","C4620081","7","74","C4620081 M4","posttmt",0.174768313898745,"74 posttmt","7 posttmt"
"40213","M4","C4620081","7","75","C4620081 M4","posttmt",0.174151200479088,"75 posttmt","7 posttmt"
"40214","M4","C4620081","7","76","C4620081 M4","posttmt",0.173949050065094,"76 posttmt","7 posttmt"
"40215","M4","C4620081","7","77","C4620081 M4","posttmt",0.172876377908714,"77 posttmt","7 posttmt"
"40216","M4","C4620081","7","78","C4620081 M4","posttmt",0.172589493879989,"78 posttmt","7 posttmt"
"40217","M4","C4620081","7","79","C4620081 M4","posttmt",0.172347885978852,"79 posttmt","7 posttmt"
"40218","M4","C4620081","7","80","C4620081 M4","posttmt",0.171959007497612,"80 posttmt","7 posttmt"
"40219","M4","C4620081","7","81","C4620081 M4","posttmt",0.171346023685071,"81 posttmt","7 posttmt"
"40220","M4","C4620081","7","82","C4620081 M4","posttmt",0.170581414831701,"82 posttmt","7 posttmt"
"40221","M4","C4620081","7","83","C4620081 M4","posttmt",0.170447571234893,"83 posttmt","7 posttmt"
"40222","M4","C4620081","7","84","C4620081 M4","posttmt",0.169848402978275,"84 posttmt","7 posttmt"
"40223","M4","C4620081","7","85","C4620081 M4","posttmt",0.169665459468388,"85 posttmt","7 posttmt"
"40224","M4","C4620081","7","86","C4620081 M4","posttmt",0.169299090350949,"86 posttmt","7 posttmt"
"40225","M4","C4620081","7","87","C4620081 M4","posttmt",0.169177177450221,"87 posttmt","7 posttmt"
"40226","M4","C4620081","7","88","C4620081 M4","posttmt",0.168326365013181,"88 posttmt","7 posttmt"
"40227","M4","C4620081","7","89","C4620081 M4","posttmt",0.166962497959044,"89 posttmt","7 posttmt"
"40228","M4","C4620081","7","90","C4620081 M4","posttmt",0.166919691365508,"90 posttmt","7 posttmt"
"40229","M4","C4620081","7","91","C4620081 M4","posttmt",0.166011293642998,"91 posttmt","7 posttmt"
"40230","M4","C4620081","7","92","C4620081 M4","posttmt",0.165722326380696,"92 posttmt","7 posttmt"
"40231","M4","C4620081","7","93","C4620081 M4","posttmt",0.16516196580558,"93 posttmt","7 posttmt"
"40232","M4","C4620081","7","94","C4620081 M4","posttmt",0.164901764189515,"94 posttmt","7 posttmt"
"40233","M4","C4620081","7","95","C4620081 M4","posttmt",0.164683543617764,"95 posttmt","7 posttmt"
"40234","M4","C4620081","7","96","C4620081 M4","posttmt",0.164630215738575,"96 posttmt","7 posttmt"
"40235","M4","C4620081","7","97","C4620081 M4","posttmt",0.164437637691242,"97 posttmt","7 posttmt"
"40236","M4","C4620081","7","98","C4620081 M4","posttmt",0.164073127645132,"98 posttmt","7 posttmt"
"40237","M4","C4620081","7","99","C4620081 M4","posttmt",0.163434801413823,"99 posttmt","7 posttmt"
"40238","M4","C4620081","7","100","C4620081 M4","posttmt",0.162941615750422,"100 posttmt","7 posttmt"
"40239","M4","C4620081","7","101","C4620081 M4","posttmt",0.16169029861932,"101 posttmt","7 posttmt"
"40240","M4","C4620081","7","102","C4620081 M4","posttmt",0.161300962486212,"102 posttmt","7 posttmt"
"40241","M4","C4620081","7","103","C4620081 M4","posttmt",0.16105928099456,"103 posttmt","7 posttmt"
"40242","M4","C4620081","7","104","C4620081 M4","posttmt",0.160099754123397,"104 posttmt","7 posttmt"
"40243","M4","C4620081","7","105","C4620081 M4","posttmt",0.160086688812791,"105 posttmt","7 posttmt"
"40244","M4","C4620081","7","106","C4620081 M4","posttmt",0.159965619177301,"106 posttmt","7 posttmt"
"40245","M4","C4620081","7","107","C4620081 M4","posttmt",0.15884345562265,"107 posttmt","7 posttmt"
"40246","M4","C4620081","7","108","C4620081 M4","posttmt",0.157949336844644,"108 posttmt","7 posttmt"
"40247","M4","C4620081","7","109","C4620081 M4","posttmt",0.157858509707917,"109 posttmt","7 posttmt"
"40248","M4","C4620081","7","110","C4620081 M4","posttmt",0.157829223093853,"110 posttmt","7 posttmt"
"40249","M4","C4620081","7","111","C4620081 M4","posttmt",0.157486969604269,"111 posttmt","7 posttmt"
"40250","M4","C4620081","7","112","C4620081 M4","posttmt",0.157027749669181,"112 posttmt","7 posttmt"
"40251","M4","C4620081","7","113","C4620081 M4","posttmt",0.156852954739982,"113 posttmt","7 posttmt"
"40252","M4","C4620081","7","114","C4620081 M4","posttmt",0.1562589035985,"114 posttmt","7 posttmt"
"40253","M4","C4620081","7","115","C4620081 M4","posttmt",0.155586836084813,"115 posttmt","7 posttmt"
"40254","M4","C4620081","7","116","C4620081 M4","posttmt",0.155287577840091,"116 posttmt","7 posttmt"
"40255","M4","C4620081","7","117","C4620081 M4","posttmt",0.155112312621402,"117 posttmt","7 posttmt"
"40256","M4","C4620081","7","118","C4620081 M4","posttmt",0.154957073710484,"118 posttmt","7 posttmt"
"40257","M4","C4620081","7","119","C4620081 M4","posttmt",0.154457835242999,"119 posttmt","7 posttmt"
"40258","M4","C4620081","7","120","C4620081 M4","posttmt",0.153474591403879,"120 posttmt","7 posttmt"
"40259","M4","C4620081","7","121","C4620081 M4","posttmt",0.153291166095016,"121 posttmt","7 posttmt"
"40260","M4","C4620081","7","122","C4620081 M4","posttmt",0.153254242686188,"122 posttmt","7 posttmt"
"40261","M4","C4620081","7","123","C4620081 M4","posttmt",0.153234528962024,"123 posttmt","7 posttmt"
"40262","M4","C4620081","7","124","C4620081 M4","posttmt",0.152645068558604,"124 posttmt","7 posttmt"
"40263","M4","C4620081","7","125","C4620081 M4","posttmt",0.152375565876192,"125 posttmt","7 posttmt"
"40264","M4","C4620081","7","126","C4620081 M4","posttmt",0.151959662599318,"126 posttmt","7 posttmt"
"40265","M4","C4620081","7","127","C4620081 M4","posttmt",0.151825691916985,"127 posttmt","7 posttmt"
"40266","M4","C4620081","7","128","C4620081 M4","posttmt",0.15116442238462,"128 posttmt","7 posttmt"
"40267","M4","C4620081","7","129","C4620081 M4","posttmt",0.150479813912051,"129 posttmt","7 posttmt"
"40268","M4","C4620081","7","130","C4620081 M4","posttmt",0.150329279678974,"130 posttmt","7 posttmt"
"40269","M4","C4620081","7","131","C4620081 M4","posttmt",0.150280743564901,"131 posttmt","7 posttmt"
"40270","M4","C4620081","7","132","C4620081 M4","posttmt",0.149392252852613,"132 posttmt","7 posttmt"
"40271","M4","C4620081","7","133","C4620081 M4","posttmt",0.148795638820867,"133 posttmt","7 posttmt"
"40272","M4","C4620081","7","134","C4620081 M4","posttmt",0.148659967667054,"134 posttmt","7 posttmt"
"40273","M4","C4620081","7","135","C4620081 M4","posttmt",0.14819839583087,"135 posttmt","7 posttmt"
"40274","M4","C4620081","7","136","C4620081 M4","posttmt",0.147766246873087,"136 posttmt","7 posttmt"
"40275","M4","C4620081","7","137","C4620081 M4","posttmt",0.147524889844181,"137 posttmt","7 posttmt"
"40276","M4","C4620081","7","138","C4620081 M4","posttmt",0.147184988014222,"138 posttmt","7 posttmt"
"40277","M4","C4620081","7","139","C4620081 M4","posttmt",0.147177467423964,"139 posttmt","7 posttmt"
"40278","M4","C4620081","7","140","C4620081 M4","posttmt",0.146536182572435,"140 posttmt","7 posttmt"
"40279","M4","C4620081","7","141","C4620081 M4","posttmt",0.14643051647771,"141 posttmt","7 posttmt"
"40280","M4","C4620081","7","142","C4620081 M4","posttmt",0.146414888180535,"142 posttmt","7 posttmt"
"40281","M4","C4620081","7","143","C4620081 M4","posttmt",0.145794215540384,"143 posttmt","7 posttmt"
"40282","M4","C4620081","7","144","C4620081 M4","posttmt",0.144496565170363,"144 posttmt","7 posttmt"
"40283","M4","C4620081","7","145","C4620081 M4","posttmt",0.144286758958979,"145 posttmt","7 posttmt"
"40284","M4","C4620081","7","146","C4620081 M4","posttmt",0.144122706323825,"146 posttmt","7 posttmt"
"40285","M4","C4620081","7","147","C4620081 M4","posttmt",0.144082954807323,"147 posttmt","7 posttmt"
"40286","M4","C4620081","7","148","C4620081 M4","posttmt",0.143972204340357,"148 posttmt","7 posttmt"
"40287","M4","C4620081","7","149","C4620081 M4","posttmt",0.143632801760166,"149 posttmt","7 posttmt"
"40288","M4","C4620081","7","150","C4620081 M4","posttmt",0.143586003537391,"150 posttmt","7 posttmt"
"40289","M4","C4620081","7","151","C4620081 M4","posttmt",0.143574623771726,"151 posttmt","7 posttmt"
"40290","M4","C4620081","7","152","C4620081 M4","posttmt",0.143376709798104,"152 posttmt","7 posttmt"
"40291","M4","C4620081","7","153","C4620081 M4","posttmt",0.143142921694548,"153 posttmt","7 posttmt"
"40292","M4","C4620081","7","154","C4620081 M4","posttmt",0.142892759068789,"154 posttmt","7 posttmt"
"40293","M4","C4620081","7","155","C4620081 M4","posttmt",0.142429040398108,"155 posttmt","7 posttmt"
"40294","M4","C4620081","7","156","C4620081 M4","posttmt",0.14232606480426,"156 posttmt","7 posttmt"
"40295","M4","C4620081","7","157","C4620081 M4","posttmt",0.142169645715774,"157 posttmt","7 posttmt"
"40296","M4","C4620081","7","158","C4620081 M4","posttmt",0.141965717127141,"158 posttmt","7 posttmt"
"40297","M4","C4620081","7","159","C4620081 M4","posttmt",0.141566090807852,"159 posttmt","7 posttmt"
"40298","M4","C4620081","7","160","C4620081 M4","posttmt",0.141062076168421,"160 posttmt","7 posttmt"
"40299","M4","C4620081","7","161","C4620081 M4","posttmt",0.141052867798978,"161 posttmt","7 posttmt"
"40300","M4","C4620081","7","162","C4620081 M4","posttmt",0.140998739471885,"162 posttmt","7 posttmt"
"40301","M4","C4620081","7","163","C4620081 M4","posttmt",0.139267133761228,"163 posttmt","7 posttmt"
"40302","M4","C4620081","7","164","C4620081 M4","posttmt",0.139031513803284,"164 posttmt","7 posttmt"
"40303","M4","C4620081","7","165","C4620081 M4","posttmt",0.138678446644509,"165 posttmt","7 posttmt"
"40304","M4","C4620081","7","166","C4620081 M4","posttmt",0.138637196727671,"166 posttmt","7 posttmt"
"40305","M4","C4620081","7","167","C4620081 M4","posttmt",0.138481970602862,"167 posttmt","7 posttmt"
"40306","M4","C4620081","7","168","C4620081 M4","posttmt",0.138362035911161,"168 posttmt","7 posttmt"
"40307","M4","C4620081","7","169","C4620081 M4","posttmt",0.138116137965072,"169 posttmt","7 posttmt"
"40308","M4","C4620081","7","170","C4620081 M4","posttmt",0.138088227955212,"170 posttmt","7 posttmt"
"40309","M4","C4620081","7","171","C4620081 M4","posttmt",0.137833974690064,"171 posttmt","7 posttmt"
"40310","M4","C4620081","7","172","C4620081 M4","posttmt",0.136798000167386,"172 posttmt","7 posttmt"
"40311","M4","C4620081","7","173","C4620081 M4","posttmt",0.136754561195935,"173 posttmt","7 posttmt"
"40312","M4","C4620081","7","174","C4620081 M4","posttmt",0.136682392910319,"174 posttmt","7 posttmt"
"40313","M4","C4620081","7","175","C4620081 M4","posttmt",0.136287756685571,"175 posttmt","7 posttmt"
"40314","M4","C4620081","7","176","C4620081 M4","posttmt",0.135950242044221,"176 posttmt","7 posttmt"
"40315","M4","C4620081","7","177","C4620081 M4","posttmt",0.135522365913481,"177 posttmt","7 posttmt"
"40316","M4","C4620081","7","178","C4620081 M4","posttmt",0.135303475175289,"178 posttmt","7 posttmt"
"40317","M4","C4620081","7","179","C4620081 M4","posttmt",0.135214055543291,"179 posttmt","7 posttmt"
"40318","M4","C4620081","7","180","C4620081 M4","posttmt",0.13484925498101,"180 posttmt","7 posttmt"
"40319","M4","C4620081","7","181","C4620081 M4","posttmt",0.134544408114044,"181 posttmt","7 posttmt"
"40320","M4","C4620081","7","182","C4620081 M4","posttmt",0.134424872606109,"182 posttmt","7 posttmt"
"40321","M4","C4620081","7","183","C4620081 M4","posttmt",0.134265480157261,"183 posttmt","7 posttmt"
"40322","M4","C4620081","7","184","C4620081 M4","posttmt",0.134038703658556,"184 posttmt","7 posttmt"
"40323","M4","C4620081","7","185","C4620081 M4","posttmt",0.133511251518764,"185 posttmt","7 posttmt"
"40324","M4","C4620081","7","186","C4620081 M4","posttmt",0.13306839356599,"186 posttmt","7 posttmt"
"40325","M4","C4620081","7","187","C4620081 M4","posttmt",0.133057774146731,"187 posttmt","7 posttmt"
"40326","M4","C4620081","7","188","C4620081 M4","posttmt",0.132614066476695,"188 posttmt","7 posttmt"
"40327","M4","C4620081","7","189","C4620081 M4","posttmt",0.132610325679528,"189 posttmt","7 posttmt"
"40328","M4","C4620081","7","190","C4620081 M4","posttmt",0.132294912273789,"190 posttmt","7 posttmt"
"40329","M4","C4620081","7","191","C4620081 M4","posttmt",0.132120640885745,"191 posttmt","7 posttmt"
"40330","M4","C4620081","7","192","C4620081 M4","posttmt",0.131930138476318,"192 posttmt","7 posttmt"
"40331","M4","C4620081","7","193","C4620081 M4","posttmt",0.13138128430381,"193 posttmt","7 posttmt"
"40332","M4","C4620081","7","194","C4620081 M4","posttmt",0.130875535288503,"194 posttmt","7 posttmt"
"40333","M4","C4620081","7","195","C4620081 M4","posttmt",0.130441650381474,"195 posttmt","7 posttmt"
"40334","M4","C4620081","7","196","C4620081 M4","posttmt",0.130334983458603,"196 posttmt","7 posttmt"
"40335","M4","C4620081","7","197","C4620081 M4","posttmt",0.129496609861957,"197 posttmt","7 posttmt"
"40336","M4","C4620081","7","198","C4620081 M4","posttmt",0.129033851947711,"198 posttmt","7 posttmt"
"40337","M4","C4620081","7","199","C4620081 M4","posttmt",0.128993468080659,"199 posttmt","7 posttmt"
"40338","M4","C4620081","7","200","C4620081 M4","posttmt",0.128150618399641,"200 posttmt","7 posttmt"
"40339","M4","C4620081","7","201","C4620081 M4","posttmt",0.127820662985701,"201 posttmt","7 posttmt"
"40340","M4","C4620081","7","202","C4620081 M4","posttmt",0.127723482692559,"202 posttmt","7 posttmt"
"40341","M4","C4620081","7","203","C4620081 M4","posttmt",0.127034259182981,"203 posttmt","7 posttmt"
"40342","M4","C4620081","7","204","C4620081 M4","posttmt",0.12695721068275,"204 posttmt","7 posttmt"
"40343","M4","C4620081","7","205","C4620081 M4","posttmt",0.126658906422239,"205 posttmt","7 posttmt"
"40344","M4","C4620081","7","206","C4620081 M4","posttmt",0.126254192800239,"206 posttmt","7 posttmt"
"40345","M4","C4620081","7","207","C4620081 M4","posttmt",0.125886729774381,"207 posttmt","7 posttmt"
"40346","M4","C4620081","7","208","C4620081 M4","posttmt",0.125751530044432,"208 posttmt","7 posttmt"
"40347","M4","C4620081","7","209","C4620081 M4","posttmt",0.125343893137417,"209 posttmt","7 posttmt"
"40348","M4","C4620081","7","210","C4620081 M4","posttmt",0.125230046315452,"210 posttmt","7 posttmt"
"40349","M4","C4620081","7","211","C4620081 M4","posttmt",0.124807072696306,"211 posttmt","7 posttmt"
"40350","M4","C4620081","7","212","C4620081 M4","posttmt",0.124668593311039,"212 posttmt","7 posttmt"
"40351","M4","C4620081","7","213","C4620081 M4","posttmt",0.124413599877846,"213 posttmt","7 posttmt"
"40352","M4","C4620081","7","214","C4620081 M4","posttmt",0.12374943136057,"214 posttmt","7 posttmt"
"40353","M4","C4620081","7","215","C4620081 M4","posttmt",0.123572823926892,"215 posttmt","7 posttmt"
"40354","M4","C4620081","7","216","C4620081 M4","posttmt",0.123523422705778,"216 posttmt","7 posttmt"
"40355","M4","C4620081","7","217","C4620081 M4","posttmt",0.123511948947534,"217 posttmt","7 posttmt"
"40356","M4","C4620081","7","218","C4620081 M4","posttmt",0.123277727126613,"218 posttmt","7 posttmt"
"40357","M4","C4620081","7","219","C4620081 M4","posttmt",0.123200504952796,"219 posttmt","7 posttmt"
"40358","M4","C4620081","7","220","C4620081 M4","posttmt",0.123074361324797,"220 posttmt","7 posttmt"
"40359","M4","C4620081","7","221","C4620081 M4","posttmt",0.122552325287478,"221 posttmt","7 posttmt"
"40360","M4","C4620081","7","222","C4620081 M4","posttmt",0.122484871606472,"222 posttmt","7 posttmt"
"40361","M4","C4620081","7","223","C4620081 M4","posttmt",0.122316815817354,"223 posttmt","7 posttmt"
"40362","M4","C4620081","7","224","C4620081 M4","posttmt",0.122280452877323,"224 posttmt","7 posttmt"
"40363","M4","C4620081","7","225","C4620081 M4","posttmt",0.122197165313292,"225 posttmt","7 posttmt"
"40364","M4","C4620081","7","226","C4620081 M4","posttmt",0.121464956502166,"226 posttmt","7 posttmt"
"40365","M4","C4620081","7","227","C4620081 M4","posttmt",0.121354660558105,"227 posttmt","7 posttmt"
"40366","M4","C4620081","7","228","C4620081 M4","posttmt",0.120516374127081,"228 posttmt","7 posttmt"
"40367","M4","C4620081","7","229","C4620081 M4","posttmt",0.120456175263625,"229 posttmt","7 posttmt"
"40368","M4","C4620081","7","230","C4620081 M4","posttmt",0.120175674532752,"230 posttmt","7 posttmt"
"40369","M4","C4620081","7","231","C4620081 M4","posttmt",0.11994945659737,"231 posttmt","7 posttmt"
"40370","M4","C4620081","7","232","C4620081 M4","posttmt",0.119745525411153,"232 posttmt","7 posttmt"
"40371","M4","C4620081","7","233","C4620081 M4","posttmt",0.119222146094584,"233 posttmt","7 posttmt"
"40372","M4","C4620081","7","234","C4620081 M4","posttmt",0.119174330171453,"234 posttmt","7 posttmt"
"40373","M4","C4620081","7","235","C4620081 M4","posttmt",0.118938340523618,"235 posttmt","7 posttmt"
"40374","M4","C4620081","7","236","C4620081 M4","posttmt",0.118929717766958,"236 posttmt","7 posttmt"
"40375","M4","C4620081","7","237","C4620081 M4","posttmt",0.118886839318311,"237 posttmt","7 posttmt"
"40376","M4","C4620081","7","238","C4620081 M4","posttmt",0.118752461774641,"238 posttmt","7 posttmt"
"40377","M4","C4620081","7","239","C4620081 M4","posttmt",0.118652101650301,"239 posttmt","7 posttmt"
"40378","M4","C4620081","7","240","C4620081 M4","posttmt",0.11859408506722,"240 posttmt","7 posttmt"
"40379","M4","C4620081","7","241","C4620081 M4","posttmt",0.118431868033559,"241 posttmt","7 posttmt"
"40380","M4","C4620081","7","242","C4620081 M4","posttmt",0.118276471777172,"242 posttmt","7 posttmt"
"40381","M4","C4620081","7","243","C4620081 M4","posttmt",0.118095854699908,"243 posttmt","7 posttmt"
"40382","M4","C4620081","7","244","C4620081 M4","posttmt",0.117579715728432,"244 posttmt","7 posttmt"
"40383","M4","C4620081","7","245","C4620081 M4","posttmt",0.117139731984777,"245 posttmt","7 posttmt"
"40384","M4","C4620081","7","246","C4620081 M4","posttmt",0.116999676223788,"246 posttmt","7 posttmt"
"40385","M4","C4620081","7","247","C4620081 M4","posttmt",0.11678335194355,"247 posttmt","7 posttmt"
"40386","M4","C4620081","7","248","C4620081 M4","posttmt",0.116642533617299,"248 posttmt","7 posttmt"
"40387","M4","C4620081","7","249","C4620081 M4","posttmt",0.116283814028838,"249 posttmt","7 posttmt"
"40388","M4","C4620081","7","250","C4620081 M4","posttmt",0.116109324904945,"250 posttmt","7 posttmt"
"40389","M4","C4620081","7","251","C4620081 M4","posttmt",0.115469464845516,"251 posttmt","7 posttmt"
"40390","M4","C4620081","7","252","C4620081 M4","posttmt",0.11524810767077,"252 posttmt","7 posttmt"
"40391","M4","C4620081","7","253","C4620081 M4","posttmt",0.115061678471239,"253 posttmt","7 posttmt"
"40392","M4","C4620081","7","254","C4620081 M4","posttmt",0.114678626966297,"254 posttmt","7 posttmt"
"40393","M4","C4620081","7","255","C4620081 M4","posttmt",0.114630993451779,"255 posttmt","7 posttmt"
"40394","M4","C4620081","7","256","C4620081 M4","posttmt",0.11462015767479,"256 posttmt","7 posttmt"
"40395","M4","C4620081","7","257","C4620081 M4","posttmt",0.114517946703518,"257 posttmt","7 posttmt"
"40396","M4","C4620081","7","258","C4620081 M4","posttmt",0.113950263875965,"258 posttmt","7 posttmt"
"40397","M4","C4620081","7","259","C4620081 M4","posttmt",0.113844186365565,"259 posttmt","7 posttmt"
"40398","M4","C4620081","7","260","C4620081 M4","posttmt",0.113559930833204,"260 posttmt","7 posttmt"
"40399","M4","C4620081","7","261","C4620081 M4","posttmt",0.112979509147963,"261 posttmt","7 posttmt"
"40400","M4","C4620081","7","262","C4620081 M4","posttmt",0.112831192049287,"262 posttmt","7 posttmt"
"40401","M4","C4620081","7","263","C4620081 M4","posttmt",0.112582870975573,"263 posttmt","7 posttmt"
"40402","M4","C4620081","7","264","C4620081 M4","posttmt",0.112228600643901,"264 posttmt","7 posttmt"
"40403","M4","C4620081","7","265","C4620081 M4","posttmt",0.112047497057871,"265 posttmt","7 posttmt"
"40404","M4","C4620081","7","266","C4620081 M4","posttmt",0.112023340511794,"266 posttmt","7 posttmt"
"40405","M4","C4620081","7","267","C4620081 M4","posttmt",0.110828988225666,"267 posttmt","7 posttmt"
"40406","M4","C4620081","7","268","C4620081 M4","posttmt",0.110575149767697,"268 posttmt","7 posttmt"
"40407","M4","C4620081","7","269","C4620081 M4","posttmt",0.110107705409283,"269 posttmt","7 posttmt"
"40408","M4","C4620081","7","270","C4620081 M4","posttmt",0.109898453857894,"270 posttmt","7 posttmt"
"40409","M4","C4620081","7","271","C4620081 M4","posttmt",0.108486777915019,"271 posttmt","7 posttmt"
"40410","M4","C4620081","7","272","C4620081 M4","posttmt",0.108377459998016,"272 posttmt","7 posttmt"
"40411","M4","C4620081","7","273","C4620081 M4","posttmt",0.107985433735598,"273 posttmt","7 posttmt"
"40412","M4","C4620081","7","274","C4620081 M4","posttmt",0.107750358256659,"274 posttmt","7 posttmt"
"40413","M4","C4620081","7","275","C4620081 M4","posttmt",0.107405029927613,"275 posttmt","7 posttmt"
"40414","M4","C4620081","7","276","C4620081 M4","posttmt",0.107260645780785,"276 posttmt","7 posttmt"
"40415","M4","C4620081","7","277","C4620081 M4","posttmt",0.107226104691452,"277 posttmt","7 posttmt"
"40416","M4","C4620081","7","278","C4620081 M4","posttmt",0.105453488764712,"278 posttmt","7 posttmt"
"40417","M4","C4620081","7","279","C4620081 M4","posttmt",0.103610866023284,"279 posttmt","7 posttmt"
"40418","M4","C4620081","7","280","C4620081 M4","posttmt",0.103496497372159,"280 posttmt","7 posttmt"
"40419","M4","C4620081","7","281","C4620081 M4","posttmt",0.103460371435229,"281 posttmt","7 posttmt"
"40420","M4","C4620081","7","282","C4620081 M4","posttmt",0.103418639014463,"282 posttmt","7 posttmt"
"40421","M4","C4620081","7","283","C4620081 M4","posttmt",0.103310648393902,"283 posttmt","7 posttmt"
"40422","M4","C4620081","7","284","C4620081 M4","posttmt",0.103172904475938,"284 posttmt","7 posttmt"
"40423","M4","C4620081","7","285","C4620081 M4","posttmt",0.102979006539381,"285 posttmt","7 posttmt"
"40424","M4","C4620081","7","286","C4620081 M4","posttmt",0.102751452545202,"286 posttmt","7 posttmt"
"40425","M4","C4620081","7","287","C4620081 M4","posttmt",0.102566234203263,"287 posttmt","7 posttmt"
"40426","M4","C4620081","7","288","C4620081 M4","posttmt",0.100565026959098,"288 posttmt","7 posttmt"
"40427","M4","C4620081","7","289","C4620081 M4","posttmt",0.100476754340343,"289 posttmt","7 posttmt"
"40428","M4","C4620081","7","290","C4620081 M4","posttmt",0.10035072024992,"290 posttmt","7 posttmt"
"40429","M4","C4620081","7","291","C4620081 M4","posttmt",0.100234684204641,"291 posttmt","7 posttmt"
"40430","M4","C4620081","7","292","C4620081 M4","posttmt",0.0999105704465484,"292 posttmt","7 posttmt"
"40431","M4","C4620081","7","293","C4620081 M4","posttmt",0.0997878242296612,"293 posttmt","7 posttmt"
"40432","M4","C4620081","7","294","C4620081 M4","posttmt",0.0996753927740441,"294 posttmt","7 posttmt"
"40433","M4","C4620081","7","295","C4620081 M4","posttmt",0.0991269332149408,"295 posttmt","7 posttmt"
"40434","M4","C4620081","7","296","C4620081 M4","posttmt",0.0990514860164182,"296 posttmt","7 posttmt"
"40435","M4","C4620081","7","297","C4620081 M4","posttmt",0.0990016019330045,"297 posttmt","7 posttmt"
"40436","M4","C4620081","7","298","C4620081 M4","posttmt",0.0988435153233128,"298 posttmt","7 posttmt"
"40437","M4","C4620081","7","299","C4620081 M4","posttmt",0.0975111271906943,"299 posttmt","7 posttmt"
"40438","M4","C4620081","7","300","C4620081 M4","posttmt",0.0972286720094424,"300 posttmt","7 posttmt"
"40439","M4","C4620081","7","301","C4620081 M4","posttmt",0.0970442562711926,"301 posttmt","7 posttmt"
"40440","M4","C4620081","7","302","C4620081 M4","posttmt",0.0964890564069341,"302 posttmt","7 posttmt"
"40441","M4","C4620081","7","303","C4620081 M4","posttmt",0.0962479870949121,"303 posttmt","7 posttmt"
"40442","M4","C4620081","7","304","C4620081 M4","posttmt",0.0960320089584625,"304 posttmt","7 posttmt"
"40443","M4","C4620081","7","305","C4620081 M4","posttmt",0.0957473740173686,"305 posttmt","7 posttmt"
"40444","M4","C4620081","7","306","C4620081 M4","posttmt",0.095269201034008,"306 posttmt","7 posttmt"
"40445","M4","C4620081","7","307","C4620081 M4","posttmt",0.0944935579779055,"307 posttmt","7 posttmt"
"40446","M4","C4620081","7","308","C4620081 M4","posttmt",0.0938518299666356,"308 posttmt","7 posttmt"
"40447","M4","C4620081","7","309","C4620081 M4","posttmt",0.0938318619268597,"309 posttmt","7 posttmt"
"40448","M4","C4620081","7","310","C4620081 M4","posttmt",0.0936956292652479,"310 posttmt","7 posttmt"
"40449","M4","C4620081","7","311","C4620081 M4","posttmt",0.0935240697278223,"311 posttmt","7 posttmt"
"40450","M4","C4620081","7","312","C4620081 M4","posttmt",0.093167579486159,"312 posttmt","7 posttmt"
"40451","M4","C4620081","7","313","C4620081 M4","posttmt",0.0928236274684586,"313 posttmt","7 posttmt"
"40452","M4","C4620081","7","314","C4620081 M4","posttmt",0.0921786051777009,"314 posttmt","7 posttmt"
"40453","M4","C4620081","7","315","C4620081 M4","posttmt",0.0921776320598536,"315 posttmt","7 posttmt"
"40454","M4","C4620081","7","316","C4620081 M4","posttmt",0.0916585876650691,"316 posttmt","7 posttmt"
"40455","M4","C4620081","7","317","C4620081 M4","posttmt",0.0909222627837218,"317 posttmt","7 posttmt"
"40456","M4","C4620081","7","318","C4620081 M4","posttmt",0.0905977506832199,"318 posttmt","7 posttmt"
"40457","M4","C4620081","7","319","C4620081 M4","posttmt",0.0899765592171756,"319 posttmt","7 posttmt"
"40458","M4","C4620081","7","320","C4620081 M4","posttmt",0.0892511764109002,"320 posttmt","7 posttmt"
"40459","M4","C4620081","7","321","C4620081 M4","posttmt",0.0878843380418244,"321 posttmt","7 posttmt"
"40460","M4","C4620081","7","322","C4620081 M4","posttmt",0.0875318147286901,"322 posttmt","7 posttmt"
"40461","M4","C4620081","7","323","C4620081 M4","posttmt",0.0872937241745114,"323 posttmt","7 posttmt"
"40462","M4","C4620081","7","324","C4620081 M4","posttmt",0.0867598847608853,"324 posttmt","7 posttmt"
"40463","M4","C4620081","7","325","C4620081 M4","posttmt",0.0867151774731529,"325 posttmt","7 posttmt"
"40464","M4","C4620081","7","326","C4620081 M4","posttmt",0.0862266576955612,"326 posttmt","7 posttmt"
"40465","M4","C4620081","7","327","C4620081 M4","posttmt",0.0861461788284257,"327 posttmt","7 posttmt"
"40466","M4","C4620081","7","328","C4620081 M4","posttmt",0.0854732998393221,"328 posttmt","7 posttmt"
"40467","M4","C4620081","7","329","C4620081 M4","posttmt",0.0851421991112719,"329 posttmt","7 posttmt"
"40468","M4","C4620081","7","330","C4620081 M4","posttmt",0.0847652133438154,"330 posttmt","7 posttmt"
"40469","M4","C4620081","7","331","C4620081 M4","posttmt",0.0847100947729966,"331 posttmt","7 posttmt"
"40470","M4","C4620081","7","332","C4620081 M4","posttmt",0.0837192270128466,"332 posttmt","7 posttmt"
"40471","M4","C4620081","7","333","C4620081 M4","posttmt",0.0834885323777662,"333 posttmt","7 posttmt"
"40472","M4","C4620081","7","334","C4620081 M4","posttmt",0.0830961008088312,"334 posttmt","7 posttmt"
"40473","M4","C4620081","7","335","C4620081 M4","posttmt",0.0830475249474847,"335 posttmt","7 posttmt"
"40474","M4","C4620081","7","336","C4620081 M4","posttmt",0.0827244744926438,"336 posttmt","7 posttmt"
"40475","M4","C4620081","7","337","C4620081 M4","posttmt",0.0825459457258219,"337 posttmt","7 posttmt"
"40476","M4","C4620081","7","338","C4620081 M4","posttmt",0.0822291150009804,"338 posttmt","7 posttmt"
"40477","M4","C4620081","7","339","C4620081 M4","posttmt",0.0818860876373214,"339 posttmt","7 posttmt"
"40478","M4","C4620081","7","340","C4620081 M4","posttmt",0.0812300433580458,"340 posttmt","7 posttmt"
"40479","M4","C4620081","7","341","C4620081 M4","posttmt",0.0805953835860738,"341 posttmt","7 posttmt"
"40480","M4","C4620081","7","342","C4620081 M4","posttmt",0.0805742062140743,"342 posttmt","7 posttmt"
"40481","M4","C4620081","7","343","C4620081 M4","posttmt",0.0803822447373284,"343 posttmt","7 posttmt"
"40482","M4","C4620081","7","344","C4620081 M4","posttmt",0.0803820754984233,"344 posttmt","7 posttmt"
"40483","M4","C4620081","7","345","C4620081 M4","posttmt",0.0803428183433337,"345 posttmt","7 posttmt"
"40484","M4","C4620081","7","346","C4620081 M4","posttmt",0.0803192051507675,"346 posttmt","7 posttmt"
"40485","M4","C4620081","7","347","C4620081 M4","posttmt",0.0800515027181394,"347 posttmt","7 posttmt"
"40486","M4","C4620081","7","348","C4620081 M4","posttmt",0.0800375424555583,"348 posttmt","7 posttmt"
"40487","M4","C4620081","7","349","C4620081 M4","posttmt",0.0799601221526629,"349 posttmt","7 posttmt"
"40488","M4","C4620081","7","350","C4620081 M4","posttmt",0.0799026495631082,"350 posttmt","7 posttmt"
"40489","M4","C4620081","7","351","C4620081 M4","posttmt",0.079882390779533,"351 posttmt","7 posttmt"
"40490","M4","C4620081","7","352","C4620081 M4","posttmt",0.0798645989839602,"352 posttmt","7 posttmt"
"40491","M4","C4620081","7","353","C4620081 M4","posttmt",0.0788797317232595,"353 posttmt","7 posttmt"
"40492","M4","C4620081","7","354","C4620081 M4","posttmt",0.077980292494355,"354 posttmt","7 posttmt"
"40493","M4","C4620081","7","355","C4620081 M4","posttmt",0.0754231172169122,"355 posttmt","7 posttmt"
"40494","M4","C4620081","7","356","C4620081 M4","posttmt",0.0744636179936417,"356 posttmt","7 posttmt"
"40495","M4","C4620081","7","357","C4620081 M4","posttmt",0.0743256916942239,"357 posttmt","7 posttmt"
"40496","M4","C4620081","7","358","C4620081 M4","posttmt",0.0736177312703589,"358 posttmt","7 posttmt"
"40497","M4","C4620081","7","359","C4620081 M4","posttmt",0.0732735139067452,"359 posttmt","7 posttmt"
"40498","M4","C4620081","7","360","C4620081 M4","posttmt",0.0706694639105421,"360 posttmt","7 posttmt"
"40499","M4","C4620081","7","361","C4620081 M4","posttmt",0.0706529378266306,"361 posttmt","7 posttmt"
"40500","M4","C4620081","7","362","C4620081 M4","posttmt",0.0706209512901869,"362 posttmt","7 posttmt"
"40501","M4","C4620081","7","363","C4620081 M4","posttmt",0.0701780135184449,"363 posttmt","7 posttmt"
"40502","M4","C4620081","7","364","C4620081 M4","posttmt",0.0700907465941464,"364 posttmt","7 posttmt"
"40503","M4","C4620081","7","365","C4620081 M4","posttmt",0.0700100544298869,"365 posttmt","7 posttmt"
"40504","M4","C4620081","7","366","C4620081 M4","posttmt",0.069878884725635,"366 posttmt","7 posttmt"
"40505","M4","C4620081","7","367","C4620081 M4","posttmt",0.0698068082823566,"367 posttmt","7 posttmt"
"40506","M4","C4620081","7","368","C4620081 M4","posttmt",0.0696624054573995,"368 posttmt","7 posttmt"
"40507","M4","C4620081","7","369","C4620081 M4","posttmt",0.0683938371469765,"369 posttmt","7 posttmt"
"40508","M4","C4620081","7","370","C4620081 M4","posttmt",0.0677997278830035,"370 posttmt","7 posttmt"
"40509","M4","C4620081","7","371","C4620081 M4","posttmt",0.0677531162202809,"371 posttmt","7 posttmt"
"40510","M4","C4620081","7","372","C4620081 M4","posttmt",0.0654777257268196,"372 posttmt","7 posttmt"
"40511","M4","C4620081","7","373","C4620081 M4","posttmt",0.065400874079455,"373 posttmt","7 posttmt"
"40512","M4","C4620081","7","374","C4620081 M4","posttmt",0.0648821091523134,"374 posttmt","7 posttmt"
"40513","M4","C4620081","7","375","C4620081 M4","posttmt",0.0646396833084824,"375 posttmt","7 posttmt"
"40514","M4","C4620081","7","376","C4620081 M4","posttmt",0.0642072806420618,"376 posttmt","7 posttmt"
"40515","M4","C4620081","7","377","C4620081 M4","posttmt",0.0639355264082029,"377 posttmt","7 posttmt"
"40516","M4","C4620081","7","378","C4620081 M4","posttmt",0.0633168481979542,"378 posttmt","7 posttmt"
"40517","M4","C4620081","7","379","C4620081 M4","posttmt",0.063182319336213,"379 posttmt","7 posttmt"
"40518","M4","C4620081","7","380","C4620081 M4","posttmt",0.0628601208881747,"380 posttmt","7 posttmt"
"40519","M4","C4620081","7","381","C4620081 M4","posttmt",0.0628323950563058,"381 posttmt","7 posttmt"
"40520","M4","C4620081","7","382","C4620081 M4","posttmt",0.0623728309832086,"382 posttmt","7 posttmt"
"40521","M4","C4620081","7","383","C4620081 M4","posttmt",0.0619294419046127,"383 posttmt","7 posttmt"
"40522","M4","C4620081","7","384","C4620081 M4","posttmt",0.0615068553622573,"384 posttmt","7 posttmt"
"40523","M4","C4620081","7","385","C4620081 M4","posttmt",0.0609381962906804,"385 posttmt","7 posttmt"
"40524","M4","C4620081","7","386","C4620081 M4","posttmt",0.0602679193704769,"386 posttmt","7 posttmt"
"40525","M4","C4620081","7","387","C4620081 M4","posttmt",0.060190237060297,"387 posttmt","7 posttmt"
"40526","M4","C4620081","7","388","C4620081 M4","posttmt",0.0599671744533083,"388 posttmt","7 posttmt"
"40527","M4","C4620081","7","389","C4620081 M4","posttmt",0.059878919741822,"389 posttmt","7 posttmt"
"40528","M4","C4620081","7","390","C4620081 M4","posttmt",0.059523425621029,"390 posttmt","7 posttmt"
"40529","M4","C4620081","7","391","C4620081 M4","posttmt",0.0586804955476416,"391 posttmt","7 posttmt"
"40530","M4","C4620081","7","392","C4620081 M4","posttmt",0.0583955591998104,"392 posttmt","7 posttmt"
"40531","M4","C4620081","7","393","C4620081 M4","posttmt",0.057768500186672,"393 posttmt","7 posttmt"
"40532","M4","C4620081","7","394","C4620081 M4","posttmt",0.0575681225391739,"394 posttmt","7 posttmt"
"40533","M4","C4620081","7","395","C4620081 M4","posttmt",0.0575439334057766,"395 posttmt","7 posttmt"
"40534","M4","C4620081","7","396","C4620081 M4","posttmt",0.0569078440842083,"396 posttmt","7 posttmt"
"40535","M4","C4620081","7","397","C4620081 M4","posttmt",0.0555728896813092,"397 posttmt","7 posttmt"
"40536","M4","C4620081","7","398","C4620081 M4","posttmt",0.054762500890491,"398 posttmt","7 posttmt"
"40537","M4","C4620081","7","399","C4620081 M4","posttmt",0.0537046670798446,"399 posttmt","7 posttmt"
"40538","M4","C4620081","7","400","C4620081 M4","posttmt",0.0530092432010141,"400 posttmt","7 posttmt"
"40539","M4","C4620081","7","401","C4620081 M4","posttmt",0.0528538391532401,"401 posttmt","7 posttmt"
"40540","M4","C4620081","7","402","C4620081 M4","posttmt",0.0521219230056176,"402 posttmt","7 posttmt"
"40541","M4","C4620081","7","403","C4620081 M4","posttmt",0.0514574142200981,"403 posttmt","7 posttmt"
"40542","M4","C4620081","7","404","C4620081 M4","posttmt",0.0492842630184143,"404 posttmt","7 posttmt"
"40543","M4","C4620081","7","405","C4620081 M4","posttmt",0.0491467579459539,"405 posttmt","7 posttmt"
"40544","M4","C4620081","7","406","C4620081 M4","posttmt",0.0489206600830107,"406 posttmt","7 posttmt"
"40545","M4","C4620081","7","407","C4620081 M4","posttmt",0.0479044767211518,"407 posttmt","7 posttmt"
"40546","M4","C4620081","7","408","C4620081 M4","posttmt",0.0474454037768695,"408 posttmt","7 posttmt"
"40547","M4","C4620081","7","409","C4620081 M4","posttmt",0.047136510544864,"409 posttmt","7 posttmt"
"40548","M4","C4620081","7","410","C4620081 M4","posttmt",0.0445014059394157,"410 posttmt","7 posttmt"
"40549","M4","C4620081","7","411","C4620081 M4","posttmt",0.0444209922214176,"411 posttmt","7 posttmt"
"40550","M4","C4620081","7","412","C4620081 M4","posttmt",0.0442000761657296,"412 posttmt","7 posttmt"
"40551","M4","C4620081","7","413","C4620081 M4","posttmt",0.0431352133555349,"413 posttmt","7 posttmt"
"40552","M4","C4620081","7","414","C4620081 M4","posttmt",0.0419927858603085,"414 posttmt","7 posttmt"
"40553","M4","C4620081","7","415","C4620081 M4","posttmt",0.0414907472856054,"415 posttmt","7 posttmt"
"40554","M4","C4620081","7","416","C4620081 M4","posttmt",0.0414595803100496,"416 posttmt","7 posttmt"
"40555","M4","C4620081","7","417","C4620081 M4","posttmt",0.0398023992711219,"417 posttmt","7 posttmt"
"40556","M4","C4620081","7","418","C4620081 M4","posttmt",0.036260080171384,"418 posttmt","7 posttmt"
"40557","M4","C4620081","7","419","C4620081 M4","posttmt",0.0362073567365131,"419 posttmt","7 posttmt"
"40558","M4","C4620081","7","420","C4620081 M4","posttmt",0.0326474220923545,"420 posttmt","7 posttmt"
"40559","M4","C4620081","7","421","C4620081 M4","posttmt",0.0321315689406366,"421 posttmt","7 posttmt"
"40560","M4","C4620081","7","422","C4620081 M4","posttmt",0.0317777208491445,"422 posttmt","7 posttmt"
"40561","M4","C4620081","7","423","C4620081 M4","posttmt",0.0296430714678976,"423 posttmt","7 posttmt"
"40562","M4","C4620081","7","424","C4620081 M4","posttmt",0.0290965480178134,"424 posttmt","7 posttmt"
"40563","M4","C4620081","7","425","C4620081 M4","posttmt",0.0288476090415683,"425 posttmt","7 posttmt"
"40564","M4","C4620081","7","426","C4620081 M4","posttmt",0.0284055060946538,"426 posttmt","7 posttmt"
"40565","M4","C4620081","7","427","C4620081 M4","posttmt",0.0268023154836231,"427 posttmt","7 posttmt"
"40566","M4","C4620081","7","428","C4620081 M4","posttmt",0.02670328422089,"428 posttmt","7 posttmt"
"40567","M4","C4620081","7","429","C4620081 M4","posttmt",0.0266190754624612,"429 posttmt","7 posttmt"
"40568","M4","C4620081","7","430","C4620081 M4","posttmt",0.0259729093890812,"430 posttmt","7 posttmt"
"40569","M4","C4620081","7","431","C4620081 M4","posttmt",0.0258458237301903,"431 posttmt","7 posttmt"
"40570","M4","C4620081","7","432","C4620081 M4","posttmt",0.0248677039156166,"432 posttmt","7 posttmt"
"40571","M4","C4620081","7","433","C4620081 M4","posttmt",0.0247065119207541,"433 posttmt","7 posttmt"
"40572","M4","C4620081","7","434","C4620081 M4","posttmt",0.0220536377390432,"434 posttmt","7 posttmt"
"40573","M4","C4620081","7","435","C4620081 M4","posttmt",0.0219131564256441,"435 posttmt","7 posttmt"
"40574","M4","C4620081","7","436","C4620081 M4","posttmt",0.0201750381071825,"436 posttmt","7 posttmt"
"40575","M4","C4620081","7","437","C4620081 M4","posttmt",0.0190594541536532,"437 posttmt","7 posttmt"
"40576","M4","C4620081","7","438","C4620081 M4","posttmt",0.0183288297096779,"438 posttmt","7 posttmt"
"40577","M4","C4620081","7","439","C4620081 M4","posttmt",0.0174235472822687,"439 posttmt","7 posttmt"
"40578","M4","C4620081","7","440","C4620081 M4","posttmt",0.0158660831856481,"440 posttmt","7 posttmt"
"40579","M4","C4620081","7","441","C4620081 M4","posttmt",0.00650108368182019,"441 posttmt","7 posttmt"
"40580","M4","C4620081","7","442","C4620081 M4","posttmt",-0.00626177770951499,"442 posttmt","7 posttmt"
"40581","M4","C4620081","7","443","C4620081 M4","posttmt",-0.010359563672488,"443 posttmt","7 posttmt"
"40582","M4","C4620081","7","444","C4620081 M4","posttmt",-0.0111575673441817,"444 posttmt","7 posttmt"
"40583","M4","C4620081","7","445","C4620081 M4","posttmt",-0.0143942122710576,"445 posttmt","7 posttmt"
"40584","M4","C4620081","7","446","C4620081 M4","posttmt",-0.0179037661937956,"446 posttmt","7 posttmt"
"40585","M4","C4620081","7","447","C4620081 M4","posttmt",-0.0298367132550853,"447 posttmt","7 posttmt"
"40586","M4","C4620081","7","448","C4620081 M4","posttmt",-0.0345776915171497,"448 posttmt","7 posttmt"
"40587","M4","C4620081","7","449","C4620081 M4","posttmt",-0.0346506311097214,"449 posttmt","7 posttmt"
"40588","M4","C4620081","7","450","C4620081 M4","posttmt",-0.0356897052802748,"450 posttmt","7 posttmt"
